0.385081
0.340298
0.111163
0.244958
1.83126
1.23907
1.43355
0.883384
1.60011
2.40582
0.143962
8.21143
5.65975
0.445421
0.336213
0.208421
0.888476
1.79618
0.106471
0.47945
0.529058
0.276278
0.204102
0.574573
0.419183
0.137602
0.202995
0.129113
0.470956
0.245408
0.526783
3.8737
0.367652
0.147753
6.06913
0.223234
0.376001
0.187289
1.57762
0.148961
0.105179
0.11262
0.950304
0.32307
3.44856
0.421929
18.1976
0.347393
0.164811
0.652511
0.176453
0.919648
0.124188
0.536954
0.621703
0.863782
1.01082
0.188571
2.51997
0.320471
0.215693
1.87627
3.54537
1.06792
0.47753
1.49686
0.158594
15.8467
0.177673
1.14664
0.541108
0.164018
0.143099
0.309449
0.20186
0.348256
8.55966
0.263388
0.457818
1.08437
0.842365
0.167526
0.220401
0.340411
2.44787
0.907102
0.853303
0.130617
1.06397
0.350363
0.323237
0.421564
0.210378
2.75031
0.252338
0.563981
1.70893
0.225045
0.153761
1.12952
0.152942
0.147334
0.189332
0.325217
0.901729
2.40641
2.42486
0.427145
0.709957
0.418616
0.248522
0.645787
0.115677
1.58707
0.102983
0.819215
6.43596
0.589562
0.162519
0.461742
6.34897
0.154313
0.36542
2.0883
0.131943
0.589393
0.150183
0.30917
0.668842
0.620979
4.83687
5.38123
0.187072
0.705494
0.100643
2.21409
0.150628
0.173274
1.90543
1.67941
11.606
0.198391
0.128091
0.113763
0.104749
2.5845
0.385474
0.764267
0.189954
0.941987
0.669823
6.52355
0.542282
1.46419
2.25053
0.166199
1.93187
0.172178
3.67902
0.111983
0.615341
7.03774
2.67887
0.243596
0.424246
0.514073
2.3281
1.05007
0.213915
5.1689
0.686341
0.138277
10.4496
0.140133
1.78146
0.749208
0.443861
0.611616
0.640557
13.3212
0.277732
1.64133
3.51845
0.619208
0.225104
2.15128
0.217763
2.29443
0.778439
9.89789
0.213507
0.395308
0.176971
0.109103
2.33935
1.5314
0.908683
0.635215
1.16204
6.11109
0.524515
0.155231
0.432057
1.0237
0.306741
0.830314
2.17388
3.62468
1.20105
0.559201
0.455851
0.127214
0.390191
4.43915
2.94445
4.06064
1.43161
0.410716
0.481512
3.93583
0.192559
0.217752
0.198021
0.424655
3.81495
0.120856
0.132387
0.153427
1.33103
2.56675
0.474345
0.211555
0.110151
0.216067
0.114251
1.53144
0.644575
1.21987
0.80433
0.797668
0.189831
0.135468
0.113277
0.120658
0.12375
0.318114
0.148613
0.86628
0.200237
2.64325
0.192134
2.11113
3.19457
0.385087
4.64873
0.315765
0.968871
0.855377
1.6335
0.935496
0.248451
0.350141
13.1694
0.27198
0.782216
0.578326
0.138608
0.1098
1.66871
0.106629
8.75493
0.152073
0.137119
26.725
1.97019
0.150444
2.49674
0.347922
0.109097
0.426027
0.737754
3.01093
0.199163
1.48663
3.60945
0.187756
1.96421
0.294051
1.0363
4.13766
1.52366
0.314739
1.12148
0.186014
0.491881
0.372262
0.118513
1.64766
1.60515
0.871451
0.488531
0.303643
0.217711
0.364676
0.244392
0.382426
0.385864
0.922623
5.45652
2.37752
0.260739
3.71758
0.148782
0.786874
0.615197
0.378418
6.37839
0.393776
0.16063
0.420676
0.268148
0.159654
7.45632
0.242625
0.264272
0.171581
0.356627
0.462271
0.196732
0.146458
0.858425
0.139083
0.157629
1.36346
1.3
2.27131
0.467655
0.245618
0.140689
0.196952
1.47294
0.383746
0.131275
0.343785
0.169659
0.120588
4.13404
9.70109
0.121797
0.200827
0.279735
1.16343
7.95155
0.561688
0.101612
11.2795
3.28946
1.14893
0.557024
1.00659
1.82207
5.01583
0.390056
0.49749
0.123485
4.14658
2.61146
0.238256
19.8651
5.8755
2.25546
0.377857
0.611403
0.980279
0.953161
0.100123
10.6736
0.182878
1.68909
0.348015
0.864885
0.156358
0.279723
0.319561
0.178212
0.13342
0.18006
2.41273
0.188976
0.34649
1.60249
1.26408
0.446229
5.64465
0.27668
0.534251
1.06615
1.66051
0.898595
0.161357
0.190414
0.325736
5.22946
0.523732
0.145764
12.2251
1.49138
2.12948
0.483936
0.567496
0.411263
0.482353
0.140976
0.180945
4.11755
0.235132
1.18727
0.164892
3.84103
1.42607
0.18559
0.460149
0.100634
0.152651
0.210529
0.14066
0.371538
1.62601
5.49908
4.75501
1.85539
1.04213
0.754644
0.435259
0.162888
0.27253
0.902264
1.51985
0.12232
4.73298
0.258794
0.206378
0.305607
9.06265
0.301504
0.340131
2.50387
2.68746
0.517345
0.824444
3.22924
0.551333
1.15776
0.216344
0.241807
1.12935
0.225881
0.282246
0.621457
0.119489
0.606465
0.761628
0.100901
0.105101
1.34569
4.59383
0.400918
0.582752
0.197043
1.29653
0.747395
10.4495
0.109529
0.259014
0.110065
1.99898
5.57212
0.153768
0.374006
0.262584
0.769104
5.56933
8.21463
0.353732
0.191336
2.02812
1.51738
1.05956
0.779587
0.80716
10.1047
2.26555
0.574874
0.182494
0.245607
3.76171
0.254226
0.514777
0.237606
0.211286
1.64556
0.391915
0.251461
0.185252
0.129248
0.996544
0.223901
1.59384
0.525345
7.71066
0.100755
8.91759
1.00575
1.55424
0.716466
0.135069
2.7993
3.1921
2.42852
0.111035
0.120373
0.976893
1.89451
0.128432
1.03102
0.577641
0.255916
0.960892
6.21225
0.47697
0.538142
0.154897
0.902541
15.652
0.606057
0.224886
0.110881
0.123744
0.126574
0.201858
0.43076
2.08559
0.951465
0.435804
2.55847
1.80455
0.167915
0.152967
0.192896
0.429518
0.596989
2.43254
0.806901
4.297
0.134203
0.45022
2.01563
0.186447
1.05845
0.857389
2.105
0.576102
0.709883
0.640015
0.982076
0.216684
0.745881
0.552051
0.122349
5.94336
0.142966
0.486798
0.165802
0.135062
1.79401
1.0047
0.368627
1.43618
2.78013
0.182687
0.216277
13.1953
0.465385
0.176728
2.06969
0.997698
0.940004
2.17185
0.379634
0.369924
0.132252
0.131182
4.87281
4.48479
0.124639
0.121263
1.19077
0.148347
0.918081
2.55313
0.219804
0.16245
0.140294
0.422258
0.263997
8.75587
4.36199
0.796431
0.196156
0.984979
0.279753
4.2943
0.102426
0.149373
0.171789
0.265529
1.84171
3.60344
0.19872
0.523913
0.803397
2.61922
0.18458
5.38471
0.349609
1.95423
1.06407
0.150942
0.660912
0.126068
0.272239
0.137328
0.220326
0.227195
0.193108
0.316783
0.169539
4.59621
1.58318
0.150847
0.100338
0.14942
0.221811
0.764766
1.23996
0.504327
1.97261
0.121501
1.7074
1.53136
3.12513
0.272913
0.309163
0.521736
0.819306
0.302209
0.366124
0.174937
0.181997
2.29578
0.736872
0.153309
1.06043
4.83479
1.45825
1.39837
0.158686
13.5039
0.155771
2.8249
0.145332
0.801393
0.659155
0.265621
2.98943
0.292182
1.3125
1.31615
1.61173
0.554768
8.35286
0.144006
0.618219
0.122647
0.138204
0.102149
4.11732
0.104827
0.825469
0.137844
0.247096
1.29614
5.05119
0.352031
0.103752
0.581755
8.23658
2.15835
1.42712
1.11968
0.101992
0.413973
0.155588
2.50146
0.340651
0.115993
0.19857
2.12132
1.55619
2.31429
0.114632
0.392221
1.54919
0.777666
0.497869
0.115176
0.133214
9.47644
0.346467
2.80727
1.03514
0.125854
0.118417
0.229251
1.35995
0.142319
2.37061
0.38191
0.183893
0.512019
0.885689
0.155728
0.566434
0.236114
0.355826
0.209853
0.193343
0.444921
0.103413
1.09264
0.728902
1.00967
0.205226
0.211826
0.904583
6.60231
0.160287
1.05896
0.332416
1.82946
10.016
0.210813
0.376704
3.17689
2.29937
2.33657
0.650198
0.416389
0.70102
2.86144
1.03476
0.346903
0.774123
0.157711
0.279785
0.347897
1.58391
11.3618
0.137723
0.201597
0.110237
6.51514
0.161464
1.43162
0.582311
9.52816
0.374549
0.113271
0.215667
0.104358
1.89595
5.3189
0.525362
0.722079
0.362541
2.77695
0.601731
0.412288
1.72228
0.864936
1.77068
0.78056
0.100109
1.4112
0.154251
1.76992
0.59938
0.401227
0.384933
0.31868
4.05563
0.503184
0.530505
0.117163
3.15328
0.120507
0.362194
0.817767
0.209619
6.52784
2.34193
1.54285
0.979957
4.29601
4.22078
0.356591
1.57507
0.146849
1.52198
0.263621
0.820232
1.50495
1.46592
0.559982
0.131466
2.53133
2.12019
0.215027
1.34927
5.1367
0.100882
0.238848
0.232862
1.73823
0.102051
0.958657
0.382922
2.91799
2.70636
0.608852
0.114591
0.443494
0.20917
0.463307
0.17448
2.25038
0.11718
0.400395
0.306077
4.25671
0.213586
1.52835
4.27899
1.47283
0.741425
0.113589
0.305744
1.06482
1.86655
1.48261
0.713371
1.6545
0.149664
0.689632
0.150491
0.937146
0.800411
0.988079
0.747563
0.416992
0.122159
3.39224
0.208644
0.142534
1.86497
0.107951
0.14461
1.43665
0.195175
0.160239
1.14358
3.24303
0.130013
6.95605
1.81633
0.109415
0.317686
0.13928
1.1287
0.189359
0.239278
0.261847
1.31827
0.121746
0.122189
0.107384
0.167892
0.455572
0.112615
0.296787
2.42249
2.16758
0.132455
0.453422
0.11188
0.135169
0.129043
0.144784
4.73958
0.882456
1.07598
5.50802
0.155397
0.546458
1.18837
2.10725
0.468779
0.481352
0.26822
0.177138
0.796347
0.277539
0.297405
0.123329
0.14184
0.24871
0.264791
5.76055
1.25174
0.377255
1.10361
0.241933
1.73676
2.42834
0.219504
0.609902
0.112387
0.147988
3.27634
0.2977
0.526495
0.210746
0.826774
0.663171
0.408094
0.193347
0.193523
0.803468
0.233224
0.126383
4.66406
5.86086
3.61708
1.39841
1.84685
0.538946
0.42524
1.85996
2.82023
3.94734
0.66213
0.627343
0.276554
0.106102
8.05643
0.567016
1.40725
0.878203
0.304712
0.114736
0.181148
0.50279
0.244924
0.15412
0.534058
0.133125
0.92138
0.108743
0.738401
0.14367
12.555
0.251317
0.139832
0.365255
0.280123
9.02497
0.434422
0.359246
1.73752
0.652202
0.304795
1.12857
1.19379
0.16895
0.822422
0.577465
0.108588
0.556031
11.896
0.716606
0.275108
2.67451
10.1805
0.134748
0.254332
0.119414
0.239221
0.54063
6.31249
3.07301
0.11264
0.13368
1.3538
0.518988
5.79729
0.109872
0.188784
0.184324
0.538998
1.20724
0.207075
0.431067
0.139031
0.480361
0.441365
1.35152
0.478048
0.590578
1.10626
0.119348
0.556166
1.16841
0.448675
1.32686
1.42685
0.418203
8.12842
3.62829
0.943042
1.13432
0.422642
1.65655
0.680651
0.704522
0.840407
0.397018
3.64872
0.262445
0.205754
9.39756
0.100596
0.809332
1.14258
0.211436
0.999587
3.80781
2.97067
0.972477
0.329526
4.53372
0.440918
1.91358
0.152386
0.416521
0.246919
2.17858
0.8723
0.472832
0.171486
0.530607
0.368754
0.145599
0.131604
8.98713
0.665962
9.87111
0.24086
1.89259
1.14093
0.120498
9.15201
3.05831
2.68429
0.169283
0.189395
1.11127
0.327364
0.955707
0.469988
0.134351
0.266831
0.471555
0.622485
5.50536
0.31337
0.475187
0.215253
0.164863
1.41659
0.682204
0.115091
0.204474
2.06799
5.15698
0.2358
0.215188
0.143895
0.744399
2.57495
4.42755
0.48127
0.231063
0.629663
0.116162
0.138214
0.377475
0.495402
0.126705
0.645598
1.84355
0.967413
0.166081
0.127349
0.13197
0.446697
2.97018
0.660999
0.541797
0.919375
0.112355
0.762106
1.69368
0.489811
0.157361
0.150598
1.34287
2.7093
0.431208
1.03021
0.307748
2.1871
0.95478
0.312194
0.281823
0.353632
2.06827
1.82608
0.171749
0.900106
0.306603
0.168127
1.66801
4.71906
0.102689
0.714521
3.5997
0.262808
0.432165
0.445095
5.40732
1.69734
0.510268
0.135892
0.344261
0.153398
0.180722
0.274558
0.135995
1.61935
0.148549
1.4316
0.605842
0.242815
0.199664
2.6549
1.80749
1.16062
16.6496
1.53359
0.111315
3.4859
0.32725
0.266701
0.917588
0.999315
0.115897
0.10727
0.1593
17.3398
1.08333
0.81892
0.785788
1.65341
4.91423
0.447605
3.7824
0.743572
0.828005
0.152568
0.253334
1.70934
0.428102
0.854044
0.176477
0.568738
0.235509
0.305018
0.207076
0.22342
0.127166
1.93053
0.14105
0.724266
0.109433
0.194319
0.593976
0.35179
0.106385
1.07484
4.03344
0.154415
3.07029
0.328713
0.216116
0.307087
0.147789
0.13639
0.769121
1.02894
0.708689
11.941
0.475483
2.48638
0.21177
8.78894
0.22399
1.89784
0.67123
0.732611
8.84974
2.21601
14.9477
0.12485
0.109813
1.46026
0.608342
2.20356
8.30662
0.383521
0.672152
0.793379
0.411702
8.51322
2.84772
0.197499
0.11842
0.170173
0.149945
0.253186
4.88248
0.890649
0.14046
0.528646
0.900047
0.339279
1.53331
1.2148
0.63831
0.213271
2.27528
0.182471
0.254557
7.25839
0.105318
1.96734
0.185663
0.471526
0.516754
0.584804
0.153303
0.109253
0.215364
1.69085
0.189657
0.570375
0.267569
1.31912
0.235891
0.204768
0.318022
0.11636
0.182604
0.225889
2.12322
0.676089
0.931531
0.108145
0.289391
1.71494
0.999292
0.287152
0.109047
0.922649
0.955182
0.30982
0.326733
0.62477
10.7221
5.64005
0.229127
0.226406
1.15965
0.244996
0.139236
0.406594
0.549445
0.159456
0.171681
0.564463
16.7002
0.868095
0.242455
0.349249
0.149591
1.85173
6.5491
0.242107
0.299213
0.655604
2.97464
12.7724
0.565837
0.369984
5.55178
0.705066
0.841235
0.197836
1.31641
11.0004
0.142011
0.712884
0.110276
0.346232
2.68547
0.142602
2.77668
2.29859
0.682405
0.172197
0.466525
0.648246
0.513236
1.09155
0.115521
0.225522
1.37591
0.282063
0.299496
13.6365
0.940402
0.125603
0.386634
1.09023
9.92039
0.238976
0.153359
0.547026
0.345679
0.888535
0.124851
0.310296
3.67859
0.199291
0.203691
2.266
5.2832
0.103279
0.692027
11.8545
0.198217
2.02813
0.194385
0.742585
14.4167
6.66319
0.104467
0.163801
0.842821
5.63186
2.02522
0.121108
0.520961
13.5604
0.137575
0.337068
0.225019
0.408265
0.248704
0.746725
4.32921
0.155018
0.113556
0.159576
0.151413
0.157379
0.133719
0.540993
0.116916
0.541341
1.98202
0.127823
0.190786
0.46857
1.07843
0.100153
0.861542
0.543406
0.246346
0.407445
0.294123
0.106914
0.328347
0.157719
2.95871
5.01821
0.754939
0.521279
0.174333
0.194281
0.898111
0.221542
0.161304
0.484426
6.0338
0.37512
1.54706
1.36287
2.31268
0.329451
0.110239
0.307772
0.908984
0.554433
0.402857
2.74068
1.25931
0.650175
0.541644
0.70499
0.559545
0.256025
0.180609
4.82278
2.79827
0.594626
0.118442
0.750662
0.249163
0.373778
16.5565
0.495227
0.297448
1.2331
0.306963
4.94881
0.115679
0.122486
4.03065
0.591229
0.203314
0.36983
0.150074
0.363721
4.11863
0.455346
0.79841
1.39312
0.671775
0.39528
0.230992
0.10605
0.247423
1.99981
1.25723
0.189071
0.213319
1.91613
0.635953
0.372237
0.272222
1.39563
0.767114
0.164792
0.107213
0.542588
1.376
0.419126
0.11703
0.16653
0.436717
1.10373
0.197698
0.825633
0.908057
0.189559
0.406206
0.183882
0.393244
1.65573
0.318812
0.345697
2.62562
0.179305
0.122446
0.453028
0.748228
1.01315
3.30528
0.581417
3.22306
0.287177
0.250029
0.967257
0.169733
0.250451
1.93599
0.559168
0.386797
2.44519
0.516358
0.456998
0.229345
0.784817
0.578646
0.867678
1.46543
0.762145
0.458518
0.383613
0.252417
0.389706
0.809646
1.68384
0.199422
3.39426
3.78078
0.434886
0.257757
0.784762
0.153053
0.288274
0.713475
0.766998
0.100433
0.271955
0.323026
11.5359
0.158803
1.91906
2.46668
0.63785
0.201419
0.820106
0.884627
0.363104
2.71653
0.745878
0.306344
0.169204
0.809186
0.117969
1.07415
1.83333
0.671979
0.114833
0.407404
0.11939
0.457166
4.83737
2.55737
1.45104
1.16673
0.513688
0.101414
3.95705
0.771624
0.109932
0.260549
0.597486
0.872774
1.12162
1.06728
0.119401
0.138494
0.291131
0.686859
0.6439
0.144026
0.105902
0.30589
1.24406
1.00216
3.91289
9.13154
1.04933
0.629578
0.192826
0.721276
0.148648
0.104818
0.186269
0.869513
2.97465
0.165325
0.300204
0.244006
0.217616
0.486324
0.175078
0.411618
6.59128
0.125237
2.81679
2.3312
1.02928
0.110424
0.273302
0.561078
0.198038
0.103674
0.477534
0.444443
0.323057
9.17118
0.167592
0.122548
0.203094
2.35441
4.07761
15.1932
5.16758
1.24744
2.36331
6.06286
2.98592
4.96906
0.137954
0.754651
2.4025
0.134757
2.68568
1.49113
0.172784
0.125584
0.242632
0.106894
2.72077
0.116667
0.684407
0.645994
1.11239
0.127901
0.104478
0.115758
0.299987
3.30943
1.74823
0.154202
1.10436
0.896814
0.15577
0.158989
5.22382
0.103554
20.0483
0.967271
1.10603
0.204067
0.14186
0.231867
0.164885
0.611605
1.04749
0.937778
2.6537
0.138775
4.27125
0.854309
4.91859
0.164647
1.30746
0.383684
0.774039
0.172313
2.33676
0.132381
0.159986
0.204609
0.460755
0.604571
2.62478
0.984939
1.01148
0.660374
1.60544
1.20794
1.39624
1.46169
0.104897
0.104268
1.61652
0.598063
0.746549
0.117465
5.06885
7.00882
11.1972
0.184956
0.144235
0.594868
2.16679
0.372644
0.295634
0.259419
0.922259
0.137644
0.275101
0.624204
0.358912
0.197582
7.67609
0.168641
0.885022
0.48716
0.146447
0.590465
0.172103
0.491818
0.356559
0.317229
0.189416
0.183427
0.132538
1.0768
2.2782
0.851693
0.812696
22.7732
0.546601
0.329149
0.126768
0.215651
0.496292
0.39446
1.92067
9.89578
0.208103
3.10628
0.399414
2.18751
0.384124
0.775337
0.525089
5.60397
0.137271
3.17884
1.00779
0.170473
5.11428
4.36053
0.459195
4.60155
1.13806
0.160306
0.137024
2.27181
0.157485
0.146793
0.35917
0.775862
0.418422
0.108395
1.94715
0.352165
0.528653
0.3188
0.804967
2.48922
0.102154
0.49917
0.192042
1.46645
9.76343
0.199753
0.215093
0.178555
0.110316
0.521985
6.26251
0.139943
0.326652
0.10637
0.239172
0.17827
0.776716
0.560153
0.176293
3.74419
0.163921
0.202968
0.61507
0.435172
0.19808
0.143819
0.11428
1.53552
0.857862
0.689768
1.69619
0.207628
0.144237
1.84712
1.27381
0.83179
0.623444
0.170654
0.227758
1.33812
0.8033
0.14341
0.108332
0.450129
0.217381
0.530268
17.0197
0.122762
0.129436
7.66431
0.357137
0.575624
0.168523
0.697236
0.808077
0.676207
0.145616
5.4069
0.276684
0.126463
0.150594
1.09682
3.99103
2.87026
2.5491
0.111078
7.77481
1.80204
8.69936
1.37903
0.470031
1.03909
0.27274
0.857696
1.11934
1.19678
3.03177
5.5117
1.73814
0.301157
7.44548
0.728178
0.110332
0.143512
0.932425
0.815848
2.49002
2.46563
0.603659
0.108595
0.130619
0.571632
0.616037
0.103756
1.3508
0.178252
0.128901
1.47469
1.43193
0.224469
0.315374
0.216961
0.146645
0.151123
0.221313
0.111852
0.549698
0.167541
2.52116
0.355564
7.39097
1.48788
4.27251
0.501769
0.119872
0.550861
1.38776
5.6568
0.395777
20.1595
6.35778
1.17765
0.900873
0.214806
0.503461
0.119164
0.357116
0.364618
0.110961
0.309909
0.109996
0.337801
0.348792
0.619558
2.75524
0.108667
0.125808
0.147002
0.345658
10.3811
0.457919
2.57327
0.36713
1.09289
1.74722
0.338498
0.157598
0.228414
0.162259
0.163414
0.186671
0.276699
0.417669
0.285647
4.60776
0.108704
0.609695
1.59294
1.69389
1.16263
0.161344
1.69221
0.189056
6.60375
0.152912
0.110572
1.98795
0.154948
0.429734
4.07359
0.369887
0.815007
0.105222
0.111439
0.45558
1.93803
0.124998
0.196779
0.552405
0.749619
2.98683
0.453539
0.507207
0.258721
1.67134
1.34472
0.544931
0.121703
1.74078
0.876652
0.781732
0.210822
0.232373
0.647543
0.267908
5.95064
0.737513
0.409875
0.212152
3.06756
0.13558
2.64438
2.89285
0.704303
0.966783
0.425455
0.151903
0.333217
0.166731
1.48768
2.84343
0.354514
0.248352
0.765414
0.438573
2.7707
0.165166
0.57793
0.13162
3.6696
0.140274
0.186105
0.375678
0.350687
1.27765
1.77709
0.406695
1.26103
0.579772
4.73014
0.37359
4.89128
0.173981
0.280455
4.21993
0.333085
1.33132
0.142286
0.38514
5.7729
0.241966
2.93149
0.275997
0.860521
1.28688
0.22332
0.419226
3.71167
0.311466
0.785057
0.192867
1.21417
0.484771
0.38038
0.131602
0.773798
0.13099
1.44047
0.760541
0.225817
0.787285
1.50273
2.95532
0.181679
2.05903
0.450038
1.79766
0.558614
0.325845
0.27752
0.980506
0.412864
0.196845
0.202372
0.597646
0.223742
0.503112
0.683925
0.131121
0.63415
1.41866
0.220802
1.46764
7.06117
0.70847
2.1485
0.429538
1.265
0.324473
0.101929
0.139166
0.381061
0.272425
0.212596
0.118822
6.0513
0.625087
1.91604
0.234472
0.608673
0.219557
0.581013
8.66913
6.78933
0.974881
3.83755
0.135787
0.928354
2.15802
0.207259
0.617157
0.206147
0.243699
1.96128
0.294293
0.186717
0.19924
0.321661
0.270916
0.288077
0.531277
4.38493
0.527505
0.33556
0.116821
0.787755
0.122205
0.143121
0.141903
0.139787
0.117146
0.117657
0.180244
0.806836
1.62624
0.813651
0.336416
0.186754
0.115558
1.57232
0.75211
0.968012
0.741136
0.112464
0.247278
0.738844
0.258241
10.5117
0.273578
4.08762
0.173384
1.90381
0.351879
0.341502
0.131625
0.946336
0.662568
1.90278
0.359457
0.193021
0.455498
2.0521
6.49224
0.378296
2.05709
0.856349
1.72159
0.826363
1.06499
4.33511
0.349259
1.32912
2.08864
1.21322
0.203269
1.13959
0.720841
0.415642
0.786597
0.247524
0.115497
0.507172
1.02924
0.174546
0.101644
17.0778
0.761534
1.50222
0.736975
0.139234
1.0741
1.03237
0.362048
1.2376
0.183394
1.34827
0.112675
0.122198
5.16646
0.605741
0.957391
0.138008
3.50733
0.114971
0.193388
0.149116
1.74605
10.859
0.611627
0.841675
0.481449
0.121498
3.18257
0.137629
0.635237
13.8647
0.11034
28.608
9.02066
1.28666
0.240067
0.407022
0.368548
2.11185
1.87527
0.255037
2.31591
3.474
0.119881
1.95208
1.17036
0.328299
0.127061
0.514169
0.183848
3.95
0.288288
2.72264
