-237.91
-179.979
-328.962
-219.912
-199.129
-272.11
-253.526
-301.034
-324.492
-76.0038
-147.939
-297.418
-305.241
-125.077
-210.738
-282.924
-242.145
-313.942
-293.345
-195.258
-349.675
-278.027
-299.751
-268.913
-316.996
-342.347
-337.523
-291.154
-322.605
-333.277
-269.774
-315.427
-335.829
-309.308
-345.491
-310.849
-265.979
-328.738
-282.143
-338.914
-348.309
-346.479
-316.308
-255.469
-205.187
-2.91176
-312.508
-326.214
-258
-251.038
-273.263
-309.992
-242.708
-342.492
-205.15
-221.207
-279.331
-239.827
-261.828
-309.289
-345.895
-265.592
-320.737
-338.421
-235.264
-248.166
-277.76
-308.098
-311.733
-190.455
-205.182
-296.489
-316.959
-325.677
-257.933
-326.279
-92.0234
-151.944
-180.149
-282.144
-323.169
-296.061
-338.561
-292.096
-336.369
-200.651
-295.151
-329.654
-279.18
-292.436
-233.168
-324.044
-323.244
-330.958
-251.711
-314.983
-347.749
-272.559
-346.616
-332.115
-290.975
-317.583
-275.67
-338.658
-338.773
-239.319
-252.566
-286.299
-337.536
-180.783
-250.799
-291.024
-311.439
-76.7561
-238.782
-315.896
-290.748
-324.378
-339.004
-224.109
-255.888
-341.64
-293.045
-339.823
-336.629
-311.48
-318.197
-219.348
-308.471
-279.186
-115.959
-140.613
-194.349
-344.782
-259.746
-280.249
-326.085
-198.384
-323.344
-212.876
-312.485
-184.394
-215.514
-164.128
-311.506
-256.733
-268.737
-335.087
-109.354
-252.888
-335.313
-156.167
-300.318
-229.559
-241.32
-324.78
-293.206
-234.202
-345.39
-266.524
-288.121
-343.974
-185.997
-231.795
-271.839
-276.45
-254.342
-306.372
-345.75
-324.777
-346.924
-295.61
-311.355
-321.124
-312.269
-233.945
-329.335
-282.598
-335.439
-343.144
-208.09
-144.63
-227.062
-141.012
-327.998
-311.607
-290.626
-280.665
-340.771
-299.826
-317.826
-334.116
-271.545
-330.463
-321.487
-334.996
-336.002
-250.802
-338.174
-319.999
-304.13
-336.31
-331.312
-338.865
-47.1012
-329.126
-39.6849
-159.37
-167.373
-342.62
-49.4276
-298.129
-321.145
-337.273
-281.493
-341.317
-139.142
-324.666
-238.916
-279.721
-171.189
-347.253
-333.457
-346.195
-189.779
-139.116
-199.877
-310.475
-339.78
-223.71
-204.725
-265.603
-294.87
-278.484
-284.403
-276.764
-323.28
-326.407
-259.038
-264.479
-294.837
-178.929
-207.593
-284.49
-332.031
-296.675
-268.339
-269.033
-54.0608
-71.4699
-120.269
-147.964
-293.796
-286.315
-317.841
-295.238
-334.33
-344.988
-226.419
-300.379
-305.904
-94.0088
-214.139
-184.982
-326.38
-292.521
-347.23
-201.495
-286.269
-71.3627
-214.394
-286.014
-163.71
-230.182
-334.14
-311.103
-248.617
-249.259
-229.105
-245.942
-294.159
-289.789
-331.566
-334.7
-288.822
-237.764
-279.59
-227.892
-265.386
-275.582
-311.112
-311.906
-318.61
-243.747
-276.936
-309.77
-340.302
-320.475
-346.197
-248.831
-344.309
-349.007
-341.144
-336.135
-324.24
-117.163
-160.426
-345.69
-277.316
-343.33
-340.943
-309.511
-324.654
-240.173
-315.332
-130.95
-134.914
-171.299
-196.735
-288.284
-345.358
-124.05
-222.253
-317.112
-306.18
-322.205
-318.417
-275.563
-349.524
-79.2137
-322.241
-338.675
-186.139
-299.841
-335.207
-304.824
-297.992
-330.983
-256.203
-341.191
-260.63
-181.143
-270.5
-286.257
-328.353
-334.146
-156.173
-347.423
-348.189
-312.831
-281.581
-328.074
-204.434
-214.638
-267.305
-326.474
-341.188
-291.064
-250.641
-342.546
-292.238
-322.335
-254.402
-315.849
-349.291
-299.845
-342.818
-262.399
-331.682
-332.067
-340.071
-304.077
-309.129
-211.425
-233.879
-268.249
-289.756
-306.374
-342.744
-312.549
-313.936
-236.291
-344.307
-323.581
-341.311
-284.459
-209.296
-309.236
-238.579
-280.624
-286.916
-331.787
-303.478
-298.427
-173.633
-203.618
-100.15
-164.47
-232.938
-349.516
-301.402
-214.903
-241.12
-313.722
-338.819
-337.896
-332.388
-266.225
-336.346
-275.532
-223.431
-283.165
-314.925
-315.959
-26.1883
-200.144
-208.862
-186.931
-272.62
-304.294
-265.919
-278.182
-279.934
-282.214
-349.246
-248.916
-214.827
-329.414
-336.406
-342.789
-249.87
-305.278
-239.677
-312.799
-258.236
-283.74
-290.01
-256.652
-199.279
-342.43
-342.531
-347.621
-205.428
-331.471
-298.116
-342.976
-345.264
-325.815
-236.998
-333.854
-343.425
-162.591
-323.392
-253.88
-322.676
-297.492
-288.255
-195.287
-217.454
-225.907
-286.588
-91.4542
-109.4
-143.713
-319.777
-348.53
-328.674
-345.023
-331.155
-148.072
-177.768
-284.175
-329.168
-345.126
-335.771
-346.649
-260.519
-272.241
-274.232
-285.574
-305.55
-131.643
-251.31
-317.153
-77.5677
-300.427
-335.386
-240.342
-255.927
-334.952
-282.863
-286.173
-114.772
-197.766
-338.059
-317.203
-284.785
-347.948
-287.201
-340.147
-333.875
-255.765
-315.987
-144.081
-249.377
-300.083
-169.116
-271.599
-20.7093
-75.5517
-274.729
-287.354
-283.263
-330.247
-318.598
-189.776
-281.299
-245.491
-317.737
-299.174
-327.968
-211.857
-331.635
-252.122
-257.918
-205.551
-314.41
-321.942
-329.572
-299.23
-314.761
-294.256
-318.766
-337.567
-288.669
-348.497
-221.711
-232.5
-340.275
-349.83
-110.221
-289.998
-207.493
-211.969
-177.614
-184.594
-304.311
-336.609
-201.772
-215.458
-240.286
-290.428
-198.615
-200.947
-204.236
-243.553
-328.728
-173.634
-201.58
-257.593
-265.788
-314.23
-272.283
-324.546
-298.678
-318.51
-250.168
-338.945
-310.403
-310.648
-120.229
-231.591
-278.845
-329.49
-348.411
-307.852
-309.281
-300.341
-332.126
-296.453
-310.211
-346.085
-349.512
-349.36
-210.838
-327.589
-253.159
-326.82
-216.112
-241.826
-303.229
-97.0202
-293.728
-333.53
-273.231
-316.531
-264.509
-337.38
-282.935
-329.795
-332.627
-258.737
-295.937
-339.3
-254.017
-249.925
-346.339
-332.93
-326.721
-327.361
-346.544
-347.185
-129.109
-324.631
-347.044
-90.3341
-246.317
-320.886
-253.015
-258.173
-308.002
-328.647
-316.283
-339.604
-308.239
-330.768
-292.656
-273.041
-159.387
-196.019
-300.519
-347.305
-333.056
-122.017
-131.794
-239.533
-314.941
-288.309
-313.673
-228.325
-333.167
-326.359
-326.874
-333.314
-327.957
-320.888
-333.911
-343.891
-201.332
-315.206
-333.953
-341.969
-312.351
-261.953
-322.145
-307.96
-37.6881
-304.988
-310.028
-346.391
-344.668
-100.699
-219.142
-336.066
-330.894
-307.583
-338.045
-109.433
-328.536
-325.734
-266.548
-330.095
-329.479
-327.097
-102.306
-333.816
-269.985
-344.756
-212.317
-221.591
-345.316
-327.344
-347.509
-282.168
-246.286
-277.835
-323.893
-327.538
-344.865
-276.524
-250.613
-272.442
-320.356
-344.265
-254.747
-337.58
-285.169
-343.655
-239.309
-263.476
-38.0219
-41.182
-74.9549
-104.511
-336.649
-268.61
-313.554
-270.032
-291.426
-271.244
-284.915
-323.049
-335.233
-332.769
-338.375
-223.545
-330.472
-324.928
-189.965
-177.758
-255.61
-239.012
-293.641
-235.273
-340.631
-134.695
-178.345
-328.749
-338.62
-317.082
-262.777
-273.428
-321.701
-340.534
-333.08
-291.863
-275.896
-314.086
-344.929
-347.059
-309.836
-323.628
-299.009
-114.939
-291.179
-300.914
-221.516
-304.638
-342.539
-324.556
-346.198
-213.637
-340.093
-315.509
-104.75
-114.054
-291.866
-171.027
-307.894
-335.245
-348.209
-246.721
-343.948
-334.722
-302.52
-305.253
-299.647
-344.58
-323.949
-331.374
-59.2433
-309.725
-311.613
-338.618
-299.888
-294.82
-293.477
-242.435
-328.406
-341.078
-218.505
-223.516
-311.053
-347.9
-328.167
-326.223
-292.713
-246.396
-317.988
-259.879
-299.447
-275.88
-254.593
-305.927
-307.95
-248.231
-290.121
-308.239
-336.857
-338.555
-338.403
-294.767
-346.688
-321.233
-239.423
-316.806
-344.273
-342.092
-149.47
-317.364
-342.386
-344.13
-334.571
-254.665
-304.266
-336.492
-296.063
-311.376
-321.83
-275.637
-238.354
-128.587
-314.612
-321.402
-325.375
-297.128
-294.998
-281.154
-223.825
-336.334
-173.997
-251.31
-231.421
-327.198
-326.768
-274.471
-255.062
-270.378
-334.013
-236.454
-265.018
-342.003
-249.174
-247.597
-304.669
-326.672
-337.681
-311.96
-345.373
-333.397
-307.381
-338.803
-288.309
-339.888
-347.466
-237.71
-307.99
-344.742
-176.644
-216.44
-243.091
-279.921
-312.021
-302.93
-321.988
-329.497
-190.952
-239.197
-146.782
-279.375
-349.602
-343.794
-297.546
-232.704
-293.715
-282.374
-330.806
-327.337
-338.999
-310.891
-132.154
-279.694
-313.046
-340.221
-296.92
-236.734
-324.722
-346.986
-315.132
-196.803
-273.548
-318.089
-346.695
-319.222
-319.963
-291.427
-321.978
-281.155
-320.573
-182.736
-299.239
-342.871
-301.156
-337.931
-340.052
-333.15
-194.519
-207.754
-263.111
-254.993
-202.111
-346.934
-335.262
-278.009
-189.137
-198.676
-225.821
-333.104
-239.424
-298.084
-219.051
-318.033
-342.436
-175.059
-271.862
-98.4901
-262.669
-318.402
-332.647
-334.951
-349.771
-285.303
-331.985
-251.349
-305.683
-316.122
-348.891
-281.819
-291.896
-345.744
-311.409
-299.953
-329.59
-346.408
-283.995
-262.483
-316.393
-325.627
-15.3132
-65.5893
-93.3672
-246.078
-349.664
-100.127
-176.855
-202.32
-239.281
-317.922
-343.561
-326.952
-180.968
-348.133
-301.418
-304.978
-281.247
-312.851
-313.726
-340.981
-223.411
-289.892
-322.775
-274.81
-208.229
-168.748
-282.245
-322.39
-276.084
-165.7
-191.243
-317.104
-340.43
-228.893
-332.562
-209.056
-212.904
-326.315
-345.98
-293.554
-294.307
-309.99
-285.973
-320.014
-327.119
-293.831
-300.294
-263.624
-323.708
-112.487
-288.583
-252.308
-94.818
-249.031
-296.634
-341.029
-273.368
-328.207
-283.994
-206.557
-256.558
-333.112
-341.159
-223.546
-298.157
-349.127
-246.208
-329.771
-235.683
-328.79
-333.751
-181.102
-309.514
-251.316
-340.546
-258.409
-325.321
-114.95
-82.2246
-334.1
-291.817
-163.535
-246.156
-343.067
-310.303
-330.89
-327.668
-264.937
-285.549
-281.837
-294.387
-324.741
-338.813
-295.497
-316.532
-335.972
-177.072
-328.123
-339.008
-313.648
-342.483
-348.39
-24.3991
-218.29
-245.408
-151.471
-159.049
-290.526
-317.332
-187.205
-244.375
-268.219
-218.217
-338.392
-271.295
-315.714
-243.443
-286.576
-322.398
-344.601
-311.515
-299.75
-340.775
-50.0534
-115.393
-153.407
-183.989
-239.875
-297.674
-232.662
-324.759
-166.239
-207.543
-331.543
-334.044
-294.176
-342.781
-349.322
-322.84
-282.035
-312.224
-299.568
-257.696
-272.572
-282.458
-349.095
-261.47
-318.578
-285.559
-163.429
-274.722
-303.782
-342.714
-207.215
-290.721
-292.461
-348.979
-177.037
-336.558
-297.239
-204.405
-263.641
-273.693
-341.546
-330.235
-132.376
-266.609
-223.354
-312.484
-268.283
-9.6218
-92.9044
-233.858
-263.602
-112.641
-328.668
-288.84
-320.587
-232.677
-347.508
-280.996
-334.09
-307.154
-334.144
-340.505
-316.896
-340.659
-311.681
-324.098
-326.12
-342.502
-345.399
-216.216
-277.281
-279.803
-332.189
-133.425
-284.832
-266.194
-218.659
-344.545
-332.75
-316.662
-335.033
-254.047
-349.367
-329.169
-291.13
-149.239
-146.413
-130.656
-194.87
-279.033
-339.262
-292.252
-336.431
-129.931
-173.135
-281.865
-308.887
-319.797
-188.661
-241.799
-299.811
-232.128
-176.953
-325.41
-124.639
-205.623
-304.322
-306.471
-344.798
-342.432
-349.073
-341.568
-329.802
-140.53
-176.61
-313.892
-228.375
-238.051
-260.191
-296.754
-347.583
-210.179
-99.7701
-306.918
-146.187
-201.597
-242.51
-284.111
-210.11
-233.445
-284.504
-322.185
-255.348
-279.885
-314.874
-323.568
-294.179
-338.203
-190.238
-342.617
-334.015
-253.557
-266.115
-280.41
-330.274
-336.112
-319.807
-334.296
-257.841
-258.557
-329.884
-304.611
-310.692
-310.305
-97.4416
-132.425
-154.195
-268.184
-279.462
-320.393
-206.927
-342.13
-316.609
-329.322
-185.736
-245.601
-246.224
-249.445
-239.509
-297.784
-345.763
-349.569
-323.872
-229.027
-335.975
-263.577
-263.936
-285.549
-341.382
-315.338
-278.803
-343.773
-346.976
-316.545
-327.642
-298.258
-333.364
-240.605
-283.063
-330.966
-326.049
-241.692
-249.822
-302.526
-129.83
-244.56
-276.79
-329.052
-308.781
-336.024
-321.638
-315.607
-323.071
-326.209
-283.048
-327.493
-233.37
-337.809
-283.616
-315.423
-326.289
-328.925
-87.6465
-279.902
-310.196
-286.089
-323.02
-348.534
-331.478
-210.955
-168.047
-242.133
-346.302
-145.273
-152.534
-293.541
-294.969
-321.483
-271.597
-289.598
-221.683
-227.44
-331.977
-342.648
-336.128
-300.733
-315.582
-331.372
-162.516
-297.147
-304.099
-176.239
-347.61
-224.61
-322.103
-248.441
-251.139
-192.315
-288.342
-325.291
-348.279
-339.627
-346.41
-274.658
-330.615
-108.387
-254.915
-332.187
-219.763
-302.5
-330.849
-286.403
-124.181
-305.688
-328.196
-265.828
-253.299
-349.124
-172.722
-323.719
-281.201
-303.368
-312.21
-202.098
-292.633
-346.992
-147.914
-250.952
-280.912
-223.954
-255.539
-286.785
-337.781
-220.984
-261.072
-230.347
-238.411
-320.788
-286.008
-303.14
-149.853
-178.415
-210.449
-254.747
-314.981
-348.668
-318.401
-301.847
-324.016
-335.31
-335.468
-274.059
-322.056
-298.413
-347.783
-294.632
-318.971
-329.23
-319.715
-330.422
-339.898
-207.55
-245.596
-286.839
-310.526
-217.277
-247.741
-301.63
-261.639
-320.905
-271.676
-346.791
-252.95
-346.292
-285.935
-273.978
-148.213
-203.474
-324.652
-324.02
-288.543
-332.61
-335.686
-176.58
-276.616
-224.087
-228.294
-323.99
-348.935
-25.8875
-53.6518
-136.202
-240.089
-314.774
-315.859
-283.209
-237.749
-347.854
-235.367
-345.724
-195.508
-224.406
-256.715
-309.525
-337.362
-221.795
-318.409
-122.054
-189.652
-349.363
-339.028
-169.664
-280.691
-329.468
-325.837
-344.114
-295.381
-295.316
-191.885
-274.21
-271.071
-330.419
-318.192
-310.687
-312.914
-325.374
-307.699
-327.793
-68.3019
-318.874
-347.961
-347.22
-250.285
-330.509
-94.8598
-103.458
-341.328
-109.619
-333.716
-142.715
-301.187
-321.178
-345.026
-337.658
-299.575
-298.555
-331.466
-288.489
-348.002
-324.6
-281.933
-319.005
-341.617
-343.241
-173.087
-301.855
-139.798
-239.206
-245.713
-317.171
-179.514
-195.289
-200.14
-291.732
-329.791
-221.779
-300.321
-323.384
-315.233
-164.173
-246.39
-293.282
-345.898
-345.839
-171.023
-178.837
-192.255
-330.835
-261.038
-284.868
-209.023
-341.157
-214.753
-201.926
-323.083
-125.761
-317.799
-191.452
-289.946
-332.409
-341.642
-331.212
-214.57
-241.121
-251.062
-255.617
-289.023
-303.349
-313.651
-243.676
-258.647
-303.562
-341.34
-287.434
-280.054
-311.001
-343.897
-322.658
-326.289
-328.221
-127.941
-325.049
-285.651
-303.339
-340.391
-288.354
-348.106
-214.993
-347.439
-176.689
-340.489
-163.244
-329.191
-209.914
-331.027
-334.883
-51.8466
-216.554
-297.543
-328.457
-330.231
-270.927
-330.318
-247.467
-289.11
-291.259
-296.473
-188.562
-317.713
-103.439
-283.035
-284.089
-262.709
-248.746
-273.449
-307.338
-314.25
-329.267
-272.964
-259.57
-346.285
-262.267
-74.4188
-127.476
-349.941
-348.491
-334.093
-150.382
-224.979
-340.786
-224.887
-349.246
-308.125
-306.249
-247.554
-303.483
-342.619
-304.576
-185.854
-318.051
-246.059
-322.436
-297.872
-212.669
-349.817
-272.522
-338.409
-320.523
-203.412
-319.859
-126.709
-163.294
-254.654
-286.941
-247.04
-231.668
-333.11
-337.164
-316.038
-266.267
-306.719
-318.686
-342.426
-282.808
-317.539
-245.554
-330.317
-233.009
-335.975
-344.313
-336.596
-323.048
-320.595
-192.036
-306.036
-348.48
-168.848
-343.632
-241.411
-108.018
-138.842
-233.156
-342.86
-320.219
-336.167
-333.168
-330.398
-325.242
-183.268
-336.393
-326.899
-264.336
-321.808
-348.568
-330.215
-315.755
-238.832
-324.759
-325.89
-297.315
-346.92
-297.32
-233.327
-190.258
-344.771
-314.698
-319.128
-278.056
-288.307
-280.195
-321.913
-327.217
-201.314
-254.593
-340.051
-308.869
-256.382
-294.914
-279.415
-303.983
-344.121
-229.735
-336.923
-167.724
-276.782
-277.086
-327.418
-267.84
-147.488
-249.26
-287.711
-349.062
-341.818
-344.922
-285.283
-326.749
-175.466
-237.637
-337.306
-349.998
-321.405
-127.217
-295.07
-346.14
-323.485
-305.212
-334.393
-307.821
-336.324
-197.305
-343.047
-335.378
-300.592
-333.61
-338.967
-341.902
-287.939
-313.121
-292.49
-336.081
-349.669
-234.775
-283.46
-321.546
-338.433
-266.918
-227.72
-284.001
-313.231
-339.867
-315.316
-321.972
-311.332
-312.968
-245.645
-326.086
-259.682
-347.241
-316.225
-328.541
-336.683
-293.06
-336.8
-329.441
-343.081
-214.163
-318.418
-267.649
-257.608
-290.56
-339.916
-349.206
-253.319
-189.34
-209.881
-216.904
-224.483
-305.259
-306.282
-341.574
-185.797
-247.428
-252.709
-340.798
-313.835
-321.409
-337.148
-340.62
-87.8212
-65.6544
-219.671
-150.357
-270.845
-305.663
-328.884
-247.342
-249.258
-327.847
-344.857
-323.835
-346.04
-286.722
-340.553
-334.477
-338.185
-307.248
-345.655
-318.153
-331.587
-232.845
-340.428
-349.494
-308.95
-301.944
-322.917
-278.998
-324.254
-285.318
-195.001
-240.611
-270.605
-346.326
-331.525
-328.397
-231.958
-311.296
-336.612
-249.141
-336.897
-344.567
-63.124
-299.007
-326.567
-144.51
-209.424
-302.115
-206.18
-336.385
-346.319
-335.892
-294.133
-43.6484
-283.765
-239.49
-267.843
-323.697
-325.89
-243.389
-286.656
-165.289
-252.692
-282.927
-325.606
-329.949
-179.005
-338.734
-345.132
-242.707
-258.552
-327.586
-328.592
-340.908
-212.703
-261.858
-184.215
-239.903
-295.811
-307.02
-317.69
-335.561
-336.732
-320.676
-331.041
-282.087
-312.457
-325.844
-317.608
-291.329
-314.092
-345.954
-326.345
-332.588
-57.7312
-63.6338
-200.246
-245.807
-325.821
-312.105
-188.805
-339.321
-327.737
-330.756
-336.136
-338.226
-254.484
-318.537
-247.31
-332.353
-317.081
-276.555
-267.695
-318.228
-113.721
-169.423
-240.644
-191.586
-298.019
-344.681
-196.952
-247.09
-349.856
-46.5549
-233.107
-271.49
-342.08
-239.454
-287.091
-305.947
-225.274
-217.837
-322.747
-227.788
-312.032
-273.423
-261.377
-271.436
-307.13
-323.934
-198.153
-307.805
-314.502
-93.5519
-200.486
-206.94
-261.442
-265.983
-344.922
-159.87
-212.279
-314.974
-330.215
-340.065
-318.98
-242.386
-284.617
-339.667
-320.918
-326.154
-311.246
-332.174
-263.084
-283.278
-301.801
-295.779
-340.812
-245.518
-335.932
-100.843
-146.714
-332.117
-341.942
-234.25
-296.704
-273.718
-233.424
-311.553
-340.215
-197.665
-338.949
-313.733
-343.721
-54.4909
-111.006
-301.005
-325.261
-298.271
-296.327
-224.032
-337.392
-321.677
-349.181
-288.355
-344.683
-272.69
-278.326
-338.721
-319.704
-261.082
-311.525
-326.101
-334.451
-296.67
-342.897
-288.621
-337.283
-322.335
-345.224
-316.832
-112.656
-320.38
-347.756
-285.694
-295.659
-334.288
-305.434
-326.25
-167.37
-285.433
-279.404
-306.093
-261.067
-281.074
-344.897
-236.014
-304.646
-317.565
-99.2788
-152.787
-200.561
-332.735
-216.089
-271.025
-273.735
-327.581
-331.492
-253.766
-194.802
-294.524
-296.533
-291.944
-179.354
-246.698
-253.782
-322.951
-327.66
-271.638
-184.35
-333.905
-335.332
-245.67
-272.394
-67.2992
-153.269
-274.567
-323.444
-324.385
-270.315
-312.646
-339.334
-304.465
-244.573
-342.494
-73.9469
-284.888
-324.215
-331.231
-334.699
-312.93
-296.325
-349.806
-295.41
-278.587
-342.126
-337.751
-317.315
-291.369
-310.788
-243.839
-329.065
-301.266
-268.879
-251.841
-309.083
-337.143
-333.713
-345.179
-349.617
-239.927
-336.778
-344.839
-302.565
-278.374
-305.638
-336.788
-342.463
-124.517
-294.672
-318.319
-327.238
-341.468
-339.094
-262.047
-324.315
-347.066
-268.348
-291.571
-214.917
-224.384
-330.809
-286.305
-311.255
-318.284
-328.715
-286.696
-262.283
-331.606
-336.755
-296.131
-343.128
-281.466
-165.531
-291.402
-336.593
-347.588
-279.043
-329.989
-346.268
-301.077
-314.185
-265.293
-172.567
-256.903
-274.047
-324.18
-309.122
-334.071
-286.941
-229.881
-340.956
-312.561
-334.855
-332.63
-312.386
-291.81
-178.578
-288.329
-311.194
-37.4846
-40.3025
-221.549
-250.756
-280.064
-318.286
-216.229
-262.179
-347.316
-270.865
-287.65
-172.837
-343.564
-186.025
-203.753
-303.803
-283.603
-265.687
-283.448
-236.898
-349.64
-317.411
-320.266
-133.212
-174.152
-269.26
-287.164
-312.663
-314.415
-334.798
-212.422
-289.84
-305.701
-342.707
-343.627
-305.914
-306.101
-322.677
-303.364
-334.727
-292.699
-320.913
-313.859
-344.033
-327.444
-329.654
-339.524
-349.083
-305.287
-332.725
-338.51
-336.211
-41.0474
-154.493
-242.564
-319.497
-276.224
-262.692
-320.442
-336.146
-316.617
-299.349
-66.463
-193.859
-236.727
-281.079
-234.205
-348.788
-309.442
-48.2713
-115.55
-275.398
-323.374
-185.004
-292.938
-236.036
-293.895
-150.956
-201.503
-343.16
-322.564
-337.02
-336.73
-258.705
-349.235
-119.809
-81.1493
-231.125
-283.422
-294.161
-346.805
-57.6243
-195.043
-265.892
-309.181
-338.574
-277.626
-321.598
-78.2557
-171.85
-294.87
-300.231
-322.882
-344.032
-329.215
-286.701
-297.104
-50.8063
-345.887
-330.111
-278.532
-305.097
-314.715
-345.3
-247.654
-281.695
-245.665
-110.29
