-0.911514
-0.951497
-0.993748
-0.985813
-0.985634
-0.950614
-0.930739
-0.331239
-0.893301
-0.961763
-0.963026
-0.967123
-0.974746
-0.982318
-0.981765
-0.965976
-0.927499
-0.753102
-0.922028
-0.949976
-0.998207
-0.930685
-0.952403
-0.806617
-0.562117
-0.960157
-0.902931
-0.823435
-0.974737
-0.99625
-0.871658
-0.981607
-0.965552
-0.98066
-0.99144
-0.971788
-0.72681
-0.95005
-0.959851
-0.9321
-0.87887
-0.973357
-0.810174
-0.950727
-0.931028
-0.915997
-0.995171
-0.78973
-0.183584
-0.978284
-0.95667
-0.994409
0.50173
-0.880838
-0.98597
-0.968189
-0.970996
-0.97182
-0.741913
-0.960385
-0.885633
-0.852978
-0.98898
-0.994137
-0.994121
-0.993657
-0.965195
-0.980329
-0.962185
-0.991479
-0.989053
-0.986162
-0.93899
-0.91638
-0.900137
-0.977053
-0.990061
-0.980857
-0.978951
-0.967834
-0.810926
-0.963813
-0.995078
-0.985964
-0.547942
-0.490685
-0.938765
-0.754705
-0.903078
-0.976767
-0.976914
-0.898218
-0.80753
-0.941575
-0.926872
-0.993417
-0.854814
-0.917724
-0.950838
-0.990455
-0.926445
-0.777333
-0.364562
-0.959355
-0.88489
-0.961474
-0.931443
-0.983166
-0.988994
-0.81887
-0.9699
-0.660868
-0.509869
-0.899739
-0.996757
-0.936066
-0.911368
-0.963008
0.101221
-0.751884
-0.950084
-0.997492
-0.521047
-0.949655
-0.702354
-0.996007
-0.361655
-0.854483
-0.979371
-0.944684
-0.99208
-0.913949
-0.917402
-0.998816
-0.73086
-0.96411
-0.978108
0.277219
-0.921834
-0.974696
-0.996481
-0.887335
-0.989185
-0.944911
-0.997986
-0.971111
-0.985026
-0.420312
-0.971288
-0.998558
-0.836159
-0.997052
-0.989166
-0.938827
-0.996068
-0.820244
-0.995199
0.573739
-0.99708
-0.790782
0.182348
-0.986928
-0.926778
-0.986585
-0.782843
-0.995047
-0.998565
-0.993343
-0.977224
-0.995251
0.172415
-0.95394
-0.997155
-0.221555
-0.936122
-0.966754
-0.883164
-0.990293
-0.999138
-0.998161
-0.976185
-0.857093
-0.955066
-0.914251
-0.99666
-0.977871
-0.934259
-0.999707
-0.830043
-0.943021
-0.95245
-0.633928
-0.997719
-0.990516
-0.980047
-0.990218
-0.954081
-0.808628
-0.742167
-0.963046
-0.972163
-0.95949
-0.995867
-0.779936
-0.940367
-0.950456
-0.970662
-0.791103
-0.831058
-0.963099
-0.884926
-0.981885
-0.986718
-0.94916
-0.997148
-0.954043
-0.986072
-0.987186
-0.911279
-0.970297
-0.777071
-0.967379
-0.99291
-0.985597
-0.95445
-0.801879
-0.940732
-0.993538
-0.997052
-0.91391
-0.998139
-0.985485
-0.77782
-0.952277
-0.7865
-0.966966
-0.990915
-0.999599
-0.924072
-0.97368
-0.681727
-0.976561
-0.895879
-0.991948
-0.939663
-0.979959
-0.443649
-0.891353
-0.975351
-0.972384
-0.943334
-0.984794
-0.0569986
-0.800199
-0.925017
-0.966642
-0.986263
-0.969181
-0.950263
-0.918254
-0.350405
-0.864794
-0.956339
-0.998742
-0.688897
-0.966101
-0.89928
-0.954377
-0.963701
-0.758188
-0.977947
-0.998611
-0.996187
-0.995308
-0.862836
-0.581894
-0.97777
-0.994754
0.552613
-0.78377
-0.923012
-0.975831
-0.99887
-0.973045
-0.968545
-0.587156
-0.889244
-0.716017
-0.967399
-0.878093
-0.853773
-0.853869
-0.97598
-0.99821
-0.884729
-0.972457
-0.96872
-0.911633
-0.964028
-0.834622
-0.972451
-0.984167
-0.984884
-0.878303
-0.442271
-0.979745
-0.984654
-0.975381
-0.977735
-0.980969
-0.827068
-0.958864
-0.827272
-0.933478
-0.989978
-0.933091
-0.998397
-0.906048
-0.972608
-0.999722
-0.992275
-0.694666
-0.837477
-0.471993
-0.966772
-0.949089
-0.987548
-0.983666
-0.957055
-0.963171
-0.497819
-0.990456
-0.81958
-0.942475
-0.932833
-0.981867
-0.792282
-0.569468
-0.954119
-0.875859
-0.980012
-0.756051
-0.640914
-0.896601
-0.943193
-0.999036
-0.971673
-0.991677
-0.980001
-0.96759
-0.963782
-0.969249
-0.984404
-0.981812
-0.999525
-0.997916
-0.969159
0.187027
-0.972371
-0.987281
-0.700463
-0.994439
-0.885217
-0.975957
-0.982622
-0.980806
-0.979875
-0.968561
-0.95015
-0.902231
-0.974303
-0.922966
-0.94101
-0.872069
-0.980006
-0.980077
-0.986087
-0.968075
-0.927207
-0.928414
-0.933848
-0.955873
-0.639544
-0.971727
-0.980586
-0.849258
-0.970732
-0.998523
-0.471659
-0.978614
-0.974043
-0.990483
-0.9472
-0.910736
-0.995778
-0.997026
-0.994217
-0.991784
-0.983758
-0.9928
-0.199786
-0.810663
-0.982794
-0.958539
-0.731961
-0.992007
-0.988895
-0.980853
-0.908386
-0.70984
-0.844718
-0.946489
-0.961639
-0.991708
-0.96972
-0.993379
-0.998358
-0.918299
-0.99385
-0.969064
-0.945377
-0.985248
-0.995144
-0.908483
-0.998466
-0.766333
-0.949553
-0.985802
-0.988221
-0.937218
-0.975084
-0.968525
-0.986105
-0.971885
-0.977737
-0.997367
-0.961229
-0.980792
-0.207376
-0.989958
-0.994452
-0.995499
-0.95983
-0.986272
-0.731794
-0.986844
-0.990387
-0.996051
-0.969208
-0.730276
-0.795662
-0.936417
-0.991121
-0.654775
-0.61189
-0.980744
-0.974182
-0.896753
-0.924579
-0.957895
-0.995088
-0.853024
-0.853472
-0.935687
-0.989893
-0.77656
-0.908241
-0.931807
-0.958568
-0.996489
-0.964095
-0.988017
-0.996392
-0.674298
-0.880613
-0.949184
-0.906934
-0.77591
-0.843216
-0.990024
-0.938016
-0.949598
-0.931159
-0.988799
-0.987861
-0.993382
-0.996862
-0.910492
-0.956355
-0.993557
-0.975755
-0.972386
0.292623
-0.911173
-0.988981
-0.889655
-0.149875
-0.894824
-0.950904
-0.995494
-0.99522
-0.942351
-0.999437
-0.712235
-0.998858
-0.997976
-0.909127
-0.979099
-0.976736
-0.997787
-0.983797
-0.997917
-0.960731
-0.997067
-0.968861
-0.987476
-0.96925
-0.996587
-0.992922
-0.909474
-0.990847
-0.966993
-0.975764
-0.991506
-0.582579
-0.936438
-0.99905
-0.99473
-0.317592
-0.985981
-0.525609
-0.987344
-0.985925
-0.95884
-0.967739
-0.862282
-0.998589
-0.994796
-0.992473
-0.966444
-0.784682
-0.998722
-0.998613
-0.998706
-0.909685
-0.985368
-0.944303
-0.160394
-0.894408
-0.994811
-0.970507
-0.996541
-0.930085
-0.982141
-0.904978
-0.390097
-0.992306
-0.943431
-0.942739
-0.989899
-0.977767
-0.38935
-0.917857
-0.981251
-0.894636
-0.912232
-0.997324
-0.981935
-0.969199
-0.986631
-0.991666
-0.951272
-0.745903
-0.875597
-0.932413
-0.671583
-0.761588
-0.934813
-0.580843
-0.868575
-0.854892
-0.96745
-0.970505
-0.514956
-0.891364
-0.959191
-0.609767
-0.985411
-0.860024
-0.94754
-0.809474
-0.977923
-0.99575
-0.989965
-0.623161
-0.619666
-0.997959
-0.980608
-0.768477
-0.993029
-0.765886
-0.921381
-0.990817
-0.992478
-0.734166
-0.880535
-0.863719
-0.667196
-0.536015
-0.854331
-0.981562
-0.998596
-0.947984
-0.79195
-0.966702
-0.288733
-0.974041
-0.975352
-0.970187
-0.973771
-0.968368
-0.986332
-0.971685
-0.991531
-0.837713
-0.946946
-0.821113
-0.926096
-0.992326
-0.96064
-0.999468
-0.952337
-0.885095
-0.950027
-0.971211
-0.996181
-0.901808
-0.984895
-0.942813
-0.982423
-0.648371
-0.965537
-0.665773
-0.962511
-0.597647
-0.801924
-0.801991
-0.994029
-0.964544
-0.958383
-0.992915
-0.892335
-0.977767
-0.999438
-0.913679
-0.868685
-0.937365
-0.957829
-0.893884
-0.985148
-0.996891
-0.738913
-0.959752
-0.988026
-0.932006
-0.987924
-0.896646
-0.979813
-0.968636
-0.886829
-0.959271
-0.451415
-0.878221
-0.963523
-0.969974
-0.912216
-0.984874
-0.976671
-0.870161
-0.91599
-0.985569
-0.931249
-0.924294
-0.971682
-0.70049
-0.843861
-0.838643
-0.971288
-0.882427
-0.74659
-0.985985
-0.981313
-0.962161
-0.973752
-0.787311
-0.721775
-0.870041
-0.999028
-0.783867
-0.807095
-0.929866
-0.318347
-0.566113
-0.951359
-0.758065
-0.98119
-0.807051
-0.986914
-0.964277
-0.940494
-0.851642
-0.92462
-0.967059
-0.882246
-0.945312
-0.987516
-0.903611
-0.998343
-0.524204
-0.87448
-0.974739
-0.98924
-0.271615
-0.937979
-0.969145
-0.908745
-0.755104
-0.961758
-0.99921
-0.95657
-0.949794
-0.900542
-0.900345
-0.903218
-0.785493
-0.916255
-0.895988
-0.940892
-0.997286
-0.836196
-0.914909
-0.914141
-0.983375
-0.955945
-0.996378
-0.975174
-0.990673
-0.996305
-0.178526
-0.99646
-0.930203
-0.813007
-0.98599
-0.926294
-0.975235
-0.973404
-0.996972
-0.969755
-0.96498
-0.970365
-0.998685
-0.425314
-0.931166
-0.747979
-0.900271
-0.95823
-0.940938
-0.967012
-0.962945
-0.979206
-0.992441
-0.987753
-0.987785
-0.987669
-0.952714
-0.914186
-0.946105
-0.968308
-0.780264
-0.897217
-0.994033
-0.942187
-0.981488
-0.817436
-0.918573
-0.992295
-0.945822
-0.94973
-0.941406
-0.889146
-0.990097
-0.995218
-0.953347
-0.826256
-0.817883
-0.957637
-0.877014
-0.975679
-0.447876
-0.913435
-0.0967416
-0.848283
-0.973172
-0.693961
-0.929504
-0.903306
-0.973585
-0.80772
-0.927667
-0.993692
-0.940844
-0.995591
-0.994805
-0.99493
-0.635671
-0.987063
-0.846003
-0.817762
-0.991897
-0.917596
-0.0894284
-0.985152
-0.967591
-0.969215
-0.954545
-0.985024
-0.977583
-0.0507563
-0.980226
-0.971702
-0.979541
-0.981699
-0.988878
-0.98646
-0.875246
-0.917836
-0.970165
-0.915231
-0.991779
-0.993441
-0.990219
-0.961423
-0.738739
-0.545475
-0.930973
-0.985673
-0.982126
-0.94359
-0.934351
-0.99561
-0.9467
-0.959632
-0.968421
-0.912071
-0.992758
-0.934994
-0.958801
-0.902634
-0.992343
-0.993476
-0.986793
-0.996066
-0.807274
-0.988327
-0.650156
0.113666
-0.299127
-0.893431
-0.86232
-0.888017
-0.77451
-0.955855
-0.909845
-0.988055
-0.957928
-0.915971
-0.82612
-0.875855
0.278262
-0.690701
-0.98691
-0.998517
-0.677827
-0.917675
-0.866122
-0.364177
-0.895529
-0.753209
-0.986344
-0.859316
-0.931804
-0.998258
-0.964011
-0.982574
-0.0374518
0.97889
-0.96144
-0.94588
-0.980491
-0.867835
-0.995113
-0.998592
-0.794698
-0.95899
-0.884261
-0.705054
-0.918556
-0.958546
-0.958879
-0.941828
-0.974782
-0.958253
-0.883494
-0.646748
-0.948571
-0.994828
-0.967367
-0.982317
-0.961308
-0.980416
-0.443357
-0.985313
-0.943956
-0.206238
-0.963044
-0.930983
-0.990318
-0.998189
-0.78721
-0.801171
-0.912182
-0.99562
-0.992425
-0.986845
-0.984178
-0.918952
-0.733807
-0.253501
-0.850809
-0.94897
-0.815544
-0.831154
-0.934585
-0.994973
-0.874433
-0.985125
-0.960363
-0.940826
-0.71147
-0.978589
-0.970432
-0.991697
-0.989114
-0.885448
-0.965871
-0.993924
-0.972048
-0.983987
-0.965412
-0.951003
-0.995981
-0.968703
-0.92295
-0.944101
-0.984552
-0.268393
-0.91238
-0.958353
-0.925133
-0.609869
-0.767227
-0.94822
-0.843569
-0.771349
-0.887341
-0.518109
-0.998958
-0.908314
-0.981261
-0.94019
-0.953068
-0.939169
-0.966839
-0.859912
-0.956363
-0.995825
-0.926263
-0.80605
-0.914276
-0.997561
-0.934869
-0.949181
-0.940056
-0.969334
-0.99661
-0.969754
-0.960118
-0.961652
-0.999997
-0.805556
-0.868145
-0.994464
-0.983271
-0.98164
-0.716653
-0.959668
-0.866808
-0.977513
-0.955095
-0.971829
-0.991662
-0.731185
-0.994168
-0.968056
-0.98539
-0.826062
-0.987843
-0.89029
-0.99589
-0.955232
-0.722388
-0.999228
-0.693657
-0.999416
-0.967522
-0.979261
-0.880414
-0.993553
-0.479461
-0.431319
-0.982545
-0.952975
-0.925838
-0.973585
-0.946068
-0.996236
-0.866001
-0.960812
-0.95424
-0.977606
-0.987227
-0.978885
-0.991483
-0.946995
-0.910576
-0.978127
-0.985079
-0.865436
-0.761865
-0.950337
-0.791151
-0.983834
-0.999419
-0.958341
-0.786728
-0.994398
-0.893296
-0.963482
-0.927487
-0.976471
-0.937127
-0.987305
-0.983168
-0.999642
-0.971743
-0.669091
-0.871094
-0.981098
-0.999794
-0.952319
-0.341477
-0.994012
0.564578
-0.99689
-0.981129
-0.992845
-0.939419
-0.980833
-0.986549
-0.993891
-0.976304
-0.555005
-0.655068
-0.901538
-0.937654
-0.920423
-0.784727
-0.808695
-0.897995
-0.620958
-0.906923
-0.956434
-0.874134
-0.975414
-0.991051
-0.816469
-0.915796
-0.936618
-0.96137
-0.993309
-0.97713
0.534488
-0.997409
-0.836788
-0.999381
-0.936836
-0.976292
-0.957418
-0.974931
-0.998562
-0.674907
-0.967048
-0.693599
-0.579373
-0.986651
-0.971277
-0.906864
-0.0152603
-0.840289
-0.963783
-0.957752
-0.95888
-0.830537
-0.97144
-0.876392
0.319124
-0.159869
-0.846662
-0.987318
-0.984455
-0.974004
-0.944481
-0.482802
-0.84593
-0.84276
-0.950248
-0.990801
-0.99362
-0.982667
-0.815067
-0.854679
-0.973548
-0.995256
-0.724102
-0.995933
-0.997716
-0.817081
-0.0868665
-0.978267
-0.984085
-0.930049
-0.990173
-0.897931
-0.922232
-0.946958
-0.981279
-0.84957
0.951394
-0.974577
-0.957831
-0.994111
-0.951119
-0.913564
-0.946636
-0.808414
-0.97883
-0.998096
-0.94741
-0.936078
-0.990199
-0.982811
-0.985151
-0.687507
-0.154436
-0.998852
-0.971374
-0.976143
-0.9655
-0.83826
-0.942158
-0.992497
-0.988197
-0.736568
-0.966884
-0.608787
-0.956241
-0.992289
-0.800374
-0.997067
-0.901223
-0.995654
-0.988158
-0.912666
-0.982756
-0.90203
-0.967308
-0.990883
-0.997913
-0.955338
-0.952778
-0.870295
-0.965345
-0.944208
-0.745194
-0.913456
-0.852526
-0.955546
-0.932898
-0.997377
-0.990686
-0.940585
-0.847021
-0.852324
-0.320146
-0.9923
-0.99303
-0.995147
-0.981244
-0.989984
-0.921092
-0.893138
-0.99047
-0.963747
-0.976968
-0.528156
-0.878284
-0.894711
-0.781007
-0.998126
-0.905797
-0.99011
-0.992367
-0.994499
-0.989529
-0.99129
-0.99215
-0.871341
-0.988132
-0.947374
-0.983664
-0.975409
-0.980396
-0.888364
-0.94483
-0.969063
-0.964349
-0.99787
-0.990442
-0.981867
-0.891433
-0.987867
-0.959054
-0.998308
-0.891893
-0.937335
-0.981486
-0.96089
-0.956213
-0.869059
-0.84008
-0.999778
-0.914681
-0.862999
-0.97304
-0.985526
-0.991351
-0.979051
-0.990855
-0.994851
-0.958117
0.44359
-0.910794
-0.992282
-0.998228
-0.984165
-0.946798
-0.980537
-0.932925
-0.803956
-0.975084
-0.784913
-0.890039
-0.971682
-0.733322
-0.98926
-0.945678
-0.7824
-0.946821
-0.773034
-0.980393
-0.997172
-0.955389
-0.993843
-0.989531
-0.940963
-0.913993
-0.988412
-0.917722
-0.937588
-0.96834
-0.993996
-0.859501
-0.932493
-0.882337
-0.970765
-0.927225
-0.9983
-0.98568
-0.91117
-0.972215
-0.991422
-0.994153
-0.956485
-0.933163
-0.98776
-0.536529
-0.915496
-0.940757
-0.953874
-0.996716
-0.996251
-0.975508
-0.762461
-0.741898
-0.99545
-0.99006
-0.980978
-0.843338
0.224169
-0.97773
-0.960456
-0.998152
-0.0509168
-0.949704
-0.995957
-0.92957
-0.0116823
-0.950148
-0.993152
-0.906041
-0.971392
-0.332799
-0.98773
-0.948603
-0.838051
-0.891766
-0.666578
-0.951633
-0.978936
-0.754062
-0.83832
-0.966376
-0.98382
-0.979292
-0.550505
-0.991088
-0.986384
-0.814087
-0.991549
-0.972699
-0.986337
-0.981954
-0.99841
-0.99795
-0.951125
-0.945715
-0.969959
-0.980037
-0.0939228
-0.906197
-0.999079
-0.950215
-0.976586
-0.989894
-0.986133
-0.61831
-0.855059
-0.97464
-0.998286
-0.839337
-0.730076
-0.894645
-0.977531
-0.945125
-0.946148
-0.943117
-0.99604
-0.918445
-0.992131
-0.829848
-0.913376
-0.996973
-0.952052
-0.163989
-0.991159
-0.971382
-0.89504
0.777784
-0.86896
-0.979692
-0.846115
-0.964114
-0.759333
-0.750776
0.763952
-0.970047
-0.456182
0.921609
-0.949322
-0.980312
-0.5885
-0.937898
-0.983034
-0.970156
-0.950029
-0.953717
-0.99802
-0.779986
-0.997563
-0.820603
-0.940379
-0.976336
-0.791623
-0.571051
-0.950105
-0.947527
-0.991954
-0.644741
-0.944137
-0.990054
-0.549977
-0.952675
-0.399362
-0.978296
-0.900195
-0.874446
-0.931342
-0.994178
-0.993433
-0.739156
-0.92865
-0.993385
-0.996987
-0.981826
-0.990452
-0.530202
-0.894453
-0.995402
-0.81718
-0.711855
-0.767769
-0.982572
-0.999817
-0.984981
-0.935987
-0.00029189
-0.85386
-0.886305
-0.408247
-0.969518
-0.966138
-0.885231
-0.966671
-0.977321
-0.997534
-0.437059
-0.373419
-0.897025
-0.637536
-0.986049
-0.825465
-0.8251
-0.914675
-0.974027
-0.934377
-0.780167
-0.938934
-0.995711
-0.981355
-0.984019
-0.965683
-0.994586
-0.981575
-0.979278
-0.995723
-0.964803
-0.960911
0.466901
-0.991761
-0.968593
-0.989885
-0.960065
-0.943993
-0.951215
-0.864865
-0.879489
-0.935871
-0.963026
-0.986629
-0.96538
-0.965667
-0.401184
-0.955364
-0.995297
-0.976242
-0.921583
-0.848858
-0.959905
-0.967171
-0.938157
-0.936022
-0.995215
-0.840912
-0.96483
-0.979982
-0.926778
-0.984528
-0.991292
-0.938747
-0.859505
-0.795542
-0.832663
-0.803508
-0.804115
-0.874198
-0.866188
-0.919468
-0.928179
-0.966157
-0.0632027
-0.998812
-0.328742
-0.998789
-0.886506
-0.93491
-0.954314
-0.929447
-0.973727
-0.488196
-0.785533
-0.948144
-0.96668
-0.644852
-0.985359
-0.910281
-0.894557
-0.974481
-0.94778
-0.989312
-0.98344
-0.937027
-0.91529
-0.81999
-0.852709
-0.79091
-0.940063
-0.901685
-0.996414
-0.922155
-0.97408
-0.987105
-0.969883
-0.964526
-0.917448
-0.946799
-0.992656
-0.990123
-0.970443
-0.845511
-0.991297
0.377015
-0.925988
-0.999855
-0.967705
-0.974148
-0.997688
-0.759738
-0.949392
-0.986502
-0.855779
-0.970904
-0.667758
-0.820434
-0.971829
-0.907676
-0.633087
-0.954471
-0.626645
-0.989569
-0.972339
-0.917926
-0.966077
-0.382228
-0.712557
-0.9922
-0.982237
-0.95641
-0.963778
-0.959961
-0.826614
-0.929989
-0.947843
-0.980152
-0.96571
-0.974042
-0.997181
-0.95416
-0.967681
-0.948814
-0.992004
-0.564391
-0.96548
-0.93402
0.51471
-0.991308
-0.9782
-0.811482
-0.856775
-0.992575
-0.993445
-0.99787
-0.979433
-0.92023
-0.911373
-0.687538
-0.977788
-0.991053
-0.945344
-0.869355
-0.63995
-0.810001
-0.82346
-0.976807
-0.935114
-0.94931
-0.763585
-0.932251
-0.987588
-0.983709
-0.945518
-0.989309
-0.996579
-0.993011
-0.985256
-0.920509
-0.987373
-0.99665
-0.815379
-0.997186
-0.150307
-0.928842
-0.84774
0.593403
-0.964464
-0.619114
-0.757673
-0.974881
-0.957273
-0.960943
-0.931949
-0.894629
-0.994186
-0.413004
-0.987928
-0.989805
-0.997887
-0.982642
-0.944053
-0.990343
-0.776543
-0.904993
-0.904996
-0.937523
-0.98777
-0.993418
-0.960474
-0.970484
-0.965351
-0.998217
-0.726568
-0.90354
-0.907583
-0.987093
-0.982739
-0.909169
-0.904142
-0.970114
-0.838711
-0.983019
-0.993596
-0.998827
-0.85221
-0.829365
-0.714388
-0.994091
-0.268725
-0.959772
-0.723779
-0.973692
-0.452036
-0.863783
-0.868468
0.276633
-0.976549
-0.9985
-0.990343
-0.896444
-0.861538
-0.564148
-0.990855
-0.997318
-0.949469
-0.965864
-0.994025
-0.999026
-0.99629
-0.998249
-0.880474
-0.984216
-0.975377
-0.960277
-0.864196
-0.909411
-0.993594
-0.943617
-0.91952
-0.952969
-0.999626
-0.58964
-0.997592
-0.994791
-0.995548
-0.497524
-0.997004
-0.981409
-0.872479
-0.898161
-0.90006
-0.968464
-0.965215
-0.992754
-0.578903
-0.999807
-0.775632
-0.963353
-0.952477
-0.970107
-0.973844
-0.995541
-0.963308
-0.873556
-0.11477
-0.978701
-0.97831
-0.898227
-0.910392
-0.920188
-0.950833
-0.958829
-0.997416
-0.924008
-0.995149
-0.998686
-0.994125
-0.712054
-0.925682
-0.988952
-0.998925
-0.796385
-0.774085
-0.995474
-0.992323
-0.979802
-0.957485
-0.392575
-0.974726
-0.99299
-0.892368
-0.872204
-0.977159
-0.871247
-0.984351
-0.952045
-0.890944
-0.896857
-0.969852
-0.994251
-0.969867
-0.993694
-0.918975
-0.947129
-0.88779
-0.911272
-0.902793
-0.980293
-0.939012
-0.995953
-0.994473
-0.910121
-0.452774
-0.982908
-0.975564
-0.999962
-0.966545
-0.973483
-0.952784
-0.961266
-0.742032
-0.33894
-0.814909
-0.867408
-0.94348
-0.804376
-0.242791
-0.335448
-0.995761
-0.972884
-0.9375
0.600917
-0.911112
0.747439
-0.983687
-0.993068
-0.750759
-0.781081
-0.100894
-0.920278
-0.994207
-0.94419
-0.846149
-0.162958
-0.894913
-0.96937
-0.93083
-0.989999
-0.955351
-0.968792
-0.981807
-0.997049
-0.99914
-0.991755
-0.881276
-0.696773
-0.903235
-0.97276
-0.937718
-0.999014
-0.709324
-0.793575
-0.796802
-0.985226
-0.725249
-0.820149
-0.969554
-0.994803
-0.986751
-0.97868
-0.997737
-0.931046
-0.891963
-0.986223
-0.991016
-0.992204
-0.963521
-0.976097
-0.953101
-0.970402
-0.940937
-0.983912
-0.998935
-0.388585
-0.942842
-0.996626
-0.96694
-0.996208
-0.536798
-0.877648
-0.515972
-0.99766
-0.908164
-0.993337
-0.91229
-0.968814
-0.990932
-0.802038
-0.939377
-0.999025
-0.979959
-0.960345
-0.764499
-0.805058
-0.780397
-0.974002
-0.968646
-0.866347
-0.853827
-0.944004
-0.994354
-0.996869
-0.935266
-0.970243
-0.990203
-0.985001
-0.939806
-0.918485
-0.940529
-0.976402
-0.988555
-0.999005
-0.970675
-0.888789
-0.996012
-0.993036
-0.695672
-0.931681
-0.967588
-0.883571
-0.255887
-0.899951
-0.773426
-0.963597
-0.540953
-0.83292
-0.137139
-0.735853
-0.997448
-0.3622
-0.990394
0.0716726
-0.957294
-0.996674
-0.998869
-0.998086
-0.976309
-0.84958
-0.213982
-0.348891
-0.852119
-0.942248
-0.606693
-0.180559
-0.853712
-0.996393
-0.882363
-0.978473
-0.967804
-0.997204
-0.974539
-0.970357
-0.813542
-0.955758
-0.943098
-0.854065
-0.914604
-0.920643
-0.951021
-0.919161
-0.983973
-0.972075
-0.161968
-0.839094
-0.970071
-0.89154
-0.973632
-0.995011
-0.94777
-0.946352
-0.902849
-0.779204
-0.967758
-0.996277
-0.784356
-0.82068
-0.954761
-0.78552
-0.955694
-0.928527
-0.893845
-0.844485
-0.991878
-0.964582
-0.908525
-0.838308
-0.861708
-0.919096
-0.379353
-0.975244
-0.970791
-0.992399
-0.998192
-0.996475
-0.873215
-0.984103
-0.995815
-0.998285
-0.996952
-0.691327
-0.950818
-0.920028
-0.855334
-0.986151
-0.656227
-0.481841
-0.817832
-0.971229
-0.961402
-0.938544
-0.955964
-0.973252
-0.992181
-0.733007
-0.810964
-0.889273
-0.963142
-0.978068
-0.998056
-0.998897
-0.977291
-0.997085
-0.98063
-0.657857
-0.981541
-0.997735
-0.841893
-0.947327
-0.985948
-0.990873
-0.985684
-0.492857
-0.984847
-0.9559
-0.894286
-0.915099
-0.781026
-0.959255
-0.95937
0.0311569
-0.549188
-0.930996
-0.810552
-0.957949
-0.90342
-0.952891
-0.99281
-0.992739
-0.988781
-0.985554
-0.916153
-0.910512
-0.741567
-0.997791
-0.949247
-0.786878
-0.999022
-0.99503
-0.999548
-0.973571
-0.933555
-0.956524
-0.938399
-0.958885
-0.98169
0.0932614
-0.936857
-0.666445
-0.992787
-0.98517
-0.816813
-0.985432
-0.887351
-0.999944
-0.987363
-0.973605
-0.972802
-0.982242
-0.99618
-0.998402
-0.99512
-0.898858
-0.942176
-0.920717
-0.998853
-0.956018
-0.989041
-0.702432
-0.998626
-0.99731
-0.962086
-0.525992
-0.892185
-0.911739
-0.888802
-0.977301
-0.989927
-0.989869
-0.95387
-0.976019
0.0493374
-0.960494
-0.780388
-0.700817
-0.922828
-0.895223
-0.87217
-0.487854
-0.903543
-0.993498
-0.864301
-0.985576
-0.997722
-0.999343
-0.970376
-0.650129
-0.970563
-0.986089
-0.898803
-0.956906
-0.973478
-0.991705
-0.987303
0.642689
-0.292927
-0.669327
-0.966018
-0.44435
-0.965308
-0.195004
-0.976645
-0.996546
-0.872649
-0.910476
-0.477973
-0.926096
-0.970497
-0.993571
-0.974722
-0.590777
-0.947891
-0.998198
-0.86181
-0.998671
-0.924977
-0.920296
-0.947624
-0.815611
-0.96722
-0.889257
-0.993089
-0.992049
-0.914379
-0.99821
-0.997308
-0.96776
-0.982039
-0.974163
-0.939198
-0.997782
-0.994134
-0.90495
-0.916185
-0.950561
-0.96147
-0.965211
-0.979802
-0.96662
-0.960221
-0.973427
-0.959823
-0.954391
-0.998616
-0.986849
-0.997216
-0.992671
-0.972073
-0.883795
-0.843601
-0.983141
-0.980039
-0.939372
-0.8433
-0.774903
-0.928764
-0.994224
-0.76672
-0.96324
-0.954432
-0.997981
-0.907594
-0.949909
-0.956411
-0.997202
-0.995392
-0.972706
0.687635
-0.951899
-0.993626
-0.923347
-0.81925
-0.656517
-0.954712
-0.997228
-0.99373
-0.996866
-0.993887
-0.99213
-0.994458
-0.951123
-0.922784
-0.977171
-0.946095
-0.869415
-0.988721
-0.996901
-0.970861
-0.962773
-0.983053
-0.85388
-0.970721
-0.990723
-0.932609
-0.960213
-0.936556
-0.972827
-0.948161
-0.98018
-0.993598
