-75.6169
-234.355
-285.349
-233.899
-222.889
-218.007
-103.055
-74.7693
-60.0548
-13.4213
1.43709
26.8707
28.349
54.5143
171.684
178.127
180.991
230.688
325.691
326.97
21.4179
48.5025
-117.289
-80.6864
-177.106
-153.266
-65.4024
-50.9694
-46.611
3.91699
45.7303
134.497
161.235
172.4
229.1
241.777
258.641
311.577
315.847
347.426
301.535
5.79244
41.7192
77.8893
85.2021
89.4234
93.7705
104.464
126.088
168.072
202.96
206.273
217.003
287.436
307.531
-251.108
-100.884
-113.125
-117.855
-131.208
-87.631
-73.5079
-53.9014
-42.589
4.45915
9.85332
28.2003
30.5473
106.035
116.761
148.802
154.473
170.853
238.876
280.389
283.233
288.867
334.899
