0.502107 
-0.593851 
0.657421 
0.513774 
-0.00819881 
0.461683 
0.605427 
0.733982 
-0.00252471 
0.589475 
0.672067 
0.649297 
0.217789 
0.418237 
0.509885 
0.297072 
0.547899 
0.291018 
0.389435 
0.281101 
0.924249 
0.533053 
-0.395032 
0.594569 
-0.977904 
0.828999 
-0.0393097 
-0.0544432 
0.723416 
0.549804 
0.965762 
0.142587 
0.340018 
0.528583 
0.335343 
0.261592 
0.606286 
0.0657712 
0.619282 
0.605472 
0.864842 
0.178362 
0.216289 
0.364636 
0.217062 
0.342302 
0.635787 
0.40688 
0.495894 
0.359547 
0.919034 
0.365054 
0.320446 
0.925166 
0.651096 
0.561532 
-0.67306 
0.315653 
0.0701845 
0.856834 
0.628875 
0.105993 
0.515195 
0.4065 
0.146113 
0.224127 
0.43077 
0.352056 
0.40022 
0.65921 
0.442299 
0.529801 
0.494104 
0.0137821 
0.0643812 
0.812269 
0.528282 
0.42977 
