0.266609
0.133772
0.105092
0.133271
0.119309
0.419349
0.125158
0.85429
0.163929
0.178349
0.731998
0.460355
0.116686
0.530257
0.366719
0.224379
0.294107
0.226157
0.237281
0.118586
2.95962
0.452658
0.100472
0.304024
0.154254
0.166737
0.22635
0.485464
0.238306
0.119297
0.101563
0.114571
0.186701
0.45234
0.133147
0.152835
0.468289
0.111217
0.331863
0.577988
2.9913
0.165895
0.194305
0.102923
0.151543
0.413268
0.869973
0.244387
0.25717
0.125463
5.29831
0.105672
0.158228
3.83547
0.404322
0.357929
0.203305
0.114662
0.43219
0.101679
0.211326
0.150592
0.177837
0.111159
0.143169
0.114033
0.108488
0.212817
0.159735
0.748965
0.36261
0.274898
0.41741
0.134494
0.166326
2.6366
0.103436
0.129339
