-0.461405 
0.37793 
0.408193 
0.634309 
0.798584 
-0.661738 
-0.662608 
-0.464805 
-0.914604 
0.393433 
0.386707 
0.287051 
0.909573 
0.706651 
0.453836 
0.693665 
0.643809 
0.283474 
0.480154 
0.401525 
0.522284 
0.5165 
0.605179 
0.860269 
0.317092 
0.670694 
0.736332 
0.537546 
0.565102 
0.472176 
0.47294 
0.150975 
0.895025 
-0.798498 
0.201902 
-0.649676 
0.701103 
0.298719 
0.744215 
-0.621432 
0.979364 
-0.800657 
0.764256 
0.105319 
0.809392 
0.377414 
0.551875 
-0.0688672 
0.647042 
0.246532 
0.834454 
0.821859 
0.554081 
0.391608 
0.822419 
0.615362 
0.493999 
0.537881 
0.92254 
0.667803 
0.394115 
0.670337 
0.531676 
0.250039 
0.727367 
0.42094 
0.950827 
0.287788 
0.307578 
0.395789 
0.477802 
0.760462 
0.74933 
0.525044 
0.354978 
0.455588 
0.929537 
0.978022 
0.817802 
0.355874 
0.13037 
0.47753 
0.168547 
0.385548 
0.449788 
0.535498 
0.480341 
0.297866 
0.338136 
0.613175 
0.345938 
0.656591 
0.342041 
0.377216 
0.430264 
0.371724 
0.645197 
0.435857 
0.485562 
0.316885 
0.601786 
0.835108 
0.216999 
0.366853 
0.912084 
0.896286 
-0.26862 
-0.112966 
0.156494 
0.221215 
0.299628 
0.757067 
0.0411218 
0.930455 
0.718206 
0.405369 
0.592866 
0.373478 
0.341298 
0.4927 
0.193346 
0.474161 
0.566478 
0.379124 
0.354776 
0.501048 
0.287945 
0.919344 
0.346888 
0.25588 
0.288332 
0.282075 
0.954152 
0.859422 
0.307363 
0.205418 
0.141365 
-0.164178 
0.421708 
0.727559 
0.935038 
-0.395979 
0.0332662 
0.151819 
0.404994 
0.587651 
0.373885 
0.716059 
0.334247 
0.21611 
0.401111 
0.445776 
0.325266 
0.440162 
0.662301 
0.298183 
0.560336 
0.626393 
0.314415 
0.0998804 
0.230694 
0.548706 
0.675535 
0.590612 
0.715836 
0.63522 
0.418844 
0.428518 
0.323658 
0.250518 
0.667634 
0.741139 
0.943933 
0.339969 
0.954004 
0.0256872 
0.916551 
0.696615 
0.324757 
0.529327 
0.439437 
0.243778 
0.740944 
0.724274 
0.522722 
0.235987 
0.632281 
0.170561 
0.415943 
0.545775 
0.529722 
0.122877 
0.420443 
0.496463 
0.458527 
0.0108992 
0.453244 
0.655593 
0.211598 
0.513946 
0.771175 
0.237696 
0.462651 
0.387837 
0.395751 
0.403822 
0.239317 
0.293998 
0.442001 
0.671264 
0.443197 
0.266825 
0.461528 
0.318905 
0.265934 
0.353101 
-0.301947 
0.641225 
-0.666745 
0.832984 
0.154238 
0.36629 
0.629507 
0.452287 
0.632746 
0.535207 
0.288755 
0.831061 
0.703442 
0.735869 
0.120766 
0.53764 
0.128579 
0.421594 
0.778755 
0.71564 
0.603599 
0.865062 
-0.355289 
0.848449 
0.992755 
-0.226423 
0.612254 
0.215955 
0.619725 
0.0960003 
0.606677 
0.691867 
0.778144 
0.485704 
0.475335 
0.451874 
0.469875 
0.368869 
0.454609 
0.765725 
0.236168 
0.4193 
0.175002 
0.436646 
0.470148 
0.641933 
0.732717 
-0.340023 
0.0537998 
0.274483 
0.381729 
0.0256428 
0.480788 
0.435956 
0.563793 
0.514312 
0.43144 
0.553896 
0.24082 
0.724007 
0.384379 
0.420933 
0.715661 
0.950508 
0.296615 
0.296335 
0.391761 
0.283023 
0.384418 
0.432647 
0.365386 
0.99611 
0.0225337 
-0.30615 
0.332531 
0.490386 
0.90778 
-0.13122 
0.719293 
0.407453 
0.582229 
0.531951 
0.453683 
0.293851 
0.230455 
0.524279 
0.332811 
0.35673 
0.297396 
0.53986 
0.338758 
0.877582 
0.393205 
0.371002 
0.316003 
0.868413 
0.530315 
0.613539 
-0.0229763 
-0.361351 
0.463052 
0.770693 
0.470535 
0.726411 
0.188621 
0.231752 
0.112703 
0.302238 
0.407711 
0.458602 
0.485232 
0.338185 
0.522481 
0.373738 
0.667397 
-0.0731813 
-0.159226 
0.527183 
0.818766 
0.253976 
0.654482 
-0.415406 
0.738794 
0.0119968 
0.482272 
0.505265 
0.685112 
0.451593 
0.671701 
0.44373 
0.536029 
0.406734 
0.620689 
0.335831 
0.617959 
0.933634 
0.726857 
-0.873848 
0.901682 
0.720364 
-0.854874 
-0.652735 
0.62634 
0.775461 
0.289972 
0.0100795 
0.265455 
0.577639 
0.312466 
0.658887 
0.296079 
0.36795 
0.439524 
0.332166 
0.433708 
0.296937 
0.507864 
0.856653 
0.488714 
0.597301 
0.497916 
0.569159 
0.625068 
-0.31119 
0.804334 
0.166391 
0.107084 
0.154975 
-0.485621 
0.104555 
0.532261 
0.220746 
0.661395 
0.570233 
0.705072 
0.171115 
0.412949 
0.698345 
0.441374 
0.286471 
0.506816 
0.323792 
0.345714 
0.320814 
0.829757 
0.840369 
0.471656 
0.86324 
0.953796 
0.285375 
0.396252 
0.0849255 
0.756223 
0.566748 
0.663187 
0.58259 
0.59442 
0.317072 
0.492095 
0.317816 
0.357303 
0.316276 
0.43568 
0.29053 
0.349637 
0.995301 
0.479339 
0.41576 
0.481604 
0.818397 
0.254438 
0.178543 
0.386937 
0.739978 
0.68155 
-0.0656918 
0.558373 
0.133338 
-0.241184 
0.226492 
-0.00724317 
0.0942657 
0.554165 
0.255633 
0.327278 
0.287817 
0.52152 
0.718996 
-0.610664 
0.0262485 
0.480425 
0.112332 
0.515733 
0.662052 
0.582189 
0.314146 
0.503207 
0.476201 
0.256237 
0.306634 
0.348743 
0.26675 
0.514747 
0.99714 
0.478378 
0.336311 
0.227562 
0.504163 
0.388308 
0.978942 
0.844755 
0.762928 
0.964056 
0.849981 
0.197321 
0.504083 
0.558018 
0.65908 
0.0405833 
0.55708 
0.420248 
0.0549407 
0.906428 
0.666035 
0.343515 
0.321216 
0.365604 
0.654923 
0.538886 
0.321697 
0.691215 
-0.278814 
0.341671 
0.705139 
0.747051 
0.126507 
0.373246 
0.907493 
0.458589 
0.833291 
0.784951 
0.667469 
0.480983 
0.46723 
0.704362 
0.972892 
0.386374 
0.433131 
0.652144 
0.977761 
-0.563276 
0.620741 
-0.776301 
-0.133799 
-0.489522 
-0.532582 
-0.160823 
-0.659119 
0.342943 
0.306217 
0.214274 
0.681698 
0.410733 
0.0870462 
0.396691 
0.210534 
0.209796 
0.51804 
0.404966 
0.481151 
0.487814 
0.357562 
0.600413 
0.314867 
0.391436 
0.410723 
0.720295 
0.675606 
0.913236 
-0.416312 
-0.152826 
0.404546 
-0.122039 
0.731313 
0.692384 
0.127035 
0.243829 
0.301086 
0.211282 
0.273655 
0.88033 
-0.167093 
-0.839153 
0.86028 
0.713124 
0.138258 
0.746289 
0.650849 
0.335672 
0.158609 
0.396999 
0.57726 
0.360737 
0.505204 
0.561895 
0.479241 
0.408012 
0.359631 
0.538751 
0.555617 
0.248073 
0.416183 
0.454011 
0.443082 
0.434006 
-0.859851 
-0.407992 
-0.917201 
0.208602 
0.620255 
0.0623862 
0.235934 
0.374105 
0.32086 
0.36182 
0.654835 
0.612909 
0.52973 
0.802826 
0.335525 
0.475005 
0.309694 
0.341701 
0.981718 
0.385812 
-0.0993538 
-0.802281 
0.304516 
0.76906 
-0.248757 
-0.670584 
0.911059 
0.714337 
0.413443 
0.796871 
0.505753 
0.650167 
0.388015 
0.392737 
0.816348 
0.437942 
0.533911 
0.702741 
0.611092 
0.268535 
0.248818 
0.612897 
0.406712 
0.400926 
0.657915 
0.265172 
0.54577 
0.353967 
0.267057 
0.773211 
0.992285 
0.566392 
0.302266 
0.758351 
0.619642 
0.468935 
0.52056 
0.537953 
0.433375 
0.704825 
0.289188 
0.16511 
0.207381 
0.438521 
0.450958 
0.337945 
0.392947 
0.233369 
0.417131 
0.706534 
0.604145 
0.291544 
0.37734 
0.271916 
0.401526 
0.521309 
0.799551 
0.258291 
0.833352 
0.228066 
0.33122 
0.657791 
-0.0186133 
0.299536 
0.548067 
0.454496 
0.483703 
0.325726 
0.426464 
0.61331 
0.436897 
0.546846 
0.409359 
0.399407 
0.216961 
0.392126 
0.496786 
0.311749 
0.53146 
0.452787 
0.447157 
0.216868 
0.371335 
0.475613 
0.822946 
-0.0935065 
0.0826544 
0.574375 
0.636573 
0.478791 
0.827016 
0.175114 
0.66984 
0.435757 
0.884477 
0.518266 
0.435155 
0.332812 
0.287332 
0.686576 
0.568882 
0.270235 
-0.667149 
-0.416533 
0.81062 
0.983244 
0.63702 
0.398516 
0.410315 
0.311866 
0.470605 
0.473011 
0.483534 
0.399844 
0.253178 
0.749275 
0.344414 
0.522609 
0.603122 
0.214044 
0.215304 
0.38519 
0.759137 
0.485664 
0.497661 
0.415323 
0.692582 
0.748027 
0.902318 
0.662588 
0.995512 
0.505133 
-0.804605 
0.821404 
0.0945975 
-0.0653279 
0.442744 
0.072195 
0.603344 
-0.0168731 
0.672419 
0.844432 
0.253138 
0.163761 
0.689436 
0.799995 
0.613477 
0.890396 
0.150235 
0.78462 
0.545534 
0.754657 
0.576285 
0.480476 
0.521624 
0.203748 
0.206731 
0.937445 
0.310003 
0.47748 
0.263027 
0.924621 
0.929636 
0.416493 
0.637784 
-0.220334 
-0.352515 
-0.633925 
0.38785 
0.80462 
-0.995207 
0.930163 
0.117528 
0.64538 
0.0891243 
0.316567 
0.537086 
0.676427 
0.6118 
0.343839 
0.371821 
0.476641 
0.0454449 
0.958318 
0.508726 
0.322718 
0.523712 
0.125424 
0.182997 
0.687588 
0.624296 
0.303389 
-0.21738 
-0.00929897 
0.217502 
0.922253 
0.695282 
0.388336 
0.440083 
0.245145 
0.135483 
0.693205 
0.242942 
0.225615 
0.682054 
0.401525 
0.477627 
0.628264 
0.516044 
0.348306 
0.164636 
0.974404 
0.137588 
0.345793 
0.369028 
0.391326 
0.534648 
0.398186 
0.206932 
0.204481 
0.173086 
0.269931 
0.901601 
0.274773 
0.572614 
0.583263 
0.0314122 
0.779299 
0.588206 
0.341234 
0.409971 
0.248476 
0.67154 
0.232459 
0.621618 
0.691916 
0.36672 
0.675958 
0.953355 
0.621309 
-0.0365072 
0.846851 
0.543102 
0.118546 
0.61614 
0.0391629 
0.82047 
0.0906921 
0.577091 
0.354187 
0.627272 
0.431175 
0.177678 
0.658112 
0.652478 
0.782914 
-0.873976 
0.198392 
-0.0438116 
0.85594 
0.927449 
0.911913 
0.581789 
0.912086 
0.868712 
0.18238 
0.348832 
0.50038 
0.487559 
0.103716 
0.280044 
0.288246 
0.190562 
0.430338 
0.38983 
0.582396 
0.422078 
-0.777864 
-0.507143 
0.368045 
-0.0438867 
0.0665936 
0.377324 
-0.107376 
0.533846 
0.427034 
0.890435 
0.246839 
0.428597 
0.805685 
0.515774 
0.455565 
0.305985 
0.400388 
0.555794 
0.27671 
0.271948 
0.672325 
0.439315 
0.62631 
0.383964 
0.227298 
0.570745 
0.460016 
0.342729 
0.364881 
0.375633 
0.141618 
0.935456 
0.597325 
0.0673331 
0.736328 
0.628011 
0.211459 
0.266014 
0.55425 
0.472122 
0.384378 
0.469 
0.216326 
0.762082 
0.40029 
0.459826 
0.25176 
0.873429 
0.887641 
0.300226 
-0.19307 
0.67493 
0.27339 
0.57353 
0.345505 
0.606309 
0.290337 
0.418951 
0.559659 
0.517746 
0.551474 
0.376955 
0.903438 
0.231028 
0.200826 
0.925486 
0.935048 
0.479483 
0.275354 
0.502678 
0.682529 
0.652136 
0.462575 
0.456355 
0.419031 
0.343371 
0.232615 
0.493662 
0.59513 
0.196624 
0.31828 
0.237964 
0.518906 
0.302601 
0.452143 
0.399496 
0.613696 
0.227957 
0.508008 
0.365984 
0.389837 
0.86021 
0.689158 
0.731436 
-0.539543 
0.825067 
-0.949555 
0.510155 
0.377284 
0.167577 
0.370996 
0.377929 
0.5386 
0.713573 
0.440531 
0.537182 
0.389322 
0.420704 
0.364685 
0.39524 
0.475576 
0.631123 
0.382269 
0.865034 
0.568443 
0.861 
0.438842 
0.582866 
0.945989 
-0.318718 
-0.485394 
-0.586071 
-0.924866 
0.477054 
0.00506495 
0.161409 
0.593233 
0.556476 
0.320774 
0.426047 
0.493943 
0.582845 
0.383011 
0.973429 
0.679489 
0.920508 
0.665498 
0.403222 
-0.432651 
0.0374631 
0.751178 
-0.241419 
0.375706 
0.963956 
0.432003 
0.638709 
0.412271 
0.663444 
0.717424 
0.0735237 
0.309533 
0.309397 
0.160172 
0.747437 
0.819987 
0.616921 
0.680141 
0.505313 
0.479042 
0.430071 
0.1985 
0.457017 
0.805784 
0.718271 
0.57305 
-0.964158 
-0.819013 
0.643527 
0.239989 
-0.24604 
0.622329 
0.414568 
0.423331 
0.563335 
0.635176 
0.291586 
0.440576 
0.481026 
0.653972 
0.241567 
0.815295 
0.575637 
0.566502 
0.422355 
0.541771 
0.376971 
0.454062 
0.291224 
-0.631681 
-0.488602 
0.558105 
-0.248583 
0.351279 
0.526752 
0.44215 
0.0437008 
0.804865 
0.446775 
0.543303 
0.293862 
0.382882 
0.399208 
0.24406 
0.659509 
0.462391 
0.480726 
0.277598 
0.303809 
0.685431 
-0.600339 
0.0734421 
0.31099 
0.747499 
0.0207653 
0.532245 
0.362017 
0.425566 
0.597084 
0.319238 
0.266412 
0.110807 
0.766504 
0.98615 
0.680473 
0.437865 
0.59163 
0.483949 
0.361222 
0.492041 
0.382278 
0.418162 
0.349216 
0.824022 
0.263193 
0.825424 
0.0328458 
0.22074 
0.675806 
0.77222 
0.487194 
0.612923 
0.728162 
0.801962 
0.255017 
0.42923 
0.473022 
0.588563 
0.18593 
0.189682 
0.440027 
0.442576 
0.987273 
0.680044 
0.395937 
0.452528 
0.694766 
-0.522341 
-0.126198 
0.482567 
-0.166093 
0.128126 
0.802205 
0.181789 
0.370325 
0.233875 
0.378697 
0.497515 
0.568339 
0.535555 
0.994588 
-0.761538 
0.335351 
0.0578215 
0.98941 
0.313064 
0.167023 
0.55219 
0.449252 
0.669848 
0.682672 
0.667159 
0.777693 
0.381982 
0.224196 
0.588856 
0.59906 
0.387877 
0.535137 
0.994953 
-0.715072 
0.901772 
0.507469 
0.977941 
0.633059 
0.271435 
0.650935 
0.339847 
0.563594 
0.193813 
0.283457 
0.371175 
0.480084 
0.300246 
0.176708 
0.513549 
0.39248 
0.282079 
0.290261 
0.373628 
0.534728 
0.725135 
0.318067 
0.523244 
0.994837 
0.427842 
0.882437 
0.384713 
0.807548 
0.681487 
0.518324 
0.628366 
0.296679 
0.495513 
0.453501 
0.52157 
0.276429 
0.348782 
0.187239 
0.304199 
0.318192 
0.958043 
-0.628861 
-0.72862 
0.597973 
-0.807483 
-0.0546741 
0.275669 
0.590557 
0.435726 
0.272918 
0.685385 
0.562921 
0.73273 
0.377897 
0.662745 
0.31129 
0.687575 
0.189612 
0.654426 
0.635098 
0.743781 
0.665676 
0.745657 
0.41204 
0.306377 
0.976831 
-0.849202 
0.226983 
0.983356 
0.47853 
0.947399 
0.649493 
0.425695 
0.356835 
0.726599 
0.336436 
0.155962 
0.237518 
0.205591 
0.599778 
0.735456 
0.0884514 
0.331375 
0.753289 
-0.188359 
0.927368 
0.101908 
0.612616 
0.630459 
0.561668 
0.123285 
0.453281 
0.336762 
0.695092 
-0.8423 
-0.320445 
0.205994 
0.657788 
0.168356 
0.442152 
0.497002 
0.274309 
0.559603 
0.325621 
0.411394 
0.747587 
0.182485 
0.417037 
0.394552 
0.503677 
0.717961 
0.44955 
0.538736 
0.339153 
0.42739 
0.42834 
0.812656 
0.890514 
0.731713 
0.954445 
-0.577498 
0.360345 
0.486802 
0.413975 
0.434397 
0.235422 
0.264086 
0.235317 
0.281703 
0.94661 
0.204811 
0.461979 
0.723284 
0.414817 
0.375702 
0.668813 
0.198433 
0.939698 
0.402365 
-0.167866 
0.313463 
0.139646 
0.470996 
0.846323 
0.263012 
0.312309 
0.852751 
0.65308 
0.367173 
0.379901 
0.724994 
0.308964 
0.427597 
0.289572 
0.26375 
0.494932 
0.238829 
0.117022 
0.431397 
0.475923 
0.386652 
0.536479 
0.294981 
0.43824 
0.97287 
-0.348527 
-0.991021 
0.958475 
0.241099 
0.274733 
0.305158 
0.165828 
0.395945 
0.376001 
0.408104 
0.429528 
0.413964 
0.473103 
0.120804 
0.765249 
0.569588 
0.365342 
0.536799 
0.244115 
0.387636 
0.678828 
0.271611 
0.345339 
0.552041 
0.454712 
0.398772 
0.264573 
0.363109 
0.104198 
-0.963948 
0.492874 
0.472089 
-0.39312 
-0.156636 
0.28088 
0.374883 
0.478258 
0.534595 
0.574542 
0.599432 
0.610858 
0.193986 
0.283749 
0.420463 
0.470529 
0.289528 
0.636624 
0.220549 
0.550936 
0.312557 
-0.268784 
-0.682807 
0.294011 
0.566204 
0.439317 
0.317101 
0.704265 
0.504379 
0.656987 
0.57804 
0.48727 
0.571687 
0.672158 
0.173104 
0.521376 
0.372924 
0.532111 
0.973834 
-0.895881 
-0.651977 
0.573293 
0.306207 
0.16993 
0.793325 
0.691002 
0.84654 
0.070677 
0.408989 
0.567935 
0.681922 
0.125818 
0.704637 
0.288206 
0.397523 
0.452828 
0.562077 
0.515659 
0.424659 
0.839617 
0.43806 
0.48509 
0.814827 
0.508314 
0.201985 
-0.0239913 
0.952544 
0.00484351 
-0.042512 
-0.0794385 
0.993446 
-0.917271 
0.735608 
0.368945 
0.339751 
0.802001 
-0.244375 
0.722558 
0.218703 
0.880169 
0.536107 
0.0264762 
0.543991 
0.434484 
0.590307 
0.717584 
0.408918 
0.697217 
0.18664 
0.328191 
0.331044 
0.365663 
0.0867532 
-0.503668 
0.730125 
-0.153261 
0.746813 
-0.0245931 
-0.0143287 
0.293614 
0.420013 
0.635042 
0.643556 
0.251962 
0.384072 
0.32759 
0.755527 
0.834046 
0.233535 
0.440229 
0.498276 
0.313383 
0.378608 
0.617934 
0.487721 
0.257718 
0.995842 
0.79613 
0.638345 
0.238499 
0.231288 
0.327152 
0.269931 
0.462078 
0.391539 
0.337741 
0.49707 
0.970225 
-0.802243 
0.48455 
-0.895649 
0.903961 
0.741365 
0.676932 
0.817605 
0.704466 
0.51927 
0.225284 
0.697186 
0.348352 
0.642648 
0.546975 
0.47773 
0.531749 
0.382692 
0.371128 
0.422562 
0.321139 
0.20855 
0.370823 
0.355404 
0.63809 
-0.867816 
0.689622 
0.412614 
0.545951 
0.307129 
0.43668 
0.530959 
0.518656 
0.376821 
0.516646 
0.218865 
0.229852 
0.598395 
0.336236 
0.607571 
0.673971 
0.433587 
0.577878 
0.300521 
0.319601 
0.726941 
0.0477384 
0.0847688 
0.609933 
0.425758 
0.643842 
0.739779 
0.931402 
0.473392 
0.745872 
0.533191 
0.27195 
0.63043 
0.24406 
0.683865 
0.486427 
0.380772 
0.299921 
0.526999 
0.656174 
0.179362 
0.930985 
0.734372 
-0.415341 
0.919672 
-0.339584 
0.374085 
0.816255 
0.786365 
0.00691727 
0.499031 
0.219085 
0.565379 
0.250321 
0.335593 
0.982693 
0.941338 
0.342893 
0.427181 
0.397204 
0.205295 
0.286382 
0.78751 
0.379684 
0.251987 
0.644197 
0.452567 
0.727997 
0.635208 
0.334146 
0.363712 
0.418446 
0.362694 
0.579662 
0.566884 
-0.861351 
0.601026 
0.551304 
-0.0822584 
0.651096 
0.266199 
-0.722348 
0.811157 
-0.0247724 
0.355914 
0.555351 
0.437275 
0.517093 
0.754545 
0.445361 
0.557787 
0.616481 
0.197152 
0.290501 
-0.708148 
0.94897 
-0.0325534 
0.81207 
0.392193 
0.393359 
0.522424 
0.424348 
0.125352 
0.208346 
0.65831 
0.150604 
0.611989 
0.281125 
0.3742 
0.566845 
0.90866 
0.408793 
0.4807 
0.342855 
0.0872988 
0.244808 
0.281698 
0.392099 
0.892532 
0.701924 
0.1798 
0.114869 
0.631764 
0.74869 
0.47621 
0.628941 
0.616272 
0.326807 
0.964992 
0.583095 
0.360242 
0.375964 
0.586785 
0.734792 
0.958216 
0.620008 
0.316162 
0.475247 
0.448314 
0.651593 
0.296595 
0.0533832 
0.505675 
0.487042 
0.501599 
0.51327 
0.211055 
0.660311 
0.349368 
0.53221 
0.520113 
-0.652482 
-0.965366 
0.515347 
0.972924 
0.408438 
-0.119871 
0.144183 
0.572955 
0.706219 
0.284068 
0.00371965 
0.0516001 
0.524302 
0.443089 
0.878665 
0.274081 
0.350709 
0.648361 
0.510186 
0.413759 
0.344581 
0.377551 
0.491308 
0.201744 
0.253783 
-0.885539 
-0.0749296 
0.0432236 
0.838144 
0.113356 
0.395246 
0.394724 
0.314396 
0.371544 
0.610452 
0.312181 
0.528742 
0.236311 
0.997528 
0.431859 
-0.0580086 
0.549723 
0.49501 
0.636108 
0.303556 
0.433457 
0.310567 
0.951983 
-0.737121 
0.123924 
0.375811 
-0.826591 
-0.987869 
0.646647 
0.309745 
0.665547 
0.466131 
0.198197 
0.696575 
0.682761 
0.563885 
0.60176 
0.509293 
0.690896 
0.80453 
0.296915 
0.69782 
0.691229 
0.733308 
0.664758 
0.672082 
0.182881 
0.615627 
0.734098 
0.621865 
0.477938 
0.651553 
0.527246 
0.397634 
0.900014 
0.741802 
-0.169964 
-0.421122 
0.393242 
0.513354 
0.404733 
0.78133 
0.210027 
0.4914 
0.385797 
0.515504 
0.44047 
0.768385 
0.488122 
0.284021 
0.42707 
0.889079 
0.359408 
0.470546 
0.764107 
0.593219 
0.684279 
0.190742 
0.742033 
0.20801 
0.487748 
0.276334 
0.540254 
0.410329 
0.332969 
0.572059 
0.171514 
0.297216 
0.111345 
-0.327675 
0.642034 
0.746893 
0.711652 
0.299678 
0.527264 
0.455981 
0.474501 
0.392895 
0.391438 
0.482504 
0.664656 
0.394986 
0.517953 
0.274181 
0.738976 
-0.463086 
-0.994984 
-0.179522 
0.785044 
-0.180576 
0.896319 
-0.128789 
0.613672 
-0.0877686 
0.566088 
0.376857 
0.67015 
0.472671 
0.512693 
0.454883 
0.399339 
0.898268 
0.465821 
0.131387 
0.229633 
0.387165 
0.38902 
0.468705 
0.378172 
0.732939 
0.526135 
0.456154 
0.360222 
0.94793 
0.456288 
-0.605547 
0.522016 
0.455041 
0.640544 
0.163413 
0.381244 
0.371028 
0.0555994 
0.961626 
0.367749 
0.535366 
0.106906 
0.447209 
0.26242 
0.561009 
0.591561 
0.540296 
0.598785 
0.803919 
0.481108 
0.293227 
0.644563 
0.407222 
0.307001 
0.373509 
0.590835 
0.275162 
0.999704 
0.0422063 
0.55759 
0.582171 
0.3654 
0.463899 
-0.230038 
0.401405 
0.0909257 
0.166207 
0.233158 
0.25481 
0.648473 
0.520334 
0.0296655 
0.555141 
0.139095 
0.222784 
0.267077 
0.459362 
-0.839742 
-0.46477 
0.422197 
0.676939 
0.648279 
0.490199 
0.677127 
0.592813 
0.526974 
0.865816 
0.327282 
0.434824 
0.364984 
0.721697 
0.455175 
0.526653 
0.88891 
0.43472 
0.490942 
0.976667 
0.814112 
0.665915 
0.581263 
0.958519 
0.287535 
0.65075 
0.376077 
0.227328 
0.767092 
0.122149 
0.542905 
0.872871 
0.631444 
0.891113 
0.436302 
0.232405 
0.294557 
0.672086 
0.316311 
0.279245 
0.298124 
0.987373 
0.928589 
-0.460811 
0.546787 
0.549989 
0.293224 
0.561322 
0.540231 
0.389874 
0.337379 
0.340821 
0.266425 
0.390264 
0.354677 
0.365033 
0.563939 
0.384444 
0.351804 
0.379273 
0.573467 
0.817345 
0.324361 
0.994116 
0.252591 
0.773157 
0.530101 
0.208961 
0.245305 
0.605052 
0.56069 
0.368272 
0.529231 
0.519022 
0.701411 
0.202882 
0.202842 
0.619069 
0.439021 
-0.224485 
0.445429 
0.302991 
-0.377775 
0.136511 
0.363772 
0.719378 
0.423918 
0.199853 
0.267011 
0.53806 
0.705335 
0.342003 
0.144318 
0.0769531 
0.228048 
0.664922 
0.574702 
0.198283 
0.612688 
-0.0363968 
-0.141572 
0.504762 
0.666055 
0.966591 
0.163356 
0.192797 
0.642753 
0.814252 
-0.146043 
-0.491772 
-0.525153 
0.478622 
0.543994 
0.226384 
0.115064 
0.726521 
0.504036 
0.0372183 
0.113198 
0.305398 
0.523568 
0.557662 
0.878682 
0.699463 
0.552776 
0.463212 
0.577154 
0.510641 
0.525225 
0.456155 
0.389687 
0.457486 
0.993273 
0.715984 
0.559674 
0.190193 
0.690242 
0.206105 
0.158806 
0.567019 
0.731184 
0.200769 
0.5163 
0.680538 
0.749558 
0.02147 
0.986323 
-0.737876 
0.426362 
0.166471 
0.434282 
0.53172 
0.52311 
0.481331 
0.629218 
0.268679 
0.508592 
0.645538 
0.590863 
0.493134 
0.52278 
0.348372 
0.391956 
0.961589 
0.299996 
0.536705 
0.653568 
0.64536 
0.39253 
0.392185 
0.81695 
-0.235345 
0.328182 
0.298638 
0.539772 
0.409808 
0.202738 
0.327473 
0.543316 
0.455062 
0.679935 
0.427842 
0.55573 
0.886074 
0.577557 
0.383026 
0.290534 
0.863921 
0.743692 
0.564122 
0.572835 
0.577978 
0.464706 
0.742507 
0.845739 
0.29078 
0.504064 
-0.0856098 
0.927033 
0.321233 
0.892185 
0.37786 
0.468754 
0.286253 
0.279003 
0.36907 
0.500923 
0.356998 
0.578519 
0.284189 
0.112079 
0.307464 
0.742731 
0.259843 
0.494146 
0.386506 
0.892957 
0.205505 
0.734824 
-0.51436 
0.628891 
0.685148 
0.192889 
0.506183 
0.535666 
0.198499 
0.958714 
0.5165 
0.724625 
0.330792 
0.979021 
0.511344 
0.230885 
0.289838 
0.661988 
0.327272 
0.413649 
0.601436 
0.381469 
0.57119 
0.950766 
-0.0780618 
0.584825 
0.543026 
0.0935319 
0.286237 
0.759375 
0.607488 
0.214872 
0.396067 
0.496218 
0.420342 
0.557207 
0.533185 
0.344136 
0.60598 
0.586787 
0.820439 
0.511087 
0.857179 
0.280834 
0.673897 
0.268821 
0.376931 
0.66523 
0.234158 
0.916371 
0.422119 
0.297281 
0.625748 
0.0584397 
0.534066 
0.712192 
0.456609 
0.240875 
0.763416 
0.66447 
0.842971 
0.676475 
0.316841 
0.610293 
0.0936491 
0.349992 
0.296267 
0.0608694 
0.681625 
0.209365 
0.208155 
0.241881 
0.569018 
0.382371 
0.452409 
0.306592 
0.313852 
0.285766 
0.698924 
0.325192 
0.530875 
0.463501 
0.572523 
0.37034 
0.393208 
0.406032 
0.625343 
0.406413 
-0.140738 
-0.14066 
0.133673 
0.221951 
0.282143 
0.271113 
0.354533 
0.165125 
0.258556 
0.449053 
0.322325 
0.450465 
0.59795 
0.558969 
0.582666 
0.676728 
0.664886 
0.63716 
0.847853 
-0.297343 
0.927892 
0.43938 
0.190484 
0.445466 
0.207586 
0.174512 
0.613484 
0.995274 
0.905606 
0.454603 
0.61241 
0.564306 
0.449688 
0.248216 
0.286468 
0.83826 
0.936546 
0.822519 
-0.965216 
0.502269 
0.238359 
-0.0349028 
0.404542 
0.900527 
-0.870058 
0.864212 
-0.977285 
-0.486255 
0.976886 
0.0102143 
0.666779 
0.0470969 
0.37017 
0.19721 
0.770755 
0.175506 
0.627517 
0.368952 
0.416479 
0.380943 
0.408658 
0.583088 
0.192623 
0.564172 
0.481626 
0.541049 
0.160861 
0.346437 
0.442365 
0.565837 
0.854068 
0.123104 
0.454543 
0.389563 
0.591889 
0.331487 
0.916254 
-0.0399871 
0.307961 
0.172548 
0.468797 
0.580246 
0.277459 
0.582732 
0.40949 
0.362156 
0.42375 
0.635298 
0.394506 
0.378055 
0.299792 
0.599671 
0.372072 
0.335072 
-0.102391 
0.092052 
0.203132 
0.911445 
0.290758 
0.996833 
0.63302 
0.710468 
0.214841 
0.708418 
0.345779 
0.898537 
0.597621 
0.412749 
0.848511 
0.228698 
0.430555 
0.0613497 
0.746735 
0.626735 
0.489262 
0.442326 
0.63675 
0.284747 
0.518103 
0.411344 
0.0796862 
0.559592 
0.15453 
0.455719 
0.372175 
0.00955065 
0.422901 
0.363355 
0.816526 
0.162932 
0.368784 
0.221369 
0.521874 
0.41625 
0.965981 
0.424597 
0.422385 
0.392141 
-0.513353 
0.0758211 
0.0839787 
0.420625 
0.745657 
0.250634 
0.631508 
0.79948 
0.8545 
0.341897 
0.316278 
0.374687 
0.725037 
0.912347 
0.844254 
0.747943 
-0.819202 
0.29345 
0.253874 
