-102.081
104.745
-171.157
-259.663
-69.8173
-311.149
-249.766
-214.955
-233.654
-150.251
-111.39
-93.2378
-60.1474
-26.1153
-6.41998
4.31074
14.1807
42.1877
81.9173
97.9527
104.152
120.326
122.151
138.838
168.165
172.372
189.785
252.111
284.038
288.419
316.321
-153.582
-297.722
-328.821
-312.644
-309.184
-100.178
-198.164
127.069
-315.829
-227.013
-331.392
-298.963
-148.31
-105.277
-6.71908
66.643
73.304
79.1682
82.6964
84.0162
117
165.518
173.471
220.19
244.863
249.688
282.329
145.298
-275.86
-261.219
-205.982
-205.109
-190.2
-119.995
-85.9975
-20.2942
52.7557
54.0605
84.8402
118.404
131.374
166.329
218.981
318.52
325.615
37.5236
201.874
-210.773
-201.108
-177.303
-126.831
-121.987
-117.756
-79.1614
-55.2685
-48.4777
17.6833
18.3269
40.6004
54.7984
67.1669
80.6592
88.0179
97.9374
148.168
212.227
212.238
218.675
228.031
266.456
315.342
316.103
317.603
322.38
23.2263
10.6066
-334.053
-305.902
-279.963
-261.513
-220.007
-214.012
-189.184
-179.537
-76.6684
-21.903
-10.7233
-1.6572
1.14962
54.8871
79.8046
90.5187
91.0951
123.23
159.19
209.588
258.56
283.243
284.922
311.618
40.2755
46.2967
73.1997
146.757
195.669
209.392
227.123
294.609
-302.652
-302.067
-301.945
-275.104
-254.468
-177.213
-153.823
-127.559
-90.1637
-49.4843
-37.8252
61.3509
166.029
175.905
203.724
243.177
289.609
306.851
-256.586
-216.962
-206.515
-161.435
-158.492
-137.029
-132.792
-113.701
-19.5367
-16.8435
-14.8952
0.793716
5.14527
7.77332
224.671
150.041
197.612
-227.169
-125.562
-59.8142
-55.1729
-51.4502
-41.2716
-22.4834
-6.62875
10.2481
21.29
64.2166
104.574
108.979
154.48
199.86
235.671
280.58
298.065
309.908
318.53
265.002
-194.243
-296.733
-286.438
-233.808
-221.318
-179.853
-162.856
-149.801
-130.94
-64.9704
-32.1962
-16.007
114.289
162.453
165.993
183.527
186.541
213.439
224.749
267.347
271.347
-244.455
-229.294
-288.336
-283.712
-264.413
-184.724
-169.09
-140.273
-125.396
163.712
196.634
208.894
212.809
242.525
249.766
286.044
321.893
326.926
300.173
-15.7583
24.6316
189.527
-218.68
-274.6
-258.301
-139.598
-126.158
-96.2213
-206.381
-150.299
-146.662
-143.798
-103.82
-97.1575
-70.8955
-8.53385
40.9022
63.6472
76.925
76.9316
157.427
172.366
197.709
217.783
262.558
306.457
327.345
-235.728
-191.637
-187.674
-155.476
-134.797
-130.302
-123.135
-90.3449
-85.9074
-45.3916
-17.1777
-4.61204
-3.33711
23.7169
68.217
69.3269
106.967
121.427
146.072
235.692
253.594
261.134
274.965
318.621
264.586
206.598
-263.975
-267.823
-252.578
-271.191
-291.255
-281.359
-259.385
-224.105
-201.297
-165.728
-158.589
-34.8111
-33.9566
-28.3806
-18.8339
-16.0599
42.8351
110.961
145.203
167.38
182.711
220.56
174.09
-228.753
-183.725
-159.875
-158.253
-137.69
-130.799
-84.2679
-76.4088
-56.7609
-43.3052
81.2831
105.177
105.597
105.71
126.597
259.667
274.651
309.562
-327.764
-322.152
-320.794
-319.41
-302.243
-282.303
-258.692
-255.004
-183.535
-57.2588
-31.1573
78.2633
79.3223
82.9157
93.484
98.0965
113.2
152.651
243.392
277.62
252.073
-15.4225
-9.66426
-308.604
290.279
-135.859
-175.729
-181.665
-149.478
-139.814
-100.578
-97.3822
-70.8627
-43.7309
-17.153
-5.18503
1.91431
45.0568
92.969
131.189
136.149
169.16
177.892
196.05
209.257
220.814
254.098
268.795
273.728
-327.725
-292.876
-294.214
-310.992
-182.158
-152.274
-148.445
-118.565
-97.6268
-93.7988
-67.9738
-58.4356
33.9438
46.4795
170.642
191.462
222.914
233.318
299.501
305.352
306.851
226.468
277.745
-0.647873
45.9213
76.6932
-251.573
-46.8541
-321.116
-303.365
-291.862
-259.167
-195.892
-103.446
-1.68504
0.22638
9.4495
27.2628
39.3872
53.8146
58.2957
73.0659
242.657
304.249
313.691
321.303
-120.383
-121.81
-120.119
-84.3265
-80.817
-28.869
0.97558
2.20657
39.6897
69.4093
91.9708
92.0894
98.0567
136.421
227.432
250.21
287.835
299.048
-106.745
-307.924
5.43288
19.5335
-244.853
-203.203
-166.691
-120.175
-84.128
-59.1543
27.191
44.7503
66.6327
202.832
203.342
209.979
228.132
269.264
274.734
276.135
280.061
309.935
120.891
-72.8229
237.091
-115.225
-190.511
-280.791
-272.948
-261.702
-165.417
-145.939
-116.311
-77.7674
7.88761
13.4783
110.408
146.435
171.666
206.145
251.19
264.585
274.643
277.874
-251.256
-241.625
-235.266
-224.623
-215.958
-177.655
-125.597
-77.1616
-56.0483
19.602
90.912
92.7564
143.842
154.115
163.407
233.519
263.663
265.78
-26.3058
-305.232
-233.755
-236.899
-181.96
-221.433
-247.326
-254.226
-320.091
-244.849
-294.436
-279.161
-174.218
-139.268
-130.803
-130.391
-76.7436
-72.6075
-50.1151
10.977
64.3172
91.1355
123.822
128.507
128.574
234.409
306.148
321.92
131.959
-41.2225
-294.014
-295.963
-240.157
-178.408
-140.878
-48.5057
20.29
163.718
258.566
274.829
307.185
137.937
149.36
-283.506
-278.893
-241.132
-237.428
-183.787
-137.03
-90.1869
-80.3651
-65.3933
-22.8395
17.2795
41.5988
132.465
135.045
152.706
185.966
225.295
227.003
271.1
294.587
304.419
308.052
326.721
-177.671
-183.555
-185.229
-111.022
-99.3519
-98.1025
-72.9805
-47.1646
9.37868
21.9533
67.3048
80.0764
189.826
202.094
236.096
272.666
309.211
326.764
79.8078
-267.736
-315.931
-289.055
-265.913
-221.189
-261.103
-200.206
-268.786
-266.76
-225.893
-219.969
-161.646
-136.171
-132.917
-94.8466
-52.2394
-35.9867
48.2536
71.3344
164.679
188.36
191.372
195.697
200.085
227.517
234.593
238.22
305.202
-290.781
-276.568
-268.824
-268.013
-264.001
-226.849
-196.904
-187.596
-185.394
-162.905
-161.154
-156.213
-121.585
-87.342
-64.6375
-39.7453
-33.7287
-22.2402
-6.00226
-4.18217
22.2919
37.1147
119.355
157.272
194.559
243.526
249.32
277.685
309.916
323.235
330.281
267.187
-232.135
-223.179
-193.25
-157.84
-156.976
-151.794
-133.059
-112.033
-29.7563
-9.24407
37.8814
54.4856
116.222
128.723
140.845
162.543
165.48
179.492
186.062
196.861
203.815
224.808
296.356
311.932
319.332
157.636
158.618
-287.143
-259.572
-217.618
-142.977
-142.03
-140.261
-139.447
-95.1055
-93.9018
-74.5065
-15.0485
17.6742
122.686
252.109
293.148
38.2067
-149.383
-242.284
-255.878
-231.062
-206.661
-117.622
-87.6751
-85.5516
-48.5246
-31.6307
3.33421
21.1113
45.95
119.642
128.838
132.961
191.312
200.7
200.709
205.115
231.112
235.516
240.909
289.511
322.953
284.552
10.315
291.247
88.4893
-283.832
-322.785
-288.362
-269.409
-266.732
-264.917
-249.639
-212.857
5.49486
93.0987
96.3536
99.6047
-313.264
-102.97
-157.273
-157.006
-113.071
-107.258
-45.4834
-19.4887
43.2357
49.5762
90.4329
94.0876
121.832
214.144
215.711
254.753
281.214
326.214
247.86
78.3442
127.516
-144.713
-130.929
-134.596
-138.98
-152.741
-151.963
-194.16
47.0646
-247.365
-221.83
-217.684
-197.905
-180.843
-175.088
-39.3218
-39.3148
-17.9485
8.10435
33.9139
57.7338
81.1623
100.416
108.217
135.198
273.191
299.182
315.644
331.682
-303.1
-289.906
-277.611
-271.188
-253.008
-97.6709
-89.1221
-81.1878
-75.3003
-38.9378
-20.4252
-9.12672
-1.8795
12.375
72.0067
123.196
127.598
140.756
243.696
208.427
-285.533
-87.7266
-75.4688
-17.8906
28.4425
34.9672
141.412
143.435
224.787
233.125
279.543
301.228
318.891
-272.855
-259.644
-188.649
-124.481
-121.055
-116.702
-59.4881
71.7769
95.0223
257.148
258.18
295.227
330.547
-34.6243
-63.1449
-331.284
-132.143
-108.687
-90.0517
-25.1383
31.5145
45.8119
46.3403
95.2911
108.618
115.533
140.042
184.617
190.711
203.457
301.031
-332.972
102.77
-291.947
-279.594
-235.287
-181.334
-300.717
-250.999
-208.331
-189.832
-171.2
-169.554
-144.54
-131.429
-105.519
-30.9696
18.6911
43.2269
102.557
135.897
293.243
-265.968
-270.297
-270.658
-256.809
-230.449
-221.568
-170.663
-90.4423
-73.4971
-20.0817
-15.1528
52.298
54.5198
70.5375
82.289
90.5911
95.5014
128.094
187.979
192.996
209.757
218.093
236.498
334.613
-240.605
-138.422
-84.2564
-84.0212
-83.0976
-23.9753
21.8441
26.1495
27.961
46.7656
57.967
99.6059
112.147
135.454
151.642
163.776
164.657
174.491
198.842
225.872
232.092
246.974
254.968
313.489
309.704
-186.188
-173.858
-61.6565
-2.59672
27.8125
100.05
105.504
127.597
146.825
154.537
223.696
236.019
265.29
289.477
318.142
-318.191
-294.821
-272.589
-245.461
-240.999
-232.348
-223.959
-211.038
-207.502
-173.67
-172.61
-153.697
-137.658
-100.878
-22.7973
-1.00096
39.9229
41.304
55.8861
57.5302
153.869
187.701
280.566
294.315
325.631
326.596
328.079
227.068
111.965
154.463
-256.744
317.634
-230.232
-208.143
-204.883
-202.527
-163.471
-151.719
-85.7519
-82.3813
-79.7037
16.4163
20.2205
29.7962
121.712
121.783
168.834
181.99
190.573
205.957
215.582
238.127
288.642
295.704
75.4542
64.6068
-209.438
-247.662
-251.408
-259.588
-257.024
-206.855
-133.342
-102.404
-13.906
4.02699
68.2479
92.2855
128.824
158.363
214.61
220.191
281.788
334.504
-277.003
-282.851
-7.29397
-262.019
-207.546
-205.408
-191.785
-142.331
-104.389
-92.7341
-91.5056
-91.5007
-54.4558
42.3101
74.736
85.3446
113.506
124.678
170.219
256.095
282.203
299.577
301.431
332.416
187.503
262.301
95.029
-324.671
-268.554
-243.789
-240.617
-188.989
-176.51
-172.461
-114.5
-84.8078
-82.212
-1.68481
-1.34875
17.5094
19.0742
53.893
56.6911
68.9857
134.558
141.738
226.809
256.107
279.283
288.823
-235.846
-244.631
-244.124
-243.971
-182.717
-162.164
-124.181
-120.575
-99.6548
-44.8239
-39.7401
-9.42576
-7.82134
61.714
93.49
169.43
201.756
210.666
272.571
310.352
319.333
-321.043
-289.917
-264.691
-213.866
-205.286
-197.365
-193.364
-173.02
-148.03
-144.045
-139.894
-145.59
-109.776
-99.5569
-69.5097
-41.6979
36.5422
130.109
160.889
176.806
188.25
240.077
287.245
292.469
313.308
-268.974
-246.532
-178.473
-177.26
-149.357
-127.687
-88.8712
-50.0565
-46.0702
55.5252
99.035
109.021
115.853
154.438
159.665
169.778
230.219
247.185
-205.857
-282.015
-178.172
-9.37945
-2.36589
-196.323
15.0899
-263.634
-258.087
-168.344
-155.151
-115.893
-108.033
-90.8591
-3.80474
-0.828336
4.91878
163.862
-321.101
-306.34
-216.562
-164.94
-154.03
-128.579
-114.748
-77.3352
-20.7576
-8.69008
52.1352
69.0277
111.771
141.612
143.43
211.541
287.138
306.481
-149.139
-279.399
-15.5977
-263.102
-248.672
-228.561
-191.823
-172.595
-163.278
-149.783
-65.8431
9.73816
35.9535
42.7524
42.9941
68.2363
139.643
181.802
188.349
210.157
276.663
295.239
314.607
320.443
331.962
-208.011
-262.995
-232.729
-204.466
-188.698
-149.015
-102.84
-54.5176
-39.8657
22.3202
39.3661
64.7484
66.4408
116.13
150.58
195.886
331.061
224.903
223.565
-238.77
-247.779
-247.882
-232.699
-231.454
-220.276
-184.99
-167.965
-136.77
-66.2321
-13.1941
26.4824
45.0611
53.2351
95.957
175.461
195.048
211.196
219.041
240.279
250.278
314.462
321.359
54.0189
24.3252
-187.918
-162.286
-316.036
-165.026
-161.609
-142.77
-122.083
-103.114
-94.8392
-80.5059
-74.7592
-73.5971
-57.1475
-11.9576
-4.29297
6.96099
32.8101
41.8261
73.1597
139.068
171.166
180.227
205.448
224.394
237.376
310.938
82.2591
-117.168
-332.046
-326.883
-315.233
-308.143
-297.128
-259.739
-254.458
-248.04
-193.738
-167.409
-127.329
-121.111
-101.096
-62.2097
-56.9652
-17.5884
105.103
142.599
146.351
167.439
225.022
177.868
185.541
-305.468
-282.081
-276.868
-226.318
-212.316
-100.553
-95.4918
-95.4217
-43.6072
-35.4714
-0.0757193
10.8032
67.7694
127.451
213.859
300.269
311.785
-142.011
-23.6068
-285.829
-241.04
-232.33
-196.5
-181.441
-158.408
-153.997
-95.0303
-92.5829
-90.4463
-72.0054
-62.8657
-58.9641
-25.5166
-24.5815
-21.3016
17.6495
57.8808
121.401
185.521
196.29
259.977
260.263
286.883
296.114
299.364
325.578
144.304
133.811
-276.63
-274.775
-262.756
-259.817
-244.811
-182.958
-179.37
-162.079
-129.376
-76.6336
-67.2323
-32.3834
-7.62922
17.9797
70.4722
164.061
168.954
174.908
213.796
223.279
283.54
312.273
317.577
318.17
319.196
327.286
334.364
-252.838
-302.978
-290.338
-45.513
-317.007
-283.123
-238.464
-205.905
-188.038
-167.063
-155.306
-119.504
-70.3383
-40.9156
-29.8611
43.4268
53.0666
145.715
211.947
236.237
258.389
265.575
-245.806
-257.027
-253.13
-87.1958
-76.768
-43.9493
-18.9361
-2.64927
58.5088
76.3788
161.613
168.7
205.66
298.007
319.136
329.028
331.146
-90.948
-280.542
-302.424
-302.208
-270.715
-213.517
-175.54
-170.678
-155.765
-135.877
-118.536
-82.5684
-71.4105
21.4348
30.5109
54.8037
90.0335
97.4661
199.61
206.278
313.174
254.135
279.945
136.354
326.727
-218.302
-299.609
-302.838
-307.01
-192.208
-164.645
-187.675
64.8559
-98.9163
-277.31
-260.438
-232.869
-164.468
-116.256
32.5325
-293.307
-202.655
-174.982
-129.302
-104.634
-99.5029
-71.5485
-32.3951
-8.99313
110.382
120.084
127.189
143.575
171.32
304.819
-198.412
-204.45
-206.083
-195.871
-189.565
-40.7604
-12.7256
12.9398
24.5259
55.2327
62.6445
64.1922
64.224
67.8372
82.6348
194.919
202.086
206.345
220.551
233.494
252.898
323.025
329.304
-56.1537
-293.254
-189.496
-141.492
-54.0879
-34.9401
-31.7504
-30.018
-3.18451
63.2039
227.021
211.408
163.721
-293.808
-195.64
-196.643
-182.903
-134.054
-104.955
-83.2397
-73.6816
-50.7248
-43.5733
29.7946
34.5902
49.0867
54.3943
145.12
178.774
183.34
186.371
252.835
260.861
293.206
299.145
310
-311.135
-240.861
-134.839
-87.1495
-35.2665
-33.3662
-31.5733
13.5961
25.6404
52.7826
56.6874
108.34
180.026
181.314
206.11
216.795
220.634
225.149
286.962
319.063
327.029
-112.376
-283.219
-163.831
-140.984
-116.488
-104.398
-96.5882
-90.2371
-66.3293
-27.7035
-20.7469
10.4303
27.5091
33.1056
54.9329
103.172
105.069
130.185
276.057
307.687
-73.3943
211.03
177.283
166.376
-327.004
-271.214
-251.611
-233.154
-229.913
-162.149
-86.8231
-74.0942
-35.5684
-232.94
121.159
-251.329
-180.804
-88.8765
-61.4928
-21.9823
-17.9068
-15.4096
-9.78816
-4.72828
50.7149
151.822
182.73
195.386
204.966
237.278
249.253
277.041
301.934
317.123
-164.828
-98.7585
-94.1461
-84.0959
-38.8662
39.8354
-73.8482
-42.9825
-41.421
24.2682
41.4033
44.829
96.5376
144.534
169.215
172.826
248.113
254.669
295.98
-324.47
-35.1508
-32.7864
-239.373
-219.263
-119.331
-117.494
-106.338
-78.2802
-78.2487
-59.3798
-53.4246
-47.2627
-34.3815
35.646
90.4952
91.1267
127.301
168.795
179.92
192.044
305.338
316.224
330.414
287.748
-33.6188
-16.0954
326.448
-260.493
-257.113
-241.432
-231.069
-195.362
-132.723
-131.959
-65.9866
-7.64646
17.5351
20.6122
59.903
128.759
153.398
194.942
224.684
246.726
-141.393
-195.297
-121.511
-93.9135
-18.7635
-18.3735
48.8637
55.6005
92.9462
123.85
184.067
240.626
-285.96
-289.834
-296.267
-293.418
-288.344
-263.271
-190.208
-139.868
-111.033
-89.0567
-81.6679
-36.128
-30.5376
-1.2632
55.7451
128.716
182.666
218.739
226.771
262.526
297.367
313.956
322.656
329.668
-266.636
-268.945
-262.24
-257.046
-232.227
-180.325
-81.4588
-63.9298
-43.5665
-37.8092
-20.573
50.1205
128.547
131.714
139.487
159.831
163.167
202.928
245.516
246.57
260.982
263.947
303.428
-44.3324
-228.688
-183.662
-317.578
-279.193
-279.848
-271.189
-208.398
-202.678
-197.756
-186.759
-184.098
-178.769
-168.653
-84.5127
-47.1425
43.7993
64.6509
64.827
64.9766
66.2904
101.247
119.373
126.274
142.682
181.164
198.805
247.161
287.266
289.605
290.932
331.106
122.257
153.137
-190.163
-322.29
-218.615
-195.874
-180.785
-148.125
-125.753
-123.161
-117.128
-82.6899
-80.46
-43.187
58.6983
72.2073
83.8622
133.222
139.303
148.901
152.583
175.409
212.864
215.483
248
249
266.229
274.605
278.332
285.829
286.72
292.266
313.176
314.943
318.933
-186.562
-128.201
-85.7278
-83.2665
-56.7604
-31.1961
83.6264
115.53
134.036
169.598
192.088
264.818
266.859
290.989
248.154
146.636
-324.719
-332.207
-241.764
57.2953
58.0765
-320.513
-318.602
-293.18
-289.734
-279.87
-262.932
-252.07
-241.084
-193.542
-185.693
-173.007
-146.009
-138.478
-94.2219
19.4207
48.3795
85.952
98.7926
103.441
108.241
115.06
265.732
301.9
316.473
331.203
-219.708
-130.877
-12.0039
-6.12969
-2.66659
26.0568
94.6079
214.849
243.217
264.775
289.94
295.054
296.633
-270.66
-127.165
-19.5295
-0.355341
43.9663
70.775
162.461
167.252
185.869
217.985
240.045
242.225
299.961
300.862
260.293
260.759
-232.501
-203.803
-200.615
-153.818
-141.194
-98.3048
-97.8885
-8.84383
8.57109
91.5258
92.7724
97.5251
156.233
208.75
247.744
249.017
259.502
284.578
-313.901
-312.451
-259.93
-139.479
-102.987
-86.8432
-14.597
16.3865
16.8588
43.9053
123.977
129.996
135.163
141.419
181.394
229.338
256.634
294.013
314.648
194.74
113.368
265.167
139.408
227.253
-237.14
-231.67
-189.001
-184.32
-150.317
-143.857
-112.407
-110.407
-95.8284
-78.903
-38.7938
69.5815
161.831
190.019
267.316
277.027
284.314
210.052
266.161
-265.545
-309.511
-260.925
-240.419
-231.336
-88.6521
-76.6888
-74.9003
-70.507
33.3646
60.4954
148.648
153.412
172.153
262.499
286.393
286.976
295.477
301.2
308.111
288.53
-104.053
-65.054
-43.4177
18.1363
23.2989
24.4944
42.0562
94.3819
125.006
133.988
136.046
207.63
235.4
260.564
268.858
-314.333
-125.786
-314.938
-306.448
-239.251
-128.226
-107.447
-107.364
-97.0693
-88.2673
-48.0374
-3.47788
28.9387
47.2753
63.0969
108.675
139.484
163.333
173.09
225.856
227.197
227.24
236.218
245.497
246.792
287.69
292.69
317.026
304.646
309.254
-207.932
-214.957
-230.586
-209.58
-179.385
-165.541
-94.4069
-36.1806
-14.8864
-4.1237
29.4395
33.1539
42.3866
62.2353
101.486
130.628
145.744
163.679
190.588
226.264
235.316
238.983
272.383
90.7144
104.968
106.42
175.635
193.105
202.03
224.47
248.26
-93.8707
-285.791
-258.821
-251.7
-240.763
-235.392
110.774
-236.732
155.385
227.67
248.894
249.074
260.175
-279.554
-251.633
-232.762
-208.813
-172.906
-131.603
-113.543
-102.381
-30.561
39.467
83.826
113.132
132.318
178.915
185.89
277.96
329.635
-174.301
-223.547
-230.708
-220.416
-49.7828
-29.8216
-17.0007
3.06599
27.3144
33.3154
96.9391
152.202
201.941
214.701
233.863
290.124
305.323
-117.431
-88.7051
1.36077
21.885
38.1097
157.263
198.207
279.85
-256.085
-323.464
-303.799
-319.057
-280.207
-211.257
-193.438
-179.479
-128.269
-112.058
-19.3524
-17.9202
20.5874
87.4556
140.459
149.671
191.502
200.086
219.843
267.906
333.327
-16.4096
75.2121
129.408
118.089
-137.535
-130.322
-118.185
-93.1884
-89.2045
-87.6488
-83.1596
-13.1139
6.56717
27.6434
123.283
130.236
211.379
224.333
231.26
242.094
297.342
308.082
325.927
333.831
-121.296
-107.683
-76.3502
-41.829
-24.5707
12.2487
28.2576
45.02
92.9439
138.816
185.026
310.02
260.641
292.768
-327.666
89.0463
-290.993
-273.317
-228.443
-219.614
-208.518
-175.625
-167.316
-154.379
-110.115
-82.81
-75.7481
-72.3236
-70.8786
35.6302
78.4448
205.975
227.625
255.007
267.392
270.009
313.218
-49.6117
-273.699
-161.712
-151.168
-129.98
-126.313
-117.651
-106.747
-62.6187
-51.1303
-22.6124
-8.55813
23.2124
79.6365
106.637
155.414
198.906
212.07
234.203
270.612
322.007
-314.313
-310.158
-309.975
-189.679
-188.685
-179.658
-162.981
-44.8477
-44.093
48.6174
106.183
186.861
207.544
227.133
228.754
250.697
255.056
324.327
334.646
-267.717
-254.784
-236.254
-183.266
-175.428
-158.482
-150.598
-125.717
-105.653
-82.9879
-70.5189
-53.1319
-20.0113
9.6467
13.6181
14.6496
90.0061
129.95
183.481
221.581
291.667
302.862
320.332
312.037
233.898
-50.381
-73.0114
-44.3467
260.687
288.946
310.494
-53.4378
-223.305
-9.55141
-301.704
-252.016
-242.462
-239.403
-231.635
-231.192
-201.209
-185.181
-178.122
-155.975
-123.406
-123.267
-121.388
-68.1425
-56.3649
-48.7278
-38.1876
12.9703
17.9825
27.7648
51.0678
123.494
127.763
154.524
203.338
212.269
248.723
266.336
285.307
332.412
-315.396
-264.589
-251.465
-233.762
-200.401
-198.761
-158.453
-86.0108
-59.7483
71.8565
95.4519
139.366
207.291
274.053
283.155
292.039
294.917
-248.027
-238.507
-236.801
-236.342
-218.487
-218.249
-213.811
-212.971
-193.101
-168.992
-149.304
-245.786
-231.978
-226.044
-193.416
-147.652
-106.502
-85.1391
-58.1952
-45.002
-20.7269
9.40035
32.6552
87.1429
94.1405
108.783
114.841
191.081
195.089
228.64
277.61
-229.339
-187.107
-184.795
-106.464
-105.009
-71.4722
-28.2928
-2.35794
18.5608
31.7441
193.941
216.073
275.747
332.477
-57.3169
-55.2022
-46.7649
-37.8275
-32.4501
-12.7391
4.20316
40.6933
53.9067
53.9421
125.691
236.614
291.927
225.659
171.699
178.827
-257.888
-247.143
-280.44
