0.112084
0.337394
0.105211
0.25035
0.316031
0.338541
0.16357
0.221185
0.212351
0.167118
0.158562
0.13687
2.18313
0.778479
0.12132
0.945646
0.488689
0.150886
0.601768
0.104493
0.151304
0.140549
0.225941
2.49413
0.330405
0.491811
0.710129
0.345185
0.501809
0.222107
0.173113
0.341357
0.114856
0.123232
0.165411
0.122046
0.119554
0.250813
0.307809
0.156882
0.307059
0.111969
0.168102
0.299233
3.84914
0.152729
0.135396
0.105446
0.746607
0.48416
0.768206
0.250632
0.108394
0.122851
3.56392
0.716131
0.335905
0.518106
0.356743
0.120379
0.198305
0.27761
0.115552
0.12821
0.995969
0.288926
5.18246
0.112187
0.104415
0.214031
0.188263
1.53687
1.95291
0.331672
0.14874
0.106972
0.163144
1.82822
0.509124
0.103599
0.14315
0.105149
0.110675
0.339787
0.485913
0.562686
0.231691
0.116765
0.122361
0.67186
0.113488
0.662838
0.134679
0.173846
0.215677
0.1365
0.985917
0.247019
0.409514
0.16552
0.439873
2.00572
0.137276
0.147545
0.600552
0.53075
0.136867
0.112828
0.311965
0.104588
0.160363
2.88083
0.127172
1.40173
0.511277
0.134009
0.449728
0.121893
0.2626
0.160122
0.107731
0.269751
0.525655
0.19322
0.152229
0.308213
0.100114
5.56709
0.175738
0.107024
0.102297
0.353523
0.374657
0.100511
0.163208
0.153647
0.19758
0.114438
1.16469
0.385494
0.17716
0.153011
0.112827
0.192256
0.177979
0.153497
0.363626
0.682152
0.175151
0.115839
0.13624
0.120648
0.171598
0.415368
0.628767
0.128131
0.335685
0.138857
0.39215
0.202519
0.226883
0.177545
0.192063
0.159114
0.474219
0.397733
0.225196
0.151124
0.106724
0.15466
0.506573
2.53339
1.71534
0.394665
0.256168
0.165006
1.68988
0.301896
0.227766
0.304037
0.139134
0.108018
0.188673
0.562167
0.126705
0.121481
0.707461
0.115663
0.220374
0.377787
0.207123
0.115985
0.444788
0.107635
1.14992
0.346222
0.13973
0.295293
0.138717
0.184795
0.542307
0.169496
0.107006
0.195336
0.18241
0.331119
0.140241
0.11501
0.152284
0.544555
0.325689
0.130362
0.316506
0.103075
0.112442
0.101576
0.334647
0.168337
0.181071
0.124975
0.155152
0.151962
0.171141
0.169739
1.49799
0.206893
0.133933
1.16008
0.398416
0.751667
0.13181
0.207334
0.106524
0.230517
0.658767
0.107275
0.821994
0.15444
0.125805
1.70566
0.328137
0.291111
0.181458
0.135889
0.188386
0.380455
0.318275
0.100076
0.814496
0.125738
0.19071
0.127031
0.1287
0.11951
0.21298
1.48246
0.148071
0.149173
0.18853
0.497383
0.371834
0.343343
0.492355
0.117657
0.106894
0.17772
0.135313
0.102195
0.366096
0.156984
0.185636
0.116026
0.236705
0.271187
0.162849
2.34473
0.342309
0.141174
0.766662
8.86833
0.157147
0.155819
0.15148
0.119819
0.140271
0.229108
0.175772
1.15515
0.182149
0.153133
0.677717
0.202007
0.111063
0.170567
0.14662
0.250461
0.269126
0.100248
0.131434
0.212646
0.128255
0.321849
0.148427
0.149721
0.108482
0.605922
0.170472
2.03174
0.104547
0.106095
0.152157
0.643821
0.32121
0.443502
0.797982
0.122729
0.101878
1.62989
0.136705
0.624651
0.114148
0.137727
0.172822
0.12519
0.114227
0.133628
0.376711
0.103529
0.197369
0.163368
0.102734
0.157465
0.120342
0.111298
0.881068
0.101041
0.299854
0.117699
0.211349
0.136356
0.292766
0.249682
0.669139
0.121008
0.614511
0.16723
0.395405
0.176566
0.319658
0.13959
1.02437
2.75868
0.453685
0.105249
0.115251
0.129917
0.567064
0.134701
0.130853
0.179952
0.571287
0.113397
0.18328
0.421458
0.175296
0.811878
0.112466
0.141693
0.1733
0.106289
0.170462
0.154463
0.306304
3.23769
0.271698
0.42379
0.358369
0.345936
0.368109
0.101097
0.104328
0.189047
0.46469
0.193824
0.106252
0.165305
0.488303
0.109893
0.623986
0.300679
1.3149
0.104803
0.15371
0.807966
0.196357
0.117898
0.207203
0.142286
0.12505
0.103483
0.815201
1.17401
0.149546
0.416282
0.119265
0.304908
0.161979
0.31194
0.470889
0.340995
0.11991
0.268575
0.564599
0.160507
0.411919
0.124358
0.16293
0.117161
0.213681
0.114878
0.165753
21.4662
0.300723
0.100195
0.14607
0.232665
0.284971
0.129272
0.206645
0.92318
0.296405
0.162991
0.104221
0.161989
0.1099
0.401084
0.160301
0.292616
0.311414
0.101779
0.119613
0.112263
0.296192
0.226712
0.338889
0.133668
0.182219
0.279508
0.103801
0.526328
0.246401
0.113174
0.146149
0.101815
0.216264
0.108721
0.163259
0.12896
0.265228
13.4986
0.114954
0.268466
0.144191
0.136744
0.284627
5.64839
0.112294
0.312442
0.796071
0.270019
0.411188
0.330312
0.602487
0.309168
0.133854
0.209401
0.387932
0.157146
1.09456
0.195914
0.171048
0.177267
0.11796
0.847578
0.405959
0.175452
1.02782
0.132572
0.309193
0.182625
0.640072
0.125914
0.318855
1.47698
0.143347
1.71019
2.78515
0.288855
0.213012
0.461145
0.567558
4.90312
0.139852
0.195708
0.667763
1.19642
0.176109
0.879748
0.383487
0.186245
0.716096
0.151837
0.171987
0.325853
0.319692
0.123077
0.114064
0.258224
0.126292
0.138798
0.230724
0.110242
0.104936
0.216646
0.277237
0.368245
0.247471
0.118997
0.538746
0.12608
0.121922
0.140364
1.24757
0.177989
1.15412
0.105182
0.108173
0.161104
0.214357
0.33727
0.163818
0.232694
0.139636
0.113317
0.131005
0.101654
1.22651
0.229317
0.102339
0.464847
1.11172
0.113011
0.124382
0.1781
0.409027
0.104449
0.461624
0.615109
0.132699
0.303449
0.510736
0.323026
0.167988
0.145761
0.540496
0.542968
0.14445
0.113691
0.379044
0.168801
0.3825
1.82148
0.178585
0.185543
0.129881
0.434407
0.104531
0.141125
0.127414
0.116837
0.165754
0.496475
0.561782
0.450897
2.46347
0.144197
0.366745
0.104408
0.12492
0.353054
0.31006
0.253724
0.104775
0.213788
0.104543
0.189807
0.336495
0.18529
0.115264
0.110156
0.914914
0.467314
0.56159
0.177757
0.285475
1.10354
0.116289
0.372929
0.690523
0.398911
0.136255
0.116951
0.443595
0.127764
0.143692
0.531832
0.170499
0.251906
0.484933
0.21655
0.147805
1.3635
0.11033
0.100443
0.824064
0.107382
0.292264
0.13536
0.298218
0.185664
1.48446
0.173645
0.182951
0.247563
0.3528
0.254701
0.139004
0.265445
0.109356
0.108673
1.01614
0.514485
0.115798
0.11575
0.129416
0.126317
0.461556
1.4561
0.16898
0.144626
0.138321
0.119667
0.307949
0.107731
0.157167
0.546242
0.218441
0.190229
0.157258
0.143323
0.592667
0.170195
0.398575
0.158217
0.255321
0.104579
0.241467
0.184589
0.262774
0.202587
0.123817
0.138859
0.126113
0.174693
0.101424
0.327668
0.124395
0.287941
0.130112
0.101068
0.111377
0.726964
0.135266
0.442737
0.156578
2.12091
0.417833
0.141002
0.154976
0.618425
0.399002
0.242176
0.316495
0.317012
0.218084
0.24622
0.512946
0.91405
0.401257
0.26059
0.20453
0.155263
0.437582
0.122501
0.287649
0.116415
0.944821
0.164158
0.450324
0.220548
0.115405
0.103468
0.173132
0.728293
0.118653
0.155637
0.156345
0.654173
0.377425
1.44267
0.783143
0.246006
0.206109
0.28843
0.1881
0.44959
0.135027
0.155481
0.101276
0.218144
0.258243
1.05854
0.393059
0.145959
0.100849
0.26933
0.125186
0.115681
0.249155
0.325135
2.38855
0.319897
1.1955
0.311544
0.144257
0.271591
0.376529
0.132631
2.26289
0.321473
0.284681
0.203158
0.350395
0.143803
0.112914
0.267425
0.237124
0.222319
0.151277
0.176255
1.67257
0.208414
0.257159
0.320648
0.46295
0.212869
0.674457
0.123261
0.184964
0.742685
0.179558
0.127643
0.105706
0.471184
0.959284
0.105733
0.131539
0.183479
0.139432
0.104949
0.58475
0.297959
0.245106
0.167514
0.173767
0.135412
0.905977
0.275054
0.393887
0.301084
0.140089
0.10011
0.363451
0.136261
0.129078
0.777812
0.169164
0.455699
0.617295
0.236939
0.188348
0.172167
0.970045
0.160064
0.397206
0.180408
1.01366
0.114413
0.213559
0.124574
0.258576
0.222924
0.181172
11.1335
0.14518
0.414168
0.146382
0.102366
0.453243
0.393001
0.140421
0.160875
0.163803
0.984219
0.277908
0.539072
0.596255
0.219896
0.184739
0.85417
0.105348
0.124949
4.54314
0.280499
0.361036
0.162851
0.181544
0.327525
0.31526
0.18463
0.376615
0.269996
0.108968
0.108196
0.364506
0.482436
0.120132
0.268786
0.157687
0.124616
0.182934
0.144804
0.188681
0.324933
4.21483
1.19968
0.249415
0.138263
0.10786
0.107389
0.10741
0.128533
0.135269
0.131196
0.280091
0.134179
0.384839
0.110216
0.130096
0.326517
0.140398
0.174007
0.110882
0.40874
0.167275
0.772388
0.112323
4.36562
0.169048
0.204242
4.203
0.179037
0.202908
0.10155
0.32418
0.15937
0.102265
0.1275
0.459852
0.103387
0.353931
0.28374
0.323889
0.145396
0.248528
0.103049
0.224943
0.213239
0.101734
3.76118
2.05126
0.100699
0.149963
0.109816
0.357516
0.315831
0.207235
0.138876
0.113019
0.176811
0.209828
1.9766
0.16253
0.428661
0.134221
4.37719
1.56528
0.153928
0.112569
0.521223
0.384042
0.137797
0.186247
0.253504
0.261149
0.112074
0.259806
0.226524
0.264461
0.16281
2.33061
0.150871
0.125211
0.878772
1.57226
0.301136
0.127387
0.110364
0.107624
1.40511
0.128135
0.15331
0.131812
0.122583
0.182351
0.20088
0.516866
0.167618
0.192872
0.158404
0.221156
0.198292
0.112537
0.105894
0.398737
0.114465
0.187308
0.162103
0.142136
0.247162
0.172128
0.142993
0.150214
0.101875
6.79403
0.26874
0.113087
0.139221
0.128208
0.31125
0.447448
0.776905
0.106806
0.372
0.113884
0.144706
0.220752
0.137877
0.215714
0.737289
0.244301
2.30739
0.573062
1.71385
0.12509
0.182177
0.64712
0.175016
0.115232
0.122995
0.521597
0.102711
0.200713
0.145449
0.146278
0.139758
0.267366
0.293031
0.239662
0.845867
0.242525
10.07
0.631319
3.56856
0.478233
0.388429
0.233012
0.132522
0.265687
0.274012
0.184722
0.849031
0.169727
0.467498
0.258261
0.314209
0.345718
0.128818
0.231902
0.165664
0.100756
2.06459
2.74943
1.00862
0.549582
0.336163
0.158073
0.136764
0.129256
0.139769
1.69696
1.41669
0.154679
2.80712
0.191216
0.382181
0.180413
0.103552
0.139146
0.321735
0.361127
0.337644
0.554669
0.170631
0.106379
0.168579
0.486683
0.184478
1.14367
0.313149
0.186166
0.153974
0.249949
0.177097
0.192921
0.131129
0.110009
0.112545
0.229038
0.112522
0.148252
0.269848
0.132978
0.117021
3.11224
0.105718
0.473841
0.180424
0.315214
0.192335
0.142311
0.577028
0.126187
0.396563
0.208704
0.14751
1.21459
1.32729
0.164503
0.264323
0.240571
0.172053
0.64217
0.504318
0.331459
0.438045
0.136394
0.157738
0.130485
0.119421
0.592785
0.146953
0.122802
0.345291
0.125086
0.177438
0.39565
0.108406
0.245763
0.123503
1.96326
0.783343
0.319532
0.123943
0.242765
0.340583
0.210682
0.190743
0.132832
0.230537
0.551548
0.196635
0.157133
0.196126
0.589365
0.13079
0.168301
0.13281
0.101525
0.139164
0.299189
0.106511
0.620191
0.193488
0.104682
0.133718
0.149887
0.405027
0.137898
0.190974
0.456756
0.103396
0.152425
0.118634
0.247221
0.156158
0.162463
6.61391
0.256818
0.33103
0.14636
9.32144
0.169135
0.124377
0.244255
0.232657
0.210834
1.13091
0.207912
0.380049
0.547805
0.139796
0.198621
0.541192
0.151303
0.161099
1.16846
0.3277
0.258855
0.292052
3.50047
0.220511
0.107034
0.305576
0.129521
0.759048
0.117131
0.116734
0.24102
0.176575
0.106367
0.108608
0.270576
0.119438
0.135358
0.143742
0.125296
0.419881
1.24826
0.101112
0.263505
0.106154
0.113521
0.100567
0.619994
0.279252
0.460653
0.107837
0.163918
0.255385
0.10654
0.133699
0.132423
0.250341
0.399164
0.113479
0.118223
0.16816
1.35183
0.124044
0.124384
0.227989
0.424545
0.119623
0.185853
0.112219
0.13278
0.145312
0.440682
0.35341
0.714993
0.112563
0.343406
0.219459
0.994988
0.137339
0.355965
0.262017
1.80658
0.357538
0.367009
0.263014
0.191646
1.05247
0.107332
0.112414
1.06778
0.102348
10.6712
0.365735
0.470513
0.125531
0.115036
0.236789
0.119517
0.200256
0.174305
0.10355
0.100406
0.220166
0.513643
0.125703
0.113678
2.58438
0.126212
0.274255
0.242273
0.185283
0.101347
0.158838
0.433336
0.121214
0.102966
0.104525
0.152519
0.472214
0.183626
0.126514
0.132379
0.196669
0.615658
0.12805
0.43516
0.477482
0.212678
0.10941
0.151871
0.266562
1.21953
0.278934
0.352156
0.199396
0.152544
0.259436
1.0875
1.28456
0.303683
6.18518
0.144216
0.138111
0.157584
0.149426
0.158474
0.235058
0.121225
0.106542
0.143209
4.48506
0.199014
0.117426
0.589471
0.153451
0.171183
0.191619
0.12517
0.207315
0.116793
0.196232
0.108919
0.161198
0.216958
1.7087
0.176007
0.101355
1.72674
0.324179
0.161399
0.107376
0.98923
0.104048
0.129782
0.170922
0.14139
0.127764
0.165783
0.104731
0.330439
0.471507
0.336875
0.25632
0.122255
0.311166
1.404
0.112275
0.141961
0.129239
0.112635
0.18468
0.981979
0.254521
0.527349
0.163803
0.117852
0.250747
0.219484
0.120419
0.195212
0.915197
0.832923
0.231517
0.201137
0.108856
0.126819
1.1325
0.100802
0.123523
0.433895
0.289415
0.170672
0.102477
0.130452
0.135183
0.277258
0.107045
0.173863
0.126097
0.183754
0.268066
0.109449
0.443715
0.227846
0.269325
0.215803
0.556656
0.202123
0.261306
0.102593
0.149263
0.121371
0.939354
0.121783
0.291609
0.185411
0.173746
0.380548
0.155327
0.218896
0.476417
0.150962
0.845458
0.264347
1.1067
0.633472
0.339724
0.535459
0.602275
0.102902
0.170982
0.299776
0.289817
0.226821
1.82343
0.256743
0.899286
0.16878
0.164146
0.144187
0.409642
0.160891
0.209357
0.42095
0.256321
0.22867
0.134049
0.575826
0.218547
0.133846
0.224558
0.253995
0.151603
0.199464
0.185207
0.122476
0.122896
2.11791
0.190455
0.263915
0.252576
0.238926
0.184701
0.168214
0.415008
0.622342
0.107343
0.368808
0.240143
0.139998
0.692849
0.483312
0.128076
1.39651
0.322455
0.145521
0.101905
0.259105
0.763915
0.299476
0.98633
0.115707
0.73564
0.116588
0.223397
0.230342
0.14264
0.117108
0.104649
0.111155
0.222739
0.261866
0.185499
0.351299
0.124267
0.167623
0.336049
4.36056
0.482275
0.121606
0.146203
0.403959
1.10522
0.122486
0.108578
0.242941
0.218748
0.109348
0.317831
0.275288
0.210497
0.530571
0.414004
0.139592
0.235683
0.191204
0.120289
0.120253
0.102484
0.113932
0.119992
0.210041
2.28687
0.120721
0.17626
0.131232
0.453169
0.476129
0.500068
0.180555
0.341616
0.102068
0.144792
0.228301
0.275939
1.14401
0.486453
0.206588
0.488603
0.188772
0.120048
0.233445
0.113973
0.114666
0.105519
0.185442
0.580018
0.818141
0.424467
0.116445
0.258766
0.126021
0.111437
0.229976
0.138707
0.110444
0.559208
0.111534
0.118705
0.272245
0.112701
0.376075
0.836965
0.12908
0.408937
0.105727
0.112786
0.688526
0.234005
0.283639
0.244621
0.286298
1.12227
2.06915
3.43762
0.476344
2.17818
0.156231
0.164285
0.812504
0.105163
0.846488
0.23985
0.113384
0.147345
0.169535
0.372641
0.136216
0.779841
0.978319
0.150627
0.167683
0.178467
0.168999
0.207645
0.121304
0.135714
0.108624
0.153162
0.160782
0.19026
0.170292
0.160928
0.105946
0.175825
0.291367
0.451189
0.107169
0.15612
1.47758
0.173614
0.123328
0.954675
0.174796
1.68018
0.583094
0.162636
0.140194
0.128731
0.129187
0.214211
0.176815
0.125562
0.115322
0.238846
0.109136
0.504547
0.859373
0.125863
0.174106
0.119492
0.328947
0.705998
0.109682
0.826976
0.308126
0.145606
0.34896
0.366632
0.112568
0.142199
0.107889
0.114103
0.218113
0.258655
0.10996
0.412606
0.667147
0.186406
0.122663
0.120764
1.75691
0.162843
0.688431
0.246335
0.19208
0.322021
4.30699
0.130816
0.110254
0.656888
0.258435
0.113046
0.177511
0.147628
6.73038
0.250649
0.16771
0.10034
0.162214
0.132036
0.299895
0.433578
0.589443
0.13965
4.55376
0.55147
0.304795
0.228948
0.387266
1.65951
8.59832
0.610587
0.165833
0.291984
0.362451
0.136494
0.113207
0.112329
0.34808
0.251809
0.325041
0.108853
0.165457
0.308606
0.152414
0.118597
0.16345
0.161703
0.781678
0.105638
0.206777
0.103401
0.121231
0.178945
0.30311
0.27533
0.119403
0.163367
0.117769
0.258237
0.349498
2.77057
0.14152
0.107618
0.532703
0.195021
0.101712
0.130919
0.106004
0.218151
0.130053
0.115237
0.15329
0.237721
0.255705
0.164166
0.137309
0.117046
0.117393
0.134268
0.100595
0.32078
0.167726
0.162346
0.102614
9.13865
0.222051
0.10357
0.251621
0.446937
0.507583
0.342863
0.310086
0.168366
0.636768
0.522985
0.253706
0.150418
0.137926
0.160274
0.21231
0.312597
0.174013
0.493079
0.304529
1.28446
0.475723
0.123647
0.198777
0.478368
0.144579
0.729846
0.512063
0.158363
0.304609
0.319201
0.22821
0.972857
0.217535
0.179878
1.10949
0.375487
0.318909
1.11531
0.341975
0.105299
1.14225
0.182681
0.114582
0.102216
0.12332
0.150691
0.19412
0.606951
0.10551
0.204597
0.101507
0.205354
0.141805
0.599678
0.118138
0.169704
0.14423
1.21664
0.143542
0.133808
0.762479
0.367565
0.303433
0.188847
0.881842
0.149302
0.101818
0.162165
0.332451
0.108401
0.100265
0.255474
0.1223
0.118575
0.149097
0.121209
0.124283
0.59581
0.524095
0.10253
0.625929
0.147753
0.209045
0.245254
0.142352
0.677948
0.799291
0.108971
0.263336
0.143718
0.815787
0.264459
0.213892
0.118704
0.225075
0.146622
0.333088
0.177366
0.384565
0.466171
0.25228
0.301758
0.138241
0.126797
0.215161
0.247717
0.102035
5.39412
0.194665
0.150109
0.219938
0.11985
0.363461
0.134469
0.150121
1.44659
0.716505
0.155894
0.284301
1.91415
0.475713
0.177234
0.111334
0.196777
0.312969
0.162577
0.261135
0.113232
0.121283
5.21871
0.307864
0.172487
0.109385
1.12591
0.235213
0.153347
0.388932
0.380268
0.625233
3.26749
0.244378
0.165042
0.542078
0.22358
0.149438
0.110968
0.403944
0.106153
0.730241
0.315914
0.548604
0.120102
0.140113
0.135432
0.155675
0.114184
0.122349
0.14653
0.202296
0.101353
0.399185
0.145378
0.103921
0.453128
0.101685
0.128371
0.108345
0.285047
0.383152
0.210467
0.102844
0.484089
0.140536
0.400712
0.483148
0.192456
0.113612
3.70691
0.116634
0.281734
0.205442
2.5385
0.189895
0.210824
5.35141
0.248571
0.342956
7.59189
0.590904
0.273761
0.176336
0.872103
0.13541
0.185971
1.38314
0.618082
0.84328
0.19564
0.217252
2.28008
0.505405
1.65922
0.129455
0.10603
0.251323
0.782895
0.124922
0.268778
0.242802
0.133902
0.190944
0.126967
0.158783
0.148892
0.507187
0.127558
0.374523
0.124604
0.181532
0.123923
0.120027
0.122104
0.101579
0.123678
0.371762
0.147028
0.257457
0.272212
0.497756
1.49165
0.227413
3.91931
0.236151
0.939857
0.130492
0.153509
0.102009
0.19399
0.128014
0.152817
0.173377
0.189956
0.571918
0.189639
0.115951
0.358498
0.164165
0.154057
0.275223
0.155441
0.130514
0.122812
0.10198
1.14277
0.167823
0.160315
0.196282
0.205065
0.478628
0.204464
0.12879
0.108037
0.206466
0.217275
0.124805
0.186009
0.125809
0.170873
0.116627
0.100094
2.89356
2.29609
0.451704
0.15817
0.129526
0.415983
0.156367
0.116273
0.547971
0.358127
0.291386
0.428683
0.256545
0.553591
0.120324
0.136295
0.210292
0.293369
0.281702
0.269918
1.87263
0.969165
0.259803
0.433998
0.247859
0.115237
0.611067
0.135846
0.105557
0.134107
3.62092
4.9047
0.174491
0.103661
0.510907
0.140479
0.100663
0.634693
0.263214
0.129366
0.194917
0.351852
1.68279
0.118368
10.4732
0.107335
0.135384
0.209381
0.475021
0.387389
0.228764
0.49979
0.127423
0.304147
0.115631
0.12604
0.252468
0.158019
0.171961
0.154391
0.287718
3.83941
0.17822
0.130711
0.504519
0.35111
0.252971
0.111324
0.326239
0.201467
0.124043
0.307764
0.608605
0.15321
0.10651
0.114125
0.690519
0.165903
0.844689
0.186651
0.135842
1.71807
0.175779
0.165901
0.304783
0.206845
0.423243
0.353537
0.246616
0.423405
0.20664
0.702984
1.71223
0.200458
0.143477
0.284776
0.310733
0.100765
4.21996
0.126753
0.189484
0.112252
0.115418
0.116616
0.163237
0.149273
0.184011
0.137369
0.117717
0.222608
0.669921
0.20246
0.352609
0.133239
0.70525
0.125473
0.337171
0.137191
0.16992
0.121502
0.21789
0.18399
0.486628
0.103668
3.64253
0.176882
1.09139
0.259799
29.0422
0.36508
0.161176
0.13089
0.772537
0.13525
0.136342
0.8051
0.17649
0.377425
0.106263
0.18351
0.170901
0.237198
0.112987
0.318568
2.1442
0.230108
0.122962
0.120844
0.420054
0.133034
0.451321
0.308231
0.145332
0.291912
0.286357
2.75399
0.331059
1.99269
0.108532
0.72965
0.151429
0.280745
0.421707
0.133414
3.88235
0.278789
0.207552
0.238684
0.115114
0.471406
0.633217
0.112999
0.120678
0.917878
0.385746
0.235068
0.527794
0.128523
0.299322
0.144821
0.214776
0.146037
0.118033
0.208655
0.406687
0.135691
0.248442
0.183371
0.107117
0.311873
0.201941
0.129982
0.160232
1.20669
0.228048
0.179778
0.426867
0.112992
0.126804
0.381554
0.151618
0.265675
0.113791
0.154419
0.114269
0.102565
0.114176
0.119147
0.201272
0.221807
0.108832
0.177234
0.121298
0.121313
0.210968
1.64505
0.12382
0.135875
0.490114
0.486914
0.140525
0.131289
0.307182
3.71007
0.541806
0.162318
0.156157
0.109704
0.109718
0.686366
4.45436
1.70649
0.149939
0.376731
0.303366
0.22458
0.104504
0.135284
1.69556
3.17211
0.439928
0.119816
0.186141
0.12091
0.129481
0.103909
0.321004
0.327154
0.300559
0.274431
0.129398
0.115893
0.128845
0.153759
0.23623
0.203983
0.234323
0.529677
0.196503
0.180663
0.154921
0.113272
0.185121
0.15546
0.208063
0.106875
0.260624
0.400748
0.328175
0.151356
0.151068
0.215732
0.400539
1.74251
0.117601
0.139582
0.112205
0.764711
0.192606
0.218505
0.106816
0.211808
0.107597
0.100837
0.482763
0.106549
0.295851
0.347724
0.20793
0.283635
0.58741
0.147509
0.17322
0.109898
0.465276
0.149082
0.316522
0.112546
0.47328
0.103512
1.49392
0.387441
1.77534
0.133895
0.618743
0.124525
0.152801
0.162325
0.80942
0.990003
0.182846
0.7653
0.178326
0.105065
0.105164
0.704026
0.265481
0.11893
0.111171
0.157881
0.314266
0.16001
0.340544
0.207088
0.113374
0.147296
0.627811
0.174911
0.210142
0.662725
0.162041
1.85483
0.204854
0.231428
0.149156
0.226784
0.231542
9.09655
0.208567
0.157072
0.162253
0.14344
0.185378
0.102564
0.39309
0.613061
0.13417
0.100509
1.03917
1.58514
0.326619
0.122405
0.136155
1.0192
0.363562
0.710113
0.14225
0.352202
0.30004
0.242883
