-0.856646
-0.915786
-0.595199
-0.932464
-0.976719
-0.946208
-0.828183
-0.91587
-0.935528
-0.993813
-0.999173
-0.853026
-0.995132
-0.996868
-0.970973
-0.94557
-0.982888
-0.991143
-0.977074
-0.950215
-0.985466
-0.99691
-0.990774
-0.953862
-0.94183
-0.902235
-0.994493
0.828552
-0.982678
-0.937403
-0.982
-0.71704
-0.939518
-0.986678
-0.977597
-0.977264
-0.983912
-0.986813
-0.984532
-0.888759
-0.975742
-0.933655
-0.929298
-0.948946
0.367409
-0.988514
-0.941255
-0.960013
-0.736338
-0.956464
-0.97722
-0.734443
-0.856084
-0.985532
-0.914093
-0.856856
-0.996809
-0.957917
-0.985118
-0.986678
-0.929829
-0.944398
-0.992475
-0.985237
-0.999962
-0.99045
-0.261928
-0.819603
-0.838712
