2.14516
2.64467
0.190373
1.83566
9.18665
1.07478
3.22071
1.50395
5.98709
18.8848
2.74227
2.13653
6.99967
3.21849
2.08234
2.47326
4.20035
1.66867
2.09255
0.960313
2.30003
6.25212
1.17049
3.41833
0.40686
1.58152
11.4077
3.04251
1.36872
0.894795
3.91495
0.438312
2.13153
6.899
3.63252
3.68733
8.95299
1.71998
1.25264
1.06723
6.6435
2.60543
3.40321
0.580643
0.4424
1.21342
1.84959
2.74
0.441723
2.52848
0.625429
0.276621
0.958264
4.84898
3.43056
2.13726
11.7186
6.84696
2.11314
17.6384
4.87794
8.06663
1.08706
1.93077
10.8536
5.39833
3.03951
2.48142
1.59149
