-328.025
-318.512
-312.919
-272.878
-314.86
-244.222
-328.826
-254.099
-221.146
-272.637
-251.984
-303.703
-313.073
-315.875
-248.156
-271.957
-251.772
-312.538
-344.304
-329.567
-291.108
-335.483
-312.871
-265.446
-333.422
-300.76
-342.892
54.9662
-134.921
-279.073
-160.905
-319.772
-348.944
-216.411
-317.808
-131.815
-320.741
-289.514
-152.615
-275.257
-334.785
-182.015
-340.841
-349.522
-35.1834
-221.055
-304.591
-337.373
-190.189
-267.775
-246.807
-265.48
-231.783
-329.007
-336.783
-288.627
-326.468
-256.787
-303.983
-311.672
-338.17
-265.738
-283.97
-329.398
-191.633
-306.272
-249.73
-294.52
-344.881
