0.291095 
0.956592 
0.359409 
0.568644 
0.616934 
0.330365 
0.441314 
0.215335 
0.17758 
0.347326 
0.192612 
0.790149 
0.471471 
0.396851 
0.347673 
0.0509352 
0.937456 
-0.117116 
-0.482927 
-0.115221 
0.624091 
0.416291 
0.564666 
0.309365 
0.631763 
0.40395 
0.756435 
0.669133 
0.392658 
0.131741 
0.629827 
0.610513 
0.509739 
0.746997 
0.205733 
-0.0500398 
0.742493 
0.153775 
0.678016 
0.0647001 
0.266786 
0.210988 
0.810134 
0.864822 
0.290393 
0.48939 
0.570505 
0.988169 
0.711846 
0.572696 
0.0905966 
0.345426 
0.873594 
0.654037 
0.501791 
0.582241 
0.72649 
0.59399 
0.522584 
0.358626 
0.49155 
0.812558 
0.719666 
0.676176 
-0.313617 
-0.92026 
0.53675 
0.322807 
0.333319 
0.258326 
0.984373 
-0.1031 
0.596242 
0.17038 
0.410509 
0.274007 
0.413527 
0.600928 
0.505625 
0.636193 
0.0991621 
0.508031 
0.170711 
0.495699 
0.463702 
0.522653 
0.102775 
0.708871 
0.267596 
0.321438 
0.804974 
0.539755 
0.510334 
0.525069 
0.31646 
0.392503 
0.512153 
-0.755732 
0.901153 
0.116056 
0.598718 
0.333368 
0.607111 
0.370436 
0.470092 
0.745238 
0.568225 
0.252035 
0.743192 
0.470342 
0.294266 
0.915014 
-0.395121 
0.476727 
-0.615152 
0.35473 
0.0709996 
0.224639 
0.560449 
0.274568 
0.279987 
0.430833 
0.464793 
0.557077 
0.417957 
0.392308 
0.351742 
0.385166 
0.33122 
0.400615 
0.468043 
0.483717 
0.517022 
0.632795 
0.298394 
0.343127 
0.200712 
0.118303 
0.262239 
0.453262 
0.214284 
0.840229 
0.321207 
0.474288 
0.417975 
0.604325 
0.37126 
0.483713 
0.858811 
0.715455 
0.53834 
0.608684 
0.368925 
0.419623 
0.766577 
0.521806 
0.115002 
-0.0412851 
0.135503 
0.78828 
0.237871 
0.419487 
0.539332 
0.508726 
0.440829 
0.23239 
0.440687 
0.936494 
0.921985 
0.811989 
-0.643331 
-0.545474 
-0.52367 
0.203421 
0.638771 
0.641651 
-0.697273 
0.99482 
-0.231894 
0.378873 
0.297177 
0.583047 
0.221721 
0.246982 
0.698883 
0.532047 
0.680514 
0.653824 
0.446299 
0.472738 
0.203394 
0.605676 
0.407769 
0.612626 
0.716143 
0.452627 
0.783092 
0.435124 
0.52428 
0.749759 
0.299203 
0.000653479 
-0.7626 
-0.0426792 
0.239336 
0.843728 
-0.716705 
0.710292 
0.33708 
-0.0981028 
0.638829 
0.686113 
0.402032 
0.00893624 
0.857484 
0.0451267 
0.228719 
0.386167 
0.00974972 
0.0792624 
0.782944 
0.721091 
0.555729 
0.293167 
0.491348 
0.273252 
0.574234 
0.673387 
0.458175 
0.415181 
0.226702 
0.341877 
0.418809 
0.705209 
0.438553 
0.911886 
0.419081 
0.835325 
0.965686 
0.454042 
-0.508702 
0.978614 
-0.523159 
0.717816 
-0.50919 
-0.15387 
-0.427975 
0.0230611 
0.446879 
0.711435 
0.482486 
0.853129 
0.567052 
0.347372 
0.388984 
0.618119 
0.215911 
0.214695 
0.227181 
0.559251 
0.308075 
0.135873 
0.894306 
0.655638 
0.304856 
0.0220014 
0.551959 
0.39653 
0.542253 
0.74144 
0.79206 
0.597784 
0.594184 
0.140367 
0.325985 
0.877032 
0.466622 
0.418931 
0.700034 
0.723869 
0.292402 
0.506868 
0.178343 
0.707668 
0.328612 
0.615831 
0.534903 
0.442198 
0.0852996 
0.570441 
0.537986 
0.446195 
0.773257 
0.246859 
0.265175 
0.389455 
0.505303 
0.494662 
0.318136 
0.332451 
0.860663 
0.442497 
0.820278 
0.316756 
0.297924 
0.264279 
0.190517 
0.467463 
0.408544 
0.951617 
0.362816 
0.545256 
0.492228 
0.194746 
0.753052 
0.412479 
0.558628 
-0.0278818 
0.97142 
-0.190091 
0.427974 
0.477314 
0.177266 
0.413738 
0.422133 
0.817284 
0.315835 
0.412271 
0.217985 
0.493078 
0.987141 
0.696186 
0.002778 
-0.343212 
-0.484845 
-0.483313 
0.291503 
0.322455 
0.363759 
0.230104 
0.653729 
0.470733 
0.460228 
0.288677 
0.85774 
0.542952 
0.161665 
0.249043 
0.490832 
0.255036 
0.996572 
0.199275 
-0.66562 
-0.578417 
-0.162391 
0.60764 
0.915443 
0.285334 
0.0463594 
0.198384 
0.673731 
0.430936 
0.392898 
0.370498 
0.479015 
0.380914 
0.379367 
0.425448 
0.450119 
0.466367 
0.675508 
0.286377 
0.41912 
0.637288 
0.507923 
0.41718 
0.800057 
0.825696 
-0.0184457 
0.409282 
0.943405 
0.248892 
0.15075 
0.886977 
0.239026 
-0.129915 
-0.704719 
0.989504 
-0.284954 
0.679649 
0.324686 
0.250218 
0.23426 
0.225986 
0.288259 
0.277806 
0.445297 
0.723551 
0.391112 
0.37735 
0.279134 
0.377557 
0.318906 
0.445003 
-0.209397 
0.363777 
0.392394 
0.704135 
0.53864 
0.399895 
0.300002 
0.554388 
0.434427 
0.684426 
0.329566 
0.352636 
0.454175 
0.109779 
0.265854 
0.338106 
0.324184 
0.419736 
0.319107 
0.397541 
0.772867 
0.836782 
0.834203 
0.965781 
0.703753 
0.990856 
0.224252 
-0.254255 
0.827679 
0.160024 
0.576832 
0.678001 
0.253561 
0.614151 
0.459893 
0.982818 
-0.775526 
0.962701 
0.0299465 
0.686609 
-0.398696 
-0.587265 
0.559266 
-0.440231 
0.612352 
0.274665 
0.312597 
0.728095 
0.867611 
0.472019 
0.590933 
0.301289 
0.396976 
0.0681774 
0.100559 
0.277588 
0.741697 
0.532232 
0.312056 
0.975059 
0.320365 
0.688569 
0.995391 
0.378769 
-0.104424 
