0.236681
3.97894
0.127621
0.576595
0.300879
0.200336
0.118346
0.205131
0.160238
0.133921
0.108719
0.414033
0.247066
0.186186
0.102781
0.100928
7.37851
0.208899
0.119276
0.10463
0.793977
0.109706
0.261685
0.414053
0.156426
0.174699
0.794765
0.101482
0.231401
0.403822
0.154772
1.65637
0.126787
1.06184
0.188077
0.130019
0.394467
0.105675
0.431953
0.102066
0.137799
0.109713
2.16816
1.88059
0.186362
0.145151
0.212995
11.5557
0.249699
0.139499
0.153004
0.130196
5.95636
0.326147
0.328741
0.591631
0.136662
0.105268
0.348265
0.604773
0.473362
0.229771
0.499948
0.538359
0.162389
0.122609
0.188267
0.189283
0.430564
0.19444
7.47333
0.576555
0.197317
0.185971
0.135241
0.138158
0.232001
0.693448
0.306991
0.282462
0.106615
0.415922
0.204507
0.123682
0.420242
0.180651
0.121802
2.82075
0.211719
0.281976
0.768971
0.276646
0.109971
0.104924
0.105776
0.110488
0.128237
0.41066
0.266396
0.140664
0.180331
0.110193
1.06129
0.249394
0.401287
0.620895
0.495397
0.134851
0.994026
0.16366
0.119094
0.146917
0.217842
0.342777
0.441946
0.136672
0.21048
0.115187
0.512008
0.235062
0.11182
0.354431
0.15199
0.371533
0.16913
0.148948
0.122798
0.136179
0.126336
0.198369
0.163978
0.421542
0.162769
0.288492
0.188591
0.211808
0.143151
0.233356
0.122393
0.112361
0.151888
0.943056
0.10881
0.789592
0.55625
0.142893
0.140144
0.175228
2.30773
1.09472
0.179729
0.351242
0.127675
0.146546
2.6431
0.173643
0.108217
0.172112
0.114854
1.00802
0.153476
0.175925
0.285659
0.21736
0.364965
0.143672
0.100051
0.113264
0.124273
0.222298
0.411761
0.172107
0.218618
0.129359
0.201882
0.222602
0.209321
0.195195
0.115315
0.113584
0.160009
0.384469
0.211782
0.218679
0.190984
0.228407
0.60117
0.191891
0.209707
0.112767
0.132252
0.220027
0.47719
0.2699
1.5215
0.32683
0.21283
0.185287
0.57054
0.132677
0.113247
0.143171
0.124238
0.101391
0.132113
3.47545
0.199141
0.166292
0.245683
0.112892
0.173506
0.140965
0.120927
0.128047
0.612243
0.10185
0.228944
0.225426
0.118117
0.152874
2.13225
0.824474
0.518498
0.130067
0.348139
0.112727
0.523639
1.01788
0.306335
0.217373
0.105812
0.106688
0.234885
0.306337
0.255083
1.23568
0.106839
0.111997
8.72912
0.309561
0.208025
0.164092
0.194444
0.111211
0.116
0.22819
0.262485
0.157348
0.105227
0.287477
0.239076
1.58369
0.899392
0.107999
0.111305
0.119663
0.262562
0.110094
0.124671
0.481895
0.331955
0.103676
8.07264
0.423377
0.257445
0.15489
0.2335
0.546725
0.174555
0.335879
1.21902
0.331989
0.746928
0.100974
0.168079
5.22527
0.146237
0.32631
0.473874
1.09439
0.266449
0.251509
0.10385
2.00764
0.225569
0.207936
0.141273
0.202018
0.118924
0.300452
0.175854
0.113263
2.74545
0.161109
0.132773
0.10425
0.17332
0.156355
0.114224
0.100449
3.52367
0.333241
1.91697
0.199639
0.1131
0.102564
0.11232
0.101075
0.132892
2.96675
0.173276
0.633667
0.249501
0.108943
0.247533
0.169206
0.151547
0.225419
0.187247
0.173601
0.207189
0.112598
0.101075
0.137705
0.118332
2.19379
0.216365
0.107866
0.120092
0.21696
0.404896
0.279142
0.300373
0.100046
0.458874
0.103112
0.227338
0.218495
0.115587
0.216338
0.713382
0.118537
0.145153
0.19399
2.76427
0.350278
0.155692
0.194051
0.559002
0.105799
7.35563
0.117085
0.286382
0.112427
0.200117
0.14293
0.208811
0.138297
0.187765
0.115858
0.25891
0.11591
0.245292
0.143312
0.335016
0.105421
0.114391
0.25818
0.104962
0.171211
1.04411
0.114326
0.1653
0.859409
0.315763
0.164445
1.84872
0.4831
0.119014
0.163235
0.11736
0.241627
0.289562
1.1569
0.288581
0.215765
0.131456
0.170168
0.18197
0.692566
0.147282
0.149888
0.120014
0.116393
0.158422
0.101826
0.245156
1.24387
0.137768
0.116887
0.117855
0.138826
0.146406
0.138326
0.266971
0.183636
0.309532
0.673814
0.153755
0.112507
0.210488
0.196673
0.105356
0.247371
0.101448
0.232872
0.100317
0.101257
0.229907
0.143486
0.295485
0.349623
0.181135
0.123711
0.318433
0.145162
0.165723
0.204167
0.282121
0.233284
0.32992
0.161388
0.107107
0.152614
0.408288
0.750879
0.109094
0.125491
0.391862
18.1331
0.137979
0.118282
0.220208
0.199104
0.165692
0.103223
0.200572
0.22485
0.108866
0.169349
0.146454
0.102357
0.396459
0.17621
0.300005
0.292714
0.114992
0.169136
0.10201
0.232533
0.433078
0.311934
0.163689
0.325315
0.475097
0.238715
0.495387
0.534851
0.154148
