-4.11172
2.73007
5.52467
103.348
111.204
113.609
120.39
138.687
146.156
179.81
223.285
276.946
284.36
301.172
334.887
347.024
172.427
-307.783
-287.649
-259.415
-254.868
-241.821
-174.67
-87.3715
-59.737
-22.8396
148.708
44.8779
-170.75
-305.482
-227.267
-198.767
-198.582
-166.545
-123.628
-112.209
-103.053
-81.1267
1.29677
27.6715
88.3455
97.6413
214.37
252.546
267.271
273.668
324.881
194.329
205.291
222.892
238.52
256.314
288.783
304.673
313.827
318.873
-326.585
-319.538
-290.958
-271.21
-251.556
-196.36
-25.9257
39.5943
-279.794
-283.042
-296.054
-292.373
-288.894
-274.633
151.674
-162.825
-275.853
-275.015
-255.569
-223.426
-198.947
-193.938
-190.204
-182.96
-49.1034
73.2725
100.99
104.018
152.54
178.432
215.457
227.401
234.187
235.72
250.423
278.704
296.044
302.776
331.812
342.494
-286.485
-217.77
-116.254
-86.7242
-21.309
47.8591
97.9532
116.518
128.571
177.48
237.475
250.708
280.545
299
344.794
-122.644
-214.134
-203.788
-283.568
-268.296
-225.319
-107.286
-44.5919
-20.6558
-8.441
-1.36528
106.785
149.343
173.986
183.652
256.379
314.451
340.091
343.098
-304.31
-303.846
-242.882
-228.881
-226.807
-156.539
-131.641
-49.7309
-39.7695
48.0004
77.4484
115.206
117.056
192.337
201.876
269.716
289.141
335.664
112.277
-284.274
-282.561
-179.077
-176.119
-49.1312
-39.2914
-24.9631
-11.8315
-2.92215
77.9441
213.648
216.964
234.608
241.082
289.596
325.974
327.401
347.926
288.234
255.433
-286.29
-339.271
-234.258
-238.39
-333.548
-311.198
-297.764
-264.96
-264.084
-250.229
-203.254
-117.525
-89.8502
-69.1905
-8.38633
-1.24687
83.9474
105.874
147.196
155.606
179.369
184.496
197.393
330.838
331.077
53.7473
160.214
-25.3365
-41.781
-311.393
-227.009
-242.378
-338.506
-339.784
-214.145
-236.726
-112.076
-259.78
-223.77
-209.969
-193.768
-176.47
-174.066
-114.571
-76.2018
-36.9322
-32.7911
-6.13837
4.6396
42.3266
66.9214
113.983
156.233
219.034
231.414
235.042
245.383
256.458
278.055
287.594
309.809
317.337
329.956
337.109
274.159
344.407
165.935
-335.735
-334.492
-46.3215
-309.159
-181.521
-176.126
-184.607
191.174
-318.038
-257.441
-282.936
-253.522
-240.783
-218.873
-176.257
-158.798
-104.918
-77.156
-46.9071
-8.9676
49.2828
100.168
140.141
159.676
186.284
242.352
266.643
291.089
-153.464
-279.475
-277.011
-275.885
-272.926
-264.631
-206.036
-141.532
-120.709
-107.491
-105.208
-69.1923
-65.5893
-54.9277
-33.1037
-23.0208
-6.63183
8.75058
51.5391
76.9734
83.6964
111.862
198.959
199.802
216.81
258.117
280.096
299.789
305.303
342.274
-316.604
-236.604
-229.14
-215.814
-192.06
-185.438
-82.6447
-64.0123
-48.0219
30.6461
68.3688
81.0119
82.117
183.857
241.072
245.273
251.518
262.284
298.834
-18.0524
-97.7617
-335.273
-312.045
-325.079
67.1495
-210.543
-186.679
-182.234
-149.555
-125.618
-49.1051
97.9136
197.051
209.264
235.006
281.67
236.099
316.135
-252.809
-277.551
-285.976
-285.97
-268.435
-107.788
-61.1636
8.04787
32.0038
34.0882
39.4611
108.146
144.428
245.12
252.014
325.81
345.856
349.922
81.4296
-277.09
-304.038
-309.668
-286.158
-195.2
-226.009
-202.532
-304
-267.985
-238.059
-196.755
-176.032
-145.439
-138.265
-105.818
-104.222
-65.7388
-17.6729
33.4431
164.339
168.979
180.605
194.144
200.23
218.683
234.858
276.508
315.079
317.258
30.4683
-328.653
-272.097
-256.153
-200.169
-189.151
-238.364
-238.02
-240.756
-310.351
-203.064
-162.017
-70.0063
-22.0033
2.87048
136.057
195.231
199.18
259.576
263.585
275.744
328.861
-347.938
-333.881
-324.91
-317.838
-224.919
-223.058
-212.067
-193.182
-188.425
-164.118
-106.298
-81.7039
-55.0451
11.9054
15.3585
20.9133
58.3166
91.7569
216.189
239.124
296.884
340.228
348.537
136.604
242.295
33.242
-310.595
-309.273
-223.619
-266.87
-259.882
-257.617
-233.07
-206.615
-203.73
-196.592
-161.189
242.308
-13.0246
-266.068
-293.835
-133.474
-189.16
-212.33
-193.454
-318.038
-279.537
-267.185
-242.767
-235.709
-235.341
-218.956
-213.896
-189.818
-172.459
-12.0955
104.878
171.866
311.754
315.006
329.794
197.341
-236.551
-13.7502
-300.592
-264.624
-330.177
