-243.539
-308.807
-331.751
-339.62
-202.793
-297.33
-313.932
-232.913
-284.389
-205.994
-334.481
-341.902
-258.829
-321.479
-322.252
-157.296
-213.124
-340.37
-344.453
-204.95
-316.804
-328.907
-314.439
-266.114
-261.546
-262.199
-272.392
-349.836
-337.862
-312.981
-331.154
-175.631
-235.915
-348.064
-318.587
-327.441
-174.686
-271.429
-271.653
-316.663
-349.194
-73.4208
-85.0187
-193.47
-276.657
-335.124
-292.266
-231.697
-269.222
-334.262
-308.073
-249.925
-293.34
-271.507
-333.299
-280.883
-327.044
-346.15
-238.539
-344.499
-93.7746
-118.378
-119.473
-229.346
-274.267
-303.965
-334.783
-329.018
-22.3727
-111.861
-94.2993
-136.628
-323.251
-249.98
-290.515
-164.388
-9.00038
-91.9503
-348.568
-300.651
-242.322
-280.269
-289.15
-333.393
-236.66
-271.44
-322.795
-344.746
-263.354
-343.359
-330.006
-70.0183
-300.165
-289.102
-345.676
-300.017
-111.207
-328.937
-294.084
-215.867
-293.437
-243.964
-297.524
-322.493
-331.287
-322.618
-333.981
-236.827
-349.715
-346.498
-330.751
-248.981
-329.316
-339.072
-263.523
-295.509
-271.248
-314.066
-292.309
-328.392
-210.219
-254.089
-228.035
-296.18
-304.075
-332.912
-253.139
-255.738
-214.09
-293.156
-184.738
-154.515
-284.247
-318.85
-200.481
-329.972
-319.009
-248.469
-331.898
-338.276
-223.151
-248.209
-295.791
-342.825
-336.559
-255.286
-316.413
-275.589
-281.588
-290.74
-273.23
-216.519
-218.643
-230.51
-246.988
-315.546
-334.452
-145.216
-268.857
-333.198
-316.41
-338.131
-166.567
-305.805
-328.63
-340.365
-318.825
-348.6
-349.68
-89.571
-315.057
-345.729
-348.508
-330.273
-259.192
-309.292
-295.837
-261.484
-315.354
-35.1705
-248.981
-324.99
-331.481
-212.01
-321.352
-330.862
-112.498
-224.798
-317.701
-293.94
-124.928
-344.188
-139.433
-247.352
-323.61
-345.403
-286.495
-323.677
-346.493
-177.105
-201.284
-277.359
-333.421
-304.192
-320.461
-309.96
-344.896
-195.48
-236.238
-288.897
-270.448
-242.417
-274.643
-223.928
-234.155
-340.09
-112.728
-323.685
-292.17
-347.829
-334.528
-334.826
-285.396
-320.003
-301.715
-285.541
-248.721
-184.777
-332.905
-332.322
-337.258
-240.55
-310.808
-338.672
-322.442
-330.712
-188.73
-242.642
-274.896
-323.769
-290.232
-226.129
-229.949
-315.701
-325.942
-332.917
-194.219
-235.706
-271.873
-276.943
-214.061
-259.601
-338.71
-188.989
-311.714
-336.673
-326.178
-187.941
-202.083
-173.661
-312.21
-343.628
-192.362
-251.808
-296.281
-320.973
-349.777
-307.355
-348.127
-234.127
-346.815
-216.082
-274.737
-170.294
-172.753
-228.257
-288.991
-321.551
-348.063
-277.32
-251.002
-327.695
-293.659
-341.214
-40.8903
-223.506
-331.742
-341.057
-326.411
-295.906
-327.483
-219.68
-306.985
-349.561
-173.594
-298.928
-344.206
-290.466
-308.557
-245.762
-255.763
-264.591
-210.976
-344.163
-218.079
-250.129
-263.453
-305.868
-323.393
-246.204
-349.52
-298.694
-327.184
-303.565
-276.881
-282.051
-319.047
-313.009
-261.945
-272.442
-280.592
-336.155
-248.461
-294.019
-313.249
-327.992
-218.43
-226.454
-333.751
-128.428
-291.571
-284.929
-324.966
-174.522
-303.876
-320.844
-24.3829
-332.685
-330.247
-322.016
-48.8662
-143.636
-293.012
-205.832
-302.87
-255.224
-219.922
-319.713
-229.54
-247.064
-347.833
-329.673
-280.638
-346.261
-347.56
-211.62
-291.247
-278.505
-275.74
-319.203
-178.915
-263.306
-347.834
-321.867
-104.495
-283.614
-307.597
-343.748
-141.666
-345.152
-316.568
-301.998
-170.753
-296.932
-336.928
-302.602
-296.711
-314.198
-307.219
-277.969
-328.491
-231.181
-345.576
-321.724
-336.489
-188.932
-266.135
-273.689
-253.199
-297.414
-314.668
-338.141
-284.257
-345.133
-349.321
-252.461
-287.13
-346.579
-209.864
-335.868
-282.073
-331.909
-341.172
-122.341
-220.845
-325.991
-292.258
-68.3471
-309.062
-333.727
-318.885
-252.682
-338.132
-338.468
-344.707
-273.176
-277.841
-342.493
-52.951
-271.963
-305.096
-330.529
-286.788
-320.069
-141.86
-322.454
-332.223
-308.55
-25.4757
-283.659
-313.334
-336.075
-215.648
-316.121
-183.313
-337.374
-266.298
-333.713
-340.347
-346.051
-349.942
-327.227
-337.79
-286.919
-334.018
-255.09
-301.572
-295.009
-282.652
-345.249
-306.079
-328.724
-347.513
-286.886
-348.649
-342.308
-134.142
-190.59
-164.64
-184.672
-309.649
-244.663
-324.782
-280.673
-286.221
-317.688
-307.008
-336.867
-284.011
-290.13
-343.091
-194.867
-218.214
-254.606
-320.51
-268.342
-316.229
-332.412
-331.353
-337.325
-288.194
-105.695
-175.607
-338.551
-311.429
-57.8255
-253.277
-244.907
-285.441
-282.095
-282.332
-333.544
-17.7163
-216.239
-255.675
-299.779
-286.736
-290.503
-347.056
-277.057
-300.989
-266.632
-301.347
-306.043
-197.795
-295.168
-295.322
-334.97
-183.782
-306.32
-224.743
-306.486
-347.583
-215.552
-321.651
-321.039
-317.625
-148
-168.183
-296.682
-188.287
-234.42
-329.624
-343.016
-287.815
-344.827
-330.717
-281.309
-189.365
-328.964
-336.081
-267.559
-342.701
-313.992
-314.711
-339.726
-276.056
-278.059
-300.208
-187.735
-318.014
-335.419
-340.729
-303.881
-341.076
-304.751
-342.806
-303.425
-321.867
-324.862
-293.561
-144.229
-245.67
-259.199
-199.65
-91.5805
-249.993
-258.448
-342.434
-306.919
-113.1
-218.105
-270.787
-257.852
-345.758
-166.827
-349.477
-252.251
-283.286
-342.089
-346.367
-309.547
-264.948
-334.334
-329.333
-327.231
-217.954
-319.707
-293.507
-332.544
-322.586
-264.357
-244.619
-322.497
-282.276
-294.362
-284.098
-324.821
-349.562
-249.617
-280.826
-308.729
-315.279
-283.932
-301.113
-314.51
-262.236
-233.708
-319.054
-265.675
-306.697
-329.103
-171.608
-183.949
-242.946
-343.037
-311.036
-289.748
-311.641
-278.865
-208.759
-329.022
-296.107
-285.68
-320.523
-174.937
-331.13
-141.795
-178.848
-269.573
-339.882
-278.787
-319.84
-258.381
-280.26
-341.629
-346.306
-34.6076
-117.572
-127.159
-175.079
-125.175
-253.292
-171.52
-198.374
-255.95
-330.493
-280.702
-158.171
-253.568
-260.089
-280.324
-322.063
-335.627
-291.428
-309.707
-309.784
-331.568
-219.036
-335.918
-348.636
-199.816
-280.993
-324.308
-271.769
-275.208
-258.204
-290.782
-344.716
-156.281
-340.562
-255.905
-252.29
-276.66
-294.704
-313.571
-345.536
-327.783
-338.932
-333.574
-278.723
-283.499
-330.076
-326.811
-286.144
-333.573
-348.039
-322.718
-329.301
-335.976
-242.261
-307.738
-338.063
-221.404
-251.661
-157.237
-300.952
-319.61
-343.667
-234.079
-273.299
-150.685
-238.068
-280.171
-303.266
-335.991
-252.351
-337.339
-300.343
-129.677
-297.816
-347.573
-223.583
-321.112
-302.025
-232.76
-183.156
-335.568
-219.994
-249.755
-223.794
-236.801
-311.424
-29.1254
-110.456
-217.64
-262.378
-337.051
-211.35
-348.983
-306.544
-289.703
-46.4688
-86.9541
-126.389
-144.624
-329.326
-182.15
-313.563
-335.576
-335.709
-307.658
-216.803
-318.266
-334.343
-324.426
-348.093
-333.857
-346.744
-339.596
-311.816
-231.521
-335.789
-252.61
-333.309
-159.225
-234.563
-253.078
-255.12
-233.809
-342.973
-149.293
-333.22
-133.844
-238.354
-184.757
-295.252
-316.88
-327.744
-218.531
-190.331
-201.844
-265.782
-293.782
-6.24289
-177.964
-295.575
-346.872
-311.337
-349.514
-228.724
-180.823
-329.912
-289.229
-168.792
-216.806
-256.01
-317.278
-191.352
-322.263
-208.537
-275.935
-325.824
-334.127
-321.16
-294.801
-338.75
-297.266
-217.667
-312.059
-349.479
-23.8195
-91.9122
-320.634
-185.959
-287.126
-347.177
-339.165
-152.559
-269.998
-347.342
-322.671
-330.93
-237.725
-323.204
-327.28
-316.934
-334.531
-341.898
-149.488
-248.188
-282.887
-346.832
-228.753
-320.483
-344.367
-349.753
-249.254
-346.069
-331.071
-256.871
-207.399
-298.144
-343.376
-334.14
-110.353
-241.265
-335.245
-248.947
-260.059
-273.293
-281.72
-344.443
-340.38
-342.014
-307.122
-343.147
-314.931
-329.333
-210.024
-288.442
-295.111
-315.116
-319.105
-339.73
-321.78
-294.063
-285.588
-348.021
-332.198
-245.644
-227.629
-296.167
-230.749
-260.193
-278.511
-340.891
-324.087
-342.122
-334.028
-272.889
-285.435
-310.837
-321.164
-227.031
-239.833
-242.323
-315.082
-344.025
-308.867
-291.238
-272.527
-292.571
-301.608
-343.174
-255.206
-143.74
-255.909
-288.943
-317.797
-277.938
-301.47
-339.224
-326.187
-202.19
-203.071
-303.019
-325.639
-210.259
-298.857
-190.638
-346.663
-347.191
-307.441
-199.403
-332.899
-233.91
-321.169
-340.414
-98.9439
-134.833
-311.411
-349.27
-301.974
-331.567
-342.636
-304.124
-323.401
-269.1
-348.559
-232.879
-308.528
-328.947
-343.312
-187.477
-224.158
-240.064
-343.627
-311.58
-324.036
-252.453
-278.713
-304.332
-304.475
-323.587
-348.003
-168.703
-235.644
-296.714
-301.707
-170.638
-226.684
-254.692
-275.611
-272.81
-347.386
-222.092
-256.977
-314.946
-284.143
-103.11
-216.913
-241.227
-309.02
-308.682
-335.292
-311.898
-258.39
-310.677
-339.806
-341.914
-107.764
-264.893
-300.13
-288.125
-245.12
-329.382
-283.653
-293.822
-321.899
-322.812
-204.686
-276.675
-213.308
-233.822
-231.721
-276.243
-216.804
-236.383
-137.484
-270.133
-271.728
-281.82
-250.083
-311.14
-333.916
-272.381
-306.759
-321.78
-297.648
-69.38
-303.668
-227.512
-256.269
-338.592
-349.975
-347.807
-188.521
-284.477
-347.221
-278.655
-63.82
-72.9845
-226.125
-294.67
-335.75
-326.46
-292.393
-313.111
-327.684
-344.764
-160.369
-172.454
-253.774
-341.501
-318.668
-342.942
-333.051
-241.891
-234.363
-300.635
-229.116
-334.324
-316.778
-346.861
-254.427
-341.345
-345.408
-342.901
-100.349
-136.561
-168.689
-298.968
-241.489
-276.669
-334.685
-206.352
-255.019
-341.276
-69.4413
-121.747
-309.833
-200.876
-209.579
-283.483
-285.415
-69.3523
-326.652
-334.066
-310.382
-307.831
-233.824
-240.147
-267.385
-286.348
-306.974
-280.352
-210.268
-274.116
-335.423
-287.708
-346.548
-321.549
-333.022
-260.775
-224.744
-322.448
-339.2
-312.395
-280.088
-265.442
-294.752
-186.222
-311.209
-318.2
-333.633
-242.086
-177.922
-232.836
-316.133
-329.278
-266.339
-337.801
-308.981
-288.112
-234.644
-296.908
-316.971
-322.263
-231.443
-234.371
-338.177
-214.875
-229.659
-342.955
-241.86
-341.8
-111.978
-342.203
-236.385
-300.038
-50.3001
-220.827
-278.314
-286.764
-323.253
-196.263
-284.254
-321.311
-323.678
-294.971
-225.579
-287.904
-310.375
-243.481
-329.87
-268.793
-334.823
-340.131
-341.471
-202.88
-302.168
-300.277
-344.962
-268.339
-65.5634
-339.15
-342.226
-314.721
-290.877
-259.382
-188.814
-246.673
-289.418
-28.5182
-241.871
-319.826
-343.645
-106.665
-309.078
-273.758
-311.901
-73.0138
-242.651
-193.707
-280.415
-239.916
-321.013
-313.243
-310.063
-329.427
-324.123
-339.34
-343.415
-346.557
-310.227
-328.671
-334.563
-242.123
-168.262
-252.711
-109.483
-114.664
-336.977
-327.393
-339.623
-346.427
-272.943
-344.273
-262.371
-285.479
-309.031
-201.035
-255.967
-282.674
-220.064
-319.852
-341.446
-43.5631
-47.3606
-287.77
-328.981
-291.806
-294.316
-313.065
-331.883
-316.605
-347.055
-298.733
-320.029
-344.764
-315.409
-202.589
-289.845
-316.452
-148.632
-287.499
-336.67
-263.106
-214.171
-292.602
-347.729
-303.046
-62.9779
-153.928
-241.818
-335.091
-172.583
-302.693
-296.1
-347.942
-346.161
-283.55
-332.984
-341.649
-262.934
-321.946
-325.913
-285.237
-288.43
-349.945
-345.379
-296.011
-332.334
-345.338
-332.459
-98.1074
-244.735
-308.026
-342.582
-242.654
-264.483
-349.667
-320.386
-119.669
-210.964
-259.653
-107.867
-186.706
-217.916
-241.874
-345.628
-292.823
-284.942
-316.714
-322.837
-301.524
-215.404
-344.253
-187.429
-234.157
-332.206
-324.119
-345.056
-267.306
-311.953
-332.557
-342.478
-207.845
-255.735
-335.172
-261.052
-292.097
-331.387
-336.892
-339.008
-318.114
-215.175
-219.37
-212.22
-312.975
-279.551
-301.477
-321.289
-258.169
-295.565
-289.158
-241.56
-321.851
-270.067
-274.726
-124.661
-198.931
-175.515
-225.29
-273.809
-280.492
-309.92
-53.7315
-296.731
-308.532
-303.613
-193.439
-336.713
-335.434
-317.85
-345.427
-315.224
-346.528
-349.291
-267.417
-282.49
-283.836
-346.049
-173.556
-337.55
-342.81
-242.597
-321.851
-298.424
-336.626
-338.45
-86.8854
-342.694
-292.616
-346.893
-282.437
-340.865
-300.172
-331.882
-234.95
-311.531
-324.859
-334.239
-331.682
-339.563
-233.041
-193.619
-109.668
-164.606
-245.811
-269.105
-273.828
-86.1954
-298.903
-325.383
-129.567
-331.928
-16.8228
-236.28
-177.954
-276.155
-338.824
-279.117
-34.9362
-153.451
-158.231
-286.113
-311.333
-238.386
-284.97
-309.058
-331.926
-268.624
-332.965
-343.049
-339.269
-24.2486
-176.616
-223.684
-266.581
-281.095
-340.879
-176.053
-264.859
-347.779
-300.874
-290.645
-256.27
-293.221
-334.504
-188.212
-219.103
-341.843
-251.244
-185.285
-307.348
-221.268
-326.68
-302.317
-318.119
-157.102
-305.686
-330.221
-272.133
-329.029
-223.841
-226.415
-151.234
-303.122
-333.184
-147.501
-156.666
-216.308
-250.385
-2.27895
-306.948
-345.378
-307.457
-251.083
-298.557
-336.68
-317.984
-349.774
-329.617
-304.465
-315.891
-345.337
-299.158
-310.629
-309.412
-333.169
-185.781
-288.442
-330.801
-344.262
-249.585
-229.902
-349.336
-264.845
-112.95
-336.876
-249.023
-323.638
-232.978
-257.495
-311.214
-340.265
-302.186
-304.477
-271.993
-294.143
-272.333
-328.761
-314.741
-344.963
-323.936
-240.333
-264.408
-294.809
-346.176
-277.241
-341.031
-337.4
-312.024
-334.819
-133.403
-322.851
-243.602
-289.882
-343.892
-346.686
-33.6123
-215.211
-334.721
-292.505
-279.859
-214.442
-311.107
-323.562
-287.273
-311.747
-295.121
-293.706
-213.179
-300.183
-246.027
-292.174
-323.893
-303.883
-311.371
-347.013
-344.169
-348.014
-329.227
-291.866
-188.787
-213.545
-313.173
-340.568
-341.839
-150.74
-189.938
-297.731
-247.671
-301.775
-230.675
-278.488
-314.306
-234.593
-273.972
-122.313
-211.701
-333.246
-343.895
-322.29
-254.852
-323.118
-344.064
-72.6052
-157.252
-228.036
-157.445
-259.114
-125.347
-159.399
-233.296
-279.408
-274.933
-320.691
-335.361
-205.819
-300.249
-230.283
-342.107
-262.069
-343.187
-298.413
-330.804
-278.912
-308.668
-290.337
-325.416
-346.047
-297.489
-326.616
-328.746
-330.527
-342.34
-326.57
-291.4
-202.187
-279.848
-301.925
-343.293
-327.391
-306.263
-321.393
-274.964
-288.809
-5.40547
-41.2558
-113.76
-200.467
-339.332
-323.665
-294.874
-320.576
-202.019
-267.954
-276.029
-282.01
-334.114
-343.072
-140.323
-219.795
-275.914
-187.163
-240.096
-290.962
-304.474
-329.795
-327.599
-232.106
-323.514
-276.454
-333.445
-327.568
-278.886
-320.173
-349.847
-248.017
-328.57
-309.974
-80.9508
-277.004
-326.195
-188.854
-265.735
-287.628
-337.607
-348.448
-73.5773
-142.116
-147.897
-266.739
-322.366
-335.112
-279.722
-320.877
-330.907
-287.922
-148.283
-318.876
-294.95
-221.675
-345.739
-214.597
-308.64
-281.784
-330.499
-286.079
-337.087
-235.826
-256.435
-302.319
-249.595
-288.112
-337.758
-301.777
-257.921
-218.798
-227.246
-235.635
-254.519
-324.763
-228.094
-275.004
-333.058
-117.327
-340.924
-213.795
-248.607
-324.261
-346.217
-318.935
-325.876
-157.435
-318.82
-348.811
-217.671
-324.01
-328.93
-232.713
-342.962
-287.482
-251.326
-311.994
-319.06
-240.043
-278.783
-327.415
-332.558
-295.697
-342.141
-303.092
-301.995
-338.293
-328.356
-173.084
-206.455
-308.953
-284.657
-304.939
-346.969
-241.741
-177.726
-255.244
-325.44
-348.107
-243.673
-333.138
-320.27
-318.943
-312.303
-342.854
-332.131
-318.477
-343.468
-322.377
-302.17
-342.996
-343.453
-245.695
-143.714
-169.024
-210.047
-291.635
-277.472
-218.233
-230.223
-231.548
-307.707
-74.7438
-300.71
-312.305
-319.655
-52.6781
-176.548
-286.303
-198.14
-349.956
-281.768
-269.121
-334.324
-349.09
-291.525
-293.053
-324.807
-208.291
-262.664
-344.746
-126.986
-128.832
-318.61
-323.147
-251.753
-342.845
-112.515
-147.378
-192.151
-230.787
-252.533
-317.601
-251.412
-325.511
-155.956
-158.851
-308.635
-325.665
-297.746
-260
-344.359
-286.288
-335.246
-334.051
-293.491
-185.818
-266.751
-340.494
-216.048
-271.625
-214.804
-298.54
-225.429
-335.666
-330.583
-339.15
-314.351
-325.436
-259.119
-321.026
-296.091
-216.646
-349.715
-304.455
-234.923
-248.071
-140.747
-277.941
-246.672
-281.372
-323.872
-285.517
-336.577
-279.258
-339.076
-343.214
-257.438
-341.432
-278.499
-337.796
-280.808
-319.998
-325.317
-18.6438
-78.9133
-115.103
-293
-318.81
-257.758
-186.043
-289.122
-57.7102
-229.464
-173.284
-208.597
-279.629
-313.595
-319.758
-302.165
-224.94
-284.834
-327.306
-268.162
-303.572
-118.668
-186.884
-254.861
-256.403
-216.6
-303.391
-343.895
-313.26
-346.569
-198.487
-332.033
-317.631
-325.151
-349.826
-249.152
-328.108
-305.386
-311.338
-324.742
-335.495
-219.446
-284.56
-207.014
-181.72
-311.949
-324.387
-335.68
-346.165
-329.295
-305.11
-327.899
-293.506
-174.327
-200.883
-328.585
-297.626
-334.4
-198.044
-342.839
-260.239
-226.871
-329.377
-237.645
-266.107
-267.017
-284.36
-291.323
-348.134
-177.944
-113.214
-261.953
-267.068
-214.223
-339.107
-265.531
-297.928
-309.531
-273.487
-276.057
-258.711
-347.424
-251.817
-340.928
-271.267
-259.742
-274.126
-330.801
-347.24
-291.318
-319.547
-326.969
-338.674
-339.979
-272.975
-323.98
-296.637
-231.654
-304.249
-339.453
-346.702
-294.257
-292.141
-307.058
-322.681
-317.232
-323.153
-272.294
-235.189
-287.261
-326.372
-336.011
-206.603
-192.609
-99.7284
-295.98
-301.738
-182.423
-301.573
-328.723
-218.337
-326.093
-339.991
-241.339
-220.826
-269.436
-342.948
-323.336
-277.797
-274.311
-314.132
-323.76
-212.69
-292.032
-324.246
-340.877
-229.335
-268.332
-282.093
-254.036
-347.35
-348.198
-343.022
-331.441
-338.796
-189.307
-192.843
-300.07
-248.124
-301.333
-346.231
-278.06
-325.641
-304.947
-343.32
-228.338
-274.998
-290.982
-321.179
-329.43
-325.569
-324.537
-167.688
-269.482
-279.761
-312.548
-344.671
-336.161
-338.006
-220.144
-299.383
-310.306
-219.817
-231.605
-292.973
-309.311
-310.814
-325.979
-339.034
-316.36
-323.135
-273.907
-239.639
-180.836
-178.662
-281.913
-249.628
-142.777
-200.194
-309.747
-131.001
-161.108
-224.346
-193.968
-330.725
-331.018
-208.994
-254.371
-329.217
-248.938
-284.805
-225.168
-124.826
-297.189
-165.219
-325.81
-343.106
-58.717
-212.84
-346.45
-345.65
-349.628
-262.16
-334.384
-314.487
-341.383
-167.861
-295.938
-343.324
-339.572
-249.462
-323.251
-276.235
-317.543
-289.688
-295.712
-191.627
-284.892
-233.387
-240.798
-319.103
-284.712
-337.688
-326.463
-276.605
-294.2
-321.057
-258.503
-317.862
-295.304
-300.768
-344.223
-187.271
-258.728
-274.829
-187.364
-256.86
-289.359
-323.224
-336.856
-191.276
-329.642
-263.035
-287.191
-332.928
-275.042
-324.63
-335.008
-223.572
-344.306
-303.792
-237.329
-329.48
-158.951
-254.283
-310.594
-328.919
-294.946
-311.734
-297.059
-320.71
-333.985
-102.432
-135.011
-144.833
-148.287
-246.768
-325.03
-344.511
-306.919
-328.128
-260.705
-348.988
-298.809
-181.093
-305.415
-301.035
-327.285
-275.196
-334.545
-306.413
-327.395
-89.66
-168.773
-270.193
-312.479
-289.589
-266.123
-340.827
-166.692
-208.241
-302.374
-332.089
-286.406
-287.114
-324.409
-341.96
-266.568
-85.9915
-214.744
-242.597
-204.704
-282.023
-331.56
-298.291
-343.403
-276.582
-329.503
-329.91
-324.816
-316.178
-278.409
-321.462
-302.723
-294.893
-294.972
-338.803
-338.542
-262.896
-339.069
-303.047
-329.141
-294.51
-340.112
-306.311
-335.251
-247.069
-245.673
-345.979
-287.052
-327.948
-275.756
-205.624
-338.148
-343.61
-228.232
-240.885
-334.339
-222.551
-185.418
-276.727
-147.578
-210.697
-333.921
-288.243
-328.423
-348.029
-296.915
-250.64
-338.348
-331.083
-275.907
-322.078
-235.655
-330.241
-333.278
-349.173
-321.849
-340.249
-217.397
-251.814
-331.299
-285.294
-59.9434
-78.0977
-96.7167
-107.637
-261.838
-307.714
-163.599
-178.098
-297.134
-118.972
-242.487
-300.672
-274.741
-341.573
-158.246
-180.936
-227.755
-333.15
-320.889
-300.975
-279.277
-322.365
-341.879
-264.098
-48.0141
-136.227
-195.805
-219.45
-263.613
-216.561
-229.437
-265.31
-313.417
-180.64
-241.26
-338.49
-297.68
-314.894
-347.972
-229.493
-220.671
-320.611
-162.232
-334.856
-232.26
-232.313
-267.816
-326.226
-152.617
-323.175
-261.755
-338.03
-248.994
-119.294
-147.422
-213.367
-335.995
-242.553
-244.072
-272.206
-299.627
-281.771
-302.2
-336.255
-288.043
-153.579
-193.586
-311.622
-265.476
-318.268
-343.977
-163.572
-173.742
-261.072
-267.712
-341.904
-46.7579
-308.532
-327.872
-340.674
-309.033
-239.526
-153.494
-335.027
-291.344
-166.938
-212.013
-301.896
-345.65
-301.124
-269.764
-317.615
-304.342
-189.096
-347.008
-345.581
-268.672
-339.93
-313.989
-96.3705
-172.988
-345.47
-47.6533
-346.255
-296.064
-322.032
-223.395
-271.626
-302.878
-320.51
-187.394
-313.754
-345.063
-302.726
-320.61
-294.399
-299.756
-261.533
-244.341
-336.735
-264.412
-301.737
-270.665
-334.734
-342.619
-167.117
-346.573
-300.294
-313.526
-253.818
-331.347
-317.806
-289.041
-337.681
-286.376
-179.201
-281.216
-27.907
-180.166
-271.086
-330.758
-312.124
-232.241
-242.826
-307.357
-317.987
-127.568
-288.036
-334.534
-344.02
-264.201
-308.612
-259.522
-294.096
-324.216
-334.183
-311.962
-272.174
-344.3
-348.075
-347.122
-286.264
-321.621
-224.724
-248.421
-327.227
-286.011
-255.395
-263.848
-301.893
-335.257
-297.962
-275.7
-313.808
-346.631
-168.15
-328.705
-26.6154
-233.085
-268.785
-286.698
-147.882
-303.895
-334.141
-101.217
-139.891
-224.156
-333.28
-129.213
-292.862
-249.06
-257.091
-319.329
-320.683
-294.185
-345.672
-293.858
-230.128
-254.459
-307.826
-300.216
-319.775
-310.165
-315.285
-346.078
-310.311
-273.83
-320.653
-213.913
-294.039
-291.599
-328.356
-309.979
-326.749
-339.678
-337.189
-333.859
-295.325
-303.768
-305.801
-140.779
-310.709
-302.995
-290.513
-310.908
-312.705
-303.769
-314.181
-317.604
-318.48
-305.295
-327.105
-211.473
-221.495
-231.867
-256.051
-115.83
-154.034
-208.384
-318.579
-321.34
-322.777
-328.158
-348.023
-284.503
-287.239
-72.4254
-80.4306
-115.234
-165.213
-277.596
-315.618
-346.78
-289.709
-346.311
-222.699
-236.257
-252.034
-266.569
-288.685
-248.984
-277.598
-340.942
-263.522
-341.149
-320.172
-349.088
-241.997
-345.688
-293.236
-346.695
-285.31
-306.825
-312.659
-306.621
-338.981
-237.646
-333.771
-307.824
-314.057
-303.33
-242.13
-298.022
-344.326
-130.696
-349.15
-344.413
-345.473
-331.858
-331.95
-333.986
-289.1
-191.574
-297.009
-217.723
-333.512
-296.645
-300.319
-348.985
-292.116
-344.164
-346.272
-200.664
-290.869
-296.663
-303.689
-329.385
-212.589
-248.467
-300.854
-343.719
-258.516
-315.363
-333.465
-282.334
-339.121
-314.055
-279.753
-279.938
-338.199
-260.51
-232.003
-343.864
-349.329
-328.1
-282.351
-285.838
-310.234
-349.443
-299.052
-329.977
-173.195
-264.138
-300.28
-331.09
-89.2053
-182.46
-121.148
-126.68
-335.167
-332.098
-346.672
-292.701
-347.516
-169.911
-180.148
-225.629
-235.567
-338.934
-249.372
-241.535
-250.544
-255.34
-172.177
-220.846
-284.854
-192.768
-325.212
-284.396
-263.197
-345.689
-220.603
-221.983
-343.205
-305.849
-315.794
-347.343
-318.4
-310.081
-263.38
-325.946
-341.116
-342.408
-83.7101
-123.736
-349.472
-334.218
-345.435
-321.637
-302.259
-345.188
-329.128
-338.461
-227.409
-259.99
-327.494
-206.867
-303.304
-348.242
-156.44
-205.075
-337.598
-348.408
-180.295
-343.332
-283.67
-249.79
-265.75
-314.638
-37.3546
-43.3674
-200.704
-334.066
-257.985
-342.089
-291.133
-291.198
-282.131
-230.755
-299.915
-348.196
-341.762
-259.867
-308.008
-313.915
-339.716
-316.118
-308.246
-348.431
-197.733
-237.314
-216.678
-130.457
-157.657
-155.345
-160.138
-284.511
-301.928
-278.648
-276.884
-314.415
-279.059
-165.937
-195.822
-339.706
-304.337
-291.597
-312.863
-334.219
-167.685
-176.574
-204.982
-345.41
-105.925
-195.032
-348.077
-339.791
-225.437
-338.199
