0.130144
3.30138
0.861581
0.946872
0.261852
0.319847
0.347127
0.651865
0.167062
0.79999
0.200984
0.264895
1.08607
0.311547
0.280332
1.03629
2.66284
4.15973
6.36037
0.765243
3.38949
0.278306
0.575796
0.649102
0.221715
0.173931
0.721141
1.70046
0.151468
0.322645
0.130471
2.59966
0.360189
1.11986
1.16365
5.09507
1.08934
0.150336
4.5215
1.96732
0.346804
0.232768
0.178332
1.08693
0.474243
1.44115
0.285374
0.15955
0.190216
0.395387
1.26775
0.135314
8.42319
0.385797
0.543221
0.183024
0.354509
1.26303
2.52339
0.507662
0.376438
0.336658
0.736078
2.62563
3.84449
4.78972
0.921103
2.61749
0.104231
0.258031
3.41418
0.612905
0.129917
0.955157
0.228617
0.15371
1.17344
0.71935
0.144988
0.184686
2.4062
0.445286
1.82839
8.95012
2.33387
0.173638
7.26273
0.369604
0.186668
0.185585
0.162725
0.233843
0.417192
0.127929
0.246763
0.119372
15.3541
1.90142
0.123034
0.201409
0.12669
2.90649
0.258023
0.15594
0.19501
3.14987
0.417735
1.35762
0.258881
4.64473
3.84586
2.47245
0.37654
0.229913
0.12851
0.247214
0.125636
1.92231
0.163044
0.142518
6.82049
0.202504
0.131181
0.234971
0.147619
0.127556
0.773014
0.177258
2.11368
2.03275
0.38046
1.03468
9.41066
5.05392
0.24414
0.176214
1.52795
0.16672
0.291665
0.167533
0.13325
3.68801
0.150746
1.64064
0.236013
8.51815
0.611486
1.02569
1.91135
0.827963
1.20731
0.87093
0.160183
5.22708
2.40146
0.156454
0.841155
0.274876
0.527356
0.10918
1.46001
0.273129
0.987528
7.61963
0.100236
0.245016
0.183483
0.128263
0.572204
6.89411
0.274723
0.334435
0.18256
2.01423
0.466134
0.238346
3.09512
0.538594
2.18351
0.17318
0.136975
11.7259
0.122059
0.674735
0.11306
6.37044
0.190954
0.503855
0.689244
1.91161
0.316608
2.16194
0.105603
0.12661
0.221084
0.364532
2.12998
0.203671
1.14697
0.120181
0.36904
0.564871
2.35838
1.22177
0.181713
0.243092
0.343033
7.44171
0.151274
0.761801
0.313264
0.111708
0.422213
0.238426
13.4397
3.49259
0.166176
1.16172
0.300504
1.47525
4.95571
2.35114
1.50975
0.79968
1.08437
0.114829
0.12465
0.165205
0.538673
0.514779
11.5396
2.95657
11.2052
0.680076
0.140691
1.567
0.219433
0.157085
2.12778
0.615228
0.39689
0.102424
1.04573
0.18401
1.21929
1.58585
0.117724
0.129978
0.196305
0.12959
3.0444
0.312808
0.743499
0.355808
1.26711
0.504061
4.41339
0.686686
0.562601
1.48639
0.369316
0.147119
0.185318
0.255985
6.86
0.17772
0.150714
0.377552
4.77695
0.547417
0.387234
0.269152
0.773591
2.83606
0.569565
1.95142
0.168815
2.37673
0.342986
0.416833
0.853206
1.37695
1.46216
0.108966
1.01839
1.00533
0.116078
1.63186
2.88717
3.51991
0.141675
0.316775
0.626608
0.148894
1.58299
0.653006
0.396982
0.870792
5.65033
0.252892
0.178546
1.5859
0.15499
0.116552
0.283181
0.484671
0.521975
0.438476
3.07866
0.429169
1.01971
0.143667
4.06161
0.302273
0.283501
0.127752
0.257992
1.04801
1.1376
8.19543
0.327837
0.11092
0.485361
0.433509
0.102011
0.124826
0.272508
0.696515
0.387097
0.276489
0.264036
0.240233
1.0304
0.103745
0.299536
27.232
0.141371
0.320892
3.75992
0.539259
0.213147
5.63426
3.77733
0.112954
6.41304
0.281918
0.137907
0.449977
0.267009
1.04437
0.429933
1.62817
0.122553
0.126898
3.04153
0.137778
0.227482
3.41377
0.26886
0.328455
0.163307
1.19638
2.17017
2.84418
3.93369
0.144589
0.319345
1.41254
0.270406
0.300479
0.788464
1.07134
0.464844
0.593348
1.35725
0.413103
5.49752
1.25059
0.116042
1.40144
10.0801
0.154067
0.288378
6.08575
0.695612
0.22484
0.534785
0.592922
0.255427
3.39872
1.86021
1.79696
1.18294
0.863242
0.2274
0.27728
0.125545
1.74368
19.1642
1.13963
2.43826
2.29403
0.371011
0.440275
0.537687
0.243892
0.312888
7.37765
0.322177
0.319154
0.824042
19.3249
0.144023
0.888153
1.64858
0.272517
0.137883
0.705158
0.27481
1.42359
0.225764
0.362592
0.107207
0.216056
0.403893
0.169002
0.517614
1.36977
0.101571
10.0605
0.549405
0.107712
0.211009
3.56163
0.528873
0.622601
0.166923
2.62956
9.73055
0.475319
1.22969
2.12309
0.240711
0.859174
0.452288
0.379537
0.103658
0.200075
0.1373
4.00048
0.225276
0.141708
0.154263
0.157238
1.06241
0.168889
0.408765
0.985853
0.130052
1.00567
3.26448
1.35663
2.81434
0.446262
0.475513
0.186902
0.122367
0.294424
3.0934
0.306571
1.56754
1.85128
0.523115
3.59236
0.105622
0.1068
0.233269
5.30822
1.42925
0.60394
0.205918
0.117625
0.671456
0.869668
0.202598
8.67694
2.56712
0.6186
1.23233
0.205551
0.130449
0.225252
0.760677
0.209795
6.14113
0.34605
0.263188
0.473115
1.15206
8.47991
0.129626
0.162666
0.410601
0.259193
0.198633
1.31342
0.127839
0.730286
0.372935
12.6998
0.529699
0.45533
0.211141
0.256424
0.129079
4.84756
0.201951
0.38612
0.123499
0.858652
2.2589
0.377437
0.193095
2.9605
0.122435
0.192434
0.404493
0.313914
0.126035
0.483639
4.24681
0.394031
0.115408
9.37128
0.187278
6.54757
0.206813
0.645964
0.117486
0.768095
1.20678
1.04007
0.41453
0.422322
0.82723
1.86716
0.237458
0.411924
0.222991
0.137737
1.57638
0.334011
0.967518
5.66574
0.362058
0.192331
0.833757
0.312491
0.346147
0.341416
1.47136
0.431184
12.4653
0.136342
0.129439
0.827721
0.378623
4.69415
0.173965
1.42029
0.684765
0.313326
0.133934
0.152608
0.346716
0.1665
0.409364
0.174677
0.15818
7.84729
0.876142
5.67031
0.204728
0.757473
0.134746
0.589865
2.08044
4.49353
0.155673
0.135898
0.34483
0.289212
6.08316
0.191819
1.47562
2.84065
0.640803
1.62969
1.29924
0.122743
0.174999
0.894467
0.357458
0.815917
1.20939
0.123251
5.36436
1.35853
0.266793
0.494123
2.13582
3.99056
0.122824
0.120305
0.230167
0.271839
1.06314
0.118113
0.118598
0.229393
0.222013
0.406563
1.58193
0.11462
0.11236
9.42358
1.48859
0.137012
4.95673
0.395217
1.48301
0.17453
5.79009
0.126439
0.135741
0.429212
0.186859
0.267671
0.104039
2.69479
0.704276
0.388073
0.801654
0.554788
0.288623
0.313255
5.73484
0.773598
0.703089
1.20017
0.180282
0.319014
0.156726
1.6784
0.449613
0.447741
0.282205
0.134248
0.129844
0.211316
2.00531
0.132562
3.14807
3.9409
0.10023
3.18274
0.110128
0.236784
0.604884
0.679168
0.388473
0.219996
0.181127
3.90446
0.953833
0.115327
0.266043
0.688691
0.524838
1.798
0.410667
0.316914
6.84893
0.211357
0.429309
0.104627
0.736773
0.525502
1.73748
3.29135
0.886
1.93265
0.318812
3.32975
1.53872
0.181751
0.295105
0.62757
1.38745
0.131191
1.60387
0.336473
0.37772
0.24348
5.62696
2.91137
0.150967
0.127693
1.21016
0.784603
0.201628
0.268681
20.525
1.38189
2.48455
0.350094
1.81397
0.114297
2.21805
2.64989
1.39403
0.109155
0.303487
0.638914
2.85893
0.165475
0.45056
6.64287
0.780075
2.4838
0.122754
0.125911
0.743584
0.160913
0.199327
0.347072
0.117187
7.64158
0.165346
2.69319
1.0111
0.144193
0.373505
0.142253
0.320023
0.199759
0.326215
1.38341
0.335717
0.138964
0.235171
0.309463
15.8633
0.626392
0.115906
0.13217
0.185352
10.7636
0.597647
0.418058
1.13549
0.137097
5.39189
5.78956
0.125386
2.81768
3.33777
0.373488
0.300647
0.118757
0.194128
0.52298
0.412277
1.25263
0.686377
0.513002
0.765572
1.2187
0.269744
0.19895
0.147531
1.59876
1.23837
1.39503
0.220137
0.213995
0.166925
0.13682
3.29934
2.05484
0.307886
0.288711
0.224251
3.56116
2.8277
2.41179
0.432485
0.279464
0.161131
0.559063
1.77438
1.85911
0.511661
0.228965
3.75164
1.63422
0.30558
0.126743
1.78595
0.380056
4.23113
1.36662
0.120765
2.37995
3.11983
0.409289
0.118533
0.205647
5.21314
1.00262
0.465122
0.121213
0.912471
0.342684
0.180137
11.4395
0.228218
8.244
0.166749
6.45133
0.190351
0.223225
1.36174
4.65151
0.753682
1.49329
0.156165
0.44427
5.82441
0.137801
2.42839
0.123641
2.23157
1.13202
0.410558
0.30867
0.903647
0.111542
0.501275
1.07191
4.0477
0.137036
0.159852
0.129382
0.278494
5.68982
0.223141
0.351082
1.4209
0.158234
8.4329
0.167924
2.90987
0.375377
1.76897
1.05179
0.19939
0.999035
0.757521
0.134465
2.01309
0.260107
0.244877
0.657458
1.08448
0.167931
1.78363
0.204168
0.436534
1.26324
0.985332
0.142208
0.555201
0.186991
0.509811
0.115095
0.148351
0.100602
0.971348
0.150803
5.67897
1.76759
0.2516
2.37025
0.202845
0.207886
0.13298
0.104903
0.875999
0.109203
0.296734
1.40846
5.49613
0.85937
0.109537
4.83058
1.62885
0.517244
0.340011
2.14492
0.12938
0.815678
0.719882
1.44204
5.07824
4.77482
0.37786
0.428989
0.117208
0.156247
3.35896
0.736189
1.18524
0.300188
0.510631
0.192111
0.147324
0.23605
3.49343
1.08835
0.616468
0.143343
0.232566
0.174253
0.485403
0.628104
0.997023
0.444418
0.31374
0.417406
0.138881
0.847223
0.770902
0.174391
0.44261
0.187224
0.109916
1.05891
0.23594
0.363634
0.301128
0.424166
7.93384
0.272078
0.102777
3.26822
4.20921
0.725331
0.668582
2.5505
2.0865
0.139507
0.398366
3.09519
6.2116
0.184433
0.706814
0.300056
0.501998
0.314273
0.113591
2.61603
0.224966
1.48469
0.168354
0.118721
1.56396
1.86135
0.282108
0.984181
9.29802
0.150894
0.631201
0.459165
1.80838
0.688482
0.160087
0.162201
0.109456
3.30459
0.658753
0.582377
1.01124
0.159314
0.491814
0.123144
0.109292
4.06656
3.72018
1.26471
0.121664
1.59513
10.482
0.444914
0.239147
0.293295
0.112751
2.20558
0.224594
0.324949
0.61319
0.32851
0.118034
0.339376
2.33133
1.19564
2.58093
0.224903
0.587254
1.06271
0.106307
10.8077
0.317287
0.676535
0.297548
0.302603
0.531117
2.29087
0.15801
0.51645
2.095
0.152464
1.67469
2.14905
0.162765
3.1715
0.109832
0.112266
0.211382
0.611633
0.164095
0.506802
5.8407
0.342508
13.8332
0.168402
0.883341
0.512521
1.40351
0.255399
0.764725
0.234641
0.126369
0.212296
9.30124
0.21033
2.79849
0.292317
0.582428
4.72272
0.425327
3.01681
0.326837
0.197792
0.240023
0.24976
0.528256
0.512814
0.242184
5.25072
0.499834
0.111749
0.165903
1.16844
0.625625
1.24963
2.35908
0.390723
2.04862
0.748692
0.248222
1.14572
1.23518
0.148246
0.92689
0.236603
0.130073
0.822048
0.166152
0.25754
0.513527
0.35254
0.594344
3.98306
3.34507
0.537327
17.6863
0.283193
7.58744
8.0327
0.508808
0.722069
0.672543
0.15467
0.194184
2.49051
0.873366
9.2917
0.219302
0.224348
0.671763
0.140351
2.60952
0.260706
0.300281
0.297601
0.143056
17.0717
0.179362
0.638552
1.17103
0.548965
1.43258
0.435479
0.807478
0.122065
0.187619
2.28876
0.111937
0.105626
32.5196
1.08415
1.41193
0.277078
0.81387
2.75664
3.29759
0.272974
0.110473
0.245483
0.261412
1.38817
0.391658
1.05488
0.88143
2.52855
0.269599
0.750483
0.555142
4.20621
2.09064
1.18793
0.213772
2.36014
0.284715
0.611585
0.266293
0.183789
0.196713
0.304199
3.00999
9.98626
0.994987
0.332219
1.79423
0.826742
0.752797
0.770831
0.225066
0.423442
0.106291
0.502994
0.877661
0.43644
0.174051
0.13014
0.110542
1.88178
0.338427
7.0692
0.555547
0.417226
0.168432
1.15499
1.15638
0.307848
1.01291
0.799828
2.57855
0.730307
0.104033
0.574418
0.199194
0.208012
5.29472
1.09872
0.302021
6.80851
1.59865
0.343314
0.321664
0.822198
3.80097
3.69499
0.133929
0.966238
4.60167
3.84673
0.259986
0.566828
1.20509
0.194457
0.497579
1.12741
0.245926
0.134649
1.62626
0.123588
0.46414
0.111665
1.47634
4.43531
0.549524
0.390355
0.14024
0.139279
1.51865
0.463471
0.233704
0.810504
2.66335
1.3195
8.69508
0.47971
0.142768
1.80645
1.32518
2.38962
0.111963
0.106062
1.02522
1.12303
2.9461
7.45931
0.311584
1.09055
1.48358
1.1838
0.235975
4.17162
2.57031
0.437114
0.220341
1.00296
0.495022
0.965703
0.391245
0.338607
4.69179
0.12549
0.989299
0.518672
0.129284
9.71697
0.209631
0.532956
0.564483
0.378125
2.60255
0.227091
0.227063
0.44413
1.58483
0.560258
0.931114
1.73079
4.77434
1.64103
2.43289
0.183085
0.122782
0.747211
0.618765
0.147859
0.500956
0.25889
0.479334
1.2652
0.67288
0.188747
0.249384
5.17074
0.227246
0.116591
2.84454
0.219093
0.317935
1.8863
0.113143
3.11849
0.133634
2.49006
0.286256
0.350857
0.414044
0.838169
9.61751
0.429044
0.332198
0.905261
0.360069
0.25876
0.464095
0.23524
1.73696
0.31682
0.458263
1.1926
0.624938
0.575157
9.75109
0.238588
1.61766
0.114147
0.139219
1.8539
0.338947
0.459703
0.428294
0.115969
0.121764
0.247185
0.631426
1.05798
1.96851
2.29879
0.517413
0.960005
0.105877
0.189389
0.264451
0.898628
0.60493
0.144051
0.177608
0.250634
0.362522
0.130208
0.114117
2.10482
0.381833
0.172199
0.920882
5.43581
10.0307
0.129247
0.314441
4.40659
0.299852
0.810225
0.294434
0.269647
0.661698
0.958282
2.26768
0.109303
0.927166
1.90989
1.75299
0.36698
0.493273
1.81396
0.365422
0.112256
0.117953
1.08461
8.48827
0.485825
3.95362
0.372808
1.23982
0.145475
2.0883
9.91969
2.11897
0.176123
3.39945
0.828703
0.170478
1.04094
0.111034
0.625405
0.118254
0.271197
0.22809
1.09492
0.751316
0.73265
0.204252
0.211691
0.128178
0.116628
0.236799
0.148525
0.130699
9.54199
0.133514
0.191201
0.335759
1.06914
0.248958
0.225871
0.110118
7.74379
0.830625
1.14387
0.193705
0.153252
0.411844
0.864173
0.497957
1.68377
2.82306
5.35347
2.64071
0.211726
0.270709
0.357338
0.717485
1.6203
0.122715
0.345233
2.67995
0.339456
0.778052
1.13379
6.15601
0.280555
1.84742
9.69863
1.37441
0.458688
0.21277
0.768106
5.84103
0.111764
0.372523
21.8695
0.837051
0.2595
0.624029
0.139456
0.123116
4.92528
0.691021
0.15413
0.472649
2.2365
0.373356
0.122963
1.5276
1.85535
9.92683
0.607507
0.15144
0.147036
0.495531
0.182909
1.44856
2.7505
0.600272
0.103767
4.11829
3.33118
0.151284
0.90396
1.4863
0.527866
0.198444
7.50589
0.941112
3.474
4.73046
0.540026
22.0922
0.958488
0.709741
1.84484
1.44385
0.266771
0.205334
0.326811
3.19968
0.125276
1.27202
0.133198
0.364648
4.63979
1.89707
0.219307
8.06398
1.27088
0.789325
0.356537
1.29637
1.14011
0.987246
0.385392
3.08685
1.50936
0.333094
3.04905
0.34261
1.97344
0.213287
5.59613
0.109585
0.110717
0.31925
0.247159
0.219913
0.131903
0.115243
0.396801
0.382717
0.5501
0.176217
0.336596
0.632244
1.47272
0.141442
6.26246
0.159585
0.668268
0.134211
0.297765
0.292174
1.04567
1.05213
5.42452
0.10274
0.272147
9.60306
0.715557
0.322657
0.19991
0.222975
1.03762
0.707511
3.05709
0.165467
0.167482
0.411401
1.21908
5.96613
0.152978
0.106931
0.199035
0.124613
1.36354
0.275832
0.69095
0.23305
4.02015
0.441839
1.92478
0.390569
1.14909
0.220164
2.97315
0.487119
0.138092
0.177298
0.813599
2.65673
2.91733
1.58252
0.67332
1.5391
0.369011
2.31359
5.07987
0.624854
4.38742
1.74171
0.713696
0.171494
7.23768
1.04999
3.22088
0.36469
0.121719
0.722027
2.37911
0.811271
0.116558
0.258025
1.36213
7.42298
0.161187
1.50321
0.7708
2.02139
0.143453
1.68964
0.13979
2.19488
0.192213
6.11428
0.831241
0.314514
0.897027
0.280397
0.810634
3.9064
0.818229
0.367681
0.121183
1.69308
0.194246
0.764968
0.58796
5.78003
0.170143
1.45467
2.05477
1.13292
7.10613
3.39161
6.34923
1.99938
0.280102
0.196826
0.105401
1.98312
1.49474
0.47807
2.76393
0.476328
0.6495
1.0176
2.16547
3.39597
3.62585
0.220147
11.5535
0.268208
1.03869
0.109434
0.616781
0.465273
4.34322
0.100271
0.154632
0.434966
0.11295
32.1695
0.10343
0.560183
3.15676
2.07976
0.228182
0.244941
0.448649
2.97701
0.704552
0.226363
2.76035
0.105723
0.333934
1.0534
0.588528
0.843179
0.150954
0.11568
0.345383
0.297307
0.293263
12.0485
0.205868
6.38065
0.142216
0.364957
0.752187
0.111137
0.749189
0.175037
2.30878
0.292842
3.14024
1.21187
0.116323
3.77471
0.180436
0.497632
0.880972
0.398014
0.472318
0.135472
0.180676
4.46492
3.14964
2.31516
0.199067
0.249388
0.130378
1.18822
0.24264
3.34445
0.288677
0.287536
0.412059
3.15838
0.284118
1.92574
6.67199
0.108619
0.110882
0.101531
1.17636
9.29601
0.101814
0.874904
0.574092
0.310305
0.714242
0.169124
2.958
1.65839
3.54064
0.685607
0.131423
0.530912
1.02956
20.2462
3.33402
0.107608
0.469555
0.355956
0.25106
0.181981
0.208092
0.135079
0.390057
0.563993
4.81171
0.147458
2.21628
13.6628
2.15892
0.374125
0.73317
0.307357
0.228064
0.251354
0.130236
0.140373
0.175193
0.546516
0.328173
0.100425
2.82392
2.21707
0.244981
0.136172
0.156226
0.106461
0.753818
0.170199
2.03194
0.134194
0.202898
0.134246
1.39517
0.284153
0.930178
1.70176
1.78115
1.12297
0.114963
0.209608
0.345582
1.46073
0.176418
0.998452
0.186263
0.432625
0.179835
0.171869
1.08063
0.149397
0.102757
0.104145
1.29339
0.509653
0.964699
4.73235
0.515189
0.108908
1.08528
2.93236
1.92788
0.322224
0.323928
12.4661
1.3819
0.561395
0.233326
7.90193
0.706008
1.16839
0.185527
0.438368
0.704146
7.07453
1.5873
1.50483
0.845259
0.104201
0.953217
4.47495
4.48139
1.0452
0.625377
18.4249
4.6625
0.236973
5.19335
0.158279
0.106685
0.143927
0.400496
1.25087
0.399334
0.403477
0.616391
0.439596
1.8109
0.754756
0.197668
0.103559
0.291381
0.213317
0.282786
0.385293
0.481402
1.82636
1.47332
2.00038
0.227375
1.02514
0.163804
1.52788
0.494172
0.16471
1.85702
0.118224
0.542344
2.13913
0.654477
0.932247
0.569668
0.124348
0.150805
0.409564
5.12423
0.127837
0.301609
2.49041
5.47654
0.498434
0.172954
0.752988
2.46996
1.0871
0.622781
1.24224
1.88192
2.47162
0.304191
0.131984
1.12021
1.04291
0.186329
0.873492
3.16617
0.145188
0.163136
0.106919
6.43598
0.670528
0.366053
1.14568
2.91436
1.31346
0.306858
0.491954
0.157301
2.00189
0.314893
19.4446
0.978923
0.495752
0.154407
0.792305
0.146884
4.82635
0.113973
0.248746
0.1862
0.118349
0.28165
0.321261
3.93975
0.589111
0.664249
1.03364
8.30709
1.39102
0.254994
0.759903
7.63634
0.233504
5.42112
0.155839
0.308598
0.135618
2.50298
2.55666
0.319226
0.149946
0.638254
1.59167
0.314585
0.150241
1.91455
0.132341
0.118323
0.103003
0.124207
0.173354
0.283323
0.190655
0.624394
0.269229
0.33599
0.17156
11.0463
1.53331
0.132227
0.760536
2.0153
8.42287
0.156254
9.06254
0.209015
2.33336
0.288877
0.130938
0.433915
1.51484
0.24715
4.72945
0.145433
0.641565
6.99014
0.106236
0.691945
0.512386
0.56314
1.64569
0.245444
0.106459
2.43627
0.182397
0.144495
0.109467
2.89627
0.53288
0.775573
0.835746
0.140725
0.457848
0.663363
1.41257
0.419342
0.496481
0.39268
1.50581
1.71188
0.8585
0.468501
3.54286
0.102602
2.35661
0.5829
1.37236
2.55087
0.281253
0.888558
0.487936
0.160656
2.33985
0.106141
0.264461
0.741487
0.758107
1.80487
8.00895
0.115465
0.842646
0.196727
0.244228
0.349173
1.29607
0.197344
0.214547
0.492717
0.155131
1.82741
0.324563
0.283141
0.135335
0.14595
0.538627
0.56992
0.339552
0.159008
13.4676
0.408204
0.143809
4.35094
0.371471
0.458702
0.378723
0.314804
5.15977
13.8296
0.695423
0.734899
0.621879
0.118676
0.758011
0.165378
3.12539
0.118244
0.129527
4.77431
1.76515
0.94138
3.07598
0.329781
0.155585
0.315576
0.5699
5.76857
2.37439
0.904547
0.154292
0.342966
2.52821
0.111259
6.79224
0.162951
1.07682
0.331545
1.33509
0.154343
0.38518
0.104037
0.160271
0.232614
0.110082
0.705097
0.333462
0.12193
0.242499
0.355086
0.450771
0.772548
0.117149
0.443512
0.103026
0.135377
0.287629
0.220421
0.443263
0.169465
0.774469
0.55449
0.617359
0.175065
0.152313
13.0263
0.103479
1.27316
0.150734
1.97043
7.00464
1.41344
0.106331
0.531395
1.11326
1.84312
0.227789
0.470076
1.65646
0.836342
13.0068
2.20167
0.182608
0.153657
2.06753
0.837583
0.31959
0.395786
0.888138
0.307801
3.10618
4.79031
1.26366
0.908141
0.491922
0.117708
0.163254
1.71426
4.26244
2.87553
0.188166
0.48621
0.412466
0.767225
0.137878
7.9972
0.112074
0.294197
1.90911
0.760895
12.7516
3.74136
0.941664
0.9708
0.211961
0.126301
0.138107
2.18292
0.529511
4.66218
0.255782
20.1771
2.09466
1.81033
0.13221
1.71697
0.110358
0.125485
0.278734
0.12341
0.286681
0.193376
0.674495
0.644921
0.602717
0.296472
0.10694
0.18107
0.146456
0.164376
0.143098
0.199424
0.18108
1.01612
0.154463
0.112079
0.621117
1.06783
0.186716
0.148883
1.01284
0.157374
0.281154
0.203964
0.327563
0.105414
0.105695
2.18161
0.215186
0.236679
0.105416
0.222095
0.112331
5.18086
0.459982
1.39546
0.300093
0.228484
1.81495
0.143408
0.304205
0.532848
0.180653
0.121875
0.288668
0.165844
0.735954
1.54691
1.08563
2.04164
0.355079
0.112094
0.13901
0.307652
0.345562
0.121934
2.35762
0.203104
0.395608
0.191355
3.51633
0.981397
0.291204
1.29594
0.105109
0.225404
0.158304
0.605288
0.132685
0.207306
0.104082
0.442939
0.142558
0.118264
1.85214
0.120872
0.137687
2.08793
0.468282
23.1506
0.718585
0.934253
0.232633
5.87969
1.48459
0.593275
3.09296
0.178614
0.180536
0.166973
0.610083
0.504971
1.1978
9.73602
0.419291
0.435227
0.150071
0.302647
0.114646
0.565293
0.354732
0.123823
0.127196
1.01108
2.44099
0.203663
0.153822
1.46149
0.596823
0.668656
0.116789
0.106608
0.835338
0.280472
1.16015
9.8732
0.111092
0.129137
0.119495
0.27925
0.11409
0.213204
0.841496
1.17999
6.41362
0.614754
0.313996
1.17578
0.10182
1.26201
0.102116
0.12402
0.260721
1.69415
0.437983
0.52254
13.0647
0.823764
0.604683
1.28909
1.63791
0.498317
0.115703
0.262301
2.13131
2.03096
2.91042
1.62895
4.30265
0.147063
0.245991
1.08249
0.175098
0.262361
0.929096
3.92344
0.818239
0.895163
0.447242
0.194854
0.145349
0.192085
0.557424
2.43672
2.35473
2.76062
0.834374
0.405211
0.368511
0.230687
0.143509
1.24189
0.483007
0.174321
0.42229
1.2208
2.36675
1.87258
0.674787
0.622771
2.79303
0.254808
1.20147
0.130149
2.51171
0.108875
0.430026
0.347439
0.116725
0.174207
0.898035
1.04122
0.505892
0.12451
0.416495
0.920803
0.214215
0.839497
0.653819
5.10853
0.178963
0.248301
3.69368
2.90869
1.3704
0.199965
0.596234
0.100009
0.134799
0.34782
0.119358
0.513951
0.75229
0.866784
0.113985
0.11001
0.115909
0.346235
2.14041
0.260481
10.6826
0.145542
0.106734
0.154454
1.45017
0.214434
1.02236
1.06629
2.36409
0.579399
1.63645
0.537516
3.75655
1.73595
0.453728
0.412062
0.129065
0.278631
5.0094
1.01223
0.468366
0.228426
1.48245
0.115056
0.148891
2.93974
1.99391
0.5564
0.258403
0.172927
0.358109
0.329776
0.833719
2.01831
1.4989
0.291442
0.506361
0.354374
0.307435
0.225419
0.164954
2.90903
0.665118
0.235607
0.106799
0.151192
0.215739
0.104396
0.477965
0.317207
2.45802
0.589686
0.303529
1.12232
0.932611
0.702637
4.18812
0.16448
0.676093
0.841139
0.545453
2.53916
0.167209
1.83855
4.66325
0.126571
7.38532
7.6647
2.38354
0.124647
0.53538
1.57399
0.494977
0.101315
3.21324
0.568775
8.50208
0.412156
1.72556
0.372316
0.248361
7.01025
0.599763
0.279064
2.09654
0.249105
1.81814
0.817763
0.286688
0.119885
0.321261
1.86153
0.205451
0.952918
5.24171
0.231961
0.934288
0.10488
1.87923
0.129394
1.8573
2.05263
1.39816
0.72405
1.27587
0.810575
0.119801
1.22206
0.992074
0.937741
0.26577
4.90728
7.06573
0.388666
0.365811
2.03145
5.2747
0.221503
0.146765
0.777398
0.145646
0.283889
0.259684
7.17081
0.30302
5.71563
0.281093
1.79579
0.682336
0.212227
10.0441
0.113499
0.251973
0.101644
3.42522
1.19357
0.985268
0.509875
0.147145
0.722184
0.106466
0.662252
4.90985
0.173165
0.1777
0.420971
0.147271
0.255472
0.116194
0.109498
0.501291
0.502826
0.483506
0.17235
3.84947
0.32555
3.42799
0.35802
3.59554
1.5834
0.605146
0.159492
1.99081
0.404265
0.367177
0.156813
0.100459
0.101589
0.447918
18.6568
0.115698
2.42087
0.139376
0.716654
0.115364
0.232339
0.509198
5.17151
1.32766
0.195295
0.65293
0.114723
2.10425
10.4819
0.404824
0.119019
0.587945
0.596109
6.45208
0.478353
2.43929
0.450377
9.95324
0.50023
0.803961
0.114498
2.09779
0.287636
0.18159
