0.0357238
-0.99704
-0.991866
-0.852396
-0.944694
-0.985577
-0.993604
-0.983908
-0.975693
-0.944203
-0.993442
-0.963362
0.754713
-0.97356
-0.945462
-0.847319
-0.950432
-0.975008
-0.774153
-0.848051
-0.995431
-0.954734
-0.998369
-0.966556
-0.796267
-0.998074
-0.68634
-0.87197
-0.911552
-0.956559
-0.833266
-0.996373
-0.968893
-0.97662
-0.861497
-0.962599
-0.924177
-0.974899
-0.983264
-0.997523
-0.993835
-0.837154
-0.893155
-0.996205
-0.828818
-0.996911
-0.969325
-0.880871
-0.988418
-0.979273
-0.823871
-0.962737
-0.974475
-0.97417
-0.971559
-0.707134
-0.964901
-0.99748
-0.986896
-0.937906
-0.259023
-0.742912
-0.800675
-0.916482
-0.984035
-0.999261
-0.954719
-0.998177
-0.922151
-0.972349
-0.985864
-0.995088
-0.991394
-0.912334
-0.942782
0.175199
-0.981265
-0.987751
-0.942171
-0.975478
-0.950271
-0.901356
-0.99749
-0.850028
-0.948231
-0.989568
-0.974464
-0.862309
-0.65707
-0.967918
-0.98334
-0.799296
-0.991971
-0.983467
-0.928779
-0.864421
-0.999352
-0.960685
-0.922692
-0.98362
-0.997587
-0.882132
-0.989224
-0.980419
-0.985399
-0.516132
-0.878117
-0.861837
-0.998924
-0.997317
-0.952472
-0.822826
-0.937647
-0.98844
-0.925497
-0.91231
-0.30772
-0.993561
-0.943684
-0.905097
-0.986501
-0.822897
-0.314405
-0.28588
-0.994986
-0.895978
-0.98746
-0.986175
-0.989406
-0.986687
-0.976443
-0.94052
-0.992501
-0.985343
0.0420761
-0.987147
-0.909037
-0.993855
-0.995425
-0.824066
-0.989307
-0.982
-0.999532
-0.946777
-0.996334
-0.999764
-0.9979
-0.973663
-0.979008
-0.957759
-0.8809
-0.949573
-0.986653
-0.965036
-0.949818
-0.942584
-0.916972
-0.676375
-0.970097
-0.553408
-0.965485
-0.926489
-0.989574
-0.998334
-0.922943
-0.84999
-0.702021
-0.973535
-0.738598
-0.95914
-0.941936
-0.997048
-0.968955
-0.987161
-0.954799
-0.592427
-0.930051
-0.953182
-0.989347
-0.826095
-0.987406
-0.98056
-0.964013
-0.991051
-0.922683
-0.995576
-0.925173
-0.923784
-0.885432
-0.984831
-0.985704
-0.889278
-0.90638
-0.989055
-0.981869
-0.984819
-0.98065
-0.977642
-0.900294
-0.740121
-0.981742
-0.995429
-0.986824
-0.926698
-0.990764
-0.811181
-0.955832
-0.990095
-0.986529
-0.913317
-0.993056
-0.922059
-0.924759
-0.970964
-0.981365
-0.993572
-0.955415
-0.621076
-0.970822
-0.941901
-0.861191
-0.65662
-0.987787
-0.948828
-0.925329
-0.908229
-0.996045
-0.78696
-0.949406
-0.658907
-0.992307
-0.991607
-0.982826
-0.994815
-0.94928
-0.922892
-0.991394
-0.994701
-0.978704
-0.803996
-0.861393
-0.991275
-0.959012
-0.958557
-0.999976
-0.93543
-0.921645
-0.981205
-0.985401
-0.993658
-0.979235
-0.999103
-0.997933
-0.843692
-0.896552
-0.995612
-0.999695
-0.898375
-0.928727
-0.979928
-0.970573
-0.985653
-0.998906
-0.951745
-0.959562
-0.948199
-0.920597
-0.914071
-0.931078
-0.460897
-0.897358
-0.912426
-0.956697
-0.998457
-0.980046
-0.984379
-0.996071
-0.992603
-0.950533
-0.868086
-0.975551
-0.930196
-0.934057
-0.568119
-0.955915
-0.98753
-0.9827
-0.993918
-0.354542
-0.790906
-0.992121
-0.969513
-0.98943
-0.96606
-0.9883
-0.944053
-0.998356
-0.985615
-0.981761
-0.843926
-0.859161
-0.950114
0.933202
-0.956518
-0.984751
-0.985609
-0.92466
-0.980307
-0.984382
-0.803284
-0.946828
-0.87081
-0.998207
-0.890321
-0.990811
-0.961992
-0.63519
-0.917232
-0.961325
-0.987416
-0.993387
-0.998969
-0.987283
-0.99189
-0.990232
-0.951426
-0.982401
-0.983202
-0.873257
-0.979349
-0.993576
-0.91804
-0.993054
-0.914521
-0.985941
-0.945506
-0.966166
-0.823926
-0.955273
-0.957225
-0.87929
-0.966776
-0.993172
-0.980926
-0.891628
-0.938751
-0.808772
-0.961346
-0.933574
-0.864981
-0.979916
-0.97967
-0.95425
-0.536681
-0.965773
-0.975466
-0.893367
-0.998426
-0.891719
-0.931616
-0.19994
-0.929368
-0.524716
-0.983009
-0.968904
-0.90432
-0.998625
-0.99632
-0.977504
-0.864853
-0.131601
-0.945804
-0.943707
-0.991606
-0.957239
-0.926329
-0.940618
-0.992991
-0.974733
-0.965622
-0.986658
-0.853547
-0.960616
-0.944608
-0.901484
-0.899586
-0.976932
-0.963022
-0.998511
-0.970618
-0.883014
-0.924972
-0.897736
-0.934724
-0.853067
-0.353266
-0.054357
-0.952843
-0.964983
-0.974792
-0.929363
-0.989551
-0.977655
-0.957656
-0.947466
-0.990206
-0.931097
-0.793749
-0.989627
-0.95871
-0.928888
-0.994284
-0.781756
-0.961212
-0.989296
-0.960202
-0.946395
-0.956103
-0.979515
-0.885098
-0.92881
-0.877085
-0.983024
-0.294357
-0.896465
-0.989945
-0.986617
-0.991259
-0.949109
-0.993904
-0.974668
-0.978299
-0.865324
-0.965738
-0.852371
-0.980237
-0.970332
-0.991005
-0.997993
-0.926111
-0.864213
-0.923887
-0.979468
-0.978796
-0.967578
-0.993492
-0.992398
-0.890251
-0.953871
-0.681581
-0.962198
-0.959335
0.0350622
-0.995952
-0.142986
-0.923436
-0.98899
-0.971166
-0.886279
-0.73431
-0.946836
-0.882662
-0.747709
-0.916227
-0.981411
-0.982666
-0.955586
-0.981966
-0.942332
-0.908727
-0.622312
-0.982155
-0.974648
-0.995518
-0.947024
-0.992013
-0.944696
-0.999555
-0.842941
-0.968746
-0.983984
-0.985185
-0.891561
-0.950798
-0.874453
-0.997999
-0.978864
-0.692406
-0.995175
0.15807
-0.327217
-0.937654
-0.915606
-0.999064
-0.998208
-0.938064
-0.939332
-0.141511
-0.85849
-0.940919
-0.752176
-0.945595
-0.946293
-0.956631
-0.993944
-0.994274
-0.990594
-0.721981
-0.614074
-0.998454
-0.263348
-0.952712
-0.9773
-0.92504
-0.940953
-0.910807
-0.976559
-0.974754
-0.751563
-0.895214
-0.975303
-0.979829
-0.876846
-0.98386
-0.318429
-0.939648
-0.953016
-0.993774
-0.69524
-0.909657
-0.940886
-0.990883
-0.998852
-0.999498
-0.998745
-0.978321
-0.00113731
-0.988138
-0.979878
-0.953105
-0.872292
-0.962271
-0.963976
-0.807893
-0.942054
-0.967032
-0.964505
-0.862356
-0.791953
-0.990555
-0.985466
-0.913711
-0.990699
-0.926416
-0.993274
-0.987318
-0.985976
-0.978857
-0.698489
-0.958645
-0.678894
-0.991425
-0.996303
-0.995032
-0.936072
-0.675159
-0.952919
-0.988937
-0.54325
-0.945554
-0.858754
-0.998368
-0.915791
-0.9954
-0.755238
-0.540659
-0.951021
-0.961484
-0.968099
-0.965978
-0.955065
-0.990087
-0.87913
-0.981101
-0.94787
-0.903747
-0.851252
-0.98721
-0.997092
-0.99869
-0.984516
-0.991764
-0.937323
-0.888073
-0.988617
-0.970629
-0.937585
-0.969899
-0.968164
-0.863337
-0.848988
-0.182812
-0.90757
-0.922749
-0.986049
-0.997029
-0.989778
-0.987722
-0.955654
-0.871782
-0.917913
-0.96913
-0.935629
-0.996255
-0.934037
-0.904776
-0.959202
-0.898413
-0.842757
-0.909696
-0.994961
-0.914532
-0.80458
-0.876715
-0.896284
-0.989427
-0.889669
-0.998539
-0.986022
-0.986955
-0.999211
-0.845366
-0.98742
-0.745105
-0.852235
-0.738322
-0.902423
-0.837883
-0.606458
-0.945873
-0.747567
-0.939696
-0.990466
-0.999333
-0.971341
-0.720939
-0.977677
-0.995344
-0.877181
-0.952271
-0.996416
-0.886151
-0.828454
-0.946854
-0.928553
-0.93318
-0.961799
-0.655695
-0.9738
-0.536938
-0.808894
-0.973131
-0.928628
-0.98729
-0.0724588
-0.999492
-0.93237
-0.98887
-0.993957
-0.97017
-0.946629
-0.924546
-0.981295
-0.93892
-0.993573
-0.964076
-0.946413
-0.901991
-0.590954
-0.967639
-0.849466
-0.993591
-0.967485
-0.898423
-0.593174
0.502523
-0.859111
-0.943941
-0.982146
-0.93277
-0.842971
-0.93732
-0.941436
-0.953701
-0.984929
-0.986498
-0.966646
-0.884217
-0.824673
-0.719277
-0.973788
-0.991954
-0.998479
-0.541344
-0.935804
-0.909025
-0.920518
-0.495959
-0.993694
-0.963589
-0.983962
-0.918525
-0.970045
-0.876644
-0.952124
-0.988306
-0.990841
-0.960861
-0.773427
-0.985955
-0.922581
-0.935306
-0.816722
-0.951608
-0.929288
-0.918622
-0.979414
-0.998883
-0.91431
-0.659643
-0.960213
-0.963904
-0.89245
-0.964954
-0.976681
-0.867014
-0.982802
-0.964693
-0.496111
-0.800194
-0.964472
-0.98974
-0.97029
-0.736472
-0.83813
-0.960898
-0.709364
-0.991994
-0.988572
-0.914156
-0.999775
-0.885853
-0.989486
-0.820616
-0.998954
-0.82449
-0.986036
-0.99517
-0.892389
-0.887661
-0.850143
-0.966494
-0.98676
-0.956478
-0.96935
-0.942406
-0.993239
-0.982242
-0.938848
-0.997854
-0.92986
-0.91357
-0.877471
-0.828492
-0.978185
-0.992752
-0.983152
-0.972118
-0.998853
-0.987498
-0.915752
-0.978424
-0.963834
-0.984417
-0.961332
-0.997913
-0.987255
-0.166598
-0.91086
-0.996928
-0.996799
0.159083
-0.909639
-0.695899
-0.983864
-0.996172
-0.996927
-0.900607
-0.887887
-0.959335
-0.925667
-0.93841
0.49297
-0.980289
-0.843102
-0.789843
-0.867599
-0.997799
-0.983409
-0.865052
-0.992969
-0.982038
-0.949877
-0.963392
-0.928514
-0.874894
-0.57281
-0.889134
-0.993642
-0.948659
-0.966879
-0.688428
-0.987106
-0.919389
-0.956841
-0.990753
-0.995148
-0.881887
-0.93418
-0.9865
-0.963555
-0.970408
-0.965217
-0.97342
-0.898232
-0.972643
-0.976588
-0.904296
-0.888116
-0.98926
-0.995637
-0.995764
-0.971012
-0.977311
-0.991226
-0.830737
-0.964115
-0.871768
-0.976968
-0.985798
-0.980706
-0.907848
-0.196772
-0.702347
-0.970959
-0.886613
-0.986913
-0.994533
-0.906462
-0.956537
-0.975539
-0.93313
-0.949946
-0.977188
-0.995108
-0.970435
-0.99654
-0.993181
-0.998983
0.434758
-0.916696
-0.994456
-0.999525
-0.758669
-0.999379
-0.573896
-0.881548
-0.994743
-0.990553
-0.683965
-0.986431
-0.982985
-0.781949
-0.999118
-0.826664
-0.833774
-0.76984
-0.918101
-0.997214
-0.998516
-0.979204
-0.947599
-0.806014
-0.983082
-0.991283
-0.918538
-0.79629
-0.99022
-0.897217
-0.938986
-0.684949
-0.985789
-0.98447
-0.997874
-0.883707
-0.8909
-0.978189
-0.970098
-0.7104
-0.805237
-0.989639
-0.982693
-0.907124
-0.932398
-0.981681
-0.997119
-0.997206
-0.96368
-0.857784
-0.425665
-0.997041
-0.897985
-0.702168
-0.972146
-0.998722
-0.999003
-0.366634
-0.998327
-0.962736
-0.591207
-0.80581
-0.985119
-0.938158
-0.977721
-0.593625
-0.524825
-0.820414
-0.979791
-0.589711
-0.952659
-0.849368
-0.968762
-0.919316
-0.88429
-0.97166
-0.991252
-0.495472
-0.959342
-0.940724
-0.492919
-0.525938
-0.913073
-0.989264
-0.964483
-0.691213
-0.976088
-0.890684
-0.99928
-0.99163
-0.998466
-0.999725
-0.964781
-0.989015
-0.997367
-0.999121
-0.951187
-0.979595
-0.967925
-0.992174
-0.320525
-0.973343
-0.949566
-0.981584
-0.907361
-0.915957
0.391935
-0.929296
-0.879825
-0.844329
-0.937585
-0.996874
-0.9955
-0.653855
-0.960976
-0.959908
-0.804242
-0.954291
-0.95701
-0.989953
-0.980798
-0.942893
-0.92471
-0.937021
-0.987539
-0.991506
-0.469249
0.703145
-0.915704
-0.998231
-0.948669
-0.974859
-0.95853
-0.977378
-0.933571
0.664677
-0.93258
-0.992958
-0.853258
-0.81435
-0.944739
-0.921688
-0.92362
-0.887259
-0.896644
-0.985989
-0.98668
-0.640672
-0.711516
-0.755896
-0.987713
-0.997581
-0.990072
-0.774281
-0.939252
-0.989588
-0.833299
-0.834989
-0.963718
-0.501408
-0.919167
-0.997368
-0.996839
-0.480216
-0.916928
-0.933961
-0.388788
-0.923861
-0.980355
-0.995873
-0.999119
-0.994287
-0.995651
-0.995715
-0.995663
-0.99657
-0.871716
-0.643501
0.256121
-0.991667
-0.994914
-0.998451
-0.978228
-0.967602
-0.211281
-0.96138
-0.988149
-0.960517
-0.961403
-0.888868
-0.98461
-0.93443
-0.989271
-0.6468
-0.920834
-0.916205
-0.882801
-0.824187
-0.764853
-0.968683
-0.994398
0.0402701
-0.722964
-0.827025
-0.989492
-0.957935
-0.892757
-0.24061
-0.870753
-0.974163
-0.840586
-0.959801
-0.79285
-0.891943
-0.76587
-0.973987
-0.839387
-0.872795
-0.933997
-0.923156
-0.936281
-0.97543
-0.992526
-0.98445
-0.96529
-0.96726
-0.999082
-0.989396
-0.968359
-0.899978
-0.923871
-0.93057
-0.998022
-0.983614
-0.958328
-0.982496
-0.88961
-0.925957
-0.980822
-0.941926
-0.513757
-0.960355
-0.870886
-0.998906
-0.921709
-0.711695
-0.995307
-0.967494
-0.971659
-0.761004
-0.979296
-0.987629
-0.983445
-0.994045
-0.920857
-0.751855
-0.292144
-0.827987
-0.94171
-0.957774
-0.994037
-0.962543
-0.337032
-0.945079
-0.990422
-0.943841
-0.98708
-0.993032
-0.98407
-0.992415
-0.949474
-0.984999
-0.975148
-0.999791
-0.460516
-0.681541
-0.930024
-0.722626
-0.860708
-0.6098
-0.964067
-0.944914
-0.992843
-0.99955
-0.962106
-0.977373
-0.985605
-0.934072
-0.993156
-0.831585
-0.994216
-0.97511
-0.972618
-0.959435
-0.980158
-0.96577
-0.900444
-0.96222
-0.818353
-0.90396
-0.822182
-0.972999
-0.992322
-0.871574
-0.972688
-0.980281
-0.97803
-0.997367
-0.961599
-0.94128
-0.987369
-0.985552
-0.750785
-0.945254
-0.996297
-0.98973
-0.979767
-0.992785
-0.979247
-0.902041
-0.517393
-0.908428
-0.982052
-0.962297
-0.8522
-0.973112
-0.792509
-0.975746
-0.889662
-0.965902
-0.996253
-0.17465
-0.968833
-0.979138
-0.983722
-0.733631
-0.922561
-0.969433
-0.993506
-0.868607
-0.962685
-0.932916
-0.949152
-0.753282
-0.941009
-0.734727
-0.980024
-0.926301
-0.989808
-0.985586
-0.980816
-0.983065
-0.991293
-0.933722
-0.999411
-0.95392
-0.982948
-0.99825
-0.873315
-0.999198
-0.980644
-0.978985
-0.980198
-0.988564
-0.991379
-0.980835
-0.910664
-0.939559
-0.929517
-0.985524
-0.994835
-0.95392
-0.988187
-0.976941
-0.981199
-0.942449
-0.955725
-0.96418
-0.986373
-0.909094
-0.987036
-0.995823
-0.942452
-0.264419
-0.867083
-0.904709
-0.965797
-0.928702
-0.915794
-0.974655
-0.782565
-0.716934
-0.925929
-0.916343
-0.747813
-0.688637
-0.950426
-0.817054
-0.988598
-0.884685
-0.22032
-0.968221
-0.875075
-0.992889
-0.754576
-0.7233
-0.998983
-0.996502
-0.939113
-0.932712
-0.998011
-0.971044
-0.895522
-0.990663
-0.998498
-0.503502
-0.747157
-0.877418
-0.893089
-0.954804
-0.985304
-0.951049
-0.897372
-0.909243
-0.996812
-0.998235
-0.98198
-0.846401
-0.963825
-0.628382
-0.986098
-0.993141
-0.989776
-0.906862
-0.961832
-0.973826
-0.995735
-0.899383
-0.738397
-0.763947
-0.950272
-0.992844
-0.164633
-0.613442
-0.928387
-0.982293
-0.828459
-0.987172
-0.985693
-0.434854
-0.346007
-0.961004
-0.96116
-0.928361
-0.761217
-0.24637
-0.978558
-0.955106
-0.939877
-0.900961
-0.0832354
-0.22631
-0.432581
-0.999886
-0.994016
-0.900926
-0.995581
-0.991236
-0.985956
-0.957206
-0.969147
-0.964278
-0.976912
-0.90282
-0.34782
-0.964846
-0.871693
-0.87842
-0.964854
-0.913368
-0.954588
-0.909221
-0.97449
-0.97482
-0.939172
-0.987447
-0.989748
-0.97741
-0.948025
-0.903995
-0.991175
-0.9955
-0.795488
-0.825414
-0.817082
-0.969359
-0.923965
-0.995981
-0.939668
-0.998982
-0.994383
-0.973293
-0.882791
-0.998114
-0.532493
-0.9708
-0.974912
-0.974451
-0.958327
-0.995414
-0.987512
-0.902269
-0.978955
-0.986029
-0.994182
-0.904486
-0.785086
-0.99566
-0.990134
-0.988684
-0.923338
-0.992538
-0.594309
-0.828137
-0.784862
-0.978344
-0.935244
-0.851795
-0.966591
-0.117355
-0.999092
-0.831603
-0.904391
-0.817672
-0.962559
-0.959159
-0.625688
-0.962331
-0.878459
-0.985895
-0.508071
-0.667991
-0.950388
-0.0835668
-0.995296
-0.946938
-0.902429
-0.97399
-0.915387
-0.847913
-0.900683
-0.980053
-0.977614
-0.938628
-0.937003
-0.811249
-0.872222
-0.945164
-0.886998
-0.987556
-0.996149
-0.646733
-0.96925
-0.980698
-0.443306
-0.391533
-0.882819
-0.950314
-0.991087
-0.993028
-0.99615
-0.909569
-0.925331
-0.876742
-0.961404
-0.963405
-0.924888
-0.998158
-0.927958
-0.968476
-0.935093
-0.937336
-0.942759
-0.993835
-0.95625
-0.968884
-0.950609
-0.911432
-0.963868
-0.784535
-0.665041
-0.95044
-0.985839
-0.998698
-0.950551
-0.0230377
-0.960507
-0.989168
0.244264
-0.82821
-0.728795
-0.797154
-0.870533
-0.931253
-0.985077
-0.529549
-0.883769
-0.980051
-0.991067
-0.935772
-0.97994
-0.984028
-0.994962
-0.999047
-0.960296
-0.971537
-0.984218
-0.350491
-0.989464
-0.445074
-0.936579
-0.98891
-0.993775
-0.990342
-0.995122
-0.924505
-0.944326
-0.986626
-0.983818
-0.87356
-0.96779
-0.975291
-0.987252
-0.871027
-0.936415
-0.997503
-0.862919
-0.966617
-0.627924
-0.888946
-0.922945
-0.995852
-0.996147
-0.914976
-0.994774
-0.956499
-0.911704
-0.972518
-0.865193
-0.0834727
-0.00171921
-0.880142
-0.986003
-0.964124
-0.923285
-0.901024
-0.976348
-0.733734
-0.951748
-0.906215
-0.993732
-0.924104
-0.913123
-0.896997
-0.990649
-0.982662
-0.940942
-0.79308
-0.94001
-0.751841
-0.905621
-0.938235
-0.936359
-0.999711
-0.943178
-0.887568
-0.967131
-0.969662
-0.931998
-0.973698
-0.988489
-0.989483
-0.977266
-0.878403
-0.950444
-0.948732
-0.97166
-0.858786
-0.923134
-0.854578
-0.927889
-0.737174
-0.828962
-0.815091
-0.909569
-0.640597
-0.999911
-0.997711
-0.996552
-0.983048
-0.999635
-0.975373
-0.992011
-0.663569
-0.997244
-0.865592
-0.951923
-0.957631
-0.949834
-0.691688
-0.948878
-0.919679
-0.992804
-0.991698
-0.963689
-0.97675
-0.990617
-0.999576
-0.926582
-0.963953
-0.993718
-0.99393
-0.898287
-0.961166
-0.991264
-0.995007
-0.942847
-0.983459
-0.992583
-0.980183
-0.999969
-0.999221
-0.98255
-0.999644
-0.999917
-0.888055
-0.983654
-0.751046
-0.853759
-0.996549
-0.973203
-0.907809
-0.262156
-0.999158
-0.842479
-0.916542
-0.90174
-0.992953
-0.440479
-0.890448
-0.890401
-0.519324
-0.969638
-0.949683
-0.871849
-0.854825
-0.960124
-0.91466
-0.9614
-0.996905
-0.935689
-0.989457
-0.955252
-0.988854
-0.955128
-0.994458
-0.964437
-0.778608
-0.857307
-0.478236
-0.917654
-0.961237
-0.985735
-0.962293
-0.980656
-0.92515
-0.994903
-0.0216444
-0.971856
-0.977368
-0.964834
-0.985445
-0.988884
-0.994371
-0.990166
-0.969252
-0.937159
-0.972747
0.146857
-0.706986
-0.902627
-0.994962
-0.908737
-0.851481
-0.928447
-0.989608
-0.900765
-0.930178
-0.981317
-0.941692
-0.58592
-0.993788
-0.939748
-0.968959
-0.96694
-0.992298
-0.962698
-0.839672
-0.990986
-0.959693
-0.991095
-0.82462
-0.901181
-0.953061
-0.918346
-0.966751
-0.978195
-0.87034
-0.91698
-0.994154
-0.726132
-0.986701
-0.873793
-0.977316
-0.985782
-0.99467
-0.996987
-0.686286
-0.864757
-0.983881
-0.964014
-0.999893
-0.992838
-0.975565
-0.981312
-0.421499
-0.918876
-0.57555
-0.835994
-0.847441
-0.922471
-0.876438
-0.93486
-0.976376
-0.954014
-0.987419
-0.897053
-0.970535
-0.854798
-0.896517
-0.997488
-0.927905
-0.930694
-0.987634
-0.721721
-0.950645
-0.810339
-0.962551
-0.980889
-0.968847
-0.354782
-0.8968
-0.984533
-0.981775
-0.998929
-0.965457
-0.81687
-0.929406
-0.949381
-0.985944
-0.960475
-0.901762
-0.986796
-0.732874
-0.900444
-0.993046
-0.999624
-0.967139
-0.998848
-0.99626
-0.955357
-0.952622
-0.862039
-0.931447
-0.917678
-0.623983
-0.982024
-0.9944
-0.993315
-0.986243
-0.956833
-0.92949
-0.981024
-0.91724
-0.889315
-0.870908
-0.560404
-0.947151
-0.996833
-0.545259
-0.997948
-0.981233
0.200427
-0.988967
-0.986219
-0.978013
-0.878084
-0.920443
-0.918241
-0.864472
-0.995275
-0.967592
-0.947031
-0.924478
-0.847318
-0.976986
-0.995247
-0.945499
-0.986235
-0.982192
-0.962733
-0.937969
-0.925754
-0.966852
-0.821308
-0.134633
-0.982895
-0.914956
-0.919941
-0.921631
-0.976671
-0.833217
-0.966803
-0.98598
-0.994407
-0.974482
-0.882098
-0.914736
-0.931283
-0.995389
-0.989179
-0.968328
-0.96767
-0.836957
-0.786165
-0.999381
-0.548764
-0.964622
-0.991235
-0.99012
-0.969943
-0.980128
-0.998437
-0.996503
-0.977921
-0.939896
-0.916792
-0.972653
-0.952401
-0.989242
-0.974209
-0.993801
-0.959313
-0.958654
-0.900453
-0.952544
-0.98726
-0.969315
-0.883296
-0.968375
-0.656589
-0.947757
-0.981558
-0.973776
-0.758604
-0.985923
-0.806912
-0.915367
-0.960444
-0.825194
-0.984089
-0.967403
-0.954219
-0.941301
-0.948264
-0.906902
-0.869654
-0.983514
-0.988336
-0.951148
-0.795212
-0.968492
-0.960372
-0.850505
-0.90295
-0.965019
-0.995259
-0.957826
-0.983876
-0.627523
-0.99362
-0.799453
-0.786219
-0.70806
-0.963969
-0.974753
-0.992039
-0.894516
-0.976403
-0.965179
-0.991628
-0.938251
-0.978502
-0.925843
-0.971701
-0.838595
-0.902955
-0.597218
-0.997595
-0.992856
-0.994354
-0.980296
-0.922861
-0.969978
-0.974436
-0.835724
-0.94769
-0.967053
-0.849722
-0.992866
-0.971853
-0.958898
-0.985195
-0.98921
0.0616386
-0.92785
-0.922347
-0.979832
-0.921068
-0.706329
-0.940929
-0.981821
-0.94122
-0.956415
-0.989948
-0.999527
-0.962658
-0.895648
-0.698685
-0.92548
-0.794369
-0.411011
-0.896999
-0.85945
-0.904954
-0.896652
-0.696402
-0.812354
-0.8909
-0.360505
-0.701909
-0.739753
-0.943956
-0.897237
-0.994017
-0.902588
-0.973087
-0.695082
-0.940129
-0.971978
-0.990449
-0.996403
-0.703463
-0.813944
-0.983405
-0.995614
-0.999631
-0.896275
-0.892668
-0.936724
-0.770387
-0.9912
-0.765263
-0.983831
-0.956833
-0.976254
-0.9645
-0.996711
-0.98792
-0.996523
-0.951307
-0.965772
-0.94055
-0.963522
-0.996881
-0.982323
-0.874761
-0.906204
-0.575755
-0.966124
-0.998766
-0.943977
-0.0550889
-0.967122
-0.983871
-0.931602
-0.974729
-0.948573
-0.930306
-0.91317
-0.987701
-0.988673
-0.995005
-0.920516
-0.920511
-0.961847
-0.940687
-0.912944
-0.935252
-0.966591
-0.945463
0.423029
0.846794
-0.971608
-0.701185
-0.991573
-0.913242
-0.908056
-0.81807
-0.987642
-0.941709
-0.988722
-0.97103
-0.961775
-0.987029
-0.849264
-0.797605
-0.95882
-0.962492
-0.997942
-0.944936
-0.749597
-0.819534
-0.950398
-0.897654
-0.98584
-0.994826
-0.937543
-0.985489
0.567078
-0.890603
-0.983705
-0.995771
0.222946
-0.922311
-0.852634
-0.97777
-0.987738
-0.950647
-0.97936
-0.998566
-0.9993
-0.976143
-0.909732
-0.864032
-0.950106
-0.991116
-0.97455
-0.979109
-0.837322
-0.985062
-0.955116
-0.997053
-0.988439
-0.859672
-0.991732
-0.969459
-0.556484
-0.973387
-0.998674
-0.973472
-0.953781
-0.888373
-0.84338
-0.996889
-0.990697
-0.995803
-0.984449
-0.988842
-0.763303
-0.852594
-0.965857
-0.886583
-0.992545
-0.684012
-0.99272
-0.996651
0.459845
-0.921044
-0.870157
-0.96871
-0.97814
-0.898855
-0.947289
-0.901891
-0.836003
-0.935197
-0.744546
-0.984833
-0.911661
-0.986389
-0.903595
-0.266697
-0.713113
-0.880778
-0.994284
-0.400279
-0.535208
-0.991915
-0.992811
-0.998854
-0.976194
-0.719244
-0.977791
-0.98431
-0.954712
-0.999096
-0.963249
-0.942387
-0.97611
-0.986556
-0.853234
-0.968882
-0.989507
-0.997793
-0.554748
-0.731332
-0.988374
-0.979365
-0.992746
-0.91161
-0.944383
-0.619283
-0.956354
-0.91899
-0.990492
-0.715097
-0.971375
-0.970022
-0.985464
-0.937384
-0.986815
-0.790769
-0.977748
-0.754803
-0.659434
-0.793314
-0.959801
-0.95999
-0.921567
-0.981713
-0.837848
-0.845848
-0.983163
-0.989457
-0.997791
-0.479728
-0.98976
-0.705321
-0.996062
-0.994318
-0.995224
-0.790688
-0.9548
-0.948992
-0.921485
-0.982614
0.381602
-0.990334
-0.992963
-0.997069
-0.982895
-0.896359
-0.275906
-0.986342
-0.997252
-0.941616
-0.964947
-0.976409
-0.900665
-0.934943
-0.997217
-0.997673
-0.98427
-0.801497
-0.974283
-0.552907
0.156559
-0.994515
-0.865248
-0.92391
-0.935153
-0.937917
-0.901335
-0.900802
-0.997817
-0.989213
-0.486424
-0.960658
-0.872151
-0.966009
-0.96983
-0.704291
-0.997518
-0.912398
-0.99166
-0.737385
-0.865555
0.929735
-0.712457
-0.982535
-0.984933
-0.919302
-0.941296
-0.969141
-0.957329
-0.962707
-0.953764
-0.968548
-0.979318
-0.970851
-0.196785
-0.983136
-0.997117
-0.728944
0.105418
-0.979257
-0.890824
-0.980477
0.180235
-0.723473
-0.886645
-0.790724
-0.910671
-0.916162
-0.864935
-0.973439
-0.97417
-0.946103
-0.89021
-0.994274
-0.893735
-0.595843
-0.970815
-0.808921
-0.971585
-0.953275
-0.929901
-0.94977
-0.930366
-0.999929
-0.948969
-0.922076
-0.987502
-0.787965
-0.0894154
-0.992068
-0.992828
-0.982918
-0.966856
-0.995592
-0.902408
-0.989106
-0.915151
-0.89583
-0.942599
-0.979257
-0.97296
-0.894684
-0.969523
-0.982071
-0.842688
-0.940536
-0.995637
-0.566277
-0.758408
-0.997746
-0.991714
0.129844
-0.635754
-0.944863
-0.983008
-0.849308
-0.94207
-0.98645
-0.987859
-0.479209
-0.970517
-0.995927
-0.986243
-0.991331
-0.874649
-0.726173
-0.961634
-0.955984
-0.99126
-0.952592
-0.83384
-0.926538
-0.978843
-0.966055
-0.842062
-0.835005
-0.98132
-0.964268
-0.990649
-0.628728
-0.958136
-0.975968
-0.0830819
-0.997097
-0.900308
-0.928576
-0.937207
-0.913366
-0.996025
-0.990692
-0.993785
-0.983144
-0.962814
-0.98638
-0.434213
-0.618243
-0.996454
-0.785353
-0.994833
-0.618499
-0.77965
-0.829701
-0.93334
-0.695926
-0.967328
-0.933368
-0.881905
-0.984165
-0.99301
-0.92406
-0.904006
-0.925804
-0.916287
-0.851178
-0.638265
-0.846659
-0.955827
-0.981158
-0.97973
-0.976039
-0.993263
-0.836958
-0.900594
-0.991704
-0.805044
-0.961278
-0.626308
-0.980845
-0.966656
-0.96539
-0.985643
-0.989048
-0.926063
-0.965015
-0.957555
0.937517
-0.933558
-0.945095
-0.983941
-0.845301
-0.970083
-0.718346
-0.71808
-0.991624
-0.952606
-0.920239
-0.859907
-0.935735
-0.985343
-0.923215
-0.974051
-0.929739
-0.76527
-0.905979
-0.986152
-0.981327
-0.972566
-0.957984
-0.78053
-0.990319
-0.987084
-0.85995
-0.968641
-0.953973
-0.906578
-0.856444
-0.792869
-0.770541
-0.812386
-0.994386
-0.996701
-0.885906
-0.999831
-0.993552
-0.942018
-0.968241
-0.997829
-0.748106
-0.874056
-0.839107
-0.883691
-0.999165
-0.992706
-0.970353
-0.961133
-0.999097
-0.868688
-0.967732
-0.964342
-0.674115
-0.985034
-0.70422
-0.959807
-0.985057
-0.999326
-0.58883
-0.96087
-0.992097
-0.931257
-0.807841
-0.968225
-0.674
-0.951611
-0.638708
-0.933524
-0.902958
-0.957351
-0.963845
-0.959548
-0.977973
-0.971043
-0.815099
-0.992955
-0.930996
-0.755751
-0.8808
-0.218149
-0.976904
-0.944862
-0.964732
-0.988399
-0.868291
-0.977653
-0.975202
-0.993517
-0.978251
-0.780687
-0.933872
-0.943972
-0.990886
-0.996793
-0.999668
-0.999721
-0.995428
-0.928038
-0.969041
-0.844189
-0.995964
-0.462224
-0.996154
-0.991829
-0.999409
-0.753499
-0.986816
-0.923203
0.420039
-0.937716
-0.940057
-0.969715
-0.868141
-0.96878
-0.886832
-0.996461
-0.966845
-0.997594
0.819749
0.0231694
-0.990495
-0.980265
-0.90782
-0.98251
-0.983841
-0.80265
-0.892488
-0.709728
-0.98167
-0.988472
-0.976425
-0.973014
-0.986265
-0.995064
0.00527851
-0.939319
-0.93878
-0.656335
0.0801442
-0.961309
-0.997341
-0.862975
-0.971293
-0.960871
-0.981066
-0.961126
-0.97888
-0.982499
-0.289807
-0.877648
-0.879308
-0.990489
-0.824737
-0.999962
-0.94112
-0.997089
-0.973071
-0.844571
-0.963672
-0.992148
-0.972509
-0.984372
-0.997192
-0.914669
-0.993934
-0.998571
-0.850109
-0.872869
-0.891215
-0.936515
-0.964894
-0.941203
-0.964552
-0.860162
-0.98759
-0.977817
-0.957486
-0.927825
-0.924809
-0.752638
-0.974889
-0.950913
-0.917989
-0.937909
-0.856372
-0.909666
-0.992703
-0.846855
-0.982714
-0.99825
-0.979037
-0.967159
-0.78931
-0.727557
-0.959523
-0.9922
-0.965211
-0.982712
-0.985807
-0.693786
-0.905109
0.658122
-0.860709
-0.983395
-0.925778
-0.970609
-0.966732
-0.973642
-0.798469
-0.923928
-0.914853
-0.999662
-0.969363
-0.726847
-0.984831
-0.978908
-0.987736
-0.995436
-0.994504
-0.992759
0.571015
-0.935617
-0.994902
-0.994556
-0.863557
-0.930423
-0.931854
-0.998797
-0.468666
-0.97907
-0.93325
-0.945809
0.0214703
-0.875349
