1.60367
17.2134
0.149514
16.7352
4.40843
0.121785
0.983572
2.493
0.14912
13.6649
0.571148
13.9131
0.39728
0.74763
0.321584
0.147102
0.115851
4.41397
4.5347
0.164678
0.580441
0.292065
4.66651
15.8026
2.25689
0.10145
4.20517
0.334806
1.52228
0.35462
0.268308
2.99266
0.540059
0.228148
12.3598
5.91718
0.835177
0.241029
0.19633
0.297498
4.28391
0.300046
0.309509
0.377212
0.147005
5.79698
1.58155
0.865339
1.44257
0.199521
4.19984
0.382328
0.956356
0.829137
0.171613
0.171592
2.04331
0.396947
0.838246
14.8909
4.22491
3.55015
1.15596
9.34325
1.57003
0.75918
4.78635
1.55563
0.535472
0.852853
0.291205
2.28573
0.712903
1.24136
0.131557
0.30525
0.272325
0.726367
1.50116
1.23064
2.58361
0.833235
0.326763
0.715656
0.967706
0.210946
8.28015
0.599056
0.248439
0.349421
0.2017
0.314521
0.213482
0.123387
0.233105
2.77458
5.74909
0.206824
0.196246
0.215903
2.561
0.651549
0.332714
5.57197
0.389603
1.62157
1.70552
1.4276
2.22944
0.135339
0.105359
0.219091
0.368029
1.24158
4.36693
0.415108
0.103014
0.130671
0.140355
1.35749
0.510555
0.31019
1.06244
0.910858
0.735261
1.09075
0.883706
1.40426
2.05712
0.477489
47.9764
0.283753
0.364954
0.423781
0.480794
0.127965
0.139414
1.64335
0.274071
4.83761
0.143896
5.06708
0.139201
0.369936
0.734799
4.16735
0.195878
0.319259
0.690645
0.220479
2.67833
0.432746
0.44687
4.70823
5.25569
0.104431
4.62649
0.88054
6.26218
4.60232
0.323342
0.223396
0.548661
0.195766
0.103841
0.926199
0.161191
0.227764
0.383228
12.9676
0.400261
0.352557
3.07856
1.39772
1.9088
0.135494
0.101668
0.249222
0.222156
0.280215
0.549079
0.114834
1.80692
18.7485
0.870928
0.235102
0.674069
1.0544
11.654
0.48966
0.584208
0.135907
1.20441
0.257463
0.155382
0.288883
5.59579
0.278049
0.985927
0.14785
0.264653
0.28355
5.92855
0.964928
0.330918
0.133744
15.2868
0.735467
1.2845
5.60582
1.20142
0.176922
1.21314
0.205049
0.10003
1.33107
1.44274
0.169367
1.07059
0.205757
0.192559
0.733725
0.10344
0.320511
0.462256
0.113591
1.07427
0.344842
0.173985
0.205446
1.02249
0.711158
1.39235
1.73763
0.993315
0.877351
0.154963
0.18665
2.12499
1.20303
0.414209
0.262049
0.103277
0.180664
4.24069
1.68336
0.321535
1.86165
1.71993
4.18146
0.153279
1.05552
0.342485
0.150528
0.486078
0.10704
0.277217
1.93508
0.14658
1.26841
0.180332
1.27134
2.8359
0.625395
0.717312
0.262509
0.172931
7.58734
1.72429
0.167142
1.12273
0.265746
1.50733
0.167319
0.331392
1.01628
0.169565
0.919824
1.00365
2.26647
0.317312
0.321873
0.253352
0.318168
0.309641
1.43877
0.429235
0.436388
0.175327
0.126041
0.86323
0.154879
0.259035
8.95675
1.48791
0.656493
0.241251
1.53124
0.798297
0.811396
0.121108
2.3894
0.933782
0.303538
0.42548
0.130646
0.150735
0.447393
0.630336
0.224702
0.413407
3.54752
25.2437
0.138198
6.59968
0.373261
1.69466
0.178698
0.892167
0.383334
4.10647
0.516385
12.4031
0.132509
1.08297
0.961703
0.40806
2.00506
15.6242
0.18388
8.66085
1.3902
0.167595
0.60499
0.90783
4.5209
0.102767
2.05161
0.411078
2.82089
0.535699
0.354561
0.391975
0.201409
0.150025
0.297051
0.60018
0.19283
10.3683
0.970954
0.25593
0.360806
0.475607
0.100772
0.68101
2.54117
2.42684
1.14875
0.27761
0.218916
0.142671
3.3662
0.303666
3.1447
2.52295
0.149642
0.151719
6.3639
0.612823
0.766018
0.221432
2.77707
0.322366
1.77624
0.609298
0.47845
0.544771
0.14001
3.15455
0.232575
4.01115
2.84848
0.830017
0.727188
1.76818
1.12352
0.389899
0.308042
6.27025
5.50061
2.46716
0.117967
2.04893
4.1087
0.302783
1.72532
0.956249
0.217876
0.349401
6.383
0.308573
0.508204
0.470784
1.21941
0.1059
9.09203
0.321677
0.227403
1.72803
0.173633
0.164902
0.161454
1.86648
0.108283
3.29346
3.49166
5.40618
0.343729
0.259679
13.1086
0.537952
1.50797
10.0411
0.357292
2.80792
0.848185
0.16915
13.8707
0.240981
3.65682
0.116648
0.183022
1.17377
0.221987
8.53224
0.734929
0.652733
0.326964
0.117151
10.7647
0.198904
0.42907
2.27388
0.353112
1.74037
10.7175
0.378208
0.461001
0.789846
1.18395
0.127468
0.193644
6.4481
0.19237
0.198871
0.587312
2.67582
9.90585
0.610479
0.33786
2.26216
0.101326
0.335397
0.964392
0.458537
2.63979
0.103617
0.451068
2.30882
0.25085
0.350968
0.42953
0.376961
0.978647
0.228049
3.0063
0.164519
5.49733
0.227601
3.50825
0.39778
0.333274
0.150806
0.61418
9.64056
0.315094
0.261408
0.604669
3.69927
2.80761
0.125021
15.962
0.174791
2.2029
0.175167
0.889466
0.149674
0.155769
1.19596
0.311599
1.14507
0.484667
0.449968
2.67659
0.202758
0.209831
0.180687
0.362761
1.06539
0.244997
0.136983
0.131931
4.07828
0.218935
0.126336
0.265566
0.802453
0.36494
0.597727
3.36343
1.1322
1.62139
0.313757
0.113165
0.160595
0.634276
2.85459
0.50701
0.36627
0.414605
0.557691
0.946406
0.263908
9.98389
55.0605
11.0521
0.789338
0.543715
0.132432
0.386352
1.22994
0.180082
0.376268
0.226491
0.672018
0.146761
0.408247
0.186532
0.113088
17.1966
0.189073
0.112069
0.695678
0.253332
0.780053
2.18901
0.180762
0.439148
0.138533
1.72039
0.349111
0.257299
1.46352
0.486648
0.120307
22.2
0.107287
0.227128
1.5061
0.429369
0.564206
0.137916
0.36765
6.3055
3.49947
1.23277
0.477451
0.120876
0.426241
0.377292
0.356043
0.790839
0.693233
0.177236
1.59394
0.124918
0.375854
0.231086
3.11769
14.6791
0.265433
2.57376
1.00137
0.291061
0.364357
0.617421
3.97574
0.392449
0.839486
0.81689
0.146592
5.32417
0.168459
27.8261
0.833474
1.57828
0.293311
0.101022
4.00543
0.155107
0.139215
15.687
0.125167
0.170652
0.535594
0.129936
0.15983
0.136784
8.28739
0.152577
0.191127
0.435119
0.185935
1.17134
4.69754
1.37415
4.05662
0.624171
1.44991
0.131465
0.314058
0.844574
0.138749
0.20696
0.236307
0.503313
0.675607
0.347262
0.190843
0.287458
2.25288
3.64177
0.550194
0.117585
0.218399
0.429552
0.223894
19.8896
0.597231
0.851868
0.152145
0.226665
1.74005
1.14836
2.34093
0.583903
1.87785
2.77158
1.46831
0.108422
2.23198
3.48526
1.00311
1.22337
0.312983
0.375829
3.27541
14.6727
0.197324
0.214339
2.31833
1.74839
5.19085
0.180537
0.260998
0.245819
0.283103
0.109991
2.09609
0.113471
0.202062
1.86448
4.78379
11.3784
0.22374
3.32524
0.115194
0.888766
1.90626
3.29502
5.58155
2.09758
2.80089
0.448033
0.60377
1.30638
1.8674
0.347699
0.151399
0.123251
2.5362
0.683727
0.701969
0.631026
0.53804
0.16455
2.93206
0.270023
0.432401
0.451982
2.70714
0.880351
2.56732
1.6868
0.498675
0.166251
0.825364
0.100926
4.98411
3.06654
0.174664
15.4972
0.200465
0.23984
3.21313
0.141005
0.595432
3.4521
5.38105
2.78738
3.26478
2.70919
10.321
1.16718
2.17728
0.238052
1.6002
1.73419
10.5861
0.106543
0.177882
1.38643
0.408132
0.42225
0.237463
0.273205
0.738463
0.82906
2.14623
0.52224
1.25494
0.161014
0.233471
1.24927
0.831544
0.186018
2.28605
0.13944
0.378962
4.31641
6.86453
0.19888
53.3243
0.121358
0.76531
0.275221
0.866007
0.528455
1.53667
1.13098
17.2061
0.133047
0.118285
0.455527
0.471119
0.122847
0.443703
0.937958
0.893083
0.505443
4.99131
0.13068
3.22236
0.661164
0.174109
1.56027
0.10457
1.53182
0.203221
1.04748
0.75204
0.499889
0.118298
6.28752
0.402734
0.113715
0.123577
0.162465
11.2121
0.273638
0.436399
0.135093
0.353694
0.291704
0.458561
0.159822
0.195083
0.14152
1.32079
0.213006
1.57393
0.164624
0.331094
1.68791
1.85619
0.102199
0.188546
0.276095
7.83547
8.15404
1.09389
0.223059
0.153533
0.344307
0.291389
5.53408
0.116867
1.92267
0.290973
0.226289
0.731877
1.33352
0.137687
0.294212
0.473473
4.61377
0.921998
3.6099
3.34798
1.83461
0.371076
0.362267
2.08415
0.426607
0.285551
17.5409
0.929165
0.267324
0.17227
2.85967
0.52898
2.04027
0.47081
0.210754
1.67956
0.905466
0.839746
1.19343
0.106665
0.615293
1.29125
2.64459
6.67202
0.151164
0.993814
3.81848
1.55131
0.141741
0.101205
0.178662
0.39668
5.18955
1.68838
2.09919
0.15991
0.219039
0.121197
0.921547
0.103897
0.368799
0.166387
1.02611
2.39996
0.13985
1.44528
0.21398
0.461411
1.88468
0.725938
0.272319
11.6999
1.85371
0.137852
0.271261
0.831101
0.237963
0.146247
0.220291
1.91922
4.64383
2.03122
0.350337
0.564603
1.12984
0.305035
1.00128
0.285712
0.249555
1.70046
0.506634
0.114367
0.262609
0.740924
6.75527
0.365088
1.09562
0.266636
0.416109
0.125426
0.336249
1.96092
1.74346
0.278186
1.01362
0.212169
1.66482
3.21379
2.15795
0.891649
0.690333
6.76886
0.451007
0.305337
0.207018
0.248021
1.75555
0.372228
11.1925
0.999953
0.11905
0.586745
1.50734
0.247588
1.04975
0.267666
3.10373
0.68595
0.724794
0.52803
0.244431
6.4431
0.140708
3.10858
0.807275
0.865254
6.66553
0.267405
2.08635
0.407658
2.71286
0.19533
1.40656
0.102304
0.766563
21.0279
1.09251
2.20815
1.31234
7.54434
2.05544
0.161301
0.135846
0.656949
0.121453
7.32891
1.59881
1.32944
0.731317
0.105419
0.263624
0.146062
0.642443
0.929855
1.24877
5.34547
0.660126
1.87566
0.144121
0.375674
1.74206
1.59925
36.1815
0.185558
0.102052
0.606091
0.134364
0.107634
4.79488
0.334274
0.198601
0.496381
0.138997
10.8058
3.80913
0.852213
11.5804
0.393496
0.129332
0.650175
0.762922
0.11281
0.363592
1.8142
0.342148
30.6675
0.284075
0.297672
0.105025
0.429802
0.579528
0.900826
14.7225
0.402501
0.290313
0.322356
0.980056
0.475589
0.107808
4.51802
0.120837
0.509379
2.17584
0.40296
0.11549
1.81111
13.2917
2.50789
0.421719
0.650635
0.462289
1.59431
0.508523
0.162579
0.287961
0.46667
0.318933
0.215529
0.408297
0.373911
0.181127
0.110749
4.8694
0.6373
1.85733
0.428505
0.527842
0.412234
0.936939
0.153549
0.129765
0.136324
0.199102
0.747937
1.32426
0.903299
0.236175
0.325883
0.162111
0.170574
0.11161
2.01645
4.35054
0.154687
0.520128
0.216761
8.38412
0.141598
0.144175
0.878894
0.2422
0.231985
13.5604
0.139015
0.102562
1.05071
0.119909
20.2189
86.0508
0.214014
0.55074
0.722142
0.17092
3.81503
0.205385
0.433408
0.319245
0.20693
0.744069
0.133916
0.809882
0.263027
4.73536
0.186139
0.178832
11.0236
1.21383
0.584545
0.139786
0.152143
0.620993
1.30833
0.261602
0.374224
0.577286
9.13644
0.196562
0.173898
2.75584
46.9141
0.124466
0.184967
0.166381
2.65279
0.382537
0.172765
0.461167
0.121136
0.130152
0.533576
0.191882
2.08856
11.1293
0.249681
1.95383
0.296864
0.766256
9.54447
0.198431
3.07057
1.63669
6.35928
5.9579
0.15666
0.506518
0.139988
1.29479
4.65734
0.681647
7.52331
2.72272
0.843132
1.59253
0.49569
0.461287
0.355211
1.74588
0.689563
0.136573
0.311256
0.2697
0.269195
0.172318
0.152646
5.62188
0.110399
0.11187
0.312119
1.34202
5.48963
1.22399
0.61753
0.65294
0.722751
0.127327
0.144148
0.928351
2.80135
0.9205
0.410169
0.231489
0.125279
0.191116
0.299919
0.374467
0.347129
0.14059
0.282463
3.28398
1.10931
0.544273
0.313333
20.6825
2.23335
1.55043
3.82122
1.75605
0.861202
1.43533
0.431029
0.259717
0.217339
0.135324
1.70211
0.587667
0.14642
0.537239
0.221636
0.652107
0.491614
0.231757
0.127981
0.380077
6.73211
0.399265
0.135416
0.610508
1.99139
0.211513
0.126336
2.1699
0.218858
0.149371
0.696438
0.152426
1.98143
6.50833
8.65629
1.24131
5.46448
0.333565
1.12785
0.143526
0.282596
1.78178
2.04438
1.73517
0.732654
0.36139
1.64323
0.632856
0.311087
4.1296
0.299675
2.20809
0.650995
0.469494
0.104003
3.66597
1.51289
0.638553
0.138851
2.62753
1.12817
0.699797
0.207707
11.2992
1.64014
3.24413
1.11671
0.271597
0.345686
6.10676
0.758082
2.80624
11.0737
0.790511
0.331681
3.2928
0.342551
0.401308
1.49908
0.737684
2.31527
2.78538
1.09105
0.633184
2.46067
0.718775
0.358738
0.139813
1.41858
1.45846
1.78447
0.129401
0.555239
0.160983
0.30844
0.420278
4.74119
0.197235
0.123073
2.59124
0.143966
6.54328
3.65277
1.14665
1.10466
16.7664
0.116491
1.21503
5.38606
0.459228
1.8092
1.03563
0.109148
3.51915
0.265734
1.93028
23.7351
0.100934
0.365369
0.538019
4.82465
0.131986
0.509734
0.102953
0.2137
0.161021
1.23918
0.150293
1.05642
0.830678
0.112277
0.155909
1.30658
0.110384
11.3002
1.22404
2.72041
0.605901
1.96158
1.85699
0.196229
0.59676
11.2823
1.09083
0.174217
1.02938
1.3504
0.309348
0.712688
0.185349
1.35905
0.380323
0.261323
9.84114
1.90818
0.65894
0.687388
6.65435
0.994131
0.159047
3.16003
1.10094
0.325624
6.80619
8.61092
0.144353
0.109276
0.316426
0.554983
0.792536
1.62361
0.35924
0.233054
0.149239
0.176876
1.07141
0.120307
0.22131
0.135472
0.247992
0.173021
1.43849
0.185781
0.114194
1.63218
0.359675
1.10842
2.87785
2.57315
12.2758
0.805449
0.127657
0.139035
0.816299
5.34954
2.37992
1.37768
5.71276
0.193016
0.4421
0.553101
9.33948
2.00178
0.289951
0.21687
1.40041
0.238807
0.608102
0.129486
0.813689
0.210457
0.116675
0.232866
4.48088
0.16595
2.13436
0.188507
0.901313
0.275285
40.7593
2.98244
0.236124
0.145778
0.848026
1.09871
0.326953
10.6506
0.105966
0.377744
0.285203
0.154241
0.829832
0.151458
1.30464
2.27457
0.611652
0.101837
1.18202
0.110971
0.315096
0.196689
5.81144
0.135108
3.84073
1.9723
0.658044
0.378354
0.649858
4.17729
0.323109
1.20238
2.2839
0.292437
1.80074
8.17818
0.879447
5.37445
0.509821
0.304242
0.403065
0.420401
0.303929
5.43015
0.116404
0.498992
0.219646
0.308256
0.653022
0.104814
0.481467
0.634227
0.245541
0.148502
0.614324
0.857806
0.584247
0.303822
0.443315
14.0742
0.422785
3.39431
3.59727
0.829816
0.52734
0.133803
4.1895
7.65262
0.192371
0.724168
0.107751
0.387449
1.01587
0.744456
0.256897
0.997559
0.14485
1.20741
0.18247
13.5355
11.1042
3.50722
0.289643
0.504547
2.36364
1.23004
0.124689
0.313228
4.36449
0.828777
0.327106
0.156549
0.115417
1.92993
0.174745
0.549375
0.191384
0.170924
3.16627
0.967724
0.165059
4.87877
0.111476
0.807066
4.41319
0.439451
0.602695
0.925079
0.32278
0.45318
0.286419
0.443719
0.488693
1.51523
0.99787
0.235172
0.572888
7.48293
0.187484
1.34052
0.210267
5.9404
0.179113
0.295801
0.377572
0.359085
16.0779
0.275306
0.557477
0.25446
0.397747
0.481105
1.7849
0.296149
0.472841
0.31849
6.54174
0.408969
0.174531
2.12917
0.135597
3.17037
0.257205
0.136104
2.74481
0.167231
14.2572
2.69478
2.57318
0.123819
0.144157
4.31402
5.88799
0.395069
0.196882
4.80432
0.346375
0.138953
0.66276
0.244133
0.143231
2.03343
0.149914
0.538466
0.603359
0.333645
0.286252
3.77253
1.9253
0.138739
0.563109
1.19384
0.12979
2.04984
0.953552
1.71614
3.24985
0.682943
8.0527
0.259028
1.65953
0.140052
0.768697
2.95883
11.3319
0.13318
0.102475
1.27379
4.54391
3.02152
0.234556
0.440742
0.172519
1.62361
0.207628
0.132491
0.204358
0.176859
0.156067
3.47253
0.113936
0.399721
5.14343
4.4779
0.299949
0.521258
0.828136
7.32574
0.193573
0.909088
1.45039
0.127124
0.158391
0.197491
0.175245
0.303357
7.89147
0.198151
5.66699
5.05086
0.783478
0.120244
0.981101
0.393336
0.23912
5.44713
0.289567
0.668735
5.53249
0.102319
0.137702
0.913699
1.37091
0.150763
12.9121
10.3315
9.62375
0.702087
0.201529
0.277175
0.851112
1.57101
0.471331
0.323474
0.323658
0.33063
0.628904
1.40054
0.129794
0.106554
0.810291
0.112789
0.583466
0.476703
2.34098
0.941406
3.04997
1.9381
0.138436
1.48126
0.417883
1.60099
6.05226
4.38011
2.62215
0.482996
11.077
0.14774
0.199031
1.03742
0.756256
0.252359
0.174513
0.240116
1.06242
0.268386
4.6109
0.554838
0.107938
0.233418
0.156487
0.3329
6.52085
1.8332
0.209146
7.6707
0.202545
0.263722
0.756704
0.403967
0.493503
0.926194
1.18976
0.912276
3.48816
0.605835
0.882139
0.163232
0.408371
1.63141
1.40339
0.266124
1.04149
0.482764
10.3916
0.187311
0.416388
1.9536
3.53071
4.163
1.84236
0.487803
0.640244
1.18016
0.282793
0.115118
0.344308
2.66541
0.133727
0.579592
1.61866
0.178361
0.210584
0.17518
0.242727
15.7386
2.092
0.122743
0.545257
0.176137
4.39086
1.02276
0.285541
3.29612
9.41054
0.360113
13.8246
0.246763
0.127294
0.676933
0.642586
3.56548
2.72538
0.186513
2.49952
3.31659
2.1952
7.42626
1.6299
6.26501
2.77126
0.64045
0.426661
18.9733
1.54336
0.162117
0.637448
10.8426
0.143046
0.234066
1.09896
0.241134
4.60632
0.237048
0.963816
0.43485
1.264
0.151069
3.42
6.50016
1.95056
0.11638
1.43199
0.283276
1.67008
2.02767
1.49767
14.5183
0.905179
0.245155
0.116033
0.775016
0.429021
0.274521
0.668657
0.363837
4.61435
0.507926
0.721517
0.13165
0.122072
0.144253
0.662691
3.53577
0.50001
0.156733
1.28581
0.17863
0.757841
8.36432
0.260881
0.178468
0.179105
1.27565
8.92768
0.168212
0.117473
0.237994
0.537998
3.90228
0.352028
2.29731
0.462584
0.258414
0.2109
1.41199
0.508935
6.41986
0.15577
1.63261
0.155007
3.84069
0.83559
0.354442
1.04555
0.837618
0.114246
1.40095
0.105386
0.117644
1.71682
0.193112
0.387004
0.291733
4.61522
12.6332
0.100447
0.781524
0.135024
0.141824
0.787392
5.23525
0.16247
10.1183
0.109635
1.72763
0.264664
7.63058
0.108887
0.121051
0.172874
0.581318
0.213148
0.420078
0.119151
5.70039
0.618286
1.96869
7.97762
4.15771
0.370852
8.01533
0.189795
1.76537
0.20629
0.857239
0.126366
0.100135
0.248077
0.184393
20.1811
7.67458
6.67207
0.247068
0.177777
2.40216
0.331439
1.80877
0.732963
1.91093
0.265786
3.22411
0.956489
1.31444
1.0821
0.489611
0.207391
0.150017
8.5827
0.26935
1.25351
0.194791
1.78267
14.1688
0.696668
0.210487
0.602556
9.54161
1.5324
0.764998
0.154173
0.889274
1.37316
2.08315
0.759719
1.46565
10.7476
0.758104
0.836471
0.32242
0.475639
0.136335
5.79707
0.260427
0.135371
2.71118
4.03507
0.100485
1.22381
1.24674
48.3429
0.252747
4.24242
0.106894
0.399902
0.862058
0.109036
0.270411
2.47133
11.209
0.178521
0.228886
1.14238
3.43671
1.02157
0.338229
0.137061
0.40464
0.405857
0.364208
4.03586
0.847248
0.301342
1.03353
0.189224
4.7212
2.51493
0.396219
0.123288
0.202246
0.457899
2.85041
0.135681
0.123283
4.19116
4.71955
0.227962
0.279251
0.402142
0.657885
0.238428
3.32923
0.385032
14.2726
7.10912
0.182802
2.92253
1.02125
1.06807
0.648722
2.91749
1.24142
5.39444
0.842132
0.412613
3.90542
7.17451
0.364559
0.165495
7.95546
0.935206
0.17614
0.777142
0.215111
12.1067
0.179568
0.292513
14.9371
0.433745
2.52022
0.48007
0.251647
0.555406
1.92175
0.445249
0.566262
0.781223
0.180236
1.8757
0.334583
1.73928
0.381414
0.118645
6.65952
0.417047
0.911729
0.193985
0.201272
0.185987
1.54827
1.17401
1.87933
0.678235
0.449052
2.90592
0.282419
0.163556
1.56028
1.70668
0.129962
3.64898
0.119993
0.579934
1.60598
2.2991
1.64711
7.16671
1.38293
2.03279
0.319235
2.07993
0.143101
0.17429
0.74468
1.64759
0.208028
0.29556
0.333646
0.553766
0.129027
1.62415
0.627749
0.466867
0.363841
0.160879
4.03627
0.108054
0.612297
1.67223
5.87184
0.261132
1.61389
38.9441
5.71351
0.233573
0.375154
0.291287
5.72578
6.4032
0.137553
0.234279
0.129967
0.229086
0.290353
1.00178
0.313756
2.2328
0.155077
4.32859
0.594817
0.680277
0.323812
0.14918
1.13372
0.594543
6.25296
2.62812
0.193125
0.839984
3.37338
4.08955
0.495491
0.760078
3.6499
0.460744
0.200797
2.32255
1.53875
0.398977
0.458344
3.47308
1.07308
18.5302
0.184958
0.146333
2.29302
0.883524
3.14443
0.258304
0.20234
0.151113
0.141455
5.20498
0.792424
3.21731
2.49143
0.213091
0.658216
4.82591
2.35578
0.382313
0.21584
0.132833
0.473333
0.190095
0.121519
0.859457
0.571827
9.43328
0.30101
1.43131
6.22638
1.10427
12.6278
0.609026
0.49816
20.7423
0.996365
0.683912
1.77184
0.146871
1.69836
0.235853
0.675613
0.119291
0.724694
0.135866
0.133857
2.41074
1.24397
0.309972
0.377285
1.49754
0.211683
0.123109
0.393343
0.866003
0.939062
0.428868
0.157243
2.25909
4.61447
1.12133
0.341303
0.188491
19.2547
1.18274
0.136716
0.113854
0.266824
1.47104
0.666435
0.412419
12.3423
0.110294
1.9706
0.132271
1.80898
0.128478
9.74691
3.52899
0.256027
0.205368
0.334876
0.166505
1.07005
2.07192
0.108724
6.02823
15.9063
1.51847
0.1576
0.145867
1.03354
4.05844
0.378251
2.54412
0.381372
0.838806
7.57275
0.613251
0.693675
0.115571
14.7096
0.792448
0.149944
4.99718
1.19419
0.242864
0.160865
1.72492
0.612848
1.10165
22.1638
0.295799
0.534974
0.825036
0.141137
1.25455
0.417072
0.123111
1.37023
2.32263
0.567867
3.26473
7.64552
3.99107
12.5803
1.70661
1.5672
3.47436
0.81832
0.155384
2.55746
0.380258
0.728281
7.15172
1.36789
0.314873
30.46
5.01074
0.690004
0.143815
0.549984
20.5856
0.208422
0.201261
5.07146
0.215732
0.314741
0.187926
4.94184
0.108662
0.400499
2.01514
0.443206
1.34486
0.392227
1.1001
0.603747
0.415492
0.240718
4.15153
1.40376
4.1244
1.71433
1.33066
0.174169
0.492639
0.265109
0.384975
3.76363
0.126443
0.708988
0.439566
2.45303
0.950032
0.484849
0.397056
0.315527
0.343742
0.369798
2.77295
2.54323
17.4206
0.164192
0.135181
3.54205
0.308448
0.193007
1.10348
1.11057
0.12953
0.169907
0.138414
0.219662
0.172578
8.28461
0.139868
0.191307
0.178967
0.118267
0.642448
4.20865
0.201539
0.406354
0.242484
0.266918
0.597029
0.431037
0.142762
1.3056
2.96078
0.302642
0.149072
3.97543
1.82225
4.13614
6.03776
0.447425
5.00458
1.04551
1.11101
0.587712
2.0364
0.732289
2.35845
0.738583
1.94328
0.137575
18.704
0.170099
0.120649
0.162521
0.114797
0.700241
0.245964
1.09301
0.45584
0.361147
0.305463
0.305252
0.190235
6.10601
3.23396
0.163607
3.37083
1.21993
0.208762
0.255784
0.331025
0.189908
1.24698
0.201996
0.658343
4.99573
0.384381
0.164365
1.43699
0.26813
0.259988
0.603665
0.128192
0.902762
0.168651
0.171025
0.141666
3.32672
2.70312
0.529438
0.25837
0.225395
1.5213
4.40002
0.333696
1.07568
0.161291
0.356449
0.470839
2.2158
0.552852
2.671
2.64683
0.79261
0.438618
0.257747
0.154429
7.12902
0.201223
0.355721
0.325125
1.15202
3.70216
1.2342
18.6774
0.196341
8.73922
0.728793
10.5361
0.168234
0.907361
4.52266
0.148964
11.7763
0.231868
2.37639
1.63934
19.3241
3.24028
0.419065
1.32838
0.134294
1.86996
4.46838
0.313211
0.672181
0.576204
3.3934
0.412024
0.214377
0.348128
1.29235
0.170191
1.69216
0.383801
6.23455
0.327821
0.181723
1.03032
0.114371
0.145388
0.994745
0.864269
3.63334
2.14752
2.29566
0.12552
0.2403
0.659381
1.19491
0.563149
0.427003
0.612067
3.57874
1.17552
0.626076
0.124032
0.521808
2.20146
1.12444
0.102241
1.6031
1.46086
0.634473
1.12537
1.6715
1.02311
5.59378
1.16659
6.83199
3.31346
0.192624
0.180128
0.880713
0.406127
0.127661
0.785743
0.482004
4.93012
13.3787
0.166623
0.688375
0.923214
0.419065
25.0891
1.50398
0.82381
9.41994
4.46618
0.39782
0.502226
0.695993
1.07645
15.2661
1.10811
0.42241
0.241179
0.115255
0.110108
2.21106
0.558092
0.745573
3.13831
1.06708
0.225918
0.1462
0.124029
3.72611
0.574487
0.323806
0.217011
0.294151
0.624123
0.127465
0.974202
0.485721
0.377288
0.134075
1.9985
0.135363
3.70615
0.148227
0.143116
0.199533
2.50038
7.13455
5.77373
0.36915
0.269229
0.598597
0.880114
0.237354
0.819491
5.85934
0.172192
1.65711
2.45811
0.364639
0.294174
3.23135
0.844411
0.638567
0.637723
0.60863
0.917996
0.105693
8.40513
6.92393
0.119554
1.2557
0.43598
0.284545
9.80515
0.277488
4.43374
4.80426
0.1479
0.711768
0.933711
1.02038
0.106548
0.415788
1.71088
1.24002
0.255133
0.334007
0.145368
1.06193
0.460297
0.380787
0.357653
0.10942
0.105269
4.35723
8.23605
1.14981
0.171051
0.897775
0.836942
1.04806
0.522874
4.89904
2.78317
14.1947
0.529731
7.68673
0.198066
0.142947
0.112703
1.44458
0.797572
0.231422
7.03081
0.588843
2.89493
2.61196
3.80993
0.160485
0.515217
0.736983
1.8028
1.92847
2.76512
0.137109
0.763462
2.01328
0.118432
0.559817
0.607122
2.02733
0.727595
5.52746
0.266522
0.13747
4.8882
7.16437
3.19122
4.27342
0.141808
1.38395
6.8077
10.9768
1.36326
4.64467
0.559357
0.832877
6.41223
1.53503
0.189922
0.281573
0.811059
0.150812
0.720996
0.927735
1.93387
0.494309
3.06815
0.597838
1.56005
0.164107
0.925404
0.443852
1.71949
1.00576
0.36741
1.51693
0.120092
0.463731
0.586882
0.607617
0.731898
0.262297
7.46892
1.71848
0.720026
0.326835
0.155126
2.77816
1.9058
0.318963
0.390424
3.89332
1.10019
4.62575
0.301922
0.940545
3.22078
1.03526
0.234658
0.238435
1.04222
0.206184
1.02404
0.948364
2.76567
0.156031
0.874472
0.141164
12.2602
0.620609
1.14297
1.79918
0.275686
0.224244
15.3501
0.253705
0.179403
0.205528
13.343
0.739143
1.33152
0.112969
1.96591
0.122056
4.07639
0.151696
0.79501
1.92969
0.18227
0.105807
0.664968
0.788586
0.191833
0.114538
1.12826
2.11474
0.968549
0.29184
0.175787
0.145417
0.17474
2.66407
6.82512
1.02848
0.121039
0.513958
0.205943
0.644382
0.177888
1.26476
0.613652
0.32083
0.135555
0.14311
0.125902
0.186309
0.357143
0.227185
0.141288
0.100787
0.233946
0.281496
0.131176
2.23881
0.258314
2.69511
0.847382
0.825005
0.252874
0.258648
0.213516
0.219699
0.186288
0.734045
0.35751
0.176346
13.9127
0.622893
0.746532
0.904038
0.281451
2.16554
0.322679
0.329347
0.247228
0.727916
0.874867
0.737299
1.19988
0.222728
2.50295
0.108935
0.34424
2.73819
7.52983
0.110287
1.20962
0.492746
2.56588
2.02697
3.20938
2.00741
0.109433
2.15538
0.597391
5.62366
0.223161
0.608493
8.29836
0.275327
0.677707
0.718615
0.247128
6.75398
0.158271
0.251654
0.286994
0.562007
1.82088
0.141906
0.496885
0.19786
3.01369
0.566183
0.186763
0.459819
9.57497
0.255967
3.56377
3.67535
0.996909
0.647092
3.25964
0.437706
0.192398
4.26328
0.659719
1.21254
0.535984
2.48681
4.25872
0.938566
0.239827
0.118706
2.72386
1.91947
0.198887
26.0211
0.102916
1.23935
0.275713
5.0083
0.587303
0.685508
0.546527
0.425292
0.103059
3.20579
7.12886
4.9763
0.105864
6.45509
0.105772
0.118819
0.449466
0.114677
0.102632
0.239589
0.656308
0.184667
0.163643
1.06406
0.234351
9.4577
1.76735
8.27481
4.36373
7.21918
0.887987
4.41757
0.191645
0.768765
4.91018
2.12307
0.515032
4.03632
0.929183
0.120621
0.201668
0.191026
2.01115
10.5583
0.104262
0.293543
0.161561
2.04054
0.164755
0.775363
4.69362
0.313875
31.67
14.999
0.214978
0.617172
0.961716
0.145865
0.162542
14.3129
4.48045
0.466822
0.393419
0.252884
0.277906
0.703603
3.88017
0.692314
0.189987
0.110236
0.262962
0.365373
1.40463
0.277304
2.47173
0.393008
0.560489
0.22089
4.93914
0.117573
0.123237
0.654946
0.180238
0.440898
0.127309
0.103117
7.40443
5.15934
0.80879
0.211889
7.88405
0.191603
0.645423
0.880693
8.48417
0.201887
21.4636
0.163274
1.07327
0.185122
0.547977
0.148961
6.47408
3.68002
5.33201
1.25883
1.90724
0.10998
1.04985
0.208871
0.460953
0.177489
0.110348
0.396185
2.81149
0.123643
0.129689
0.176457
1.89497
1.00958
9.92918
20.2129
0.284089
3.12131
0.382438
0.982332
0.14509
6.40779
1.66787
5.20336
4.68077
0.349169
3.17279
0.611306
0.127307
2.90929
0.814596
1.21137
0.557539
1.17727
1.66185
0.148439
1.27624
22.7931
1.39949
0.349502
0.369453
5.08327
0.363473
1.42515
0.101502
7.70739
1.1666
0.476714
13.5058
1.62504
0.217691
0.132719
0.120389
1.15513
0.207352
0.401288
1.29245
0.117522
12.6774
0.294277
0.373371
0.886277
1.25431
0.407941
0.102925
1.68549
18.5402
0.826365
5.75637
1.44289
6.24922
0.275121
3.14125
0.356719
12.8393
9.44669
1.44571
3.41031
1.43248
2.63864
0.102492
3.70426
0.101001
0.543397
4.85279
2.3513
1.08693
1.8075
0.800004
0.691336
0.116253
1.37976
0.178003
0.655282
2.03848
6.96207
1.75905
0.435915
5.60462
1.61431
1.28433
1.54882
0.286425
0.641187
1.5665
5.36754
0.140467
0.328169
1.00766
4.99279
0.257165
0.75878
0.240467
0.245292
0.808161
0.240769
0.573721
0.338824
5.5748
1.20883
0.226839
0.991902
2.50426
0.104224
1.47889
1.60754
3.34091
0.583079
0.284361
6.63118
8.56223
4.40511
0.174765
0.131955
0.966559
0.177499
0.16009
0.316055
0.529803
0.858515
1.88861
0.222224
0.245751
0.103299
0.362717
0.28228
0.117228
0.511718
0.344525
7.00104
0.322005
0.166691
0.125835
0.186771
0.154041
0.372834
0.184604
0.193046
0.303441
0.204742
0.118081
1.17405
0.403696
0.505678
0.649366
8.78306
0.70432
2.33118
0.215271
0.631901
0.422264
0.394096
0.589259
0.785857
0.211637
0.780682
0.215842
0.263418
0.107502
4.74477
0.262317
1.11595
1.75726
0.495708
2.34557
1.69297
0.142856
1.79987
0.28726
2.36427
1.85027
0.717617
0.349423
0.311631
3.69044
4.87963
1.29312
0.906662
0.300899
0.170024
0.281215
1.64649
0.174175
3.48205
6.00167
0.204344
0.460335
2.06253
0.114352
0.587053
3.74445
5.29777
0.167707
5.99734
0.321523
0.406897
0.118887
0.157992
19.3846
2.33233
0.160059
3.36421
0.293853
0.436036
0.369216
0.167931
0.135834
13.0109
2.41362
0.276129
5.15824
0.533935
0.220453
0.244908
0.341809
1.1758
0.225023
0.617783
0.614715
0.144716
0.116496
0.723118
0.148979
0.332233
2.72488
0.860939
0.132325
0.412796
1.01286
2.39517
1.91615
0.622646
3.0042
0.388709
0.190343
0.394027
7.88752
0.248354
0.26489
1.74398
0.386017
1.80142
2.31571
0.401866
0.624419
0.118708
0.916788
1.15306
0.206733
1.6808
1.2322
0.608092
0.169922
3.82806
3.77148
0.472827
0.432884
0.37705
25.7275
0.288205
0.100317
0.153482
0.60762
0.212042
5.35775
0.203885
0.544285
2.5755
3.72853
0.132447
0.544893
1.08312
8.57305
0.103462
1.83716
1.47811
1.19861
0.608755
15.0696
13.3003
0.574443
10.6059
2.3756
0.271626
0.559879
25.7094
0.105043
0.387965
1.50146
0.172136
0.458681
1.30119
0.108145
0.194296
13.2135
7.18485
0.148032
0.160232
0.108712
4.65413
0.10787
0.773238
0.178387
0.258037
0.135132
0.111091
0.165532
1.63952
1.37104
0.183754
0.19325
0.333395
1.2253
0.960705
0.327512
10.143
0.141148
0.185745
0.139362
6.09217
0.131887
0.402511
0.833544
0.241881
0.192808
2.51115
6.50865
0.146035
3.04868
1.45921
0.722396
0.128497
4.77758
0.111083
0.293602
0.140651
0.833183
17.324
0.992123
0.160244
0.16834
14.0771
0.540157
0.751047
0.159545
0.261771
0.971908
5.06387
0.208601
0.42173
1.87787
12.6009
0.146513
4.39808
1.17547
0.151638
0.861961
0.25357
0.149419
0.47802
14.8176
0.609331
3.79176
0.207279
0.530417
3.98016
0.551333
0.244679
0.891563
0.203881
0.511997
0.205414
0.133802
0.322945
0.460795
0.141027
0.219401
0.112202
0.95472
11.5266
0.146263
2.59267
1.0746
1.03176
0.273816
9.81087
6.78595
0.120761
0.111403
0.765899
1.45326
0.123974
0.353869
0.181742
0.149793
0.405778
0.723404
0.177708
3.03536
0.174334
0.284204
1.1922
4.67585
0.17999
0.22856
0.774578
14.7885
0.127555
0.26515
4.04904
0.128935
0.74825
4.09834
3.86511
1.77256
0.77725
2.51917
0.134393
0.2278
0.578736
0.447103
0.363715
1.22578
0.159167
0.262281
0.143829
12.6343
0.424836
0.50336
1.87712
0.143408
3.23598
11.7518
2.6293
1.31045
0.190522
0.25271
0.196672
0.938478
5.06317
0.248071
0.13449
1.10483
0.319833
0.495095
0.224947
0.488713
0.640377
1.37214
0.55604
0.780189
0.380738
6.9919
17.2609
0.145852
11.2503
2.5804
2.3928
0.625327
1.99106
30.756
0.565241
0.135892
0.11671
0.321164
1.29056
23.0625
18.6149
1.36722
0.442784
0.176971
1.77843
0.578217
0.62748
1.59218
4.9293
0.16191
14.0618
0.198897
0.451253
1.39933
0.325306
1.30673
0.123015
0.347094
15.5986
0.349493
0.25871
0.123323
0.119472
2.59677
19.0534
0.109203
2.39537
0.187128
0.650933
3.62681
0.385182
0.167084
0.32148
6.50888
1.30772
1.2784
1.4349
1.36146
14.3474
4.82514
34.7068
0.385978
0.126165
0.344723
0.372775
0.19093
0.405543
4.65764
0.18003
8.81536
1.13561
0.565671
0.184372
1.90572
6.22401
0.110201
0.74364
0.976147
0.325273
7.37078
0.365369
0.171405
0.114891
0.641969
22.9071
0.116245
0.223009
0.181706
0.114239
0.41125
0.300385
0.963237
1.26318
0.429786
0.365299
7.23514
0.426665
6.90318
0.674087
0.290421
0.368024
5.68293
4.38778
0.885464
0.496232
0.288733
8.69516
2.34382
0.680431
0.14439
0.642076
0.904486
2.3927
6.55442
0.154848
0.32939
0.314029
10.5272
6.21203
0.127043
0.113662
1.34128
0.265262
0.584572
0.775289
0.254119
10.2963
1.14638
0.736214
0.29225
0.107624
0.145974
0.261565
0.141823
0.23355
2.78889
1.37818
0.119615
1.27175
2.73976
0.613444
0.385174
0.404632
0.94955
1.42246
0.134855
0.162698
0.355023
4.38732
1.6495
0.236095
0.164535
2.2333
1.30087
0.969481
2.15551
2.39147
0.232677
5.50688
0.143488
0.477595
0.276829
0.150764
0.306974
0.95857
0.557027
5.04981
0.140909
0.324347
0.955699
0.166718
0.631262
0.613263
1.14603
28.7796
0.133758
0.818235
0.254547
0.498964
0.205565
0.551745
16.5486
0.294712
0.429316
7.91405
0.375251
0.151348
0.198657
2.90296
0.266705
0.292661
6.77955
0.845225
0.199656
0.731346
0.548848
0.182292
0.572349
0.882957
1.72956
0.998414
0.234531
0.106423
3.66111
0.386812
1.67335
0.217291
9.14363
0.483915
0.218177
0.547889
0.37442
0.508916
0.166422
0.56506
0.288522
4.26619
1.44821
0.489275
1.52347
2.92864
0.196635
1.53587
0.73636
0.30233
0.138965
0.257964
0.133375
0.18933
0.127749
6.13438
0.125727
2.75107
1.71836
1.21003
15.254
0.496529
0.243498
2.81312
6.87938
0.319907
1.4426
0.109506
0.852768
1.40361
0.214486
1.05398
0.287142
12.1262
1.11334
0.475126
0.243117
0.44091
0.123124
1.04444
0.309338
6.41712
0.187527
1.1449
6.64836
1.67989
1.61672
0.385627
0.145673
0.120803
0.601115
1.01329
2.15695
1.58519
2.63057
0.10246
4.07346
2.06341
0.811935
0.111937
0.101381
0.318232
0.309238
0.21913
0.450177
0.134036
14.1176
5.91703
0.353144
0.678592
0.177084
0.11619
0.166807
0.36426
0.118548
0.112261
1.53083
0.113535
0.198313
0.199303
0.210657
0.291298
8.02808
0.117991
0.346636
0.475392
0.834194
0.139438
1.29834
0.35773
0.379566
0.145279
0.13987
1.05412
3.53112
1.39463
0.129257
3.67122
4.75838
12.7198
1.86096
3.30537
0.116492
0.579537
3.81236
6.04048
0.116056
0.776098
4.89568
0.279423
6.99869
1.76245
0.185796
3.68291
0.487408
0.144765
0.299004
0.743099
2.50329
0.184485
0.102006
0.563423
0.250007
0.225543
0.760743
1.65186
0.215492
0.125553
0.819702
2.72517
0.908433
0.334998
1.3373
0.281617
0.489388
0.161289
0.120904
0.100522
0.116045
1.55044
0.20236
0.271428
0.114521
1.60231
0.55823
0.483218
0.656008
0.378458
3.26425
1.13447
0.803385
1.66795
7.38993
0.156757
0.119118
0.39793
6.43601
0.111455
6.64192
4.12174
2.53815
0.712971
0.26876
0.171137
1.52361
8.16129
0.116323
0.111731
11.1964
15.5696
2.24636
0.28158
0.407853
2.92866
2.94889
1.49886
1.18658
18.2648
0.422975
4.91398
2.73829
0.695938
1.91999
0.442116
6.36038
0.979093
0.14744
0.15402
2.15648
0.784443
1.31166
1.53072
13.8121
3.79146
8.14655
1.32546
0.100131
0.682721
0.536595
0.317689
0.399861
0.137722
0.243791
0.937698
3.76736
1.88936
0.196345
0.605748
0.540566
0.573525
0.145764
1.3296
0.148189
1.45391
1.02824
0.792433
21.6926
0.390172
0.102517
0.623239
0.421228
0.132121
0.361109
0.101626
0.462226
0.428231
6.77545
0.358241
0.177386
1.81587
7.39916
6.45011
2.11438
0.371146
1.50007
1.13446
5.82865
0.826325
2.3303
0.125011
0.111592
0.139613
0.419509
1.15994
0.248525
1.42268
0.120883
2.28005
0.126176
0.185023
0.264541
0.415507
2.2766
0.423135
2.06918
0.156892
1.70542
0.279886
0.122908
0.536334
0.113934
0.274539
0.812848
0.957157
0.481385
0.121307
2.49562
0.100534
6.70858
0.746134
4.54102
0.154675
0.166523
0.172729
2.46668
0.108105
13.6418
0.824299
0.810543
2.8109
0.154762
0.27437
0.27795
1.06354
1.36427
2.00119
0.127388
0.159422
0.410123
0.223461
0.275198
0.272493
0.314685
0.751009
6.44326
2.00593
1.15574
2.61293
1.02702
1.33284
7.53651
1.95342
28.0014
3.403
1.35501
34.8498
1.0482
0.836891
3.44717
1.21392
0.249375
0.104302
1.16703
0.21271
0.930135
1.66877
0.259532
0.300538
0.17907
0.168285
1.78563
0.125013
0.15307
1.666
0.136436
0.522032
0.981003
3.49115
0.327489
1.01472
0.24279
0.596294
0.14259
0.679707
0.166556
3.50259
0.211433
4.10712
0.258557
0.487267
0.1262
3.65929
0.819112
0.125361
3.0929
1.944
0.317582
0.263483
0.395426
0.203657
0.131825
2.09808
2.91184
0.210118
0.279445
0.738986
0.637774
1.48382
0.423164
19.8813
0.211704
2.7418
8.14041
0.342963
0.292714
1.3808
2.90055
0.159838
0.108158
0.17776
7.04091
1.22613
0.165288
0.356035
0.292384
1.17123
0.186781
0.115983
0.120316
0.433462
11.2618
0.529644
14.1266
0.754754
0.433221
0.625748
13.9454
0.11016
0.277893
12.8009
1.63637
0.430131
4.84905
0.690249
0.149472
1.1827
1.24531
0.530629
0.174602
0.868508
1.29613
0.390226
0.62639
0.22356
0.153327
5.04249
1.33268
8.69286
0.343477
0.180496
0.338214
0.525395
0.125561
0.827177
2.39647
15.6559
1.10878
4.98535
0.220566
1.82444
0.138535
0.437672
1.73222
0.151117
0.379897
0.186316
0.328534
9.4285
0.276484
16.8927
2.34184
0.133286
0.38007
0.148807
0.400185
0.252373
0.147584
0.280123
0.241928
1.76285
5.97776
1.96538
2.27638
1.85762
0.185942
1.13851
1.27783
2.78456
0.106323
1.76171
0.48403
0.50967
0.96359
0.20773
0.579967
0.161964
0.64617
7.59876
1.94295
29.152
1.92744
0.303332
1.50002
0.531233
3.82702
1.41987
15.9502
0.411749
0.153174
2.14167
0.110004
0.40752
2.08492
25.3799
0.181014
0.677224
1.02475
0.447956
0.133407
0.211172
12.9321
0.160976
0.567939
0.109779
1.24738
3.21511
9.51057
0.370906
0.186276
0.315076
16.2355
0.209496
0.148864
0.253463
6.47919
4.5698
0.362191
0.929589
3.79154
1.12511
0.283439
4.07566
0.7749
0.780722
0.104539
1.0494
3.02119
0.505594
0.493679
2.5485
0.112089
4.99124
0.50996
28.712
1.0355
0.206256
0.156683
0.25208
0.122218
1.97841
1.44529
16.9559
0.818039
9.41111
0.963803
1.73936
1.03003
0.228003
0.222848
0.503431
6.80427
0.753203
1.40005
3.9411
0.103622
0.83917
0.155039
0.5962
0.708549
0.188618
2.46225
0.306607
1.1353
0.207594
0.17806
0.656947
0.230801
0.458561
1.07803
0.807773
0.100523
0.103397
2.2142
0.596061
0.239173
1.5477
0.14794
0.130829
1.73165
0.175712
0.276634
0.112714
1.13482
4.57927
0.212265
0.459624
0.883263
0.317635
0.422455
0.366926
0.619548
2.00562
2.61886
0.134885
3.20059
2.90584
2.22831
12.4791
5.92185
0.3855
0.131891
1.81306
30.8112
0.140282
0.205245
1.69558
0.619272
9.13293
0.283923
14.2383
0.219269
5.7422
2.20606
0.172052
0.56483
0.319716
0.486687
0.105106
0.524579
3.18419
0.315255
1.68042
0.154665
2.05674
0.636648
10.4063
0.630196
0.51682
0.117348
0.991334
3.18277
2.58403
0.252134
0.44791
1.30388
3.62455
8.07085
2.40511
0.746575
0.159577
0.575306
0.305622
0.524423
0.402844
0.412126
1.09552
0.432417
0.190965
0.292728
1.33533
3.81269
0.351179
0.353991
0.33704
0.198179
0.724022
1.44734
0.1338
0.912656
1.93721
0.190568
0.133
0.540524
5.57506
1.57297
10.479
2.07379
0.178709
1.08222
1.48739
22.4615
0.435051
0.825394
0.835948
0.892382
0.351856
0.237334
0.109448
0.113732
0.276752
1.66085
0.274888
9.3596
0.128389
0.570056
16.3521
2.8467
0.384064
9.07193
0.270152
1.33329
0.947058
0.112977
0.712864
0.257515
1.61988
0.522018
0.369249
1.2486
0.350916
5.12013
0.546259
0.886503
1.45027
1.62325
0.265352
0.235185
0.123451
2.85194
12.2104
0.162862
0.36379
0.109678
3.04914
0.234136
0.370393
2.18873
14.8578
0.378148
12.6747
3.40169
1.75343
0.667924
0.209203
0.381573
0.964378
3.26007
0.111494
0.638927
4.88102
0.117327
0.776793
3.19249
2.2877
0.207849
0.136606
0.331978
4.22539
0.239299
4.94848
0.602826
9.67504
0.132627
0.478527
0.574303
6.00568
1.16646
0.158938
15.7664
0.804926
0.213503
1.98105
0.933486
3.64192
2.16193
0.355826
0.318414
0.208342
0.116052
4.18398
6.79715
23.4718
1.1314
0.304296
1.53596
0.40124
0.164698
2.29229
0.157612
0.773131
1.9411
0.265619
0.570776
6.15468
0.226852
1.2016
0.162141
0.822098
2.43321
0.558071
0.12859
3.27576
5.2406
0.214972
16.71
0.129829
8.34157
0.518349
6.1041
12.6999
9.87559
0.437562
0.197749
0.48806
0.429046
0.239652
2.08845
0.753359
0.216622
0.121725
0.120196
16.2199
8.90142
0.767078
0.147232
0.673455
2.30611
0.164784
0.603406
20.2192
0.139498
0.333304
0.28849
0.120116
0.691135
0.172376
0.235475
1.2987
3.45777
0.126775
0.736956
1.98026
0.103678
0.118021
0.929014
0.545496
2.29493
10.2593
0.714356
0.153463
1.73925
0.164161
0.325318
0.953312
0.207176
3.99066
1.43397
0.192497
2.0072
0.133416
1.19576
0.255722
0.52717
0.211418
3.08649
0.261093
1.49751
0.387138
1.74056
2.08566
0.436923
0.16089
0.398745
0.720657
5.47586
0.161811
1.62704
0.417979
0.133108
6.72974
1.02333
0.301933
0.354953
0.631647
0.429329
4.48114
0.566413
0.196204
0.287283
1.40755
0.235851
12.9478
7.35598
0.190128
17.4888
0.123348
0.877681
1.95682
1.66506
0.544879
0.879047
0.285229
0.424693
5.8546
0.187104
0.338155
0.10821
0.165853
1.52768
0.253899
13.261
7.04388
0.940982
1.16458
0.706676
0.181413
0.415282
0.506443
1.55116
1.29879
4.32519
0.956688
2.34646
2.98267
0.309796
2.85443
5.46379
0.185518
0.16222
0.143119
15.4386
1.79615
0.370565
0.223572
0.983782
0.263976
0.178784
5.93414
0.228825
0.360376
1.14445
0.163493
0.296312
8.79744
0.305009
0.111117
0.179848
0.431921
0.430093
0.424507
0.476209
1.9747
0.286143
0.152507
5.36026
0.123694
0.231373
0.243608
2.27442
1.65338
0.477269
0.139541
5.76302
0.326382
11.9039
0.117532
2.38705
0.233895
2.14826
0.218314
0.167151
18.4302
0.810032
2.39499
0.176496
0.763952
1.64441
0.320461
0.899971
0.167639
1.27022
0.34221
18.7576
3.53456
0.543712
0.111013
1.46542
0.489542
0.122989
0.189337
7.05538
1.09911
2.2013
2.2818
1.04806
0.161297
4.86243
0.532001
0.918232
0.568433
3.32303
3.25591
0.143984
0.153198
1.98753
0.663724
1.90015
0.211726
6.97911
0.309055
0.257891
0.120492
0.722699
0.879046
0.296449
0.1583
0.134265
2.16779
14.2349
0.267072
5.53716
1.02253
0.252928
0.153148
0.204142
1.64909
0.674312
3.83349
0.308405
10.2564
1.83037
0.496086
0.848355
1.17688
1.31718
0.230747
1.71906
0.312058
0.320265
4.86788
4.06709
1.26684
0.645233
0.104448
1.53358
0.156621
6.73181
0.474248
1.28217
0.256278
11.8208
0.987503
0.855496
0.346238
0.521406
12.6767
0.105008
1.41129
1.3424
0.123469
0.972103
35.2891
1.32169
0.155014
2.13424
0.167029
0.48548
0.819943
0.293745
7.55787
0.552849
0.509043
14.0188
2.92009
1.70002
0.419463
1.08969
0.118496
0.315332
0.255662
0.217045
3.16045
4.60289
0.240165
1.33892
0.254747
0.160597
0.37373
0.516297
0.182449
0.138381
0.124452
0.191671
1.20159
0.939469
0.544719
2.82682
0.234272
0.192903
0.203802
11.2391
7.82278
1.2902
0.18934
0.129052
3.41236
0.855374
0.872372
0.266638
1.98522
13.1192
0.142967
23.0568
2.18367
3.58903
0.220087
0.107734
0.564348
0.266873
0.207417
0.258109
0.137973
37.9715
0.316939
0.175559
22.0029
32.4753
4.23974
0.478187
1.14558
1.06675
0.196824
0.387362
1.92781
3.20169
0.919509
0.176489
5.67263
0.609964
0.138501
0.152661
3.91456
0.412676
1.00643
0.173053
2.39652
0.77983
0.250069
0.267947
4.88207
0.32462
0.233739
1.17418
0.105622
1.88474
1.36367
0.223211
0.15064
0.305186
5.74062
0.352344
0.782529
0.332036
0.437524
0.355945
0.189638
0.153449
0.173531
0.171262
0.459521
1.19671
2.69147
0.91696
1.5602
0.79812
0.228397
0.593033
13.1234
16.7942
0.222585
1.35039
0.157339
8.20871
0.102066
2.73076
0.560322
0.227276
0.736765
0.389495
0.327688
0.104835
1.33697
28.3004
0.199628
1.01508
0.226816
0.242614
0.817084
8.1474
1.33671
0.593722
0.461708
0.245927
0.169964
31.0658
0.49687
0.19549
0.904528
0.271455
0.529302
2.30545
0.183426
0.172449
0.222005
0.178877
2.66681
0.10543
0.210688
0.246084
0.342163
0.693741
0.124245
0.117287
3.11706
2.17348
6.17857
2.74088
0.632202
0.73908
0.544656
0.20385
0.121934
0.258321
0.512525
0.549855
0.547479
1.19059
0.340574
0.685505
4.07623
1.67424
0.141469
0.613121
0.151091
0.346418
0.25997
0.152517
0.431648
0.592151
0.107577
0.684854
0.545004
0.106056
0.17425
2.83476
0.311919
0.82811
0.115271
0.378543
0.372251
0.29218
1.83161
0.261766
0.296659
1.09407
0.15938
0.189421
0.417679
1.66557
0.214783
0.411385
0.28626
20.1583
0.687485
0.428866
0.241092
1.56849
1.71967
0.103034
0.407466
0.210458
5.75433
0.139594
0.368776
1.02608
3.39554
0.54127
0.523802
0.596317
2.18893
0.258026
0.676594
0.124202
0.399836
2.66822
0.385801
0.220401
0.218369
0.446519
3.4619
3.90681
0.53978
0.115525
20.4209
2.42031
2.13468
0.695376
0.186861
0.22492
0.17885
0.678101
0.948731
2.03005
0.118909
0.147445
0.922481
0.607521
0.322486
0.154845
0.510691
0.832177
1.57363
1.4598
1.90021
0.122071
2.2297
0.24057
0.940551
0.134446
1.06044
0.223551
0.290184
0.640783
0.174716
0.419291
24.8369
10.9661
2.69049
0.824671
0.273893
2.92559
0.577345
1.66617
0.28149
18.8157
0.156369
0.925825
1.66996
2.70405
0.508754
1.64302
0.54724
0.388577
8.86294
0.158989
0.405981
4.51506
11.3238
0.21685
0.271576
0.201482
3.52424
0.120892
0.653213
2.51784
0.342132
0.429464
0.409407
0.203661
3.72152
1.67583
3.33216
0.185713
2.12119
0.492713
0.183758
0.738672
1.54826
7.75998
0.169444
0.841646
0.116022
0.325232
0.887199
8.13544
16.5356
0.359929
0.973939
0.688526
0.910259
0.571245
13.274
0.111168
0.179163
6.93489
0.169745
0.659907
1.62419
1.08327
13.9062
0.10998
1.29484
0.148908
0.145605
1.46277
0.24077
2.27313
0.552335
0.606008
0.294494
1.49106
0.317477
2.45427
0.51604
6.81456
0.490951
0.288552
0.356765
0.344718
1.10341
0.143224
0.154214
0.217712
1.8905
0.102114
0.111961
0.725226
1.84656
1.14945
0.204872
0.319805
0.121714
1.54633
1.02995
0.801951
0.496412
0.689689
3.95179
0.372129
1.06332
0.131734
0.108354
0.520993
1.89667
3.69453
1.99272
0.106441
6.64479
0.134955
1.33784
0.123726
1.26852
1.99551
0.126426
1.51072
0.238292
0.135741
0.165247
0.185138
6.20292
0.102685
3.36072
0.725641
3.142
1.79013
2.03093
2.14146
0.323061
2.28301
0.102797
1.82204
2.88712
0.911474
1.89403
0.134704
0.262295
0.55987
0.138184
0.350507
2.76899
1.38623
1.12374
0.218233
2.36901
11.0488
0.178759
0.285449
0.125667
0.120752
1.22322
0.52797
0.435351
0.375857
0.518604
0.327714
0.205099
1.51501
0.373229
1.917
3.5989
0.24516
3.9695
0.444964
1.80145
0.136384
1.92649
0.331279
1.39664
2.11875
0.388373
3.25271
0.114292
5.11183
19.1954
7.43841
1.13924
6.50279
4.37496
0.186185
0.107048
4.1185
0.766566
0.384901
0.933698
1.9212
0.181084
0.227368
3.07895
0.137052
1.06932
2.27152
2.28948
6.94137
0.230861
3.01692
0.30463
0.258735
1.35333
0.201271
0.116395
6.53966
0.278368
0.754653
0.474584
3.95149
0.141501
0.586711
0.627904
1.72138
2.82541
0.148538
4.8678
0.733917
0.803733
0.13779
1.68961
0.13369
0.366556
3.17563
0.60505
2.91362
3.10467
0.465752
1.12307
0.119646
6.06791
0.104401
0.71456
0.427766
2.84109
0.847859
0.203737
1.95498
0.201524
0.119381
0.217584
0.901809
0.138016
1.27271
3.41457
0.764819
0.266855
2.59077
6.02249
2.17092
0.109375
0.293477
0.279444
0.111495
0.692543
1.32453
15.1196
1.03549
0.256862
0.56722
4.51468
0.198162
2.50864
0.123286
3.73474
4.66393
3.48755
0.152863
5.96787
0.339578
0.74105
2.87063
0.816468
0.146378
0.175661
0.212508
2.88775
3.60388
1.68836
3.86754
0.211261
1.35106
4.82802
0.506122
4.85908
0.291172
0.424103
0.210098
1.89539
6.29493
0.627947
0.455216
5.12406
2.26757
0.135475
6.69064
3.83949
0.276685
0.460777
1.13789
0.546221
0.125849
1.92969
0.104244
0.730315
2.55529
0.27661
0.271058
0.258914
1.7068
0.32999
4.06252
7.32182
0.547903
0.405428
0.3224
0.127832
1.93472
0.893524
0.159895
0.495457
0.704156
0.941723
0.179368
0.297879
7.78087
1.267
0.323382
0.347392
0.634386
0.134858
33.1182
0.160974
0.106666
0.199637
0.782901
0.396234
0.156215
0.19795
0.342932
2.84949
0.271717
0.210729
0.566154
1.87917
0.190753
0.16031
10.567
1.52102
0.300158
0.117313
1.30489
1.58992
0.228816
0.345976
0.210377
0.647492
1.51149
0.327669
1.96535
1.99624
0.19068
0.126891
0.152791
0.196854
2.50854
0.101238
0.102142
3.13974
1.06695
2.28675
1.64617
0.543451
2.43148
4.43206
0.364175
0.246917
0.134418
1.81544
3.15805
1.19998
0.398519
0.145563
9.30125
0.418327
0.302174
7.87102
2.69378
1.35777
1.24082
4.60915
4.88815
0.894618
0.212904
0.268592
3.59269
3.03174
1.47019
1.44581
0.557813
0.138687
0.172096
3.24525
2.24174
0.332297
0.158736
0.114164
6.12937
5.42104
3.38861
0.117164
1.03542
0.597582
5.10555
0.628184
0.378931
24.483
0.346788
0.682741
1.32563
0.113583
0.623779
1.89141
5.83678
19.5537
5.47913
0.37733
0.752481
0.713714
10.5379
1.7693
3.84153
0.183716
0.342551
0.224507
1.84526
0.240169
0.277065
0.773439
4.19113
0.116457
0.110755
0.785752
0.906085
1.29964
0.142696
0.720166
0.244708
0.426122
0.802204
0.235847
6.09986
0.917942
0.169615
0.779277
0.115336
0.573206
0.233705
2.79659
1.55418
8.23042
0.26316
28.0919
5.08125
0.145953
0.413839
0.137125
3.58942
0.177668
0.914356
0.181741
2.41547
16.0022
0.124524
1.78029
0.498219
0.118597
0.24547
0.502234
6.85501
7.4997
22.4653
0.286812
0.172454
1.24345
0.718765
0.475423
0.308879
0.246571
21.2893
1.12998
2.28076
4.65853
2.08877
0.116354
12.9516
0.111707
1.6626
6.10986
2.39526
0.130137
3.57275
0.377723
0.786633
0.148579
0.28106
9.43074
5.35984
5.18187
0.311171
0.118224
6.49685
1.35937
0.658615
0.410303
2.58632
0.750836
0.611965
0.301877
1.87477
1.30652
4.5022
0.239114
8.19059
0.585145
2.35704
0.489161
0.329151
0.464781
1.54437
1.6713
0.120084
0.110204
6.09667
0.426675
0.678971
0.599
0.789213
1.31545
14.7222
0.581271
0.155353
2.30315
11.8595
7.97171
4.46493
9.94073
0.587466
18.068
0.185453
2.58126
1.5518
0.246108
1.51725
4.31574
1.47285
4.98711
2.54836
0.100868
0.392365
1.16638
0.255681
0.147168
2.878
0.617253
0.291257
25.9112
0.127289
0.119068
0.250201
17.597
1.16569
3.70444
0.113246
0.33766
0.311944
0.459253
2.44903
0.135211
0.16394
4.76489
0.269164
1.51323
0.329133
0.287021
0.906741
0.450415
0.368078
0.211005
0.964622
1.68064
0.138563
0.4214
3.38224
0.740863
0.13081
1.92237
0.125
0.369534
0.322023
0.12605
0.862683
0.133391
0.137826
0.116411
2.78466
2.80834
0.150133
0.315307
1.0436
4.63984
0.817445
0.181531
0.141719
0.134565
0.133581
0.537331
0.246146
7.10308
0.115739
1.30248
0.296815
0.22766
0.155885
0.317129
0.183917
0.144139
0.164092
0.575436
0.198176
0.457958
1.18108
20.6145
0.118902
6.04926
0.353529
0.100551
0.575342
2.37893
0.137446
0.194139
0.612502
3.98599
3.81034
2.83241
0.112146
0.127227
1.53842
0.579237
6.44681
3.50253
5.92619
0.102681
0.793933
0.106205
4.5574
1.26556
0.577225
0.987984
33.0383
0.588475
7.61924
0.663482
1.63773
0.172746
0.187456
0.120547
0.150652
0.19185
6.98467
1.16157
0.254283
0.438022
2.20386
1.262
0.100981
0.269546
0.113646
0.298712
1.06015
0.829062
0.334654
6.80743
0.291157
1.02889
5.38221
1.24331
0.421169
11.6765
1.03269
0.752556
0.338557
0.433282
3.26192
0.607976
0.443807
3.69001
0.371845
0.156153
0.105673
0.158117
1.91919
0.260911
0.403669
2.10675
0.96194
1.42011
1.48043
3.845
0.315345
0.112093
0.798567
0.116946
0.575015
8.94601
0.194989
5.43666
0.812505
0.100773
3.30461
3.32365
0.910401
0.182301
0.143327
0.41477
0.317247
0.346785
1.58912
0.817004
0.112728
2.74552
0.612019
1.60389
0.223115
4.75563
0.448547
0.359278
0.40891
0.661094
1.01388
0.496285
0.22541
4.15141
0.593513
0.92117
0.585793
1.25175
0.918938
6.89708
0.127856
2.12109
1.38477
0.736847
0.439699
2.86373
1.74322
3.14996
0.193046
0.107598
0.69406
0.13651
13.4586
1.99298
0.159937
0.136676
1.5634
0.284058
0.121788
0.18943
6.98322
0.290097
0.110588
0.22737
0.327773
0.538376
1.62243
0.193688
0.137437
1.3898
0.238949
0.151478
5.0338
7.89229
0.842975
0.20411
2.00564
0.155629
16.2139
0.489671
1.85891
0.763133
0.885567
1.85508
0.120442
0.18904
0.54953
0.134911
0.792116
0.343281
2.74221
0.439277
5.71063
1.89703
0.366599
0.125584
4.85135
0.221836
0.224631
10.0205
1.78621
0.339328
0.264019
0.143555
3.9079
0.940993
1.36582
6.0472
0.793742
0.284268
4.35118
0.799188
28.4941
2.00369
8.18585
0.374975
3.79486
6.88033
0.642337
0.371581
2.129
0.944896
1.75612
4.12768
0.116618
0.148504
0.260027
0.835775
0.434808
0.233475
0.140999
0.709219
6.0776
0.245027
7.98469
0.861267
0.444542
0.825465
0.205088
1.54201
0.28293
0.329517
0.859093
0.380267
1.14988
6.41952
0.868821
0.239278
0.220033
0.114194
1.99884
1.35417
0.144511
7.83768
0.1168
0.136098
0.318013
0.857755
0.132621
0.124964
0.133549
0.278714
0.133695
0.600125
0.819182
0.179131
0.406866
3.26716
0.104401
2.85652
0.111643
0.947494
0.225103
0.12931
0.207282
1.6251
0.105346
8.96994
2.58443
0.115489
2.79453
0.117857
0.267182
0.338378
0.23426
0.877913
0.107111
0.300277
0.42734
0.562544
0.620252
1.0239
1.20879
0.272302
0.141045
1.78104
0.525072
0.734831
2.43345
1.67985
6.26554
1.14149
0.139865
9.46804
0.898728
2.02119
0.331996
1.64541
2.46563
0.304976
0.116465
0.195735
0.246992
0.194872
0.7087
0.902212
40.3115
0.393677
0.140873
1.01873
0.710585
8.83799
5.02124
1.33677
1.4344
5.16519
1.16787
0.630605
0.120805
0.43331
0.127846
0.22802
10.2401
0.750461
0.38225
11.5705
3.1246
0.150483
0.108838
0.882374
0.123624
0.880518
0.183293
0.137035
0.636493
5.24114
0.902357
0.590233
7.96685
4.48241
7.99578
1.41096
0.11211
1.43489
0.502215
14.3527
2.84667
1.09923
7.35155
0.306641
0.383867
1.2035
0.307747
0.294611
1.36949
0.14993
7.57934
0.201932
0.404321
0.38687
0.198624
2.91245
0.371394
6.00156
0.652236
0.931958
0.496302
0.402925
0.26661
1.29214
0.222872
2.11868
1.4811
2.08179
0.175665
0.257331
0.321969
11.0473
6.98921
0.206024
0.132272
2.8278
0.199157
0.129727
0.214323
0.575776
0.192152
0.234396
1.14391
0.330918
0.365946
0.35033
0.111418
0.156032
0.304382
4.72738
0.667236
0.336417
0.542329
0.32671
0.153974
0.779566
0.853643
0.155547
0.145591
1.3272
2.18028
0.115409
0.178412
0.160886
0.162727
0.197644
0.469209
0.254134
0.283598
0.963554
0.107452
5.08203
0.574666
0.388466
2.05998
0.131149
0.551026
1.69187
0.194952
0.187863
0.901646
0.828118
0.915544
0.116606
0.736532
0.152857
4.95407
0.2711
1.44405
1.19839
0.115415
0.159312
0.286709
7.83396
0.12403
0.806966
2.57567
22.5543
0.560987
0.136665
2.11042
0.356389
0.280695
1.70754
0.139876
5.4729
0.565974
0.425586
8.47951
2.74145
5.11348
0.227184
1.34064
9.95735
0.682166
0.127744
0.105477
1.14705
2.52414
12.3079
3.79277
0.113513
0.887856
4.84062
0.209519
1.2584
3.45195
1.42265
0.872055
0.107805
0.3579
14.7566
0.703375
0.169293
0.77328
4.57712
7.66945
0.109327
0.495464
1.33734
0.206194
0.230176
0.356961
0.195448
0.842415
1.9394
0.407283
0.359374
1.89837
0.896063
7.46762
0.438369
0.696711
2.09686
4.6814
0.177352
0.289222
0.261704
0.119534
0.348309
0.128334
0.128246
4.97926
1.30896
14.392
0.701521
0.241599
1.75037
0.14707
0.964624
0.504421
0.601992
1.29538
1.63229
0.297261
0.156525
0.539706
1.99133
16.4707
18.7489
1.67445
5.36039
0.969455
7.87819
1.42751
0.6566
29.6395
1.32586
0.324895
0.221751
0.383347
0.292057
0.109983
1.06607
1.91041
0.664466
0.288089
0.120262
13.8134
0.597408
1.51745
0.125965
2.68249
0.219937
0.357452
0.247356
0.115756
1.56245
0.130713
0.435589
0.103105
0.973631
3.78488
0.369298
9.48467
3.98535
4.70969
0.114518
0.111693
0.337589
0.203591
0.127167
3.30774
0.451601
1.07631
0.220514
1.67855
0.219194
0.179572
0.352068
0.222835
0.633098
0.23799
0.559664
0.136579
2.17
0.681801
0.917093
0.419282
0.333417
0.803652
0.218342
4.0085
0.936257
10.9139
0.130269
1.9146
0.139956
11.8947
0.582126
0.238706
0.874562
0.689532
2.31283
0.192188
0.4177
9.09833
15.4511
0.210745
0.919467
2.57152
1.60401
0.137619
0.390776
0.24212
0.143401
2.65942
1.66967
0.129784
1.66234
0.599329
0.321396
2.70988
0.936847
0.352092
0.153446
1.18254
0.201075
1.64782
0.135638
0.606593
0.159218
0.26835
14.6962
0.27028
0.660048
5.65702
0.23747
0.202541
3.76037
0.126586
0.101102
1.76013
0.443829
1.24899
0.449546
0.210465
8.23214
0.153169
5.2576
4.99168
0.128699
0.199442
3.45267
0.9584
0.699663
0.842288
0.429019
0.439758
1.32217
0.157583
0.141504
0.333472
0.148955
0.664077
0.10793
0.219142
12.0777
1.66731
31.763
0.185913
0.673977
0.311401
11.1526
0.351394
0.787629
6.69763
0.249281
0.142881
1.57475
1.24836
0.488742
0.549672
4.49432
0.131074
4.24352
0.112805
0.204864
0.605251
0.135471
3.05238
0.421738
0.260433
0.662013
1.25644
6.19834
3.19677
4.78545
0.288434
0.355439
2.48605
1.58963
0.337348
0.822
2.21624
0.187107
3.94433
0.529599
1.48856
0.259997
0.205547
0.124208
0.139065
0.151573
0.275167
0.429928
0.68574
0.351185
0.572091
0.20009
3.36359
0.211197
6.41959
0.245703
4.55867
0.202969
0.299873
0.160316
3.96699
0.134372
0.140091
0.145849
16.4338
0.113339
1.95061
0.445844
0.266156
0.839424
0.213506
0.197351
0.364568
0.958431
0.166258
0.2319
0.1912
0.338222
0.680513
0.306144
0.114372
0.55046
1.84132
0.802919
9.72118
0.596631
1.08366
1.91023
0.12936
2.38314
0.402543
0.514397
0.424706
2.48402
4.13006
0.202331
0.126079
0.221246
0.359089
0.107332
0.519882
0.366787
0.101276
3.92614
4.18303
4.06464
0.964214
1.65141
0.775074
0.149279
0.355995
1.47676
3.27983
0.430244
0.639675
0.710705
5.02483
8.11162
0.184782
18.2129
0.207798
0.264907
0.196829
0.241908
1.49269
0.417668
0.714573
0.456142
11.6452
0.190347
0.256838
1.88857
3.31652
0.871018
0.793436
0.237258
0.847647
0.591176
2.85696
0.891359
8.08049
0.23376
4.20047
1.73607
0.707462
1.01649
0.16592
0.892207
0.124785
0.681644
0.166711
0.260231
3.0761
0.146236
1.2626
0.603434
0.180476
0.203065
0.134834
0.720113
3.78737
0.181286
0.180011
1.02819
13.3599
5.87082
11.5111
0.282953
2.74673
2.00581
0.662284
0.454763
1.57373
0.736677
0.172628
0.328925
0.122715
0.207265
0.493774
0.300023
0.302984
0.312314
1.39496
0.296987
0.238183
0.139566
0.327636
0.201243
3.44254
9.5609
0.147333
0.258422
0.382798
14.9091
0.742583
2.09739
3.40772
0.736582
0.509012
0.706774
3.29551
0.115911
0.119032
0.135605
0.354206
9.14679
0.162776
1.80246
0.217595
0.132311
1.28081
0.127849
0.108388
0.641088
0.24751
0.125991
0.533478
7.33259
1.50699
0.585764
0.276015
0.103193
0.563325
0.845288
0.954845
0.103844
0.134104
0.194934
0.151936
1.09809
0.127581
0.313405
0.197421
0.242975
5.60374
0.134955
2.19799
0.100564
2.0704
0.599361
0.593963
1.28467
2.17094
10.8561
0.668342
0.122548
0.417927
2.49765
0.790414
0.130942
0.121435
0.122878
0.465574
0.280162
0.237253
1.22294
0.339503
0.169521
0.385006
1.2263
0.214956
0.11683
1.95161
2.94489
1.26944
0.162582
0.173057
1.50556
0.201872
3.43048
2.96875
1.9279
0.212587
0.126872
0.192663
0.114727
4.27186
4.80814
0.372797
2.7325
0.869964
1.64566
0.176937
0.345429
0.291154
0.711737
0.306907
0.980013
6.44292
3.07929
4.21657
2.22855
0.309421
0.254156
3.26458
4.31961
0.381288
2.6762
1.00377
0.202104
0.542387
0.160845
1.57001
0.107044
0.169269
1.13901
0.357195
1.30322
1.58682
3.45525
0.119779
1.1007
0.701482
0.157662
0.285981
1.01192
0.119852
4.40516
0.438846
0.359031
19.5612
0.137701
0.359013
1.46199
0.689137
0.62393
0.999612
1.34142
0.638904
0.338742
2.79629
0.171484
0.15051
0.381441
0.812998
0.390438
13.9275
4.37007
0.3337
2.34196
26.7456
5.22971
0.714383
0.288645
0.36427
1.53142
0.248926
1.54064
0.112021
1.9988
0.104271
1.00956
14.6926
0.156505
0.343952
4.26129
0.17774
1.27674
0.344787
0.109421
0.700395
0.779233
0.154606
0.16381
0.378444
0.153336
7.42022
1.77176
1.78995
0.27836
0.270585
0.56372
0.486226
0.159103
1.33196
0.144033
1.19811
3.27246
0.1475
0.249776
0.710712
2.53623
7.83021
4.53937
4.06924
0.170719
2.30731
0.146355
1.61638
7.04912
0.898431
0.939417
6.35328
1.55743
1.10349
1.35922
0.55366
0.608765
3.89424
21.6567
0.472108
3.51084
20.6035
1.56329
0.172922
0.452315
0.33873
0.283279
0.407925
0.267972
1.76363
0.226393
2.93098
0.121303
0.119769
0.978937
0.169402
0.101385
1.6801
2.85654
1.38786
1.85906
0.427751
0.128671
0.247488
0.300104
0.397806
0.10479
0.546132
0.124012
0.772842
0.622425
3.43045
2.33328
0.170097
3.46721
0.148605
0.20798
0.186336
0.244479
0.185398
1.27371
0.567233
0.420934
0.758531
0.276434
6.33986
1.12794
0.240801
2.62409
0.366516
0.104707
0.285179
4.95404
0.125566
0.129446
0.395869
0.128848
0.143797
0.316534
0.131374
0.115425
0.279122
3.88585
1.27079
0.687036
1.95008
0.461081
0.682003
1.31174
1.30393
0.147398
3.09432
0.254228
11.4937
3.63082
7.18412
0.307409
3.00762
0.256862
1.21075
0.24968
0.152677
3.39763
1.00187
1.2882
4.58864
1.15338
0.14248
3.39378
14.8256
0.685416
5.66556
0.11799
0.226724
7.5753
14.5979
1.39778
2.4242
1.29367
0.316259
0.444608
13.6631
0.649997
0.427066
2.12048
1.52433
1.16311
0.483073
2.84894
0.114979
0.491108
1.33308
2.36139
0.202322
0.199392
0.933714
4.94603
0.959417
0.113181
2.00045
2.76386
0.156489
0.206304
5.80693
0.285502
1.28948
0.254578
3.08382
4.65294
0.451433
0.901118
0.117733
1.86306
0.36379
0.175547
8.96488
0.124515
5.40341
0.525601
0.157344
0.851223
0.999403
6.88412
0.547794
0.802432
4.30352
2.29662
1.75132
0.747337
0.877588
0.294352
0.353275
2.73188
0.61624
1.07627
0.791425
1.56244
0.310203
0.345491
0.900461
0.21184
0.204605
2.97421
0.261929
1.50909
9.44768
0.113476
0.177809
3.43411
20.1266
0.110996
0.187803
5.21072
0.420721
8.78656
0.704487
0.320685
0.243298
0.106543
0.231468
1.38091
4.86033
2.12618
0.510598
0.272915
0.124425
0.324424
0.225918
5.06502
0.261279
0.622785
0.786454
0.144437
0.70143
1.96822
0.13685
21.7274
6.32428
1.7906
0.335943
0.226509
0.47622
0.233709
2.49583
0.352312
0.456559
0.857496
0.12972
0.810233
0.218524
0.120365
7.27343
1.09202
0.100932
0.296051
11.2228
0.411286
0.162788
0.167553
0.817009
0.787175
2.3125
1.78767
0.11709
0.197799
5.88511
0.197855
2.11532
0.309456
0.351985
9.04521
0.122142
2.42596
0.132583
0.463662
0.593357
0.229614
1.96884
0.111623
0.498489
2.14042
2.79771
8.33892
0.164957
0.262101
4.00743
21.291
0.220422
0.223935
0.266886
0.144819
11.4224
1.077
0.209812
0.633855
0.398617
0.181244
0.482689
2.25321
2.3268
0.152261
0.156286
0.425402
0.338008
0.180242
0.445228
0.100689
0.309901
0.141192
0.527383
0.503136
1.04454
3.48898
0.217759
0.297346
2.92338
0.639034
3.51072
5.77556
0.115232
0.138408
0.317503
5.28279
3.18117
0.596092
2.60904
0.549441
0.769786
0.191526
1.89368
0.634149
1.93687
1.53664
0.194588
0.387404
0.215223
0.895392
0.643908
0.517999
0.553716
1.97933
0.56828
3.78735
9.02966
0.709742
0.71382
0.148695
0.531358
0.317914
12.6988
4.29095
0.808565
0.353515
4.31519
0.218913
0.165983
2.11923
2.8932
0.131002
0.257697
0.3344
0.542598
6.43668
13.5383
0.449003
0.116995
0.149426
0.207607
0.812443
0.172702
0.31847
11.7247
0.202766
3.22995
0.218374
2.85383
0.325468
4.42783
0.172092
1.57918
0.894858
0.125801
0.646481
0.222572
8.76972
0.153541
0.602973
4.20698
4.00862
0.881443
0.338876
0.874952
0.296646
1.78724
0.45517
0.517148
8.16217
0.589065
0.262427
2.84845
0.172326
0.885886
1.14793
0.115638
0.114262
0.168636
0.406127
1.06789
1.03553
0.228156
0.576398
0.370017
0.920325
0.100557
0.141501
0.722551
0.181294
0.655192
0.152914
4.27454
0.336161
0.479614
1.36159
0.292077
0.380308
0.383932
15.1264
1.43372
1.61068
0.519785
2.3107
0.822836
1.89122
2.10324
1.14482
4.04498
31.9393
1.50333
0.413855
14.3138
2.65511
1.08279
4.1893
0.90817
14.6961
0.253663
2.10676
5.86569
0.208627
0.170367
0.102782
0.269875
2.80144
0.164982
2.89866
0.336826
2.44454
2.67915
0.858786
0.214118
0.321903
1.23497
1.14895
0.140818
0.626167
0.224685
0.17668
0.456013
3.92464
16.6521
0.791547
0.543114
0.752624
0.549397
0.342422
0.119132
0.212654
6.47519
0.262341
6.72151
0.918354
0.202532
0.190674
0.281334
0.258051
2.11588
0.520969
1.17669
1.10494
0.227515
0.706866
0.145875
0.455939
0.120769
0.616224
3.11341
0.289022
11.9147
0.176139
1.24632
0.247877
8.07824
1.75434
0.317589
0.578986
2.25741
0.119279
2.69945
0.149526
0.254954
0.872957
2.07145
0.298445
0.476432
0.128738
2.68491
16.0251
1.29806
0.457987
3.11929
4.19024
18.0365
21.0112
0.243248
9.09284
0.260485
4.18471
0.10401
0.398691
0.290627
0.266914
0.412353
1.02388
0.589318
0.118224
0.682464
1.00846
3.47713
0.230737
1.32625
0.167849
5.08145
0.756906
0.147421
2.83333
1.96727
6.11464
0.29959
2.57587
4.41276
0.146941
0.507474
0.210743
0.687308
12.1621
4.65461
0.145551
0.256071
5.41882
0.160053
0.241394
0.154517
1.33814
11.6802
0.24062
2.90932
0.102054
0.777993
0.153299
0.100237
1.76167
0.841302
0.381683
7.06833
0.185273
0.180401
0.858917
2.82272
0.371474
15.7243
1.14887
0.376099
0.186995
0.559037
11.3982
0.3693
1.83892
0.184832
0.775497
0.170836
0.201979
2.40585
0.418802
1.21238
1.33894
0.198034
0.878516
0.163703
0.130341
0.517913
0.14654
0.204232
0.141807
3.19908
12.7949
0.11685
0.404151
11.9349
0.221032
0.171666
2.18239
1.28016
0.43027
0.229485
2.25921
1.90784
10.9771
4.76397
0.103071
2.03683
0.206464
1.15785
8.37566
0.576782
0.400156
0.208919
12.8961
20.3615
6.02043
0.667361
0.202009
0.110558
1.76897
1.29807
0.718613
0.458068
0.10208
4.20231
0.139508
5.90036
0.43039
1.39001
1.73502
0.772151
0.422686
0.157647
0.412196
0.342839
1.42575
0.722779
0.453366
0.570571
1.26915
0.420073
0.160419
0.133003
0.946479
0.845945
6.1171
0.136952
0.138157
0.110524
0.310632
2.90636
1.73129
0.168057
0.116039
0.152015
2.00726
0.13312
5.95155
0.885651
1.17427
2.46143
0.367223
0.118895
0.177765
5.17928
0.120058
0.29146
0.871741
0.225072
0.638399
0.380626
0.231708
0.475015
0.17976
0.478744
0.504563
0.15696
0.969354
0.654708
1.18978
0.451259
0.197255
0.234608
1.69898
6.01728
0.121642
0.168701
1.51649
0.977629
0.120895
0.386551
0.15215
0.541395
4.86083
0.831076
0.404619
1.65448
3.17845
0.836216
1.95716
13.5313
0.105078
0.110591
1.03225
0.776307
1.20771
0.560097
0.190064
1.78644
0.112294
6.1759
0.383005
0.215327
8.50746
1.40804
8.98177
0.162844
0.106022
0.215428
1.97562
0.528512
1.17718
0.140117
2.6475
0.245735
0.582423
0.196852
0.131827
1.10784
0.143484
0.945237
0.280294
1.11927
13.7472
3.67847
0.350753
0.174958
1.54438
0.305443
0.267565
0.178209
0.975535
0.447626
0.13058
0.140926
0.110551
0.281827
0.959786
0.848394
10.8549
0.319906
18.1751
6.27009
0.158593
0.280616
0.143313
4.93938
0.105677
2.02366
0.227131
0.126318
0.856576
0.250994
0.131498
4.01215
2.07368
1.03795
0.150618
0.131364
0.107147
0.682509
1.82072
2.34385
1.64038
0.170582
0.306066
0.495122
0.590579
0.277359
0.153179
1.23998
0.520823
0.645701
0.20851
0.248054
0.369577
2.06609
0.493337
0.237403
0.189139
0.100962
0.109947
2.58718
0.516556
0.131754
0.408228
0.124463
0.164199
0.30383
0.10168
0.176739
0.668013
3.30271
0.133225
1.50528
0.282197
0.208441
1.04052
22.7542
2.22023
0.125445
1.70537
0.412627
0.403976
0.139968
0.548819
0.125124
7.28279
1.08689
6.01337
1.95944
1.37426
0.120461
0.743166
0.128032
0.197886
1.61174
0.131575
3.37942
2.35756
0.106458
0.2303
1.11159
0.126694
0.44839
0.141191
13.2575
0.20804
0.286966
0.488301
0.809498
0.126133
1.72948
2.31036
5.00736
1.71699
0.233159
8.3966
0.679239
0.127377
1.51657
0.152753
1.58943
0.397158
0.13083
6.17635
0.103636
2.00513
0.224355
2.88597
3.24575
0.793284
0.592939
0.375362
0.236883
0.416311
0.197778
6.11167
0.623936
2.9379
0.945553
0.446
3.8658
0.540814
5.62039
1.20181
1.06396
0.429524
2.88401
0.134137
1.11266
14.798
10.7877
1.17424
0.128995
0.705542
1.74449
0.193929
0.200376
9.13158
1.95359
0.238681
3.80206
0.137882
0.352785
2.73952
2.41044
1.33608
0.697509
0.312383
1.53427
2.9076
0.597554
5.46862
2.48733
0.136458
0.374112
0.276538
2.52948
5.39106
3.25842
0.29287
1.32436
0.527005
1.31577
0.129817
3.44325
0.555955
0.49729
0.754727
0.201571
0.568312
1.52491
1.50467
0.420203
2.49027
2.67236
0.299683
2.71069
18.7829
0.259623
0.155901
7.99781
0.488949
0.165698
2.66073
0.153736
15.6772
0.109523
0.245302
0.198759
0.49659
1.33505
0.701029
0.352302
0.233244
0.111727
0.505104
0.180658
0.817674
0.118735
0.186592
1.9563
6.69898
0.366942
3.43585
0.110835
0.147864
1.6594
0.214174
0.375028
0.126189
3.98245
0.147768
0.466883
2.43155
14.4484
0.385921
0.139908
3.81326
0.144789
0.336057
3.64552
2.19867
2.47875
0.19765
0.469699
1.0921
33.449
19.6423
0.295126
0.187511
0.281038
2.09936
0.432132
0.329928
7.71778
0.501506
31.6178
0.188201
2.61513
3.91705
0.232267
0.259474
2.65807
0.265737
0.191626
1.11011
0.165859
4.13043
0.724541
0.224418
0.418709
0.775852
0.737059
0.457807
6.60972
2.29791
1.21634
9.58538
0.353247
0.212155
6.18013
1.46973
0.348483
4.69149
0.28834
0.24679
0.123982
0.607566
0.425856
0.826244
0.119057
1.40155
0.122752
0.271085
0.650493
6.21627
0.159696
0.413188
0.756
0.149334
0.255367
2.97943
0.107773
0.882151
0.122622
0.1633
1.57505
1.7036
0.480799
1.34848
1.52972
1.84087
0.104214
8.9574
0.538991
0.255661
0.904767
0.171307
4.08755
3.35786
6.62694
6.35928
0.159223
2.40156
1.01647
0.281582
1.7923
0.696634
0.342009
0.102659
1.47715
0.991823
2.44339
0.223075
1.036
2.64152
2.64864
0.271766
0.142621
2.90683
3.2088
1.94154
1.33241
13.5689
0.127267
10.9829
0.570739
2.08389
0.619535
3.50355
0.361219
0.63765
0.921132
0.601159
1.50949
19.9484
1.06327
13.6053
0.283539
0.684795
4.90361
0.7382
8.97323
1.04608
0.407971
0.122096
0.987931
0.613959
0.332751
2.49803
1.80995
0.103015
0.671206
0.155086
3.58993
0.130921
0.221266
0.408894
0.116105
20.4451
18.5352
0.272366
0.101124
0.349556
2.8093
9.15182
2.7796
0.736039
0.334981
0.11082
0.126435
3.98016
13.1738
0.579492
0.152484
1.27651
1.09991
0.129299
0.139982
0.526193
0.1063
0.649836
0.465534
9.36309
0.574858
0.972943
0.12027
0.820028
1.2903
3.75332
0.130355
0.593555
0.404496
0.12311
0.241371
0.145013
0.159079
3.58816
0.936656
18.952
0.188733
1.53012
0.100233
0.176607
1.83318
0.212366
0.324585
8.55945
2.51899
0.47707
0.233624
2.67585
0.324008
3.74455
3.99959
8.53966
0.418139
0.264429
0.45342
0.223595
1.54323
0.118591
6.55788
0.191932
0.139019
0.254255
0.375502
1.86907
11.0119
0.121818
2.25778
0.162985
0.253925
1.29393
0.44371
9.07549
1.56746
0.248821
0.166002
0.272798
5.06187
7.69545
0.707621
0.265605
0.103922
0.368854
0.298739
1.38613
0.117863
0.290997
0.333896
0.219874
0.272216
3.96138
0.266447
0.116112
0.997611
1.26137
0.540173
0.215772
1.87374
9.62266
0.131672
46.2582
0.121845
0.41819
0.562753
0.174724
1.05778
1.051
4.8668
0.482331
0.164578
0.414283
1.18953
0.308828
1.8029
0.241253
0.440505
1.47155
0.487869
0.12518
1.24689
0.155477
0.141593
0.106534
1.06447
0.251886
0.584356
3.67079
0.422527
0.177313
2.64895
9.63772
0.284606
12.1239
0.632806
0.280176
0.440703
0.334961
0.602114
2.73698
0.130031
0.108881
1.04672
2.15639
0.175404
3.08726
2.38298
4.4742
0.136735
0.400595
0.435489
0.112703
0.468832
2.69165
0.200271
0.604382
0.441651
6.16744
11.3519
0.302953
0.376271
4.72995
0.268477
11.6185
0.222734
0.232267
6.07161
0.250056
4.4319
1.62317
0.409785
0.11405
0.621141
0.182962
0.199701
0.227521
0.138782
0.167269
0.704488
12.7108
0.127054
8.18917
0.158718
0.493417
5.27069
1.2691
0.101495
14.3118
0.844717
1.03074
0.243502
2.70184
0.117976
0.723397
0.250211
0.258073
16.8843
1.57228
0.2945
0.115208
0.304822
0.895741
0.260692
0.399145
0.275213
1.05861
1.23624
2.10983
0.189978
0.143473
11.5457
0.204659
0.112526
0.126669
0.162665
0.264014
5.60876
0.101172
0.70615
0.123381
0.315474
4.44389
0.818986
1.24136
0.270229
1.27315
1.56088
0.25636
0.602749
0.172264
0.25851
1.33306
0.13659
0.420536
1.14898
0.129704
1.27728
3.433
11.6402
0.146934
2.44515
1.33209
0.122626
0.254165
0.440505
1.60664
2.22119
1.39736
4.00713
0.110589
0.309603
0.20575
1.19497
0.356488
5.27044
0.147488
0.39985
0.175459
7.96026
2.38655
1.67409
0.508685
0.960854
1.34146
0.118578
0.108401
0.833629
0.120111
0.267611
1.14906
0.111204
1.52867
0.728936
2.47528
5.73124
0.114759
1.08163
7.00683
3.07873
0.903025
0.453053
0.167891
7.30162
0.13007
4.80354
4.89417
0.522468
1.56911
4.58064
0.993889
0.106059
5.29024
0.792002
0.340253
4.20384
3.04197
0.296175
0.514458
0.197435
0.846914
0.160449
1.19373
0.492709
0.379525
1.23593
0.161209
0.592822
2.33341
5.87128
2.09491
1.17292
0.105973
0.21486
0.237975
0.101554
0.12631
0.12211
0.166593
0.144864
2.64149
0.171684
0.171117
0.29678
0.216734
0.673761
0.176648
1.45786
0.246108
0.874192
0.117363
1.09669
3.28776
0.258253
0.482036
0.703958
0.136351
19.1756
0.664291
2.21395
0.236754
0.410893
0.156124
0.478442
2.29227
0.747331
0.145333
0.583386
1.79481
3.78504
0.289333
0.210427
1.50616
0.760393
0.826914
0.135317
1.65698
80.9585
2.39283
0.308753
1.35353
7.7858
0.445949
0.261218
0.658252
0.455669
0.55372
0.633745
1.46024
1.05798
1.30331
3.37176
5.73712
0.143279
5.03383
13.9707
0.106225
0.207462
0.366252
0.112509
0.240612
0.204732
0.132627
1.07503
2.2875
0.465889
4.09004
0.662169
10.7573
0.350764
0.132303
0.431843
0.123933
0.409028
1.15224
8.79668
1.4844
2.31045
0.186547
0.501896
3.18026
2.21592
0.332963
6.95186
0.229021
1.39763
2.34386
1.12533
0.370725
0.146524
0.372273
0.23374
0.260517
0.497037
0.876533
0.250056
2.3565
0.172776
1.77478
0.119704
0.320561
0.591649
1.24033
6.01812
0.760097
2.33045
0.342856
0.798342
0.282874
2.83413
19.1849
0.160828
0.106438
0.908194
0.161184
0.177958
6.31971
1.28301
2.39708
0.315881
1.91058
2.65323
16.865
6.94773
0.669954
0.10108
0.197171
1.80018
1.75657
0.146695
0.277466
0.112664
0.331327
0.761507
0.256928
7.95397
1.10766
0.473603
0.134641
0.127733
0.133793
2.32362
0.511522
0.411195
3.97771
2.3841
0.176002
0.228038
3.80688
5.40759
0.184755
0.123896
0.15281
0.194883
3.52377
3.85958
0.102746
0.117778
25.559
0.231704
1.0316
1.91795
0.206858
0.604768
13.2938
1.3716
0.330931
0.103586
3.77161
1.13931
1.82754
5.48237
0.668067
1.53348
0.124413
0.101933
0.394422
0.10391
0.117176
0.140267
0.169175
2.27558
2.05849
0.431534
20.3496
0.211081
33.2435
0.229592
1.3033
3.86966
0.20845
0.109657
0.573845
0.680572
0.216376
11.4691
1.69508
10.2405
2.33608
0.468511
0.148062
0.528564
0.645551
0.62632
0.454931
8.71508
0.117056
0.245864
0.644107
5.96155
1.00949
0.313276
7.42925
0.378898
0.259282
1.20557
0.435334
0.27365
0.121627
0.169481
0.162432
7.14435
0.487066
0.513489
0.514099
3.56824
0.14285
2.88475
0.212715
0.40391
0.175768
0.140614
1.30244
0.247298
0.295371
11.9705
0.599697
7.64765
0.258337
8.60351
1.99245
0.140266
0.70374
0.178836
3.20734
0.129594
1.02963
0.116279
0.505889
13.8501
0.242737
0.567584
0.345117
36.4102
2.41929
0.129313
3.51536
28.0098
2.75221
0.221204
29.2495
2.03346
0.507215
6.67225
7.23836
0.141363
0.644267
0.429022
0.978915
0.191088
0.439108
0.215987
4.48899
1.12034
0.553421
0.717917
0.533413
0.193905
0.640822
1.59467
4.48954
0.250131
5.96156
0.197206
0.100584
0.883039
9.35803
4.5018
6.37961
0.196387
11.6183
0.267342
0.466914
6.72394
0.595014
0.230097
5.3721
1.23417
3.10444
0.945753
1.27084
0.230019
0.294761
0.167988
0.25688
9.15734
0.110024
0.245362
0.347928
0.293018
0.360618
0.597681
3.5591
4.67425
0.816906
0.221149
8.42163
0.372524
0.131708
6.37807
0.367627
2.62785
3.6376
0.133318
3.20661
0.411077
4.65964
11.9058
1.88159
0.188496
0.444807
0.47263
1.30285
0.235949
4.35147
0.274257
0.189621
0.642211
0.66252
4.60065
0.114066
23.9807
0.200033
1.04577
0.469142
0.193907
0.890957
0.378496
4.38546
0.513328
0.425537
0.359779
1.77274
2.07493
0.144857
0.22319
9.7414
0.127115
0.27593
9.21758
0.111116
4.19838
0.340221
0.242805
1.55499
0.207643
0.294256
0.151057
0.350684
0.384567
0.82217
0.311827
0.326269
0.269407
1.7093
0.251457
0.991857
0.207778
0.254272
0.455835
0.275028
0.206192
6.26938
0.827361
0.304096
0.533379
0.295218
9.51771
0.143663
1.97834
0.534114
0.656329
0.465862
1.1556
0.269198
4.51186
0.274312
0.976615
0.425686
0.120869
0.886845
7.93822
5.28041
0.136702
0.293108
0.30279
0.259274
0.332502
1.33591
0.798962
0.703265
12.637
0.143854
0.651843
0.269067
0.419494
0.784078
0.575698
1.7305
1.63645
0.263761
0.117685
0.211445
0.120749
0.411237
4.87907
0.656036
1.16153
2.22689
0.10467
1.26838
1.65799
0.121308
0.17706
0.248241
0.113091
0.202079
0.395334
2.29506
9.42197
1.08759
0.119336
0.589705
0.130063
0.144052
0.602126
0.350278
0.106573
2.47579
0.185008
3.44466
10.794
0.150775
0.260444
0.845513
0.377242
0.167389
0.331856
5.4744
0.774948
11.2037
0.526864
1.01632
0.761829
7.36546
0.707519
0.183317
1.00417
4.55653
2.98188
0.129545
0.476824
0.400938
1.84169
0.504383
0.137249
5.15395
5.34198
0.538866
10.3825
2.4584
0.740027
0.644909
0.465956
3.21971
2.05601
0.294688
0.716815
0.20749
0.231911
1.34617
0.458385
7.40402
0.247742
0.191268
0.132341
0.527932
2.03339
0.520167
0.101668
0.246847
1.78372
0.418782
2.95496
0.284433
0.112532
0.983427
0.344077
0.5728
5.69252
11.8864
1.46852
1.42066
3.4031
0.109145
6.07817
0.142248
0.587228
0.881835
0.531722
0.760412
0.178631
0.494402
0.79096
0.163498
0.95148
3.95818
1.56943
6.00703
0.747439
0.141751
2.72745
0.161964
12.174
1.54444
0.137647
0.120775
0.570322
1.36144
0.44734
1.73459
0.245793
1.45312
0.709999
0.565501
0.129234
3.31114
0.246733
0.235787
0.637931
5.42015
0.303047
0.381866
1.18602
0.382871
1.77622
3.17302
16.7627
1.195
0.135764
0.246974
0.100011
1.14729
0.131707
14.0351
0.279732
7.95941
0.289022
0.658998
1.62815
0.111021
1.19397
0.118817
0.85465
0.143831
0.432772
0.637927
0.94958
1.89119
0.190083
5.04396
0.40411
0.323907
0.47206
0.110037
6.86493
0.362693
0.204717
2.11982
11.6347
29.0325
0.565229
0.301689
2.02519
0.274232
2.61214
7.6392
0.242332
0.60332
2.06442
0.607575
0.228852
1.72156
6.31427
0.450252
1.80818
0.160814
3.42195
14.2495
0.186175
0.568588
1.88921
0.123968
2.65925
1.44747
22.9763
0.169553
0.200273
0.554139
0.116835
2.88475
0.725238
0.12675
0.236443
0.555957
1.03527
2.51017
0.200062
0.678322
1.37417
8.02523
0.346614
4.33451
0.600682
0.415774
0.143347
0.688727
2.19695
0.104665
0.325131
1.85186
0.147473
0.325821
0.288747
0.743109
1.4035
8.36848
0.706631
0.203816
0.564054
0.399094
0.228215
0.233984
4.29124
3.95714
0.156424
0.134184
7.57564
0.21029
0.183984
0.13865
0.446978
4.08102
0.258876
0.802416
0.234307
22.8688
0.171663
0.625447
0.144879
0.7516
2.78426
0.125816
1.01408
6.71165
0.157701
3.19342
0.198306
0.824735
0.11313
0.311094
0.164212
0.137401
0.654165
0.835876
1.17347
0.242992
0.177761
0.573218
1.181
0.604069
1.82769
4.63681
0.272776
0.252768
0.204551
0.376988
1.16498
2.52798
1.75676
0.131283
3.5665
0.85074
0.476239
0.238329
2.54509
0.813773
0.649358
0.213287
3.15072
1.46516
0.135255
3.53638
0.172579
0.425964
0.487855
0.339041
2.61574
0.131458
2.794
0.444787
0.105889
0.110218
1.34206
0.469107
4.34536
0.206177
35.4752
0.284318
2.22708
3.71378
8.40953
62.0592
0.184242
1.88952
0.311006
0.950319
6.28314
2.14889
0.211332
0.31592
0.649279
17.1232
0.335106
19.456
0.317562
6.48888
0.123534
0.2898
0.379141
10.983
0.806544
0.143283
0.451032
3.19559
0.108341
0.204254
0.149824
0.235179
0.11078
2.35009
1.63939
0.727097
0.213184
0.542914
8.24621
0.330502
0.254903
14.5759
0.168836
0.631631
0.714089
0.124521
0.189667
0.298467
0.233674
2.0988
0.231591
0.254666
0.612435
0.154424
0.281701
0.180788
11.7034
0.197595
0.246325
3.20983
0.479967
0.350277
0.219118
1.33299
1.10451
0.371958
6.59706
1.59511
0.905849
0.220278
0.160113
0.933329
8.26324
0.235091
0.235853
0.610082
0.380273
1.6752
0.879806
2.26302
6.72526
0.233361
0.127532
0.187187
0.427974
0.322276
0.350045
1.15171
0.814994
3.05783
0.139475
5.81794
0.201256
0.824157
0.226227
0.395653
1.85836
0.704869
0.417647
0.108255
0.372018
1.75523
0.417087
0.111974
0.196733
0.109774
1.57068
1.24516
0.599191
0.723147
0.120695
0.100277
12.7059
0.221913
1.73556
7.10269
0.155957
0.18159
10.6055
0.671875
0.192338
0.363259
0.655358
1.23186
1.15245
3.5332
0.737658
43.5238
0.395175
0.181669
0.628418
0.16831
3.14682
0.184304
9.05819
0.441355
0.178281
3.29208
0.130893
0.132228
0.452018
0.718935
0.181591
0.523151
0.232715
0.408133
0.102911
2.80601
2.60356
0.631289
0.290338
0.135888
0.179468
12.3973
0.180069
1.66582
0.461628
0.131488
0.503438
0.217958
0.232952
3.17853
3.5726
0.420097
1.17809
2.41782
1.58274
2.58596
0.141988
0.159053
2.46081
0.103879
0.692491
1.40908
6.71359
2.01591
0.282847
6.65163
0.248131
0.1477
0.230059
0.105769
0.783118
0.1752
0.338692
4.05211
1.20462
0.638081
0.200578
2.99871
7.57457
0.125846
1.87396
0.258796
0.483584
12.0052
0.584036
0.131323
0.117053
0.375717
1.78285
2.06432
1.00491
0.173077
1.98123
0.887114
0.252295
15.7532
3.78813
0.930591
1.68794
0.451777
0.363064
7.05506
0.331718
0.310946
0.724673
0.26487
1.63746
9.33357
0.854074
0.361792
1.15302
0.787632
0.328759
0.272369
0.353709
0.773786
3.66535
1.87019
0.401863
3.45815
1.97943
2.01508
0.359396
0.256675
0.236456
0.270046
0.641949
1.0257
0.114722
6.13158
1.12138
0.336596
0.128196
1.97953
0.22455
0.564162
5.70201
0.159575
0.487162
0.102936
1.42807
1.34354
0.353124
0.745495
0.892391
0.584424
0.219643
0.412448
1.26216
0.852793
0.931528
0.308405
0.68338
0.417613
0.458974
2.71353
0.572919
19.1716
1.52311
0.515065
0.286401
0.208874
0.155769
0.119114
0.861707
0.198073
0.24166
0.11361
0.586881
0.149434
47.4391
0.48155
6.44367
0.507659
7.08108
0.399188
0.217629
0.351799
1.52114
3.37979
1.51536
0.151179
1.07509
0.130957
0.204045
0.458368
0.1006
1.01993
0.148315
0.373981
5.88482
0.450981
1.83213
2.39942
0.170166
0.635708
1.24201
0.35624
0.728704
31.022
2.49821
0.103706
6.14648
0.106449
0.719595
6.06193
0.26625
0.182379
12.6454
0.436018
1.53068
0.190573
1.49474
0.471308
5.85037
0.527419
0.633657
0.364888
1.97271
0.655976
0.239079
0.699815
5.03353
1.49967
18.8973
0.291755
11.8576
0.446155
0.214948
13.47
0.152392
0.420814
4.03978
0.824729
3.07028
0.930646
0.476512
0.156208
0.653463
14.0732
2.36577
41.7527
0.438048
4.12688
5.39657
0.402955
0.225194
0.200567
1.37866
0.463605
0.181978
0.139183
0.328873
0.647099
0.541333
2.81675
4.19319
0.129971
0.123307
4.43884
0.138996
0.183417
1.04396
0.192679
1.18866
0.164643
1.7635
1.58864
0.361453
6.01259
0.464802
0.147789
0.143606
0.523741
0.550117
0.739958
8.94827
2.22032
0.356036
0.273009
1.34658
3.01249
0.732311
0.129728
0.117939
0.337066
0.440933
0.25438
5.05868
1.13339
0.134717
9.2613
0.10995
0.912995
1.04834
0.142881
0.571439
1.19405
0.152812
4.68794
0.1824
0.988424
6.49746
1.35316
13.4451
1.52517
0.135514
1.18161
0.191773
0.556968
0.131327
0.172389
1.30384
0.10199
2.41098
0.241939
4.68982
0.290018
0.476797
3.07972
5.95906
0.184886
0.343967
0.132005
0.911116
0.290981
8.89235
0.314318
0.574547
3.29281
0.161903
0.928701
0.908971
0.952922
0.122986
0.103308
0.1679
2.40293
3.02272
5.86766
0.30791
0.528313
23.0269
0.209244
6.07737
0.128259
0.861658
0.650258
0.145529
26.8824
0.200772
0.239851
0.122183
6.94793
0.370234
0.161919
0.351867
1.04276
0.130627
0.527474
0.520783
2.80934
0.26212
0.285772
1.12042
0.302841
1.34572
0.950549
1.60256
0.369139
0.196474
2.46764
0.405648
0.120939
0.658851
0.653012
0.220894
0.108682
0.358909
0.149034
0.37678
2.47809
0.617905
1.84311
0.82842
0.108177
0.425893
0.673806
2.22602
2.65722
13.6801
11.5785
12.9772
0.207316
0.373192
3.04059
0.802353
0.104549
3.295
0.125114
1.49371
0.422043
0.430415
0.435262
0.573461
0.489964
1.12773
0.225698
0.870052
0.232825
1.56373
6.60785
0.11061
0.429769
0.933915
0.111748
0.956958
0.849588
9.93443
0.395372
0.155012
0.750523
1.69185
20.0941
21.8979
0.461963
1.55465
0.458597
1.02272
6.04064
1.25224
0.157537
0.116501
0.146575
0.618849
0.281867
0.108594
1.39545
0.559163
0.28396
0.301076
0.295488
5.31115
0.361244
0.113756
0.161902
0.964836
4.57094
0.821413
0.196267
0.176739
0.346923
9.81761
0.102578
0.22874
0.793535
5.10534
0.157771
3.34402
0.385203
0.74132
1.23424
0.280984
0.22416
2.0614
0.223795
4.30725
1.2488
2.96142
0.186719
8.3311
1.75346
0.114697
0.336637
0.120557
0.747235
2.00399
1.42155
0.166498
3.60995
5.5665
0.118539
0.607541
1.14962
0.538601
1.68537
0.198897
2.15554
1.01253
0.810898
0.178574
0.1237
0.172183
1.78419
0.402928
0.271293
0.888612
17.1148
3.42741
0.675326
0.487735
0.833714
0.275249
0.593725
13.9228
0.131252
0.144697
0.694781
0.390277
2.97223
0.11064
0.125883
0.651642
0.154205
2.37074
0.822038
0.351427
0.216199
0.544391
0.159737
0.544691
3.45982
0.716966
0.23011
1.78815
3.39833
15.4723
0.914097
0.995749
0.170454
1.06636
7.40695
1.77021
0.579101
0.131227
5.04781
0.180203
2.017
0.607782
0.273574
0.275124
2.23362
0.142707
0.28734
0.13837
0.202922
0.198325
0.129121
0.152278
18.3528
0.142362
0.295401
0.13629
0.936634
0.127188
1.19003
0.345455
4.27936
1.05944
5.06427
0.389357
0.210741
2.0213
0.436994
0.13618
1.20494
1.39941
0.111443
0.465014
0.136799
5.8339
0.381112
0.78664
0.262597
0.463771
0.210589
0.493855
1.40547
0.109425
1.33168
2.87396
0.100241
0.453696
2.17475
15.3531
0.105228
15.3276
1.3943
0.976617
0.181334
0.711204
2.28061
5.635
2.70934
6.91905
0.188147
0.378577
0.145695
2.12869
0.541297
0.606283
5.09622
0.143891
0.833026
1.83786
1.75402
6.00542
0.333273
3.65199
0.171887
0.209073
9.07696
3.21851
0.335173
0.125226
4.89448
0.226572
2.48344
0.228221
11.7773
0.121375
0.234076
5.13963
4.65011
0.420091
0.386164
0.142248
0.121909
0.685563
0.489799
0.126176
1.43931
0.112064
0.208074
0.310187
2.27877
0.450984
0.352982
0.52702
0.82423
0.524552
0.145728
2.76511
3.30457
2.86557
0.590682
0.307867
1.24891
0.163779
0.219808
0.156099
3.5586
11.7034
10.1595
3.08302
0.220451
0.304302
0.562345
0.692639
5.29299
6.68517
0.74886
3.8104
0.12692
0.395856
0.895746
1.80015
0.342092
0.200074
0.797364
0.198243
0.218518
2.90625
0.433847
0.123237
0.119518
5.99364
0.525526
0.156642
2.6299
0.431061
5.96396
0.779506
0.124958
0.166182
9.66754
7.00433
0.171567
0.283385
3.59055
0.151684
0.585052
1.6566
1.2404
0.415537
1.27188
0.731311
0.889809
1.48688
3.82375
0.224859
0.730393
0.123622
0.134267
0.558493
0.276332
0.212
0.509043
3.71211
2.60765
0.109035
0.155957
0.427878
0.166688
2.72719
1.89545
0.665998
1.7223
1.6405
1.71534
2.24515
1.58928
1.63492
0.39272
0.10237
2.90374
1.31747
1.97024
0.212267
0.156326
0.340159
0.486365
0.102146
2.35628
1.31197
0.376658
0.158125
1.80187
0.156489
1.18713
0.11743
0.438115
2.49857
9.43713
0.342681
0.837381
14.9307
0.354449
0.872033
0.209212
0.213838
0.871026
0.30081
2.74581
0.214103
4.65111
2.87608
2.07786
6.43521
0.135261
0.936361
0.175145
0.272461
0.142757
12.9232
7.0702
0.199986
0.293782
0.501161
0.665059
18.3405
1.30097
1.74779
1.74614
0.531238
6.34453
1.53948
0.138482
0.413851
2.14771
0.165691
2.5043
0.176889
0.145544
1.58928
1.95672
0.549406
0.1218
3.96275
0.339955
0.353792
1.50636
0.138199
0.356778
4.85403
0.616851
0.392738
1.10789
0.445104
0.123615
2.08155
2.25516
9.00753
2.31924
0.12249
0.128076
0.264452
0.143698
0.946307
2.8472
1.76907
0.63244
0.176336
2.04698
4.56673
1.17061
1.06924
0.167559
0.293031
0.154207
4.18386
45.1675
1.03307
0.117872
0.246728
12.5492
3.08338
0.146976
4.92307
1.01936
0.113166
9.70973
0.1372
5.27893
0.360967
0.191947
0.181171
0.345303
0.168839
0.117852
0.296532
0.153299
0.103019
0.23322
0.143182
0.793949
0.38047
0.172155
0.604685
3.85827
0.163588
0.106557
4.31742
0.114992
0.499345
0.6428
0.558122
1.14314
0.109246
0.461375
4.06468
1.94734
0.103772
0.220139
0.628433
3.24222
0.21384
0.498804
0.34973
1.44543
0.155273
0.300818
3.15382
0.104226
0.578994
1.73045
0.686936
37.9034
0.913861
0.279307
0.542573
0.283136
0.243041
0.277889
0.337761
1.50865
0.181011
0.107204
0.474996
0.211974
0.194756
0.806196
0.806533
0.420301
0.177037
0.2624
0.316534
0.173167
0.629837
0.166264
0.247918
0.481038
1.53571
1.14031
0.228917
0.23545
24.2353
5.60752
1.39418
2.01979
0.221233
0.134528
1.36232
0.372761
3.01307
4.33402
0.414761
1.46236
0.740852
0.154816
0.102125
1.01842
4.40425
0.533445
0.210498
4.17245
0.141686
0.102957
0.515554
0.19927
1.00942
0.221299
8.18491
0.113929
2.32687
27.3756
1.50062
2.36099
0.255019
3.81212
0.224104
0.139526
0.482392
6.49092
0.288465
0.477517
1.74132
0.264033
0.610504
0.603735
9.41893
3.68363
6.39405
0.230522
0.907845
0.358273
0.139382
0.342677
0.15518
5.7566
0.907312
1.79006
0.607829
0.53864
0.618573
0.116822
0.554279
12.13
0.137928
0.274744
2.08038
12.0703
1.76773
0.109182
0.157573
0.658077
0.169518
0.255635
0.259875
0.176679
3.39049
0.611638
0.744264
0.734678
10.4552
0.624451
7.85658
2.67879
0.199446
4.34508
1.96227
0.734694
0.10185
2.10324
1.64291
0.191293
0.483326
0.284763
0.228411
0.877456
1.19833
0.345681
0.570662
0.173196
0.515476
2.87257
0.234669
0.237998
0.676063
1.02731
6.32112
1.04987
0.188754
0.332353
0.128785
3.52341
0.157727
1.12371
0.325553
0.867217
1.32462
0.106385
0.541137
1.22009
0.275037
0.527159
0.369928
2.2483
0.759451
0.257801
0.614405
0.548168
0.345837
0.370498
7.77211
0.902043
0.115861
0.441644
0.740928
4.51258
0.367836
0.115081
0.178897
1.8579
0.155237
0.136331
0.209055
0.167169
1.78963
1.33039
0.277522
16.7389
0.924341
2.14238
0.293764
0.977539
1.97429
0.52823
0.48772
2.06882
0.805866
3.42931
0.210902
0.116113
1.21663
2.98855
4.20535
8.79513
0.118711
0.233848
2.7692
1.33544
0.157499
20.1074
0.226928
2.41264
0.153497
8.80507
0.100395
2.97225
6.13291
0.490279
0.382307
0.597247
0.131829
3.9543
0.841858
0.112632
0.144131
0.824244
0.103755
1.40452
0.527687
0.582936
0.440776
7.72734
2.26356
5.15474
6.46715
0.225448
0.229548
0.124803
0.101065
0.44301
0.258905
1.03824
0.195974
0.597103
0.289304
4.42082
0.115563
1.28288
2.98706
0.712628
0.111998
1.71956
0.229731
0.476444
0.632922
0.53989
0.657877
0.508315
0.244251
0.205149
3.54191
0.371025
1.67122
1.33139
15.1673
0.123362
0.163649
0.793189
0.390759
0.112105
5.59629
0.153558
4.15878
0.13186
1.03191
8.32298
7.65376
0.104795
3.23948
1.65188
3.27725
0.482043
0.34868
0.807347
0.169658
0.608658
0.370716
0.233817
0.680374
0.106715
0.42381
5.18001
0.176216
0.833925
8.84336
0.248149
2.33863
0.502029
0.292664
0.145845
0.151427
0.204568
0.522243
0.437766
0.772904
1.43837
0.219618
0.179677
0.414444
0.267629
6.54286
0.28987
3.05309
0.377209
0.416604
0.856043
0.368692
0.629412
0.466342
3.18727
1.60133
7.4353
0.264391
7.05413
0.128376
2.53961
1.1949
0.300007
0.398897
0.391218
0.729475
1.68313
0.13373
0.196975
0.270094
8.24627
0.658332
3.26945
0.11111
0.150663
3.08305
0.127271
0.903592
0.710528
0.139603
0.202142
0.47541
0.157037
9.5664
0.121483
21.93
0.726974
0.101021
1.2252
0.307487
0.103459
0.303041
1.55322
11.7997
0.100511
0.278008
0.222108
0.270627
18.5471
0.100276
0.338558
1.13139
21.1891
0.517529
0.224019
0.250186
0.132692
1.3197
0.915082
16.1244
0.981148
0.218238
0.132602
0.238822
1.21439
0.176347
0.100816
0.47448
0.186961
0.577526
0.232777
0.337595
0.186658
4.36877
0.140671
1.8541
0.49137
0.502785
0.284627
0.196603
0.150244
4.70555
2.563
0.757138
0.102299
0.165382
3.626
0.255784
0.298091
0.145895
0.111433
1.12623
1.28892
1.28713
0.471862
3.33817
0.156355
0.168292
0.34943
0.877804
0.116
2.14315
0.618373
0.941269
7.52077
0.248248
2.35701
0.319247
1.63111
0.251895
1.35922
0.116699
0.240952
0.918697
1.04539
2.30927
4.14616
0.23141
0.163831
0.458117
0.106424
0.573417
0.238197
0.906195
0.664078
0.356651
0.116441
0.128433
0.963964
7.33282
1.59262
0.259431
0.630589
0.715753
1.03913
0.118542
2.03562
2.57795
0.778748
0.137502
0.501465
0.208613
0.589203
0.100264
2.83567
1.1219
0.324847
1.51749
4.33261
0.202782
0.149619
0.92628
0.621687
13.0704
0.114236
0.104051
2.1096
0.148531
2.27194
0.298271
8.10133
6.38084
0.107632
0.265079
0.475795
0.139674
1.22888
0.211157
18.3436
7.75167
0.156422
0.125766
0.565424
0.391939
2.72999
0.461178
0.325837
0.938687
0.301662
12.9038
0.736076
0.288033
1.00236
0.106608
0.118328
0.774324
0.915133
0.309058
1.91448
0.54967
0.174545
3.65218
0.52104
0.379218
10.3656
1.91097
0.209548
5.33253
0.175151
16.4365
24.6631
1.87792
0.722136
0.139043
0.207509
4.54055
0.285346
1.31791
3.70216
5.08708
0.21649
2.22984
0.216451
0.83438
0.477018
2.80174
0.176353
0.161662
0.587389
4.48352
0.101794
0.273731
0.279165
0.431521
10.4722
0.748069
1.17184
3.69818
0.214933
0.637483
1.06413
0.249757
0.467794
17.8192
16.0825
0.16074
1.47167
0.320948
0.382598
7.87837
0.260924
0.130577
0.36959
0.314994
0.489177
0.182326
3.99008
0.193876
0.120014
3.70968
3.8078
0.169052
5.64514
0.187565
1.40654
13.3578
15.3877
6.04742
10.4218
0.836565
0.182794
6.15153
0.142411
0.7689
0.424618
0.155653
0.671856
12.3914
0.591923
0.248609
0.499814
0.188135
0.374341
0.217899
2.35801
0.198478
1.20439
0.22171
0.810187
0.159338
0.459846
0.229766
0.415856
1.55364
0.29628
0.411856
20.2345
10.8843
10.8883
0.119369
0.2881
0.128393
3.42593
1.84712
0.251523
0.661478
4.70095
0.17255
1.09243
0.18328
2.42901
0.239335
0.77138
1.0893
16.4763
0.478219
0.471704
0.745086
0.625072
0.149575
0.19531
0.338358
0.851117
0.351647
1.30206
0.509318
4.6081
0.479118
0.178067
0.143658
28.6743
0.146785
0.494668
0.450896
10.2278
0.719613
0.273475
0.207429
0.336008
1.70055
0.142373
0.101297
0.177763
0.474711
0.397694
0.102634
0.84392
0.669533
15.8738
0.802402
1.56829
0.123374
3.01684
3.30514
0.927347
0.180667
1.98332
0.166022
0.279695
0.475524
0.262511
0.137626
1.07508
0.361707
0.550632
9.49112
2.03408
0.155759
0.331589
1.59019
0.488205
0.219228
0.165827
0.221772
0.186845
0.447695
0.128816
0.224507
1.21892
1.12564
0.1039
0.492952
0.366017
0.159752
0.106737
0.228877
0.180322
0.437384
6.59548
0.656425
0.142484
1.43861
1.211
0.638831
6.58287
0.396996
10.1047
0.28139
3.33414
0.568515
0.537634
0.91758
0.241273
0.601603
1.55612
18.5585
0.515453
0.77657
0.548045
1.9433
0.46232
0.556797
0.87577
0.587478
0.316488
2.82381
0.657875
2.54595
0.227126
0.145352
7.67985
0.254178
0.102848
2.26836
0.74121
0.124656
0.292223
1.15097
1.36444
1.28489
1.79495
2.54806
0.613748
1.12851
2.03046
0.102336
0.181899
0.933858
6.08544
0.411432
0.347082
2.95295
0.14677
5.58611
0.125742
1.31852
0.11212
0.182164
0.454852
1.45694
0.361536
0.705807
1.65345
0.107183
7.59543
5.84319
8.57922
4.11749
0.494896
0.28612
0.101971
0.102212
9.67835
0.254717
0.161621
0.18539
0.746043
0.206924
0.286756
0.116996
0.139862
0.242173
2.81272
0.113924
5.77816
13.5582
1.79067
0.167458
0.205244
0.712697
2.80929
2.97677
0.621809
25.3128
0.519083
0.113971
2.30569
0.982553
2.59157
0.221827
1.90582
1.10169
11.2379
0.364636
2.53366
9.45222
0.781678
1.68541
0.112329
0.333605
0.245988
5.33434
0.77245
9.59995
1.53215
0.172805
0.104602
2.3483
1.51989
0.468984
3.85076
15.3505
0.605656
0.197782
1.29271
0.257911
20.339
3.93648
2.4551
0.325193
0.218586
0.104794
6.24636
2.6433
0.18354
1.66315
0.331437
3.75674
0.256757
0.114572
0.836256
0.314743
1.34508
0.202467
0.583014
1.54416
1.90395
0.556598
2.33159
0.611907
1.88582
0.918043
0.568096
3.37408
0.133228
3.3795
0.349928
0.623284
0.733437
0.210407
1.57885
3.2529
0.795548
33.2546
0.193559
0.10478
1.94096
6.06866
0.124925
0.166969
0.560532
6.77547
4.36518
0.202378
1.37102
1.41164
1.43686
1.02251
1.33459
5.06405
0.481409
0.362764
0.521948
0.594558
0.682276
0.584427
1.93563
0.227893
5.77497
0.642388
1.10109
1.10357
0.681365
0.117694
0.393583
0.292942
0.143193
2.27947
0.19736
1.78223
0.52158
1.56141
0.14884
0.739633
0.2863
0.475953
0.918845
0.110521
3.94694
0.458285
0.23237
0.151673
0.18383
0.198903
0.315557
0.533818
0.384334
0.318361
0.53849
4.44258
1.97327
4.70632
0.773371
0.908246
3.50333
4.0367
1.27378
0.786127
6.63979
0.156807
3.53617
0.118892
0.122222
5.88632
0.710755
0.146979
0.133948
0.141076
1.02107
13.1779
2.20375
0.88054
1.29989
0.834521
0.197656
0.254872
2.01301
9.37794
0.120016
2.54708
0.138088
0.871154
0.441781
3.18976
2.27111
1.11822
0.308205
0.427322
1.58251
0.901592
4.43894
0.117357
0.130082
3.13104
0.376614
0.11388
0.271087
0.188108
23.078
0.697271
3.89013
0.73799
0.352233
2.46183
0.815198
0.374405
0.116257
3.15016
0.747292
0.288911
9.62636
0.53019
0.232302
0.123964
3.63577
0.653832
0.767046
0.36321
0.739943
0.892358
0.429369
0.10846
1.10029
0.107905
0.747487
0.717391
2.00445
0.362854
53.4392
1.66544
1.29552
0.379724
7.13084
0.968412
0.762607
0.14648
0.344916
0.345558
0.326584
10.3577
1.87644
1.68751
0.16408
0.218596
7.15558
6.83245
1.46602
0.332249
0.185327
0.811755
2.1244
0.888197
0.544668
11.4378
0.190271
0.45939
1.43149
0.40955
0.151818
0.146972
0.779435
12.32
0.130217
0.163938
3.11699
11.738
0.317105
1.60634
1.32131
0.161153
11.3722
0.277893
0.468232
7.13213
0.117998
4.19939
0.709021
0.427195
0.195429
0.229895
0.402214
0.436484
0.631991
0.105569
0.10399
0.13264
0.269815
1.8498
0.702734
6.76902
3.85431
1.06061
0.100381
0.138105
1.94579
0.632289
2.44144
2.14519
0.116228
0.381321
0.162383
0.618288
0.658377
0.183533
0.228766
0.278764
0.254547
0.178141
0.226939
0.372471
0.319319
0.230448
0.431952
0.79346
1.26982
3.17813
0.27561
3.50252
0.262179
0.351499
9.33737
1.64054
2.1119
4.6902
0.208261
0.261753
0.100042
1.17766
0.191979
0.103641
3.59405
0.166053
1.563
1.99927
2.22488
2.18101
1.2933
1.46662
0.100183
1.10368
0.489965
0.204101
1.51112
0.159318
2.15391
0.130054
2.87458
0.117459
0.299952
0.651446
0.322828
0.192602
0.13581
1.08511
0.129361
0.186342
0.712095
2.2468
0.822245
4.8411
3.60148
0.300008
0.197957
3.12589
1.27512
0.155205
0.12027
2.83538
1.21224
0.325627
9.08011
0.121062
0.6749
1.16238
0.11231
0.211613
0.441835
0.635958
10.1147
0.170801
2.46425
0.419592
12.4399
21.2965
0.645747
0.136371
0.104093
0.151718
0.1264
0.112296
0.469739
0.194295
0.301041
8.65403
1.26397
0.463237
0.146784
11.0678
8.38615
1.10429
0.178456
0.478461
0.719169
0.122878
1.8902
0.390031
4.62344
0.604391
0.255416
0.509732
5.47157
0.122307
0.19583
0.493424
1.13611
0.534099
0.824616
0.383889
0.204984
2.66006
0.160032
1.15541
6.21956
0.405807
0.193679
0.128621
0.360926
0.699114
3.56126
0.34351
0.75477
14.3034
0.187158
1.80834
1.36572
0.38784
3.67674
0.101427
1.75619
0.126266
5.74361
1.02097
0.268094
10.4506
0.147046
0.882066
0.213938
0.941575
0.39987
0.243049
0.589514
1.58557
0.239933
0.179586
3.15895
0.435851
2.92782
0.131094
0.205423
0.107397
0.222188
0.544503
9.20117
0.697342
0.157097
1.85391
1.39986
1.8461
1.42366
5.83457
0.655158
2.76301
0.599624
5.1783
0.230754
5.28587
8.52425
74.2462
0.112184
0.11499
0.100823
0.389117
3.37028
3.04034
0.46016
0.18354
7.17606
0.190894
0.749264
2.69474
2.01956
0.334976
0.18307
0.143618
0.405801
22.1652
0.171929
2.27383
0.88364
0.213319
0.399412
0.299378
0.281401
10.267
0.958408
0.681441
0.693077
0.406391
1.6383
0.278901
1.36972
3.16404
0.154693
1.94918
1.03386
0.197092
7.31286
0.414353
0.186147
0.551404
0.101471
5.1195
0.886009
0.370802
1.02534
0.977949
1.32598
2.01393
3.09798
0.296365
14.7902
17.5247
0.260289
7.57746
0.110885
0.323224
18.0896
1.65772
0.16507
5.41127
0.259484
0.124286
0.125285
0.141337
0.168285
0.129141
0.6152
0.447695
0.269082
0.249942
3.24047
25.6381
4.72639
0.129088
0.12436
0.105785
0.378374
10.865
0.380688
19.3233
0.875737
1.05401
0.578397
0.558185
1.25855
1.27556
0.150592
0.755297
0.841527
1.38836
0.310088
0.44495
0.366135
0.396259
0.865239
0.68301
1.70033
4.61072
4.96813
0.641057
8.42265
1.49408
0.578296
0.105653
1.6291
0.517515
0.111551
0.717513
0.409451
0.600424
2.44369
0.110405
0.132295
2.14895
0.484082
0.53229
1.94731
0.736026
17.5242
0.192845
0.150003
5.62755
6.70177
1.39937
0.208987
0.285425
0.338986
0.543355
2.86694
0.17808
0.417859
0.276508
0.108187
8.06122
0.939399
0.142863
0.480473
0.784056
2.51227
6.07552
1.63518
0.115747
3.56834
0.218689
1.40917
0.522112
0.803979
0.79883
1.74232
3.36519
0.288023
0.365985
0.416285
0.238213
0.281638
0.286671
0.118882
0.337458
0.327819
0.670362
0.449663
0.152892
3.84386
0.27068
1.72048
0.914722
0.687866
0.512424
0.713727
0.137066
0.146126
0.918918
5.75111
0.506397
0.556411
0.511421
0.565357
0.308433
0.227715
0.1762
0.10606
3.66155
0.10161
0.14696
1.05811
3.91023
1.2816
35.1784
0.139269
0.659992
0.279862
0.175057
0.139834
0.242715
1.96914
0.175312
1.8045
0.219751
2.47419
2.74872
0.273762
0.541201
0.30951
0.166096
0.131365
1.1239
0.959782
12.1617
0.251863
0.235057
0.297789
0.93584
0.789522
0.272303
