54.9158
-75.9964
-89.22
-117.359
-224.745
-249.042
-243.47
-244.318
-239.789
-246.287
-237.482
-246.03
-191.845
-212.788
-225.046
-241.285
-247.096
-245.677
-243.646
-204.002
-227.142
-242.914
-225.926
-197.995
-246.298
-198.936
-199.107
-235.914
-227.258
-225.059
-248.361
-234.439
-245.27
-185.399
-243.806
-243.517
-211.708
-212.52
-233.046
-231.105
-228.83
-220.713
-172.627
-244.876
-227.019
-246.17
-242.963
-218.596
-221.844
-217.237
-238.215
-152.5
-175.415
-207.246
-219.223
-248.619
-224.175
-110.283
-197.373
-242.258
-235.093
-221.044
-247.398
-220.248
-217.722
-153.46
-125.161
-233.305
-242.923
-221.701
-181.647
-229.788
-247.466
-218.612
-232.827
-172.015
-206.691
-222.314
-233.607
-226.116
-248.511
-224.322
-224.921
-249.205
-222.702
-237.671
-246.923
-220.353
-241.847
-215.159
-222.399
-222.711
-243.304
-203.203
-220.18
-66.2596
-177.852
-220.848
-209.442
-234.137
-237.799
-224.133
-241.793
-239.027
-204.352
-216.907
-237.294
-247.02
-192.198
-220.701
-249.62
-218.075
-247.735
-229.615
-197.435
-213.595
-233.072
-238.527
-221.831
-216.612
-222.322
-217.497
-241.349
-228.214
-246.739
-246.319
-165.763
-247.953
-246.027
-101.144
-205.834
-224.276
-222.041
-243.102
-195.401
-218.64
-209.785
-152.518
-176.584
-191.212
-227.542
-240.721
-227.631
-244.951
-228.078
-246.494
-244.578
-239.624
-241.4
-233.995
-214.349
-185.451
-240.11
-246.545
-249.4
-247.524
-145.413
-182.162
-234.521
-200.468
-238.224
-82.9062
-207.867
-241.837
-243.841
-230.413
-209.158
-247.11
-244.257
-159.261
-201.812
-210.619
-241.132
-238.356
-190.678
-205.827
-195.238
-224.824
-185.872
-218.325
-239.665
-229.179
-146.199
-190.177
-238.359
-166.069
-218.508
-241.626
-237.92
-247.303
-214.357
-246.236
-219.491
-211.652
-191.828
-216.857
-247.907
-230.189
-230.527
-234.283
-242.692
-207.97
-172.583
-228.007
-207.445
-211.183
-204.344
-221.219
-230.145
-209.628
-242.96
-146.347
-244.037
-230.635
-206.22
-247.373
-221.682
-249.896
-236.43
-222.24
-200.408
-220.765
-224.107
-242.939
-195.847
-236.267
-223.579
-234.309
-241.569
-237.877
-248.482
-204.177
-248.052
-219.172
-202.682
-243.928
-146.864
-169.794
-204.66
-233.013
-234.018
-245.806
-246.561
-241.589
-240.688
-221.519
-169.96
-153.729
-239.621
-210.375
-237.294
-219.905
-200.912
-184.915
-229.368
-226.342
-225.817
-207.88
-207.092
-217.954
-235.117
-143.643
-158.764
-247.87
-188.996
-183.778
-132.334
-171.395
-235.618
-175.862
-231.844
-238.236
-229.979
-232.099
-163.351
-247.546
-214.734
-80.5155
-170.745
-249.162
-203.343
-244.227
-215.208
-240.319
-146.188
-182.513
-177.721
-230.673
-240.546
-241.822
-237.42
-220.919
-220.873
-246.53
-203.561
-238.14
-139.839
-215.108
-248.032
-236.714
-241.414
-246.069
-209.338
-202.388
-229.88
-244.682
-249.78
-201.424
-222.441
-247.524
-206.488
-219.195
-242.375
-233.809
-227.148
-243.062
-238.69
-249.829
-223.274
-225.104
-244.858
-238.311
-248.993
-216.195
-243.025
-239.347
-226.644
-78.9257
-123.469
-235.269
-245.823
-242.478
-193.608
-248.001
-223.049
-235.255
-235.99
-242.199
-201.509
-187.071
-217.083
-189.024
-202.316
-223.506
-244.95
-204.746
-230.152
-233.092
-223.915
-199.304
-237.671
-243.242
-214.932
-244.667
-228.767
-215.775
-219.805
-216.912
-243.868
-189.899
-171.889
-237.016
-143.828
-159.808
-232.134
-213.042
-173.872
-207.549
-243.827
-249.764
-207.818
-218.729
-229.679
-249.429
-204.414
-193.383
-215.681
-155.57
-168.71
-246.883
-244.426
-248.566
-228.468
-249.622
-244.717
-229.756
-233.833
-231.481
-236.347
-240.804
-239.623
-135.188
-188.959
-207.458
-211.546
-214.614
-235.913
-194.64
-199.923
-248.141
-219.759
-248.122
-224.955
-247.514
-216.537
-188.548
-244.876
-203.672
-220.636
-240.483
-244.432
-194.981
-204.805
-174.515
-219.068
-235.48
-168.905
-200.996
-224.927
-242.308
-233.441
-210.136
-243.73
-248.184
-185.82
-237.44
-226.026
-217.726
-245.739
-234.097
-229.854
-204.115
-210.384
-222.437
-232.148
-236.533
-242.028
-225.9
-229.12
-230.556
-237.542
-230.165
-249.426
-212.525
-235.732
-240.529
-200.201
-217.909
-237.525
-212.196
-222.72
-249.578
-190.935
-144.328
-249.232
-211.03
-159.277
-226.414
-240.313
-201.918
-227.635
-240.652
-190.341
-196.613
-231.715
-223.915
-145.111
-243.336
-249.865
-212.253
-226.865
-192.751
-218.894
-243.287
-243.572
-247.974
-232.755
-167.633
-225.1
-244.512
-200.472
-248.64
-249.277
-222.508
-246.793
-189.137
-243.621
-230.747
-249.304
-220.299
-122.427
-114.414
-236.309
-245.735
-240.246
-208.634
-239.413
-238.932
-233.487
-223.389
-191.329
-214.524
-226.425
-230.926
-186.253
-188.253
-213.958
-221.346
-222.941
-248.945
-249.348
-111.679
-216.89
-245.178
-143.666
-146.037
-183.272
-120.215
-246.688
-216.976
-222.618
-232.938
-169.42
-213.319
-199.127
-211.62
-240.843
-238.585
-240.545
-243.487
-220.509
-223.732
-228.778
-169.841
-217.665
-235.334
-143.696
-176.791
-200.495
-241.893
-194.473
-233.265
-239.967
-239.845
-233.357
-108.686
-227.035
-239.839
-229.875
-249.622
-248.083
-236.6
-247.286
-130.244
-198.083
-239.017
-227.309
-229.789
-243.633
-198.817
-241.91
-204.747
-232.164
-227.897
-203.648
-221.939
-216.851
-248.428
-201.775
-210.098
-234.607
-233.915
-132.46
-199.597
-234.434
-173.086
-181.524
-249.295
-249.389
-227.632
-109.599
-190.109
-212.599
-194.859
-220.053
-241.585
-240.556
-247.921
-248.684
-163.387
-185.599
-245.693
-245.461
-222.185
-246.596
-235.461
-157.386
-216.917
-216.263
-246.304
-237.266
-224.167
-183.615
-220.363
-187.259
-200.13
-243.93
-234.582
-218.323
-217.383
-200.17
-236.248
-240.022
-248.084
-226.053
-241.364
-195.085
-224.276
-242.297
-239.683
-244.74
-246.92
-104.301
-152.268
-193.613
-238.349
-238.23
-216.516
-246.411
-248.775
-249.844
-243.275
-243.954
-228.535
-249.588
-225.82
-227.307
-225.004
-161.693
-248.974
-233.218
-233.741
-247.083
-91.5837
-121.825
-232.683
-230.746
-243.172
-163.161
-200.607
-148.004
-164.416
-203.67
-227.461
-243.331
-221.228
-194.99
-239.026
-233.258
-204.44
-205.102
-234.925
-235.189
-237.098
-247.079
-244.118
-247.663
-201.182
-231.646
-234.262
-248.198
-150.188
-193.355
-209.395
-235.781
-246.565
-223.579
-233.998
-206.219
-247.814
-229.873
-115.803
-235.64
-242.549
-246.84
-247.799
-200.914
-191.87
-246.349
-80.5753
-239.832
-244.019
-208.898
-234.768
-234.484
-245.125
-224.317
-236.637
-245.725
-192.413
-242.884
-249.12
-213.477
-236.607
-237.141
-240.626
-242.747
-248.401
-229.843
-233.976
-107.654
-227.92
-206.873
-237.988
-240.514
-248.323
-243.037
-247.642
-156.036
-222.916
-242.996
-200.371
-216.32
-191.348
-179.115
-242.695
-246.921
-232.807
-245.608
-210.101
-247.813
-245.531
-239.818
-214.443
-238.191
-249.918
-243.819
-202.201
-225.295
-233.55
-221.775
-225.064
-230.71
-245.51
-245.316
-217.59
-231.403
-216.539
-214.633
-61.7905
-108.083
-213.917
-54.3988
-79.3893
-162.452
-192.009
-241.869
-245.71
-233.183
-199.451
-242.016
-96.7145
-224.306
-242.373
-243.921
-199.793
-243.784
-246.506
-213.956
-123.223
-229.446
-239.985
-193.103
-191.3
-221.713
-236.67
-230.759
-245.878
-155.282
-246.419
-224.33
-235.97
-244.781
-238.025
-228.764
-233.416
-191.606
-191.041
-229.157
-247.461
-166.056
-184.852
-243.749
-240.494
-224.096
-232.853
-245.907
-214.612
-249.746
-229.021
-203.907
-220.176
-241.551
-221.149
-203.994
-231.621
-242.2
-175.332
-179.663
-237.278
-219.412
-203.907
-249.853
-236.485
-216.903
-217.795
-212.711
-223.313
-243.496
-226.062
-184.943
-224.38
-243.59
-219.284
-191.968
-213.721
-232.762
-239.771
-249.783
-249.183
-174.194
-236.196
-225.014
-233.065
-177.023
-245.499
-201.694
-242.172
-247.588
-203.128
-224.593
-213.599
-249.043
-178.196
-237.032
-186.971
-229.269
-229.878
-208.421
-225.199
-216.238
-234.515
-227.859
-204.225
-237.303
-247.932
-185.035
-227.48
-240.173
-241.447
-203.586
-224.935
-177.828
-248.516
-169.287
-204.296
-230.001
-231.852
-246.307
-233.382
-206.731
-157.613
-214.533
-233.103
-216.134
-208.485
-167.671
-222.986
-223.847
-163.298
-208.091
-219.421
-236.966
-247.293
-245.462
-236.414
-246.688
-210.321
-235.932
-201.398
-232.627
-226.759
-222.636
-226.828
-244.242
-226.723
-231.271
-241.265
-225.092
-207.239
-202.115
-248.281
-229.478
-230.469
-223.741
-248.673
-219.686
-231.866
-249.53
-247.634
-216.425
-221
-208.762
-184.875
-238.92
-245.154
-249.817
-198.909
-234.456
-245.898
-190.699
-196.825
-218.279
-246.548
-246.78
-228.491
-232.252
-248.11
-214.856
-114.72
-204.012
-237.761
-207.512
-221.586
-225.107
-131.273
-161.835
-213.837
-246.37
-191.197
-210.063
-211.688
-109.513
-204.517
-228.694
-205.425
-220.002
-207.141
-246.546
-230.663
-240.971
-217.185
-222.912
-201.891
-218.45
-242.565
-247.087
-224.436
-244.578
-204.664
-226.297
-247.737
-226.664
-206.444
-188.84
-216.582
-228.156
-228.245
-205.894
-240.919
-249.835
-169.837
-237.445
-189.693
-187.974
-230.392
-174.264
-247.793
-225.594
-225.647
-228.837
-245.944
-215.495
-220.069
-213.919
-246.878
-233.013
-231.016
-186.045
-84.3682
-112.185
-244.662
-247.589
-248.744
-138.671
-212.428
-243.548
-236.563
-231.869
-246.674
-181.737
-188.213
-232.751
-211.411
-231.735
-234.583
-150.481
-234.317
-239.848
-103.136
-218.662
-229.023
-224.68
-201.394
-236.886
-229.877
-221.23
-239.741
-195.598
-156.641
-218.943
-248.49
-208.092
-236.937
-248.72
-246.667
-222.547
-232.804
-188.809
-216.588
-174.871
-227.449
-243.549
-247.367
-233.408
-208.894
-194.405
-239.815
-226.998
-218.922
-185.778
-186.122
-243.412
-245.495
-239.573
-166.768
-211.052
-91.6173
-145.195
-217.234
-201.837
-225.546
-203.586
-248.931
-201.898
-231.172
-145.009
-202.93
-246.305
-240.28
-172.389
-213.915
-243.468
-192.082
-214.28
-199.387
-196.345
-249.64
-219.503
-162.989
-233.318
-237.771
-248.798
-200.257
-245.506
-227.981
-176.124
-236.842
-242.57
-238.138
-247.117
-213.319
-204.081
-233.345
-225.71
-137.522
-174.118
-236.196
-234.957
-180.091
-189.603
-162.343
-249.689
-215.844
-246.222
-233.655
-247.74
-249.881
-247.97
-248.889
-221.577
-233.66
-235.038
-236.33
-240.844
-247.78
-159.19
-208.647
-224.571
-233.899
-228.73
-244.817
-211.73
-222.031
-243.89
-192.015
-240.898
-231.171
-246.274
-228.777
-198.742
-108.557
-241.254
-142.635
-184.127
-239.634
-234.163
-246.586
-200.804
-181.841
-240.763
-239.811
-188.196
-197.279
-214.341
-141.845
-239.393
-194.147
-242.44
-236.505
-219.058
-219.544
-243.681
-232.962
-202.292
-215.761
-222.303
-220.982
-242.394
-248.262
-151.26
-193.658
-216.802
-144.411
-208.233
-157.37
-221.032
-249.315
-244.835
-220.442
-222.505
-225.501
-209.08
-247.725
-243.162
-233.492
-225.578
-249.564
-236.532
-188.638
-236.516
-248.226
-245.295
-237.557
-245.703
-138.267
-162.994
-248.277
-214.111
-249.531
-97.8462
-123.825
-238.732
-218.87
-239.121
-248.929
-239.063
-243.136
-248.829
-208.545
-243.131
-230.766
-229.804
-240.41
-203.794
-179.245
-149.233
-155.282
-248.688
-229.628
-216.601
-241.237
-243.316
-241.399
-109.701
-235.296
-244.386
-241.366
-210.195
-226.592
-237.003
-241.112
-220.299
-248.902
-195.132
-211.769
-235.574
-242.312
-182.068
-240.04
-215.258
-232.035
-245.174
-223.904
-149.413
-248.501
-157.353
-172.389
-215.044
-214.653
-249.003
-223.99
-225.737
-229.101
-218.827
-214.53
-248.044
-225.362
-238.997
-238.389
-214.72
-240.122
-168.882
-180.681
-239.649
-242.657
-214.32
-238.553
-244.382
-232.069
-218.523
-216.525
-242.043
-179.875
-210.112
-230.278
-224.013
-249.239
-235.829
-203.793
-223.454
-245.596
-198.488
-204.807
-207.704
-218.604
-174.933
-161.746
-243.483
-196.694
-219.205
-232.19
-216.788
-228.976
-235.993
-242.935
-198.455
-237.757
-230.398
-174.047
-231.682
-239.062
-242.883
-238.492
-249.94
-242.941
-203.192
-226.426
-235.018
-222.151
-239.938
-238.834
-227.152
-239.704
-219.616
-227.276
-240.857
-233.014
-197.191
-238.779
-236.95
-219.121
-244.651
-206.155
-206.79
-223.369
-212.254
-205.614
-233.121
-222.561
-223.591
-232.082
-240.35
-203.81
-228.794
-230.418
-214.348
-248.959
-179.148
-228.08
-247.99
-238.167
-242.357
-226.972
-246.265
-237.304
-249.666
-185.285
-223.495
-221.986
-216.143
-224.533
-239.348
-227.004
-168.594
-231.902
-190.835
-221.162
-197.065
-224.218
-238.358
-240.096
-189.128
-231.598
-239.491
-245.834
-204.497
-233.464
-186.184
-246.521
-218.084
-218.389
-235.611
-98.7198
-248.077
-211.537
-88.1332
-230.572
-232.88
-241.001
-179.096
-220.426
-178.191
-231.632
-215.497
-231.01
-244.648
-244.288
-180.925
-237.107
-242.864
-225.735
-195.951
-224.813
-239.617
-238.156
-248.806
-224.98
-234.811
-215.321
-246.71
-244.98
-227.596
-206.009
-207.383
-239.699
-243.964
-248.499
-216.049
-232.2
-71.7123
-175.089
-213.34
-220.126
-222.587
-236.195
-247.892
-228.763
-241.56
-236.8
-220.462
-240.745
-212.274
-242.711
-218.209
-216.303
-226.516
-230.406
-244.603
-249.42
-134.944
-233.847
-215.9
-241.644
-210.834
-217.208
-173.63
-213.986
-215.388
-239.816
-249.181
-243.024
-165.366
-143.37
-149.788
-242.666
-246.305
-221.842
-221.134
-232.047
-227.26
-236.587
-247.651
-243.962
-237.097
-220.515
-237.146
-170.899
-219.705
-222.285
-232.895
-211.959
-229.919
-242.072
-232.125
-113.497
-115.235
-181.055
-212.756
-218.866
-243.504
-244.398
-152.681
-240.741
-220.073
-234.884
-228.965
-197.471
-236.112
-136.819
-204.468
-239.607
-244.992
-249.268
-227.602
-204.045
-222.136
-212.052
-224.86
-201.03
-226.058
-162.216
-185.119
-225.442
-227.967
-249.924
-247.048
-230.85
-242.422
-114.502
-104.961
-128.224
-233.795
-222.249
-114.633
-201.824
-126.914
-223.81
-248.58
-142.921
-148.347
-224.483
-222.887
-238.336
-222.845
-210.101
-220.603
-243.689
-201.991
-230.949
-241.895
-229.846
-219.74
-224.659
-226.977
-238.225
-91.8388
-135.279
-225.087
-234.806
-181.725
-237.849
-226.88
-242.184
-197.28
-236.526
-234.701
-178.966
-244.034
-230.057
-221.089
-206.623
-235.332
-220.374
-245.33
-225.477
-186.216
-240.426
-248.777
-241.831
-235.134
-248.97
-203.198
-228.783
-236.599
-208.548
-239.288
-210.088
-215.697
-246.912
-216.784
-231.961
-249.184
-241.457
-246.405
-173.515
-199.328
-247.963
-208.149
-242.981
-243.313
-247.153
-187.595
-233.053
-244.21
-210.781
-245.492
-244.917
-241.638
-237.288
-216.385
-200.191
-185.813
-224.406
-169.332
-248.11
-247.71
-249.108
-241.301
-218.472
-215.446
-215.32
-219.754
-236.609
-194.582
-246.419
-234.154
-209.255
-224.277
-193.947
-223.025
-247.633
-243.07
-228.826
-249.749
-212.388
-159.88
-166.58
-195.93
-211.176
-245.412
-225.637
-229.656
-224.237
-243.904
-198.749
-210.862
-178.918
-218.582
-219.198
-220.158
-197.872
-236.864
-218.505
-249.83
-244.852
-247.889
-207.63
-225.656
-213.551
-216.116
-225.275
-240.85
-239.477
-197.596
-237.455
-162.217
-178.27
-235.868
-224.001
-248.61
-237.943
-242.868
-219.432
-239.44
-177.693
-246.635
-224.425
-242.182
-164.578
-199.446
-234.222
-205.433
-149.555
-228.089
-183.609
-221.323
-227.147
-238.294
-165.215
-232.392
-171.396
-218.814
-249.846
-159.939
-230.307
-246.537
-202.317
-239.261
-245.527
-234.429
-228.321
-239.236
-144.918
-154.893
-157.866
-220.818
-183.802
-219.137
-226.73
-245.691
-234.628
-238.896
-229.638
-235.819
-214.458
-193.84
-223.451
-249.39
-246.096
-247.841
-243.729
-226.382
-187.565
-231.341
-242.142
-223.614
-240.141
-230.889
-201.015
-245.885
-247.633
-169.924
-233.977
-179.288
-109.218
-237.556
-133.546
-241.946
-243.052
-222.414
-225.445
-188.262
-242.666
-238.256
-235.462
-228.648
-237.415
-152.853
-223.894
-202.629
-230.958
-194.675
-244.611
-226.343
-246.67
-174.584
-223.648
-237.844
-249.149
-246.614
-180.903
-213.11
-220.339
-247.607
-235.423
-219.731
-248.042
-246.149
-197.637
-246.081
-249.302
-195.225
-169.12
-189.161
-246.541
-176.401
-223.244
-226.455
-228.428
-164.928
-244.271
-190.039
-245.854
-218.245
-247.81
-224.451
-234.589
-198.312
-230.999
-202.868
-186.511
-248.186
-205.291
-175.31
-241.211
-142.982
-225.589
-244.627
-225.293
-223.795
-249.562
-223.79
-247.14
-196.467
-228.246
-245.474
-209.586
-178.812
-178.932
-199.48
-243.032
-231.383
-244.429
-206.556
-235.654
-205.178
-234.022
-240.661
-249.745
-185.771
-223.461
-233.378
-247.683
-247.82
-210.385
-247.266
-125.706
-235.569
-241.671
-225.68
-242.972
-227.404
-241.714
-217.084
-225.294
-231.883
-235.652
-223.563
-233.61
-232.411
-221.738
-189.833
-214.978
-249.993
-213.873
-237.919
-228.466
-248.413
-231.974
-209.062
-242.968
-239.509
-248.037
-215.529
-227.601
-238.627
-236.923
-202.38
-224.045
-238.037
-192.867
-211.269
-236.316
-227.339
-246.644
-237.423
-186.972
-206.417
-209.623
-224.146
-235.191
-235.94
-241.086
-228.387
-160.041
-228.846
-224.433
-247.816
-172.835
-226.425
-242.068
-209.767
-154.822
-190.886
-208.301
-244.318
-240.105
-183.007
-232.04
-217.242
-235.904
-228.225
-248.732
-114.167
-176.347
-210.743
-240.747
-236.71
-247.989
-233.227
-100.127
-210.5
-208.383
-219.143
-243.939
-200.736
-228.448
-176.056
-229.669
-244.254
-206.338
-249.699
-246.346
-249.276
-63.0963
-153.153
-195.637
-245.309
-233.988
-227.366
-222.04
-211.617
-245.796
-213.04
-185.923
-246.939
-207.451
-189.013
-205.421
-217.81
-241.011
-240.161
-231.942
-243.747
-245.356
-240.553
-230.179
-225.298
-191.903
-247.783
-223.493
-194.671
-231.206
-131.822
-245.492
-239.483
-164.819
-244.516
-247.659
-245.937
-243.149
-224.533
-234.35
-227.369
-234.076
-231.366
-191.23
-225.259
-244.687
-194.089
-226.432
-232.496
-232.51
-247.67
-231.712
-235.078
-208.242
-244.716
-238.185
-182.293
-232.213
-216.901
-194.208
-237.702
-199.736
-247.109
-246.424
-222.332
-239.616
-246.127
-216.491
-246.885
-247.325
-230.154
-230.75
-182.766
-187.802
-208.9
-122.555
-222.564
-225.346
-223.255
-243.258
-220.821
-203.367
-233.362
-205.338
-203.37
-164.757
-241.269
-222.162
-233.997
-237.902
-233.19
-240.335
-244.07
-237.937
-240.143
-241.977
-180.677
-237.053
-236.798
-210.268
-242.162
-240.481
-217.844
-214.106
-222.838
-241.662
-239.391
-245.043
-170.254
-189.623
-194.626
-195.491
-237.23
-248.06
-187.937
-248.252
-194.184
-196.841
-198.235
-234.83
-234.267
-236.105
-239.401
-234.823
-243.362
-243.709
-247.61
-245.303
-248.575
-245.68
-229.353
-220.443
-205.844
-213.47
-233.139
-242.343
-199.342
-247.557
-239.155
-171.273
-242.953
-236.164
-184.78
-190.52
-201.931
-230.176
-235.413
-243.753
-248.78
-217.139
-240.43
-172.977
-244.045
-225.653
-248.011
-179.447
-216.683
-242.71
-175.208
-235.812
-79.0462
-144.513
-171.499
-224.062
-241.082
-230.916
-244.804
-196.72
-203.064
-247.156
-234.994
-220.642
-233.012
-246.911
-238.321
-237.947
-241.605
-209.681
-247.081
-173.914
-214.659
-177.396
-218.961
-246.217
-214.458
-188.815
-231.549
-186.391
-233.778
-235.309
-189.765
-243.594
-232.652
-243.945
-243.668
-224.573
-235.393
-249.011
-228.913
-242.928
-231.291
-244.641
-124.932
-158.509
-207.897
-231.279
-232.195
-202.245
-220.832
-226.821
-243.631
-235.003
-236.052
-238.956
-230.937
-220.176
-230.714
-247.228
-237.126
-209.016
-175.03
-225.773
-248.01
-210.49
-231.449
-241.729
-234.827
-186.574
-169.166
-247.649
-212.406
-230.175
-127.674
-234.131
-234.435
-245.32
-243.986
-232.393
-197.47
-249.939
-228.086
-193.393
-197.973
-230.049
-223.265
-187.586
-246.932
-240.549
-245.894
-244.862
-244.012
-236.376
-249.182
-96.3084
-179.705
-195.572
-200.8
-99.2571
-200.457
-232.066
-218.127
-173.868
-231.582
-248.485
-231.961
-242.264
-245.62
-235.925
-225.64
-217.903
-211.024
-215.741
-245.464
-249.341
-237.053
-230.681
-234.872
-238.719
-226.686
-232.03
-244.034
-188.512
-237.541
-209.744
-157.744
-198.223
-186.873
-216.114
-244.197
-209.731
-232.368
-238.642
-211.791
-224.815
-213.529
-230.988
-121.232
-209.022
-233.325
-192.46
-227.037
-246.572
-228.825
-233.969
-244.188
-246.678
-131.627
-194.812
-175.066
-242.463
-243.094
-247.358
-229.115
-247.971
-242.526
-242.607
-244.193
-201.288
-208.498
-248.839
-240.495
-247.513
-227.323
-223.619
-213.996
-248.349
-203.182
-247.837
-239.726
-243.854
-218.678
-244.544
-240.661
-249.764
-238.937
-203.265
-247.953
-189.74
-181.841
-156.312
-189.255
-92.7928
-146.595
-238.692
-249.009
-226.584
-247.555
-212.101
-243.155
-133.861
-168.12
-222.536
-110.732
-181.623
-204.786
-207.825
-226.491
-245.031
-231.766
-184.541
-216.177
-219.557
-223.238
-224.773
-222.941
-224.494
-239.366
-226.719
-221.748
-237.513
-243.766
-236.386
-190.456
-224.224
-239.618
-189.334
-225.015
-115.091
-242.799
-239.856
-242.655
-207.789
-161.078
-167.257
-215.959
-194.327
-220.408
-193.504
-249.951
-248.787
-210.963
-195.636
-187.89
-231.339
-201.435
-233.903
-239.421
-241.82
-163.777
-246.005
-223.704
-233.505
-246.451
-175.585
-230.901
-242.357
-224.5
-226.928
-223.988
-241.179
-241.012
-203.781
-246.379
-224.077
-239.031
-211.557
-234.707
-249.658
-206.638
-220.475
-170.829
-183.273
-201.06
-196.087
-186.134
-208.466
-230.414
-232.941
-246.995
-221.922
-244.184
-211.15
-206.241
-237.203
-197.129
-229.116
-195.922
-238.57
-178.416
-242.831
-153.003
-239.515
-209.79
-187.592
-237.902
-235.801
-222.047
-220.984
-244.692
-189.744
-195.744
-241.669
-236.504
-248.828
-222.535
-236.574
-224.465
-222.367
-216.218
-243.859
-230.947
-158.267
-246.475
-206.174
-183.627
-244.096
-162.025
-235.888
-220.564
-205.963
-230.976
-195.909
-246.358
-243.108
-220.549
-223.646
-223.268
-225.092
-211.618
-198.662
-234.604
-246.955
-249.753
-244.675
-220.37
-221.329
-234.582
-128.848
-214.017
-212.602
-243.071
-121.033
-158.859
-167.618
-229.415
-238.226
-219.633
-237.793
-230.604
-231.411
-223.779
-203.905
-245.584
-232.293
-232.358
-197.637
-227.741
-214.878
-225.424
-172.678
-216.871
-228.67
-241.672
-73.7689
-221.024
-240.959
-182.761
-213.466
-186.887
-52.3407
-65.4383
-69.749
-139.002
-236.423
-226.954
-221.405
-223.273
-244.586
-229.655
-226.861
-201.401
-222.428
-204.275
-130.849
-187.214
-221.603
-156.032
-199.918
-222.274
-94.2395
-147.338
-247.763
-193.784
-238.607
-191.179
-243.813
-236.426
-205.122
-188.126
-218.367
-211.247
-236.117
-234.588
-202.599
-237.624
-240.594
-218.957
-211.659
-243.625
-246.431
-247.019
-227.754
-245.39
-241.274
-221.551
-240.155
-203.728
-240.79
-239.208
-220.356
-229.285
-236.176
-227.788
-240.764
-228.003
-247.983
-246.965
-232.373
-235.741
-248.757
-241.832
-197.499
-234.523
-248.138
-249.485
-220.56
-248.38
-207.717
-201.646
-221.679
-229.469
-248.25
-192.667
-241.342
-186.962
-237.128
-239.411
-170.975
-229.84
-116.98
-241.92
-239.887
-227.222
-245.398
-177.469
-226.922
-234.971
-191.21
-230.787
-209.561
-204.601
-225.781
-219.339
-112.948
-235.266
-218.249
-237.018
-240.398
-201.326
-175.943
-184.755
-248.345
-239.82
-234.811
-233.199
-235.815
-200.798
-228.75
-224.128
-60.5948
-228.675
-245.477
-249.482
-172.804
-174.095
-228.621
-220.858
-226.881
-245.619
-241.606
-189.561
-156.81
-221.95
-240.758
-230.643
-239.022
-247.594
-236.226
-248.884
-194.664
-243.502
-222.297
-245.873
-177.637
-243.063
-219.959
-219.349
-220.348
-247.518
-215.185
-247.587
-224.213
-247.822
-182.224
-226.296
-238.957
-244.243
-233.364
-56.6262
-113.681
-227.489
-124.305
-205.445
-233.765
-180.096
-190.288
-205.435
-233.673
-249.551
-226.187
-189.752
-213.706
-229.089
-248.581
-234.432
-244.495
-218.549
-249.33
-233.336
-204.313
-237.583
-170.328
-245.233
-218.718
-212.479
-228.515
-238.778
-244.9
-247.508
-184.492
-243.801
-220.346
-225.148
-187.142
-213.474
-192.369
-235.743
-217.708
-116.676
-126.625
-205.864
-215.159
-235.869
-206.328
-225.681
-218.487
-242.106
-207.306
-234.964
-244.767
-241.339
-233.266
-182.124
-186.121
-244.919
-240.004
-241.01
-136
-201.575
-192.15
-228.454
-220.264
-218.448
-237.77
-214.448
-168.894
-189.718
-197.572
-207.062
-217.996
-212.392
-106.772
-107.336
-227.856
-236.877
-240.615
-207.224
-236.643
-186.339
-222.608
-239.517
-247.358
-198.728
-193.779
-239.802
-240.098
-232.137
-217.271
-220.092
-231.444
-230.004
-157.956
-210.74
-192.732
-222.656
-231.801
-235.76
-216.016
-203.732
-238.558
-245.856
-172.418
-246.678
-215.905
-227.653
-201.658
-212.743
-237.197
-238.266
-241.012
-231.997
-226.836
-230.882
-238.953
-239.629
-237.977
-247.734
-134.167
-229.763
-183.5
-237.466
-180.12
-199.655
-238.642
-235.107
-208.189
-224.003
-192.277
-192.921
-236.857
-226.707
-239.306
-243.127
-244.385
-152.534
-158.749
-246.323
-242.612
-235.741
-241.448
-231.475
-225.484
-226.323
-243.035
-212.077
-180.529
-232.59
-213.392
-227.192
-138.613
-156.11
-236.73
-231.703
-212.479
-249.742
-207.678
-217.807
-204.534
-229.055
-194.796
-221.184
-241.845
-243.518
-173.578
-180.26
-232.658
-184.806
-223.964
-202.354
-182.324
-234.108
-193.368
-243.489
-229.214
-236.218
-112.717
-213.69
-165.923
-230.4
-245.644
-114.842
-225.129
-224.466
-234.943
-200.586
-207.551
-236.249
-236.023
-231.883
-240.553
-246.737
-242.48
-222.041
-179.322
-217.845
-221.554
-221.428
-244.653
-192.435
-224.638
-230.362
-233.895
-244.84
-168.083
-222.371
-233.964
-184.152
-227.852
-243.441
-238.482
-248.023
-232.933
-228.057
-243.58
-246.666
-244.844
-216.31
-242.448
-229.048
-177.166
-202.765
-203.483
-245.899
-215.585
-172.059
-236.309
-155.916
-214.417
-232.039
-224.468
-247.482
-193.201
-240.953
-243.91
-217.008
-248.773
-244.21
-228.927
-237.921
-239.259
-222.193
-248.384
-235.228
-236.112
-231.516
-232.197
-241.934
-238.808
-189.655
-233.102
-230.93
-207.397
-198.318
-229.538
-166.129
-241.886
-199.85
-236.892
-242.932
-244.458
-249.333
-216.461
-229.896
-183.688
-201.705
-238.388
-211.722
-128.559
-184.266
-87.2972
-174.814
-209.966
-246.314
-160.317
-242.483
-230.39
-243.671
-244.586
-229.286
-229.984
-193.653
-161.8
-203.381
-156.263
-185.343
-230.482
-230.421
-230.058
-234.837
-243.058
-244.347
-224.89
-154.497
-168.578
-223.862
-248.979
-247.673
-240.047
-185.969
-244.233
-204.195
-198.172
-235.516
-194.799
-207.971
-232.86
-216.77
-207.024
-207.196
-242.113
-217.772
-248.342
-246.861
-239.989
-180.483
-105.71
-195.446
-242.002
-237.315
-194.241
-238.002
-220.374
-201.264
-249.676
-191.431
-199.706
-207.513
-129.251
-203.26
-225.633
-248.921
-205.68
-241.613
-73.8833
-134.972
-165.33
-199.284
-199.788
-222.357
-246.196
-163.946
-240.069
-229.135
-207.594
-177.411
-232.419
-221.7
-224.738
-242.754
-216.927
-244.103
-233.672
-176.186
-189.239
-225.667
-248.571
-208.465
-248.075
-232.895
-241.463
-248.153
-241.264
-221.962
-240.084
-99.8401
-212.834
-226.554
-235.74
-198.317
-235.31
-195.363
-218.027
-244.423
-247.198
-248.128
-246.501
-233.386
-227.121
-149.967
-197.785
-237.035
-237.34
-249.286
-233.191
-234.196
-228.233
-228.364
-247.508
-234.156
-238.184
-246.829
-218.508
-246.945
-248.812
-198.946
-235.426
-235.527
-240.984
-227.913
-242.81
-248.306
-190.714
-247.509
-93.4176
-127.862
-220.121
-228.34
-210.176
-248.457
-105.561
-190.739
-219.016
-234.841
-246.347
-135.978
-239.58
-243.092
-219.423
-216.489
-239.507
-227.341
-211.864
-157.598
-196.394
-170.762
-223.262
-195.261
-239.321
-232.697
-230.172
-233.469
-232.586
-204.549
-243.042
-240.376
-247.428
-223.15
-197.825
-209.324
-239.206
-246.987
-224.66
-218.69
-235.269
-213.252
-234.902
-243.48
-248.617
-249.681
-243.249
-239.526
-249.793
-236.811
-241.473
-229.914
-231.809
-235.782
-210.159
-213.269
-116.951
-152.616
-248.793
-197.753
-217.352
-212.95
-240.033
-237.584
-204.755
-215.289
-120.697
-139.034
-170.704
-160.264
-206.369
-245.792
-245.335
-247.326
-221.562
-249.497
-202.267
-161.751
-249.639
-198.192
-220.244
-195.622
-246.44
-244.298
-184.237
-227.942
-225.307
-248.614
-214.144
-170.074
-239.343
-194.61
-197.448
-235.113
-244.593
-199.406
-245.578
-228.229
-236.423
-243.333
-26.7736
-213.977
-247.602
-163.91
-188.467
-237.316
-240.385
-227.166
-243.689
-123.633
-154.314
-205.86
-107.849
-151.547
-158.986
-225.906
-242.432
-214.02
-196.414
-211.607
-235.238
-248.907
-185.729
-248.995
-230.885
-159.836
-245.623
-181.574
-205.675
-241.191
-163.249
-238.157
-246.362
-228.607
-186.228
-203.257
-224.619
-248.967
-207.791
-238.51
-230.507
-246.654
-249.298
-244.402
-223.547
-232.928
-163.8
-209.667
-224.644
-216.081
-216.734
-210.274
-200.346
-229.963
-241.76
-44.8771
-56.8073
-213.925
-236.759
-245.398
-236.843
-240.751
-243.73
-221.411
-192.789
-169.672
-212.008
-179.372
-217.081
-234.051
-234.207
-244.873
-245.045
-247.251
-216.752
-170.492
-214.499
-220.01
-188.963
-194.06
-236.272
-234.256
-228.39
-220.288
-249.558
-247.07
-244.543
-209.857
-242.514
-244.609
-243.189
-238.821
-243.875
-230.329
-182.162
-193.443
-223.654
-244.079
-231.772
-248.417
-202.502
-238.647
-224.229
-225.143
-241.546
-239.071
-221.918
-215.703
-212.465
-242.985
-177.539
-221.311
-247.591
-236.238
-240.328
-244.828
-204.814
-244.311
-244.645
-226.221
-247.408
-215.791
-238.575
-233.409
-209.157
-88.3856
-248.798
-238.952
-198.937
-245.063
-243.316
-239.38
-234.229
-215.223
-215.3
-211.55
-242.379
-188.351
-184.17
-228.649
-94.6982
-152.709
-241.788
-249.134
-230.887
-244.554
-224.05
-238.557
-241.459
-246.335
-228.649
-248.75
-225.346
-241.188
-218.67
-199.874
-175.225
-229.597
-230.395
-170.515
-198.608
-248.546
-209.818
-225.031
-185.889
-126.764
-144.153
-232.728
-205.469
-203.36
-205.13
-228.092
-190.451
-208.044
-249.022
-242.069
-110.279
-207.809
-237.943
-224.824
-241.678
-185.516
-233.648
-221.124
-240.328
-196.162
-232.071
-215.112
-93.1168
-178.867
-239.501
-246.001
-249.527
-173.706
-227.326
-222.625
-226.338
-196.376
-231.134
-227.029
-205.221
-186.045
-231.832
-244.473
-235.092
-216.584
-241.096
-150.163
-200.307
-216.251
-164.754
-227.807
-171.402
-201.828
-240.174
-249.375
-246.831
-223.578
-225.65
-223.979
-240.006
-233.275
-227.963
-204.689
-247.03
-241.076
-127.38
-153.63
-247.953
-199.629
-232.572
-242.805
-247.698
-190.952
-241.301
-216.719
-222.651
-220.59
-187.823
-245.512
-244.365
-242.254
-218.377
-225.331
-183.33
-194.608
-243.183
-236.056
-182.971
-222.064
-222.417
-249.468
-236.868
-227.485
-230.472
-234.258
-181.717
-240.174
-230.657
-223.166
-246.921
-181.361
-242.399
-207.963
-213.686
-231.427
-242.091
-209.622
-222.544
-244.418
-149.522
-219.454
-246.771
-225.052
-216.217
-244.606
-246.545
-247.037
-144.549
-228.866
-232.201
-199.351
-199.366
-238.709
-243.797
-246.714
-243.587
-246.689
-213.371
-225.284
-247.651
-246.254
-244.697
-208.577
-221.809
-233.477
-236.877
-245.913
-214.648
-206.244
-199.741
-249.812
-245.523
-180.023
-243.955
-246.133
-241.239
-206.216
-213.366
-225.326
-244.882
-245.048
-239.399
-207.25
-246.613
-246.742
-226.27
-245.687
-228.252
-246.693
-104.952
-145.507
-182.041
-221.291
-246.187
-201.253
-229.603
-243.364
-213.902
-246.84
-223.111
-243.854
-233.375
-193.77
-194.49
-221.534
-220.979
-233.389
-216.16
-218.986
-201.813
-193.041
-213.081
-199.351
-215.717
-246.524
-244.716
-230.027
-242.533
-176.998
-206.986
-209.991
-218.1
-230.264
-237.535
-214.331
-181.008
-232.835
-242.968
-228.003
-196.031
-245.289
-215.07
-136.648
-245.792
-231.669
-182.278
-218.603
-226.596
-207.723
-244.979
-235.307
-244.507
-212.402
-247.084
-235.746
-145.702
-249.793
-211.863
-209.151
-216.342
-237.72
-243.641
-186.09
-246.663
-213.391
-230.93
-226.234
-208.927
-197.565
-161.442
-171.424
-199.145
-229.705
-243.172
-18.9299
-213.213
-245.063
-210.697
-199.365
-210.715
-221.327
-249.084
-247.449
-202.766
-247.428
-132.905
-204.653
-208.356
-246.642
-185.465
-166.756
-111.389
-126.86
-190.991
-244.289
-242.928
-242.63
-245.556
-234.833
-238.225
-193.113
-246.774
-239.284
-244.277
-246.212
-236.45
-246.105
-61.1035
-223.523
-231.838
-186.619
-81.7391
-215.423
-227.922
-248.674
-169.841
-211.861
-213.629
-248.494
-243.338
-197.181
-232.696
-216.197
-220.995
-243.77
-245.336
-231.509
-243.105
-218.637
-242.627
-184.321
-240.249
-238.423
-208.795
-241.437
-241.898
-249.153
-230.491
-157.811
-236.755
-246.836
-241.334
-241.044
-244.69
-222.717
-221.676
-179.638
-249.534
-242.352
-221.759
-239.354
-206.257
-243.279
-237.644
-189.431
-222.669
-246.684
-223.672
-177.968
-187.929
-234.972
-209.501
-211.265
-167.647
-240.649
-164.602
-191.572
-243.366
-198.675
-197.75
-247.778
-222.93
-234.323
-226.016
-201.063
-233.421
-248.303
-223.102
-239.872
-239.94
-199.361
-207.691
-140.519
-234.468
-236.262
-229.491
-221.531
-219.817
-236.076
-213.431
-246.529
-237.205
-221.519
-246.989
-234.494
-236.072
-240.247
-159.178
-237.213
-197.251
-245.763
-229.864
-202.327
-234.528
-212.545
-243.545
-238.141
-204.196
-237.989
-217.306
-246.469
-247.557
-239.096
-247.691
-244.037
-165.215
-233.269
-183.726
-201.238
-235.51
-222.913
-236.391
-241.536
-228.854
-235.414
-222.636
-236.173
-240.954
-178.401
-182.668
-248.667
-248.283
-185.919
-233.724
-247.534
-229.764
-211.92
-227.887
-211.912
-219.678
-228.191
-216.577
-246.861
-245.399
-245.994
-220.925
-243.438
-70.1478
-107.403
-227.417
-223.655
-171.784
-218.016
-240.311
-249.275
-232.128
-233.24
-244.891
-163.617
-233.476
-222.817
-144.68
-221.648
-237.041
-210.097
-245.709
-204.813
-227.874
-235.335
-244.783
-248.239
-249.885
-225.797
-236.526
-204.971
-204.117
-235.44
-236.114
-168.047
-202.959
-233.31
-242.885
-238.437
-159.895
-160.753
-217.306
-240.035
-231.706
-111.302
-179
-187.986
-237.425
-239.922
-230.937
-219.367
-179.85
-214.645
-195.356
-210.888
-172.966
-231.467
-249.543
-209.297
-187.156
-189.702
-176.829
-128.046
-130.988
-168.582
-217.045
-215.238
-181.249
-230.527
-249.197
-238.499
-243.523
-233.592
-239.575
-247.613
-193.229
-213.802
-245.586
-133.901
-236.453
-246.666
-141.973
-245.542
-224.745
-202.957
-171.354
-195.594
-207.529
-231.045
-232.304
-165.451
-114.588
-183.322
-214.793
-246.22
-246.494
-187.676
-240.163
-240.311
-217.811
-225.354
-226.204
-243.768
-205.144
-248.321
-171.598
-246.678
-242.293
-247.13
-189.575
-180.43
-202.912
-238.72
-173.991
-238.713
-249.741
-228.626
-238.495
-248.394
-249.779
-187.985
-241.164
-241.479
-241.826
-197.297
-215.072
-211.671
-233.756
-224.926
-238.251
-244.281
-185.501
-211.287
-192.161
-240.051
-243.539
-220.841
-219.794
-235.752
-205.599
-230.728
-188.657
-238.495
-239.475
-98.8643
-209.973
-249.851
-243.544
-245.202
-212.436
-245.974
-236.161
-248.505
-208.958
-213.724
-238.252
-249.546
-223.459
-238.046
-224.042
-209.518
-224.024
-199.533
-235.017
-230.27
-243.548
-194.993
-233.417
-249.534
-190.052
-186.152
-61.1064
-228.621
-237.249
-231.722
-96.8135
-187.889
-244.824
-243.634
-235.329
-215.98
-240.057
-248.994
-159.259
-242.291
-248.721
-92.856
-171.784
-247.509
-235.938
-196.192
-236.289
-219.383
-207.377
-226.436
-236.519
-248.054
-194.647
-240.884
-244.318
-201.553
-242.64
-248.377
-217.139
-159.961
-222.009
-184.334
-227.642
-237.245
-212.065
-224.832
-157.695
-241.356
-214.205
-245.917
-239.718
-226.347
-137.681
-165.202
-202.919
-245.15
-179.132
-241.509
-170.165
-193.402
-232.001
-214.489
-224.661
-231.192
-210.255
-99.9045
-122.349
-239.713
-242.472
-176.077
-227.879
-248.229
-240.49
-182.602
-245.006
-249.371
-219.011
-243.134
-204.432
-246.341
-229.463
-235.847
-209.411
-248.533
-243.991
-225.861
-247.345
-246.902
-246.362
-235.814
-202.957
-240.328
-248.131
-245.81
-229.606
-223.229
-89.196
-153.843
-159.766
-204.493
-223.567
-213.687
-245.603
-229.436
-226.231
-232.266
-236.277
-247.688
-205.351
-220.26
-200.533
-239.336
-245.148
-227.88
-244.872
-227.899
-174.107
-243.638
-236.487
-212.061
-207.592
-209.186
-209.217
-230.958
-228.844
-226.952
-222.224
-225.901
-238.309
-234.758
-184.703
-224.344
-119.847
-131.652
-137.064
-204.044
-244.191
-168.454
-237.754
-238.96
-219.407
-226.944
-170.552
-194.29
-213.481
-212.562
-227.092
-211.208
-176.151
-235.459
-229.921
-192.655
-204.145
-200.953
-231.042
-244.569
-239.562
-246.609
-245.304
-187.255
-207.163
-223.879
-232.256
-233.874
-196.178
-194.863
-249.973
-237.549
-245.511
-233.427
-239.727
-223.997
-239.906
-242.456
-220.447
-231.581
-235.356
-181.849
-244.99
-211.139
-183.972
-220.921
-207.267
-223.346
-225.465
-245.56
-156.638
-166.161
-102.589
-144.423
-234.464
-218.434
-235.807
-222.057
-243.649
-184.479
-198.07
-249.472
-202.029
-226.237
-240.791
-153.717
-185.63
-227.528
-237.27
-240.696
-220.575
-232.64
-239.861
-243.277
-244.218
-243.654
-232.355
-234.301
-203.429
-205.062
-220.84
-147.316
-211.111
-224.163
-240.735
-202.506
-232.251
-235.846
-199.677
-249.235
-246.907
-210.024
-237.149
-244.631
-246.223
-240.777
-247.036
-213.972
-223.691
-224.983
-248.081
-233.18
-232.375
-239.841
-219.357
-234.452
-216.54
-234.075
-234.145
-193.067
-189.966
-241.851
-152.504
-213.879
-203.528
-203.692
-222.52
-241.891
-243.674
-203.422
-246.294
-242.696
-237.131
-230.112
-244.408
-216.276
-234.077
-210.691
-233.968
-237.471
-242.11
-208.7
-157.91
-219.33
-217.859
-213.879
-248.115
-228.029
-249.599
-247.415
-247.679
-218.614
-136.478
-232.49
-229.934
-228.421
-233.329
-222.789
-219.857
-180.008
-243.516
-226.167
-226.25
-230.644
-203.158
-238.829
-229.655
-156.716
-166.197
-193.904
-230.389
-245.125
-245.277
-245.494
-241.118
-172.822
-186.142
-146.322
-233.375
-223.446
-231.712
-212.124
-247.428
-187.433
-227.461
-241.114
-155.827
-236.019
-170.48
-71.4782
-194.016
-245.066
-221.836
-238.129
-239.797
-246.446
-247.304
-207.489
-234.834
-245.972
-238.028
-237.324
-95.868
-115.657
-201.409
-218.944
-222.657
-241.342
-148.467
-174.758
-235.205
-214.373
-248.908
-121.497
-221.32
-239.1
-206.269
-249.37
-248.297
-185.78
-219.891
-248.715
-247.186
-215.8
-181.898
-224.401
-245.962
-245.531
-180.013
-227.011
-219.649
-212.868
-195.396
-227.013
-185.79
-211.491
-249.189
-240.634
-244.226
-218.391
-220.464
-160.295
-236.744
-200.355
-229.327
-232.219
-242.52
-246.855
-217.276
-219.397
-246.463
-223.191
-159.6
-233.598
-236.451
-238.592
-192.483
-171.652
-239.488
-239.848
-232.038
-213.008
-249.51
-239.389
-214.436
-229.259
-236.034
-235.275
-124.012
-221.551
-185.791
-239.461
-236.175
-227.172
-232.966
-205.747
-220.539
-185.508
-245.04
-194.596
-184.013
-224.77
-245.814
-213.032
-233.506
-164.786
-220.989
-247.226
-234.168
-238.292
-226.646
-237.095
-236.201
-244.318
-246.88
-248.101
-249.073
-249.456
-226.882
-208.713
-214.788
-198.868
-215.194
-238.663
-200.795
-232.523
-247.993
-165.754
-202.612
-190.604
-202.292
-182.002
-158.717
-212.911
-194.302
-205.755
-246.082
-244.758
-234.451
-205.509
-216.376
-239.455
-214.538
-242.352
-239.256
-225.613
-243.744
-220.512
-246.997
-213.454
-243.188
-231.394
-175.974
-167.534
-204.661
-248.965
-247.227
-247.341
-223.928
-222.259
-196.758
-191
-216.616
-231.965
-204.796
-233.661
-229.569
-195.621
-246.96
-226.9
-156.552
-170.054
-221.767
-224.452
-246.801
-239.726
-212.442
-234.661
-124.719
-195.257
-228.284
-230.511
-247.615
-215.085
-176.63
-204.978
-151.651
-192.482
-229.885
-247.42
-248.923
-233.485
-209.233
-226.621
-209.314
-218.329
-217.873
-206.022
-202.767
-185.935
-222.631
-218.08
-186.07
-202.146
-233.352
-186.234
-186.379
-238.997
-226.688
-239.879
-243.4
-241.987
-106.309
-164.372
-231.286
-241.243
-231.217
-226.281
-246.794
-213.756
-211.117
-230.797
-230.574
-247.372
-243.746
-241.949
-248.715
-214.179
-238.741
-247.882
-172.725
-238.387
-224.623
-226.699
-246.657
-248.517
-170.833
-184.223
-191.019
-245.464
-229.398
-232.966
-195.625
-214.963
-157.938
-202.651
-248.153
-226.878
-191.386
-229.134
-243.588
-204.182
-176.195
-242.825
-246.852
-230.561
-247.593
-211.355
-211.954
-232.893
-243.48
-242.624
-227.711
-215.027
-224.627
-229.855
-217.871
-217.661
-142.614
-186.731
-224.922
-189.208
-219.552
-224.252
-234.93
-247.569
-240.572
-237.08
-238.319
-212.273
-248.207
-248.584
-203.566
-244.19
-218.098
-239.47
-192.811
-237.798
-229.79
-243.527
-249.935
-241.142
-233.483
-216.901
-244.705
-223.14
-209.235
-246.564
-233.033
-233.189
-248.708
-241.036
-218.535
-215.342
-210.832
-205.771
-218.093
-220.145
-226.462
-220.944
-196.271
-207.321
-154.922
-173.11
-246.608
-229.113
-236.812
-241.938
-194.744
-197.586
-219.106
-212.396
-222.591
-223.77
-220.886
-236.958
-227.915
-242.636
-194.779
-234.456
-240.149
-237.284
-237.774
-238.142
-95.1546
-203.622
-199.391
-222.218
-244.777
-235.798
-147.042
-248.028
-234.79
-205.769
-232.166
-235.249
-237.169
-217.972
-164.145
-168.661
-218.87
-227.15
-239.992
-233.669
-246.042
-223.555
-229.877
-166.368
-242.795
-213.242
-215.69
-137.545
-153.623
-234.013
-231.087
-200.967
-247.136
-244.473
-246.693
-248.536
-241.286
-215.45
-236.297
-219.207
-245.733
-215.063
-248.843
-231.344
-249.145
-248.446
-243.901
-234.506
-196.227
-243.089
-225.757
-237.643
-222.745
-241.56
-227.483
-229.73
-206.802
-249.941
-223.916
-233.347
-204.027
-208.92
-238.314
-241.98
-246.4
-229.197
-210.422
-137.564
-188.328
-243.47
-235.068
-241.601
-208.743
-158.652
-247.359
-247.344
-207.317
-193.651
-243.159
-217.913
-217.624
-248.45
-245.807
-231.528
-113.892
-232.742
-236.359
-218.211
-234.283
-213.545
-226.618
-248.591
-231.094
-238.098
-246.922
-214.829
-216.513
-235.941
-128.882
-188.311
-184.374
-242.115
-244.855
-235.619
-224.714
-247.383
-220.382
-231.836
-214.854
-188.848
-249.112
-146.629
-244.736
-239.281
-195.024
-248.161
-243.349
-242.559
-204.778
-190.974
-199.879
-204.387
-228.175
-230.087
-230.128
-248.7
-235.864
-198.462
-249.257
-235.8
-229.517
-245.791
-225.669
-217.413
-233.883
-159.167
-190.885
-241.845
-236.268
-180.594
-245.342
-240.144
-245.988
-223.592
-242.087
-190.968
-227.269
-182.04
-214.354
-232.318
-236.905
-222.337
-155.79
-159.515
-171.627
-220.455
-241.626
-228.081
-234.278
-204.481
-211.946
-212.333
-241.684
-155.624
-249.983
-200.38
-233.541
-244.74
-240.702
-242.004
-210.942
-243.778
-242.218
-246.613
-232.195
-249.682
-248.386
-229.536
-238.838
-246.6
-218.146
-229.644
-228.914
-215.172
-187.28
-205.849
-217.236
-212.287
-247.031
-201.89
-213.331
-238.874
-236.707
-215.72
-236.273
-222.743
-210.056
-239.403
-181.646
-209.494
-247.277
-192.803
-236.754
-229.038
-232.481
-116.447
-187.177
-237.118
-204.657
-238.686
-181.371
-197.481
-149.609
-194.875
-247.886
-208.913
-248.735
-177.806
-227.058
-234.721
-233.423
-247.329
-218.074
-240.035
-248.595
-125.553
-236.486
-215.107
-214.762
-238.367
-242.507
-228.505
-233.194
-191.095
-198.756
-233.175
-228.127
-170.516
-182.631
-248.763
-245.335
-209.533
-248.156
-244.979
-206.529
-244.565
-238.755
-214.454
-209.481
-248.529
-225.898
-205.716
-230.683
-245.985
-240.379
-235.308
-227.124
-225.695
-247.713
-239.151
-196.607
-133.07
-207.328
-186.344
-224.229
-205.909
-249.821
-219.21
-244.673
-222.93
-242.577
-248.058
-206.993
-212.798
-224.437
-248.563
-197.538
-243.297
-249
-245.123
-192.06
-145.21
-186.222
-232.78
-242.009
-225.195
-244.885
-230.51
-240.534
-237.703
-247.407
-227.525
-244.771
-237.908
-220.796
-191.224
-216.555
-234.457
-236.564
-235.272
-246.72
-242.304
-191.559
-203.234
-187.309
-236.278
-248.352
-133.913
-184.805
-236.429
-249.573
-245.75
-217.09
-214.142
-193.63
-239.351
-197.304
-220.706
-240.559
-249.565
-230.164
-240
-243.204
-230.663
-204.244
-247.786
-235.014
-207.173
-230.091
-214.327
-249.93
-247.349
-228.471
-239.868
-228.198
-237.207
-220.981
-249.186
-182.226
-240.678
-232.391
-221.153
-241.696
-239.853
-248.111
-244.763
-154.324
-175.22
-246.455
-233.484
-235.996
-242.505
-232.337
-236.199
-240.554
-243.743
-226.399
-224.995
-211.707
-243.251
-213.837
-240.935
-244.804
-235.655
-247.184
-164.707
-229.792
-212.747
-244.487
-246.661
-218.454
-225.316
-192.751
-223.829
-231.81
-239.716
-163.949
-173.048
-238.105
-228.487
-209.88
-213.392
-237.33
-112.723
-198.164
-248.766
-243.382
-223.059
-219.561
-236.24
-225.143
-218.09
-211.9
-232.726
-234.477
-248.479
-210.788
-243.274
-247.988
-242.96
-224.305
-181.802
-196.832
-150.973
-240.34
-209.659
-234.155
-215.021
-249.887
-238.838
-244.584
-233.268
-248.91
-243.041
-166.695
-183.263
-202.517
-234.754
-246.266
-240.708
-232.384
-229.27
-241.802
-243.208
-238.028
-240.209
-245.023
-239.847
-216.101
-237.105
-220.178
-233.759
-222.053
-246.371
-174.402
-226.068
-209.57
-220.904
-202.655
-202.021
-243.66
-243.959
-214.36
-224.359
-207.944
-152.333
-220.342
-198.526
-194.542
-219.54
-223.708
-247.099
-196.166
-239.618
-162.011
-218.681
-233.184
-247.394
-234.256
-215.382
-241.526
-194.338
-246.861
-247.567
-230.687
-243.354
-220.553
-213.163
-225.595
-230.541
-249.546
-230.655
-175.258
-178.512
-229.763
-238.652
-232.255
-217.707
-246.05
-202.826
-199.045
-238.707
-236.688
-240.218
-249.038
-223.936
-144.255
-224.071
-235.834
-249.758
-246.289
-234.078
-223.266
-196.694
-212.843
-243.121
-246.825
-243.034
-175.364
-209.636
-212.109
-237.029
-199.287
-212.488
-236.999
-249.438
-244.959
-224.581
-207.893
-165.066
-221.775
-233.176
-242.513
-241.998
-184.383
-238.385
-242.472
-209.843
-182.676
-242.446
-173.696
-249.618
-242.761
-173.618
-244.936
-245.381
-174.937
-204.295
-244.594
-179.796
-126.443
-185.764
-248.707
-231.226
-239.335
-245.819
-209.42
-232.814
-238.731
-236.86
-243.902
-222.937
-244.07
-217.962
-231.722
-240.709
-207.851
-200.984
-249.541
-233.828
-219.113
-216.218
-233.069
-161.251
-196.779
-236.746
-238.686
-150.832
-241.501
-236.624
-208.89
-147.114
-235.063
-210.573
-237.801
-246.644
-213.056
-223.593
-219.421
-208.555
-237.419
-196.671
-223.204
-189.109
-212.966
-147.109
-209.316
-210.37
-233.418
-183.621
-239.506
-185.345
-231.124
-228.134
-236.241
-157.465
-207.623
-243.553
-244.774
-212.286
-247.78
-247.534
-247.386
-218.523
-243.529
-238.144
-227.134
-230.652
-238.407
-249.021
-240.402
-219.978
-231.419
-248.361
-233.361
-249.069
-237.807
-187.419
-244.183
-243.622
-242.941
-244.906
-248.864
-227.053
-238.195
-157.978
-196.717
-245.74
-244.773
-207.077
-235.66
-210.052
-246.471
-223.558
-244.512
-245.971
-243.615
-233.725
-227.492
-216.644
-226.306
-215.206
-213.204
-229.476
-244.773
-238.631
-234.71
-246.335
-206.174
-195.115
-232.526
-224.303
-175.685
-241.696
-242.82
-222.878
-247.87
-231.702
-212.794
-210.141
-237.004
-194.303
-235.597
-238.24
-227.667
-246.603
-212.675
-221.004
-215.229
-191.511
-222.034
-249.65
-207.715
-241.466
-159.67
-236.801
-195.475
-240.213
-171.242
-243.508
-143.914
-235.776
-229.34
-247.846
-202.632
-236.439
-235.265
-235.843
-198.395
-210.021
-214.639
-226.431
-230.397
-242.132
-245.853
-247.343
-242.121
-204.282
-248.662
-176.703
-166.894
-109.651
-217.974
-236.937
-211.867
-155.359
-248.454
-235.322
-239.064
-240.107
-218.346
-183.316
-242.838
-239.616
-239.265
-207.203
-196.489
-210.139
-228.966
-230.258
-215.626
-169.038
-241.348
-218.191
-230.489
-190.391
-202.071
-232.586
-241.824
-245.567
-201.11
-243.126
-164.431
-239.644
-249.99
-242.344
-233.157
-230.606
-249.87
-191.67
-193.656
-224.451
-222.186
-180.212
-189.691
-204.893
-205.51
-225.261
-244.324
-239.804
-237.778
-216.354
-158.981
-243.848
-225.682
-210.916
-240.074
-248.921
-135.357
-159.365
-241.529
-227.042
-229.828
-244.565
-168.345
-69.2875
-78.1327
-233.341
-246.953
-249.515
-216.1
-243.603
-205.247
-201.444
-223.354
-201.366
-228.425
-248.318
-232.034
-209.042
-231.698
-245.397
-200.76
-163.045
-244.65
-159.819
-228.609
-228.261
-247.978
-235.376
-165.625
-214.493
-230.141
-214.524
-233.606
-216.849
-248.097
-230.941
-238.973
-157.978
-215.811
-229.936
-177.327
-197.372
-201.657
-231.926
-224.733
-157.35
-201.197
-217.057
-218.393
-196.044
-225.873
-209.514
-224.964
-230.478
-210.272
-243.105
-224.193
-149.409
-206.61
-226.863
-248.159
-161.614
-229.991
-175.516
-244.603
-243.479
-186.713
-243.24
-248.313
-229.079
-241.364
-199.121
-246.242
-236.953
-203.805
-221.542
-234.071
-244.724
-239.154
-244.901
-236.221
-225.09
-213.317
-222.698
-247.747
-247.04
-231.79
-171.86
-235.223
-231.614
-238.48
-240.08
-190.215
-200.552
-243.167
-224.447
-239.398
-246.369
-249.366
-210.53
-214.957
-239.899
-231.482
-200.756
-215.924
-249.816
-39.116
-44.0108
-186.046
-237.569
-245.067
-240.234
-222.166
-136.597
-229.957
-249.075
-222.425
-230.44
-245.854
-184.675
-178.968
-249.197
-245.909
-153.712
-99.7063
-185.188
-180.37
-227.115
-236.054
-247.051
-247.579
-244.189
-182.426
-225.887
-245.835
-223.613
-248.729
-218.834
-237.89
-243.706
-224.753
-197.719
-207.151
-232.494
-111.668
-215.002
-243.56
-244.018
-248.372
-247.571
-237.191
-189.404
-246.31
-180.768
-182.067
-241.603
-249.071
-199.866
-249.241
-210.405
-209.897
-239.007
-170.347
-242.557
-220.422
-237.449
-196.971
-235.056
-238.485
-220.375
-177.332
-179.909
-197.005
-142.895
-224.364
-245.5
-86.4247
-205.888
-209.266
-247.857
-209.548
-232.845
-225.467
-229.586
-194.329
-241.232
-248.448
-211.505
-221.456
-226.978
-230.931
-245.594
-220.305
-240.326
-234.262
-233.722
-214.738
-242.141
-235.701
-248.073
-201.797
-205.594
-233.444
-207.915
-214.482
-229.728
-137.66
-213.646
-246.052
-245.892
-184.13
-241.935
-236.482
-248.087
-224.362
-246.287
-243.39
-159.642
-194.491
-240.653
-226.163
-234.998
-233.716
-243.114
-183.143
-238.364
-235.864
-182.171
-227.947
-213.066
-238.406
-212.083
-240.884
-198.819
-235.384
-243.791
-221.634
-205.44
-229.32
-200.271
-210.456
-247.503
-210.515
-122.107
-246.547
-207.063
-237.804
-205.797
-223.371
-208.5
-215.023
-207.005
-249.366
-189.405
-243.459
-242.649
-198.73
-222.119
-208.888
-244.626
-219.272
-209.889
-211.137
-145.243
-241.766
-225.069
-248.986
-105.487
-117.281
-157.817
-246.708
-237.792
-248.806
-217.522
-227.933
-219.485
-226.981
-232.397
-247.263
-201.845
-205.222
-206.67
-212.103
-143.629
-169.187
-178.457
-158.767
-225.967
-197.082
-249.254
-241.343
-247.852
-239.436
-247.242
-237.232
-154.101
-248.109
-164.543
-244.287
-213.529
-244.777
-227.263
-152.101
-216.503
-239.304
-220.567
-227.155
-249.766
-227.688
-232.22
-225.348
-213.275
-244.151
-188.91
-213.292
-223.144
-235.367
-248.488
-235.046
-248.829
-178.778
-205.357
-244.508
-228.058
-176.118
-232.66
-178.961
-190.256
-220.48
-247.224
-233.197
-223.76
-215.201
-240.17
-249.308
-87.2403
-224.049
-217.52
-185.007
-209.369
-171.894
-194.717
-245.11
-102.059
-133.458
-197.579
-229.054
-214.323
-249.082
-243.229
-235.501
-201.405
-244.692
-215.865
-239.204
-204.483
-241.009
-224.202
-245.246
-138.197
-155.407
-247.993
-164.9
-158.214
-197.508
-234.003
-187.829
-227.733
-201.154
-171.32
-245.179
-193.851
-185.664
-239.394
-222.002
-242.664
-207.879
-235.46
-236.31
-243.962
-216.993
-241.704
-198.511
-217.471
-231.788
-223.465
-237.764
-203.499
-175.837
-206.734
-133.137
-140.965
-156.467
-149.6
-244.1
-214.769
-221.942
-227.632
-228.39
-226.783
-230.014
-173.524
-199.559
-237.59
-220.191
-243.899
-240.475
-231.403
-238.848
-235.136
-196.375
-211.185
-248.789
-219.966
-224.699
-240.253
-148.816
-155.68
-172.928
-187.108
-209.768
-243.193
-234.947
-243.287
-242.717
-221.861
-172.045
-219.379
-218.939
-227.739
-154.846
-230.761
-226.072
-160.441
-220.769
-211.797
-223.582
-228.224
-217.917
-227.319
-211.096
-174.487
-202.505
-218.696
-229.44
-206.276
-246.498
-165.934
-202.614
-202.818
-234.063
-239.057
-224.958
-173.545
-202.117
-232.939
-214.874
-234.905
-223.565
-228.172
-238.525
-248.493
-248.003
-248.57
-198.089
-236.352
-226.385
-191.883
-241.574
-168.504
-156.109
-192.669
-204.51
-232.103
-244.899
-226.846
-227.191
-171.228
-235.457
-170.912
-198.788
-220.781
-73.6954
-231.228
-231.669
-238.733
-249.123
-222.71
-225.949
-102.058
-183.057
-214.106
-226.489
-218.538
-225.718
-238.822
-240.558
-223.957
-160.373
-207.107
-226.553
-244.866
-240.026
-244.137
-244.998
-225.423
-217.663
-225.526
-235.31
-214.124
-246.905
-205.27
-241.216
-244.364
-230.376
-210.503
-243.317
-245.804
-239.007
-212.132
-244.712
-248.744
-244.542
-230.541
-223.823
-239.752
-222.473
-235.269
-151.946
-157.63
-227.283
-214.87
-214.946
-207.96
-223.35
-209.941
-228.134
-245.397
-230.831
-231.955
-216.413
-233.452
-243.551
-247.579
-227.804
-227.397
-162.767
-240.487
-243.47
-218.14
-174.102
-205.968
-215.497
-170.384
-249.742
-242.98
-244.412
-225.918
-243.996
-243.637
-226.192
-248.777
-241.758
-231.114
-160.654
-243.656
-249.229
-241.888
-231.111
-236.102
-223.789
-241.609
-246.249
-237.991
-204.88
-210.662
-221.938
-247.612
-235.74
-245.933
-198.576
-219.56
-245.601
-248.392
-224.943
-207.145
-239.333
-192.421
-249.328
-214.819
-222.331
-212.103
-244.635
-245.648
-223.915
-216.392
-246.63
-236.931
-240.82
-249.263
-185.168
-246.388
-231.335
-175.634
-178.472
-202.223
-198.94
-247.73
-243.075
-173.743
-242.75
-166.258
-247.858
-179.89
-218.341
-233.445
-242.272
-231.832
-236.929
-193.299
-235.265
-244.472
-239.811
-242.3
-233.05
-223.808
-146.983
-249.326
-231.624
-211.303
-246.458
-222.949
-211.582
-130.984
-202.634
-209.808
-169.064
-238.507
-217.516
-221.623
-205.006
-224.172
-235.647
-241.388
-229.683
-226.886
-235.904
-206.404
-215.365
-243.27
-136.963
-102.763
-105.706
-181.004
-213.183
-244.594
-248.873
-228.364
-203.599
-230.618
-228.876
-242.406
-222.794
-233.679
-150.175
-239.519
-237.987
-235.517
-245.044
-201.729
-238.254
-224.744
-241.064
-224.67
-214.179
-233.121
-93.505
-201.233
-200.434
-211.862
-232.898
-228.977
-226.353
-246.322
-190.109
-245.562
-187.337
-227.304
-246.108
-240.413
-218.048
-218.509
-234.911
-212.574
-245.467
-210.438
-211.852
-177.598
-212.949
-242.37
-208.988
-227.115
-249.317
-163.259
-154.157
-188.455
-225.162
-242.007
-248.81
-242.568
-224.891
-230.897
-194.624
-239.712
-159.813
-193.802
-161.481
-217.982
-178.457
-204.807
-212.486
-249.64
-248.032
-246.372
-239.033
-245.551
-187.407
-240.869
-220.858
-238.859
-241.903
-228.031
-234.55
-233.616
-219.502
-242.023
-208.173
-243.042
-240.229
-246.755
-160.165
-213.824
-235.623
-236.578
-201.053
-240.644
-242.824
-232.482
-224.884
-182.166
-161.368
-188.005
-234.071
-207.259
-238.101
-238.782
-204.079
-243.692
-231.17
-227.844
-247.242
-202.58
-189.493
-159.543
-218.735
-228.669
-226.672
-208.642
-106.606
-141.829
-241.838
-244.959
-247.301
-249.452
-222.149
-236.041
-244.742
-229.506
-198.378
-230.555
-247.985
-224.207
-189.472
-215.98
-212.678
-109.531
-224.435
-228.45
-108.441
-186.444
-194.016
-148.481
-236.046
-155.602
-189.952
-200.027
-214.077
-214.114
-219.169
-229.444
-230.811
-209.594
-231.562
-219.557
-234.77
-237.52
-211.537
-209.878
-237.207
-247.858
-153.619
-240.917
-249.381
-232.909
-218.443
-228.843
-238.033
-218.471
-225.137
-246.421
-236.434
-197.686
-209.927
-235.302
-249.089
-236.208
-221.386
-244.407
-166.738
-194.033
-233.867
-244.187
-215.109
-240.964
-202.639
-245.412
-236.107
-229.938
-238.508
-223.546
-237.074
-242.053
-230.004
-223.627
-246.005
-232.546
-196.723
-197.673
-210.622
-201.997
-237.629
-218.927
-189.986
-205.491
-229.073
-247.715
-229.973
-213.361
-236.823
-236.71
-203.183
-210.83
-244.059
-228.077
-230.501
-245.581
-217.611
-219.112
-239.897
-223.059
-241.957
-172.304
-230.1
-239.897
-245.826
-189.418
-249.413
-210.162
-222.297
-224.444
-203.668
-231.797
-198.862
-235.762
-246.017
-215.254
-222.394
-192.867
-153.286
-191.93
-230.014
-246.041
-244.443
-223.813
-233.487
-228.443
-179.605
-219.957
-240.799
-246.986
-232.504
-241.999
-186.089
-199.958
-243.61
-210.778
-241.642
-245.623
-229.002
-240.463
-172.626
-184.281
-248.171
-191.243
-223.924
-198.574
-214.527
-223.165
-117.313
-219.093
-237.496
-218.907
-238.642
-144.578
-218.007
-239.895
-249.639
-248.554
-246.621
-218.974
-109.691
-213.931
-224.914
-237.82
-216.793
-203.254
-219.058
-248.51
-248.169
-249.28
-243.65
-246.171
-238.783
-233.759
-222.445
-143.922
-235.624
-222.509
-247.473
-217.761
-246.517
-127.074
-219.953
-231.338
-115.791
-209.466
-245.451
-242.3
-214.026
-204.472
-224.412
-186.932
-248.179
-230.786
-207.833
-241.526
-229.2
-217.384
-236.768
-227.832
-231.997
-179.049
-238.911
-249.016
-246.659
-144.467
-227.378
-236.639
-146.958
-154.174
-230.326
-218.993
-243.498
-195.388
-160.661
-244.508
-248.564
-249.275
-233.388
-245.652
-227.9
-245.051
-230.744
-242.46
-231.159
-200.474
-183.69
-199.863
-232.83
-233.234
-241.737
-246.908
-246.189
-163.632
-175.186
-246.851
-247.817
-228.529
-226.193
-194.31
-226.387
-245.349
-155.866
-213.048
-230.814
-247.916
-222.201
-211.142
-219.048
-169.861
-207.604
-134.887
-213.067
-221.218
-234.691
-245.72
-233.391
-189.118
-210.253
-219.028
-238.06
-214.72
-238.697
-239.145
-236.937
-196.48
-224.115
-248.046
-249.564
-211.342
-225.694
-239.211
-238.303
-193.454
-198.508
-245.636
-225.204
-219.681
-235.921
-221.54
-93.8553
-176.384
-246.905
-206.789
-213.419
-232.051
-197.832
-219.916
-217.727
-192.406
-211.203
-240.076
-231.482
-248.285
-231.403
-243.854
-246.45
-191.375
-242.137
-242.18
-227.605
-225.812
-236.917
-208.952
-169.973
-237.034
-245.616
-189.954
-235.809
-243.879
-249.678
-171.206
-212.99
-168.583
-229.249
-222.467
-233.695
-170.256
-213.809
-217.266
-238.625
-217.34
-235.599
-212.519
-244.518
-221.863
-211.134
-195.885
-211.741
-208.753
-222.591
-201.405
-240.958
-249.564
-225.326
-241.261
-230.418
-174.702
-210.728
-235.945
-204.313
-68.816
-158.691
-181.081
-208.617
-214.711
-230.899
-228.558
-241.298
-160.865
-182.023
-201.603
-126.564
-158.006
-170.451
-242.896
-236.184
-186.154
-214.411
-200.775
-234.464
-244.428
-193.647
-213.917
-215.442
-237.511
-227.103
-220.923
-243.817
-235.243
-238.554
-246.356
-150.632
-200.917
-233.673
-222.641
-247.685
-197.8
-235.193
-240.652
-138.973
-207.732
-222.624
-239.408
-186.554
-223.364
-248.875
-248.665
-238.499
-183.65
-237.927
-197.691
-242.506
-240.241
-238.027
-235.538
-240.412
-221.58
-240.546
-185.148
-191.556
-227.684
-243.673
-135.976
-206.821
-246.669
-239.711
-242.611
-218.807
-248.501
-228.607
-246.023
-151.473
-197.83
-199.519
-241.381
-249.923
-239.531
-175.38
-244.364
-243.352
-241.184
-230.804
-234.38
-226.845
-243.791
-227.19
-224.83
-204.697
-207.838
-238.229
-247.219
-248.391
-238.935
-239.254
-226.656
-150.035
-236.08
-249.463
-221.405
-233.211
-194.066
-103.625
-196.382
-186.962
-224.05
-165.874
-236.512
-218.394
-224.748
-239.266
-208.651
-227.138
-245.188
-234.363
-245.468
-234.758
-247.796
-213.962
-238.641
-218.372
-116.339
-225.439
-236.557
-199.578
-222.143
-222.184
-241.548
-155.99
-209.789
-241.38
-211.644
-244.142
-248.75
-221.698
-224.274
-241.997
-231.82
-199.747
-210.44
-223.408
-159.917
-205.292
-238.456
-235.665
-239.728
-179.731
-248.258
-241.64
-211.312
-239.801
-186.97
-184.134
-219.939
-170.595
-207.735
-226.93
-187.931
-241.226
-219.353
-179.376
-212.451
-240.624
-231.416
-245.111
-240.92
-231.61
-233.384
-241.57
-241.752
-197.731
-208.262
-223.429
-234.362
-212.796
-213.395
-198.835
-238.23
-215.514
-199.626
-214.594
-242.627
-178.726
-241.905
-246.91
-212.083
-208.276
-246.1
-239.671
-204.045
-169.561
-207.358
-226.303
-204.491
-234.63
-212.142
-237.464
-241.311
-212.433
-202.041
-218.417
-224.403
-241.484
-218.609
-233.286
-189.794
-233.7
-246.772
-235.721
-244.64
-240.116
-244.1
-206.59
-202.968
-237.084
-227.962
-208.802
-204.453
-241.763
-244.508
-249.413
-209.405
-142.944
-162.162
-232.938
-225.286
-230.986
-209.89
-245.286
-198.057
-205.879
-206.204
-218.666
-209.258
-236.722
-232.687
-150.599
-219.898
-229.478
-166.114
-119.004
-150.799
-151.908
-243.815
-222.997
-244.162
-183.602
-189.376
-192.74
-249.045
-243.604
-148.053
-172.242
-227.251
-183.871
-202.798
-202.284
-167.19
-171.317
-185.167
-230.482
-248.624
-162.31
-238.406
-182.681
-183.5
-190.208
-242.768
-183.166
-201.594
-215.831
-221.304
-216.776
-197.213
-198.437
-214.06
-222.548
-249.015
-226.135
-206.087
-222.34
-231.967
-205.158
-237.484
-233.092
-232.474
-225.44
-232.543
-244.402
-249.766
-222.224
-207.077
-217.057
-230.971
-214.394
-125.471
-126.16
-161.575
-184.836
-245.697
-240.588
-226.366
-206.703
-222.252
-224.994
-248.269
-234.164
-241.998
-231.484
-151.158
-243.919
-217.929
-243.031
-207.157
-243.129
-178.073
-249.595
-215.525
-249.545
-234.191
-247.01
-109.96
-141.813
-209.021
-239.781
-242.218
-205.406
-221.03
-244.358
-219.627
-232.697
-223.839
-236.154
-227.455
-237.705
-216.693
-236.752
-238.738
-228.196
-218.059
-247.822
-239.157
-242.965
-221.522
-221.705
-220.067
-239.544
-215.874
-226.118
-234.92
-241.406
-247.488
-240.559
-246.468
-186.096
-233.783
-187.924
-214.352
-244.295
-220.385
-244.831
-238.003
-239.463
-183.617
-243.859
-203.51
-242.08
-244.738
-195.795
-249.848
-164.685
-211.942
-216.363
-201.325
-248.429
-155.982
-248.323
-210.061
-227.371
-232.427
-229.711
-240.06
-248.322
-221.772
-190.186
-242.961
-210.699
-235.253
-239.17
-244.8
-247.164
-221.921
-247.463
-244.412
-248.137
-243.546
-119.03
-184.741
-248.23
-186.396
-207.89
-219.617
-210.816
-232.759
-215.693
-249.487
-241.306
-240.166
-213.777
-209.12
-209.385
-237.67
-187.507
-211.754
-240.936
-137.846
-218.687
-231.922
-249.211
-173.172
-201.362
-234.902
-227.859
-208.258
-212.365
-238.787
-247.863
-241.317
-217.699
-236.879
-220.911
-231.5
-248.465
-154.451
-155.904
-177.02
-233.037
-245.915
-213.281
-223.818
-239.652
-246.159
-204.19
-211.854
-226.984
-245.485
-217.855
-243.069
-248.599
-204.984
-238.153
-241.782
-212.951
-229.139
-207.43
-231.346
-240.99
-210.119
-240.909
-225.018
-166.579
-217.185
-228.676
-204.176
-227.612
-175.528
-179.055
-205.961
-248.37
-245.297
-231.435
-210.614
-220.851
-249.251
-239.569
-217.29
-248.396
-238.334
-233.27
-249.515
-227.079
-201.094
-226.218
-237.611
-221.917
-247.568
-126.501
-227.603
-219.074
-244.803
-244.811
-246.621
-226.129
-178.288
-249.09
-236.157
-195.903
-249.604
-152.531
-244.364
-203.261
-213.047
-246.691
-249.029
-241.505
-221.293
-223.163
-147.331
-182.836
-193.799
-236.349
-242.469
-159.416
-172.391
-229.89
-205.423
-239.193
-224.228
-245.407
-218.908
-183.422
-204.323
-243.722
-234.707
-238.883
-210.265
-238.45
-240.408
-203.905
-242.529
-246.004
-242.51
-248.388
-230.175
-238.451
-223.364
-231.81
-226.022
-123.718
-234.078
-180.998
-233.169
-235.297
-229.56
-233.29
-227.362
-179.625
-217.731
-247.713
-229.306
-244.438
-186.344
-217.619
-243.748
-219.535
-232.143
-223.562
-213.498
-144.52
-175.748
-244.116
-229.739
-220.63
-238.73
-236.797
-238.655
-203.459
-248.27
-181.338
-244.013
-240.494
-246.177
-194.774
-247.72
-241.741
-56.9076
-86.905
-235.001
-237.655
-218.925
-180.364
-154.484
-190.745
-96.508
-248.815
-249.32
-234.038
-197.996
-237.159
-191.874
-222.544
-243.874
-247.271
-222.398
-209.615
-226.945
-197.589
-197.533
-241.392
-248.462
-246.102
-201.121
-233.479
-213.902
-220.636
-123.552
-234.714
-225.525
-248.945
-194.229
-206.833
-241.358
-241.049
-232.064
-240.242
-212.637
-241.945
-197.207
-212.182
-219.113
-244.642
-236.069
-240.511
-214.956
-219.388
-185.925
-228.439
-204.15
-167.352
-240.685
-246.318
-193.471
-223.921
-245.63
-142.055
-240.926
-240.003
-215.661
-218.487
-242.103
-246.975
-233.212
-207.945
-246.98
-245.853
-206.627
-232.594
-241.999
-223.093
-220.109
-238.605
-249.582
-241.904
-239.552
-202.489
-213.566
-230.169
-197.813
-203.774
-65.9369
-98.173
-226.97
-230.655
-217.8
-142.736
-162.018
-221.774
-242.589
-174.275
-181.083
-226.627
-182.566
-198.485
-219.004
-229.372
-244.772
-226.422
-234.272
-241.249
-230.692
-243.448
-186.565
-245.79
-242.804
-125.804
-208.98
-243.233
-217.493
-229.046
-219.365
-207.204
-246.105
-222.514
-219.247
-178.899
-223.678
-233.743
-232.212
-242.406
-247.424
-233.658
-173.142
-244.063
-130.322
-162.02
-200.067
-248.929
-220.269
-235.395
-244.259
-228.33
-232.583
-243.973
-184.395
-244.939
-225.628
-249.406
-224.064
-233.577
-224.099
-209.506
-245.632
-203.491
-236.59
-246.084
-223.733
-233.554
-159.531
-196.664
-230.125
-226.469
-236.841
-235.941
-222.53
-138.65
-182.332
-208.666
-245.142
-236.936
-207.381
-233.326
-246.432
-183.784
-230.022
-242.317
-247.861
-219.439
-235.886
-213.744
-223.275
-238.681
-214.229
-239.958
-218.846
-143.498
-231.545
-237.454
-233.956
-239.162
-203.926
-236.23
-242.753
-229.669
-246.861
-238.701
-242.522
-244.104
-245.957
-226.896
-167.941
-178.719
-233.139
-240.65
-231.799
-244.565
-240.675
-249.596
-234.65
-196.143
-244.545
-233.135
-238.46
-198.34
-248.748
-235.584
-218.742
-221.288
-149.848
-187.634
-236.836
-230.377
-235.645
-205.187
-174.624
-223.401
-247.002
-44.3177
-67.8074
-116.489
-203.895
-180.271
-142.237
-239.109
-245.573
-247.794
-228.436
-238.563
-229.722
-167.092
-176.176
-245.848
-244.467
-238.255
-213.009
-211.312
-229.615
-225.745
-236.936
-190.666
-212.871
-228.922
-215.481
-244.931
-236.94
-229.04
-248.636
-239.874
-195.544
-211.276
-12.488
-36.0104
-65.3495
-99.8802
-156.22
-196.102
-229.022
-243.083
-243.697
-170.934
-237.028
-193.872
-244.627
-245.842
-247.739
-249.653
-203.092
-241.599
-215.783
-240.261
-207.804
-216.394
-249.081
-246.201
-245.612
-246.672
-162.717
-151.292
-247.55
-244.559
-217.44
-239.298
-227.98
-182.749
-225.629
-243.86
-215.696
-247.168
-120.56
-191.82
-208.941
-239.52
-242.485
-183.885
-237.474
-241.924
-226.065
-235.154
-239.126
-232.591
-210.1
-218.546
-249.433
-190.798
-244.374
-223.959
-230.976
-239.331
-213.812
-176.927
-218.819
-245.753
-234.091
-113.453
-244.802
-248.562
-219.127
-230.376
-223.463
-244.586
-245.165
-246.347
-234.349
-245.497
-160.863
-246.902
-219.22
-221.307
-249.875
-243.055
-244.041
-221.357
-202.72
-247.361
-243.659
-220.739
-223.315
-236.655
-246.598
-180.753
-239.418
-215.165
-217.531
-147.23
-183.001
-191.211
-178.199
-240.743
-231.204
-194.449
-243.192
-247.911
-247.283
-219.022
-111.922
-144.608
-237.434
-103.844
-169.599
-16.7888
-183.118
-234.267
-232.065
-216.359
-237.786
-248.996
-248.583
-240.889
-248.301
-158.311
-204.049
-246.334
-231.628
-221.595
-245.277
-247.709
-223.709
-245.026
-137.488
-217.378
-235.943
-211.794
-241.83
-216.436
-191.243
-246.305
-222.958
-79.7386
-109.702
-229.749
-247.64
-214.479
-223.196
-238.321
-245.041
-246.272
-207.965
-196.502
-230.702
-227.611
-182.073
-227.175
-203.2
-226.573
-245.198
-232.337
-231.1
-239.236
-221.59
-248.365
-218.946
-242.134
-237.158
-223.836
-244.608
-247.789
-235.25
-180.219
-221.633
-206.87
-226.475
-211.296
-235.003
-231.87
-232.068
-235.971
-227.843
-222.96
-236.972
-219.907
-244.7
-181.01
-249.142
-222.887
-211.575
-244.007
-195.322
-219.836
-222.096
-239.574
-240.569
-34.1336
-86.267
-223.326
-207.837
-176.939
-203.086
-248.933
-241.22
-236.43
-248.555
-226.676
-183.392
-202.243
-247.702
-221.361
-145.117
-194.931
-178.66
-41.8743
-166.238
-242.297
-243.234
-249.98
-56.6883
-161.501
-208.602
-249.139
-230.126
-197.496
-230.113
-235.047
-218.025
-222.684
-231.584
-207.855
-245.514
-249.01
-224.127
-127.577
-141.276
-172.927
-201.918
-243.958
-224.273
-184.497
-242.732
-233.697
-247.662
-238.908
-193.153
-210.438
-229.019
-152.533
-221.303
-196.533
-158.375
-194.097
-242.92
-212.242
-226.377
-240.051
-206.972
-238.381
-190.933
-232.451
-176.385
-231.327
-225.803
-202.332
-227.593
-246.143
-245.527
-201.649
-234.428
-246.385
-233.037
-240.789
-225.433
-211.735
-239.707
-220.524
-232.892
-192.269
-167.274
-203.094
-243.298
-216.01
-216.577
-216.99
-226.561
-229.77
-208.479
-238.49
-201.558
-220.788
-158.271
-211.65
-225.865
-224.31
-184.367
-184.889
-244.954
-186.553
-222.482
-245.303
-237.847
-238.812
-196.509
-201.112
-215.611
-238.204
-239.207
-155.03
-247.442
-106.192
-170.785
-203.995
-133.731
-189.15
-240.033
-245.577
-244.527
-147.608
-187.855
-235.535
-242.454
-221.177
-206.154
-236.913
-245.359
-224.672
-194.823
-205.595
-241.261
-242.689
-207.541
-138.465
-244.997
-231.228
-187.513
-245.867
-166.229
-249.09
-225.996
-249.146
-185.849
-233.949
-226.734
-219.292
-238.294
-217.717
-232.585
-206.205
-240.195
-214.205
-245.753
-224.454
-184.987
-228.792
-232.978
-172.104
-232.257
-245.695
-217.855
-243.62
-150.942
-247.446
-236.556
-229.314
-223.88
-241.581
-233.72
-229.641
-208.537
-218.304
-233.444
-248.709
-191.237
-216.669
-249.186
-235.112
-201.817
-237.563
-91.1043
-238.419
-237.2
-244.475
-233.833
-191.847
-192.661
-225.88
-213.631
-240.472
-223.112
-231.942
-213.081
-214.64
-225.081
-156.669
-186.435
-194.834
-213.604
-246.56
-237.563
-213.497
-237.604
-246.768
-248.594
-229.405
-192.016
-215.454
-219.683
-177.767
-196.1
-238.144
-244.536
-203.552
-200.342
-209.067
-244.966
-226.945
-229.45
-224.252
-215.116
-238.262
-246.586
-219.157
-210.833
-249.442
-223.277
-224.114
-206.999
-227.936
-234.62
-248.628
-223.839
-234.664
-104.363
-161.682
-245.278
-216.731
-237.139
-221.291
-244.312
-189.034
-199.084
-249.405
-221.962
-229.094
-173.339
-225.578
-228.797
-228.106
-244.943
-202.689
-235.357
-226.786
-224.599
-239.071
-223.815
-249.687
-198.669
-240.441
-204.733
-217.823
-246.215
-229.32
-241.373
-196.285
-238.486
-221.562
-238.029
-248.085
-214.945
-239.26
-205.047
-194.138
-200.471
-208.716
-216.374
-245.716
-236.324
-220.767
-144.767
-157.714
-242.055
-247.781
-200.12
-218.26
-234.06
-214.909
-209.527
-239.401
-234.279
-244.86
-200.876
-207.266
-165.101
-240.101
-247.465
-212.51
-231.797
-240.418
-248.507
-225.738
-224.979
-233.711
-236.528
-222.284
-234.705
-236.467
-202.676
-212.932
-230.493
-219.417
-206.738
-237.741
-247.554
-227.96
-233.952
-112.842
-169.892
-243.926
-201.827
-238.513
-246.944
-242.114
-214.604
-247.114
-240.318
-248.924
-210.159
-246.128
-240.988
-217.788
-239.253
-235.906
-238.252
-216.968
-239.946
-217.55
-173.855
-228.556
-173.458
-249.691
-165.564
-178.673
-233.759
-240.72
-247.567
-216.058
-215.875
-163.399
-246.466
-238.303
-246.049
-231.802
-249.48
-246.464
-235.446
-175.025
-199.348
-210.549
-223.383
-225.185
-229.721
-232.807
-174.452
-181.664
-186.941
-235.907
-231.138
-248.23
-245.792
-238.761
-231.673
-239.327
-208.881
-203.729
-230.418
-149.625
-221.633
-247.555
-232.425
-231.036
-176.424
-245.17
-183.274
-227
-231.224
-244.326
-172.04
-192.864
-213.352
-228.859
-240.083
-249.983
-244.072
-137.347
-191.571
-222.724
-236.539
-185.933
-219.664
-239.744
-227.122
-212.717
-207.802
-224.891
-237.814
-218.453
-220.511
-216.306
-247.201
-249.366
-211.428
-211.319
-190.647
-247.082
-221.107
-248.199
-243.909
-243.344
-221.646
-231.924
-237.641
-249.113
-234.771
-229.876
-239.503
-243.684
-204.9
-232.942
-217.335
-236.612
-245.815
-246.737
-187.368
-163.939
-223.301
-235.431
-237.758
-233.356
-159.851
-240.521
-210.541
-238.456
-195.541
-182.447
-240.835
-245.989
-240.98
-201.638
-221.046
-235.553
-225.835
-228.032
-228.179
-238.57
-248.561
-215.637
-217.186
-227.726
-246.143
-249.822
-242.612
-206.46
-206.133
-242.448
-185.958
-195.316
-243.621
-166.146
-248.875
-246.152
-228.612
-245.858
-247.602
-244.367
-180.936
-222.2
-210.501
-233.906
-241.79
-238.409
-207.42
-212.125
-239.952
-237.168
-210.744
-200.417
-241.176
-175.374
-225.207
-234.366
-237.886
-227.82
-174.813
-223.883
-244.765
-183.185
-205.322
-202.269
-213.043
-213.404
-244.731
-211.664
-218.252
-231.965
-243.211
-246.25
-178.882
-219.005
-200.159
-200.39
-190.408
-223.486
-229.563
-179.852
-247.963
-156.124
-190.052
-217.683
-210.738
-232.374
-213.92
-244.847
-249.042
-249.459
-235.942
-240.081
-223.996
-239.786
-192.097
-244.904
-229.14
-240.933
-176.236
-171.577
-198.47
-191.146
-219.157
-245.706
-244.734
-244.981
-220.821
-249.903
-241.987
-221.941
-245.945
-201.439
-186.324
-225.068
-197.376
-230.749
-220.734
-246.102
-204.074
-241.359
-148.964
-211.465
-230.967
-222.42
-222.406
-241.324
-233.551
-197.274
-151.07
-211.348
-246.576
-209.315
-213.652
-219.691
-247.878
-228.43
-244.659
-212.833
-191.223
-241.728
-202.31
-205.089
-222.26
-212.86
-128.304
-169.446
-216.749
-214.503
-235.485
-248.032
-243.605
-165.987
-233.313
-180.229
-227.386
-178.444
-249.571
-205.524
-246.93
-249.72
-229.71
-249.316
-239.246
-231.914
-246.707
-236.497
-194.549
-227.165
-180.075
-207.376
-241.216
-249.133
-200.236
-227.701
-241.98
-147.707
-239.88
-235.361
-235.966
-221.8
-224.09
-228.88
-237.58
-243.408
-213.075
-243.478
-216.365
-198.304
-238.404
-238.055
-132.735
-245.957
-236.064
-241.469
-148.344
-243.376
-234.363
-203.587
-247.731
-192.629
-249.449
-234.731
-77.7871
-127.797
-239.051
-191.172
-222.885
-208.688
-228.056
-229.223
-241.857
-245.262
-208.659
-233.989
-247.967
-231.584
-229.705
-239.216
-225.367
-201.736
-216.006
-235.825
-180.655
-222.886
-248.981
-240.407
-175.867
-173.591
-217.895
-182.361
-229.2
-202.795
-178.876
-228.741
-169.554
-189.266
-235.597
-244.362
-249.588
-244.127
-231.548
-190.339
-205.846
-217.801
-224.427
-230.832
-171.215
-193.173
-233.458
-241.246
-244.858
-200.87
-185.852
-130.417
-226.491
-207.392
-235.875
-225.177
-235.697
-246.6
-219.205
-189.818
-221.714
-197.581
-231.928
-226.953
-227.88
-231.044
-217.54
-248.901
-136.401
-171.677
-232.973
-217.23
-139.776
-219.417
-246.798
-217.667
-239.015
-244.775
-248.952
-195.56
-204.342
-212.335
-223.639
-216.016
-203
-245.343
-249.222
-203.343
-241.902
-119.273
-180.553
-239.498
-240.411
-192.774
-218.868
-232.769
-223.554
-249.272
-240.982
-234.075
-233.655
-247.731
-227.941
-221.208
-229.429
-217.61
-241.046
-238.606
-243.056
-220.037
-243.819
-205.145
-245.394
-249.24
-203.123
-143.993
-159.535
-244.78
-212.237
-217.821
-229.861
-215.034
-245.416
-227.032
-227.521
-235.269
-244.02
-177.688
-241.441
-246.96
-233.669
-246.93
-247.945
-210.221
-238.452
-236.359
-249.834
-220.827
-198.804
-214.347
-220.892
-162.16
-235.804
-248.51
-238.368
-242.457
-237.434
-214.096
-230.832
-233.573
-246.939
-169.702
-235.604
-246.501
-224.235
-192.641
-241.381
-231.425
-215.982
-230.996
-244.007
-244.28
-243.542
-247.389
-236.478
-218.89
-235.169
-221.44
-225.138
-202.828
-201.308
-241.19
-218.034
-211.419
-248.903
-223.358
-212.018
-231.875
-208.454
-243.497
-228.584
-201.239
-219.602
-238.183
-245.102
-229.662
-240.018
-151.174
-246.066
-243.882
-242.302
-219.682
-160.083
-238.994
-241.791
-211.475
-247.05
-238.832
-241.434
-225.771
-219.668
-244.477
-249.251
-214.058
-199.649
-245.982
-239.397
-242.902
-248.112
-233.593
-237.941
-220.757
-213.148
-220.45
-199.584
-188.366
-220.115
-234.363
-231.137
-223.588
-155.699
-231.456
-194.121
-213.211
-242.194
-233.113
-247.512
-208.048
-135.089
-174.983
-182.623
-198.693
-213.088
-225.955
-242.97
-208.269
-231.111
-242.266
-218.449
-246.363
-179.469
-184.893
-247.08
-233.826
-234.21
-220.046
-218.51
-207.51
-240.319
-146.109
-239.763
-186.242
-240.375
-239.718
-241.929
-142.393
-173.387
-190.426
-123.41
-226.468
-238.784
-167.112
-242.476
-249.095
-148.07
-172.556
-130.18
-237.178
-215.967
-228.088
-202.123
-182.368
-212.768
-200.209
-228.184
-240.325
-184.873
-213.423
-236.649
-237.284
-160.83
-244.182
-240.903
-96.2582
-185.656
-215.303
-248.747
-229.089
-236.415
-211.529
-228.945
-201.712
-222.289
-241.042
-199.641
-229.285
-232.108
-225.176
-246.55
-247.332
-242.279
-245.486
-240.085
-234.7
-233.712
-230.365
-214.438
-226.991
-229.557
-238.56
-228.693
-237.198
-235.291
-197.504
-207.904
-240.012
-241.288
-219.892
-190.521
-219.094
-247.336
-149.973
-189.997
-224.329
-245.039
-224.845
-218.902
-247.165
-239.648
-208.382
-195.719
-241.053
-231.689
-238.201
-246.552
-138.721
-149.141
-208.552
-232.964
-214.143
-238.51
-249.819
-243.418
-248.166
-225.767
-209.271
-224.47
-189.061
-136.243
-161.35
-203.815
-203.067
-219.563
-224.536
-212.851
-225.67
-204.578
-238.321
-229.649
-242.655
-227.142
-154.048
-248.153
-228.917
-225.451
-247.699
-218.121
-205.954
-236.043
-234.951
-217.237
-232.789
-208.347
-245.1
-228.287
-179.44
-199.213
-203.029
-243.379
-242.74
-230.155
-204.826
-238.071
-161.79
-172.342
-229.507
-236.63
-108.204
-248.195
-244.287
-222.051
-233.512
-188.038
-232.911
-206.468
-249.496
-248.372
-218.949
-205.575
-245.107
-245.72
-117.239
-248.807
-217.294
-224.422
-216.356
-217.543
-225.115
-247.144
-215.378
-206.05
-241.221
-221.599
-238.594
-231.883
-203.998
-207.615
-231.526
-187.943
-74.5913
-222.778
-241.965
-242.047
-198.757
-237.915
-245.285
-199.175
-240.986
-215.904
-240.645
-247.124
-208.734
-232.828
-247.76
-221.879
-126.743
-208.128
-240.61
-181.61
-249.266
-244.646
-202.69
-210.845
-245.286
-246.849
-240.215
-159.66
-246.403
-235.861
-228.131
-234.637
-235.004
-232.935
-229.42
-239.94
-195.224
-233.215
-218.476
-239.462
-233.829
-221.862
-240.78
-246.469
-236.311
-242.76
-227.416
-234.32
-244.85
-160.3
-243.41
-230.66
-244.907
-249.422
-225.184
-244.414
-193.454
-248.341
-229.112
-249.877
-248.518
-208.674
-230.987
-229.881
-166.297
-234.548
-228.874
-219.472
-158.057
-203.482
-208.804
-241.365
-241.399
-195.796
-230.099
-237.972
-244.417
-226.331
-232.8
-202.091
-185.089
-158.056
-249.16
-92.6604
-183.84
-235.022
-184.364
-205.392
-228.045
-227.938
-239.342
-244.943
-213.668
-247.361
-230.213
-246.526
-236.267
-247.422
-248.784
-244.059
-242.051
-191.816
-224.774
-233.272
-177.873
-222.607
-201.368
-216.865
-203.708
-195.599
-191.303
-219.995
-249.449
-217
-245.808
-198.834
-234.77
-104.67
-231.817
-219.088
-206.083
-232.271
-235.475
-241.043
-217.073
-224.155
-245.097
-200.966
-248.33
-184.703
-196.646
-214.573
-232.124
-225.175
-227.838
-197.936
-223.35
-239.558
-231.985
-216.197
-202.494
-215.444
-223.873
-235.832
-249.521
-233.825
-248.67
-249.984
-197.334
-233.031
-244.23
-164.03
-211.884
-236.017
-227.358
-212.588
-247.755
-208.856
-247.156
-188.415
-216.742
-241.043
-193.805
-244.481
-202.947
-203.618
-207.16
-224.205
-248.362
-218.313
-177.302
-216.831
-202.11
-246.673
-210.149
-230.83
-176.23
-230.498
-229.026
-249.241
-248.521
-245.489
-249.387
-246.024
-248.979
-228.851
-248.692
-241.657
-189.235
-240.793
-241.845
-223.013
-240.023
-248.267
-237.151
-222.765
-227.615
-216.995
-219.721
-243.39
-213.323
-240.711
-243.209
-237.348
-219.401
-244.25
-206.595
-221.884
-231.572
-243.465
-249.645
-237.307
-228.461
-221.044
-197.54
-242.009
-126.873
-155.318
-155.481
-123.978
-158.373
-196.371
-244.722
-227.854
-248.589
-209.539
-200.447
-224.184
-213.83
-219.418
-186.606
-180.944
-201.042
-148.753
-203.578
-246.72
-194.458
-231.902
-247.374
-228.459
-221.419
-240.211
-228.996
-241.547
-238.309
-248.269
-240.781
-194.598
-248.659
-228.918
-218.041
-242.634
-212.453
-238.47
-244.31
-192.892
-183.702
-228.963
-239.211
-247.175
-233.983
-235.683
-183.955
-221.175
-167.758
-178.341
-206.282
-233.642
-228.497
-234.573
-215.358
-226.099
-229.383
-243.908
-246.792
-187.259
-231.973
-219.393
-191.925
-200.158
-235.522
-165.534
-201.715
-99.4204
-151.516
-241.714
-204.266
-222.796
-245.399
-212.518
-192.273
-238.217
-192.033
-215.641
-233.157
-218.032
-233.701
-180.294
-194.475
-222.305
-245.069
-123.265
-239.055
-243.861
-243.387
-239.752
-196.62
-243.075
-241.225
-233.913
-242.889
-234.857
-191.365
-174.146
-246.456
-213.04
-216.634
-210.984
-200.938
-214.334
-237.321
-85.4547
-228.026
-240.585
-237.058
-218.09
-239.888
-181.5
-152.612
-245.937
-216.72
-223.576
-236.614
-249.21
-222.928
-226.872
-238.73
-239.059
-237.734
-224.673
-239.33
-196.754
-230.933
-164.82
-208.911
-230.243
-237.224
-249.002
-217.148
-229.094
-230.992
-222.108
-196.76
-239.059
-245.205
-187.909
-211.346
-242.006
-131.882
-167.759
-215.006
-240.194
-146.901
-166.436
-205.803
-223.351
-229.662
-228.374
-235.764
-238.211
-189.57
-239.831
-205.4
-197.709
-44.1367
-159.649
-223.499
-218.834
-221.852
-196.354
-235.062
-230.673
-130.969
-214.867
-209.556
-241.101
-208.771
-241.166
-220.166
-221.149
-248.641
-233.354
-232.667
-248.705
-234.386
-159.987
-237.825
-187.07
-217.732
-247.239
-245.457
-239.315
-246.861
-241.42
-243.473
-194.229
-200.563
-229.68
-219.652
-198.065
-240.651
-192.144
-196.327
-238.245
-243.38
-176.978
-187.912
-243.852
-239.588
-246.122
-247.715
-242.523
-236.722
-249.115
-249.447
-192.201
-210.731
-229.32
-199.795
-189.65
-217.699
-228.884
-224.354
-155.436
-201.509
-207.912
-224.361
-118.27
-161.173
-187.063
-238.926
-219.897
-212.686
-226.942
-234.004
-240.759
-226.547
-194.366
-244.015
-231.898
-235.675
-230.201
-244.964
-172.475
-238.803
-247.692
-249.817
-244.631
-163.36
-190.54
-242.876
-197.122
-247.71
-236.698
-245.517
-237.035
-246.515
-107.499
-237.936
-230.152
-233.113
-226.05
-162.993
-238.469
-205.565
-219.725
-232.229
-247.466
-221.207
-157.624
-196.685
-227.122
-200.619
-231.646
-125.753
-132.252
-151.895
-245.141
-213.717
-246.776
-164.867
-200.392
-223.426
-226.583
-247.886
-235.353
-179.33
-217.663
-189.136
-231.283
-226.374
-240.081
-219.852
-231.766
-233.447
-175.126
-226.617
-224.948
-210.999
-240.363
-187.539
-204.013
-241.511
-170.765
-233.405
-226.665
-239.522
-210.197
-210.474
-228.263
-214.407
-223.547
-234.783
-233.001
-225.663
-247.563
-212.442
-234.439
-225.002
-225.257
-192.624
-248.47
-227.2
-231.445
-238.732
-223.857
-249.185
-234.176
-182.633
-212.07
-189.306
-248.092
-229.307
-238.26
-215.95
-223.843
-212.613
-228.635
-232.357
-168.23
-172.076
-234.417
-228.865
-234.971
-249.54
-238.352
-162.39
-246.034
-240.057
-217.371
-172.527
-203.851
-248.877
-248.995
-243.498
-249.238
-162.729
-178.97
-198.851
-248.793
-231.146
-209.316
-176.865
-223.324
-239.591
-198.569
-222.673
-224.961
-198.441
-247.933
-216.163
-125.713
-212.163
-239.331
-135.947
-150.05
-165.463
-217.35
-234.246
-245.511
-229.509
-189.325
-249.084
-210.943
-228.981
-239.158
-247.163
-224.567
-225.829
-242.275
-195.86
-213.192
-244.074
-218.96
-248.581
-233.503
-201.898
-213.311
-213.735
-221.484
-242.514
-246.258
-173.526
-244.235
-223.214
-243.726
-208.652
-222.419
-239.62
-245.426
-240.96
-231.306
-242.983
-209.355
-245.473
-63.1457
-239.251
-180.953
-220.255
-223.701
-206.199
-211.637
-247.771
-230.495
-247.998
-248.004
-228.267
-242.352
-237.328
-242.979
-107.194
-224.819
-235.194
-238.804
-237.626
-220.284
-248.861
-186.095
-181.367
-204.549
-216.062
-195.54
-244.173
-245.442
-210.385
-242.375
-241.953
-209.393
-247.026
-241.124
-190.06
-226.699
-246.926
-192.693
-211.068
-238.363
-244.421
-188.042
-233.93
-124.402
-125.657
-190.205
-228.508
-236.552
-245.753
-240.947
-237.872
-197.196
-185.398
-218.651
-242.03
-186.517
-240.812
-217.84
-172.22
-242.702
-201.828
-239.433
-192.676
-248.876
-208.992
-200.677
-120.752
-242.299
-165.124
-168.761
-173.826
-207.728
-235.167
-239.564
-215.618
-233.708
-243.722
-236.318
-229.008
-240.038
-229.889
-234.523
-244.83
-244.857
-159.944
-246.154
-249.186
-227.105
-247.982
-247.018
-209.452
-203.809
-214.374
-223.997
-235.586
-249.374
-249.919
-248.895
-186.359
-204.932
-210.086
-187.888
-204.935
-220.571
-237.544
-249.558
-246.028
-247.525
-246.467
-236.71
-146.162
-227.441
-234.86
-144.656
-236.435
-243.969
-246.139
-241.888
-162.836
-249.749
-216.567
-226.735
-185.257
-237.489
-210.123
-244.972
-226.36
-244.653
-191.194
-218.62
-221.087
-243.891
-135.46
-176.175
-216.754
-217.481
-124.304
-233.167
-242.804
-248.078
-238.909
-199
-230.789
-232.81
-242.747
-245.782
-246.063
-237.87
-245.744
-168.948
-216.472
-234.258
-238.5
-232.773
-244.625
-245.072
-172.012
-208.823
-249.171
-140.459
-236.163
-218.451
-242.554
-215.977
-211.736
-248.538
-201.804
-235.502
-223.066
-244.681
-236.71
-230.833
-147.156
-191.305
-211.927
-239.17
-233.492
-235.114
-248.194
-239.095
-249.654
-245.785
-218.247
-99.2144
-246.599
-248.292
-101.345
-158.733
-212.542
-248.951
-179.699
-219.789
-165.511
-184.067
-229.731
-234.687
-237.805
-249.223
-221.068
-227.971
-241.923
-199.698
-231.656
-232.728
-194.446
-220.916
-177.592
-243.6
-240.514
-226.416
-236.227
-245.967
-248.751
-123.428
-224.365
-237.392
-245.139
-198.158
-222.416
-240.283
-246.352
-236.222
-226.118
-243.927
-233.586
-215.824
-186.631
-249.847
-139.647
-231.462
-248.15
-152.125
-195.236
-219.185
-244.327
-150.298
-184.039
-116.987
-220.229
-248.334
-243.877
-203.846
-230.578
-48.8992
-124.603
-197.322
-215.304
-247.611
-233.344
-244.801
-227.783
-186.475
-244.331
-197.548
-241.361
-197.565
-176.182
-247.174
-219.879
-221.771
-242.886
-230.046
-243.521
-237.573
-247.793
-238.152
-169.63
-211.027
-228.761
-201.996
-247.223
-249.407
-223.72
-234.999
-220.179
-124.822
-176.945
-199.54
-232.085
-198.883
-248.977
-184.471
-230.324
-236.985
-248.757
-234.029
-246.475
-234.135
-188.885
-215.475
-163.52
-159.428
-164.123
-249.846
-228.461
-245.882
-240.644
-212.646
-212.985
-202.668
-247.886
-194.5
-206.842
-223.877
-226.405
-241.276
-241.147
-249.998
-241.775
-240.567
-139.517
-150.969
-214.683
-217.814
-124.17
-182.803
-186.059
-205.374
-184.809
-197.306
-244.162
-213.988
-208.031
-249.332
-130.778
-199.819
-229.16
-230.576
-194.968
-237.576
-220.063
-229.063
-189.81
-199.639
-169.866
-225.465
-228.018
-211.961
-222.632
-227.488
-232.544
-149.833
-241.046
-232.332
-234.45
-238.116
-201.228
-77.6707
-169.907
-242.302
-217.39
-240.054
-189.504
-244.997
-188.583
-249.809
-248.984
-247.543
-238.711
-249.779
-158.951
-187.044
-231.566
-215.048
-188.597
-249.493
-243.331
-244.532
-179.273
-227.558
-221.598
-243.755
-243.648
-206.011
-181.265
-226.164
-238.729
-247.878
-221.051
-209.828
-248.842
-206.021
-227.607
-199.632
-198.05
-246.918
-232.934
-249.509
-202.535
-189.776
-233.811
-231.214
-242.202
-242.626
-242.883
-237.321
-242.468
-223.298
-231.528
-224.961
-213.497
-247.372
-220.808
-200.999
-238.92
-153.853
-236.043
-230.634
-236.826
-175.31
-247.633
-166.353
-182.229
-239.231
-193.63
-246.867
-239.047
-197.746
-239.166
-206.965
-207.966
-215.756
-239.574
-247.743
-245.346
-249.146
-225.519
-233.294
-224.854
-226.102
-199.485
-249.843
-220.529
-189.409
-248.145
-164.039
-200.644
-248.205
-214.057
-237.068
-121.879
-245.551
-246.083
-247.417
-244.508
-222.944
-186.453
-244.366
-215.247
-185.473
-244.909
-191.876
-226.578
-243.363
-226.444
-190.7
-197.122
-206.554
-242.372
-249.71
-237.876
-249.006
-235.329
-201.266
-249.64
-232.955
-205.52
-205.879
-246.12
-238.548
-245.774
-195.987
-249.053
-249.97
-231.685
-227.477
-242.131
-184.259
-221.123
-191.734
-240.802
-230.732
-233.545
-193.023
-233.287
-248.314
-236.413
-235.121
-155.996
-163.04
-249.757
-221.085
-203.613
-206.78
-205.217
-216.671
-227.519
-242.883
-152.072
-182.787
-244.017
-234.519
-244.17
-234.692
-248.071
-146.738
-190.431
-237.311
-244.694
-247.152
-225.703
-249.78
-235.563
-183.606
-243.112
-226.294
-229.881
-235.065
-244.925
-114.797
-247.165
-125.716
-131.848
-219.122
-219.883
-226.429
-142.77
-244.017
-227.846
-124.248
-143.328
-202.351
-221.507
-225.274
-234.685
-223.546
-243.222
-184.663
-228.584
-245.955
-225.043
-240.66
-191.481
-138.469
-166.076
-223.116
-219.802
-230.626
-226.629
-249.047
-201.507
-247.672
-248.459
-240.834
-228.518
-180.903
-195.581
-205.046
-231.351
-210.614
-230.446
-244.415
-178.861
-216.724
-220.879
-229.667
-238.154
-231.208
-246.36
-248.962
-208.352
-239.894
-241.784
-212.964
-230.99
-242.1
-201.058
-209.235
-225.337
-243.416
-225.256
-209.714
-209.947
-183.438
-106.857
-135.29
-155.138
-191.868
-245.186
-133.428
-249.81
-164.246
-238.498
-102.613
-145.821
-177.999
-193.263
-226.972
-243.953
-237.986
-243.428
-249.949
-205.97
-225.948
-244.07
-233.949
-242.411
-193.116
-214.458
-206.445
-209.248
-245.508
-249.077
-220.238
-226.661
-187.43
-227.354
-232.155
-238.752
-195.309
-208.13
-235.867
-235.296
-230.875
-162.132
-145.232
-243.08
-222.159
-242.538
-246.125
-182.965
-243.796
-212.286
-207.345
-248.011
-188.453
-248.065
-245.352
-225.52
-218.368
-242.87
-238.087
-218.737
-241.361
-225.101
-232.368
-198.396
-211.437
-228.147
-227.307
-190.868
-222.706
-207.703
-214.539
-230.516
-222.618
-246.837
-138.297
-154.421
-157.284
-234.501
-236.257
-243.872
-162.009
-182.174
-176.656
-96.1624
-218.974
-238.716
-156.353
-175.456
-195.095
-241.136
-224.161
-227.958
-211.912
-248.856
-235.774
-234.899
-239.833
-209.278
-229.98
-246.021
-233.286
-208.181
-224.008
-214.954
-236.473
-249.577
-162.806
-88.2022
-248.127
-235.165
-238.139
-213.938
-235.45
-249.214
-237.859
-216.687
-243.717
-246.431
-249.147
-232.919
-246.105
-247.138
-40.3982
-198.2
-223.073
-210.847
-201.264
-247.375
-190.193
-211.94
-205.052
-245.326
-213.547
-218.523
-238.972
-245.569
-228.363
-218.844
-168.711
-180.417
-245.748
-195.882
-219.512
-151.048
-216.669
-226.223
-179.15
-211.774
-220.319
-248.666
-221.966
-209.055
-249.641
-227.745
-211.132
-229.765
-169.052
-182.382
-214.883
-237.049
-249.567
-232.618
-209.203
-220.503
-233.285
-164.141
-201.025
-179.022
-214.072
-223.88
-236.099
-233.106
-249.586
-240.205
-226.733
-231.331
-245.685
-76.3315
-103.941
-157.458
-184.634
-214.079
-228.738
-219.58
-239.908
-234.625
-239.593
-207.694
-204.743
-246.354
-142.644
-247.94
-234.461
-247.402
-233.083
-185.417
-233.79
-119.706
-179.697
-234.414
-221.788
-209.828
-224.626
-217.743
-233.575
-102.198
-223.963
-238.932
-172.875
-160.457
-197.266
-249.983
-118.632
-173.828
-202.311
-227.102
-245.025
-204.755
-205.966
-235.335
-247.945
-245.133
-232.848
-230.277
-166.517
-182.74
-183.467
-227.339
-241.812
-231.846
-248.313
-248.689
-148.608
-217.174
-234.052
-207.019
-238.151
-227.469
-232.722
-242.782
-247.516
-205.2
-246.887
-222.413
-233.944
-244.793
-162.93
-182.409
-32.7587
-172.581
-184.301
-218.585
-196.045
-247.447
-246.407
-197.683
-222.074
-203.793
-241.824
-236.396
-211.844
-219.451
-240.218
-246.2
-205.255
-230.434
-246.933
-207.213
-171.298
-239.729
-249.715
-215.222
-243.661
-200.347
-203.446
-223.833
-240.773
-210.242
-234.201
-203.531
-248.919
-236.469
-235.956
-236.697
-214.354
-242.859
-171.838
-244.087
-249.391
-226.443
-218.576
-212.439
-249.734
-226.9
-244.927
-213.692
-222.952
-246.149
-247.068
-226.946
-244.424
-214.367
-221.476
-233.862
-239.682
-246.161
-242.218
-202.763
-228.789
-239.259
-222.417
-130.703
-168.207
-214.42
-247.887
-238.132
-247.677
-190.731
-192.95
-249.446
-228.485
-246.389
-166.106
-242.199
-243.572
-248.822
-156.842
-230.992
-237.534
-204.176
-174.367
-238.126
-108.446
-228.653
-214.914
-246.981
-249.8
-247.765
-238.138
-227.334
-248.278
-247.079
-126.663
-185.452
-229.133
-229.539
-248.373
-248.759
-222.691
-177.878
-241.64
-228.51
-207.678
-224.627
-248.543
-212.333
-237.636
-137.553
-230.581
-241.124
-178.544
-192.347
-200.839
-239.183
-231.23
-248.57
-249.868
-200.589
-241.528
-234.017
-241.162
-186.844
-222.26
-205.009
-211.279
-185.851
-209.821
-244.213
-156.669
-170.757
-187.246
-217.8
-246.253
-202.542
-239.694
-245.946
-230.829
-244.364
-240.932
-213.571
-172.728
-220.765
-234.268
-203.078
-211.643
-221.317
-239.104
-241.831
-138.771
-172.58
-238.297
-227.669
-167.449
-232.32
-244.709
-204.607
-185.959
-210.734
-221.822
-245.388
-141.931
-177.737
-178.479
-224.974
-197.734
-219.715
-236.501
-233.2
-249.702
-210.735
-168.939
-242.492
-194.873
-216.524
-249.19
-181.333
-223.816
-247.981
-241.045
-243.71
-134.807
-225.616
-193.28
-242.029
-234.542
-220.855
-244.812
-236.92
-198.971
-249.47
-235.057
-219.188
-215.802
-228.116
-232.105
-191.545
-217.943
-226.082
-158.986
-195.302
-242.145
-218.225
-243.42
-222.027
-237.733
-159.281
-212.334
-231.986
-216.66
-231.495
-242.705
-247.25
-240.08
-248.563
-246.924
-191.508
-234.478
-187.423
-249.178
-210.735
-213.792
-225.987
-191.013
-220.682
-228.431
-198.896
-245.786
-219.644
-235.682
-229.589
-241.586
-246.408
-203.708
-123.942
-245.391
-191.439
-207.757
-245.994
-227.92
-182.448
-224.205
-200.788
-216.749
-231.488
-169.312
-169.495
-89.5282
-236.374
-238.738
-227.84
-210.485
-242.339
-198.86
-243.586
-234.7
-176.677
-195.023
-208.78
-247.426
-232.832
-230.256
-235.496
-241.347
-208.641
-224.417
-225.055
-217.685
-241.39
-166.282
-222.589
-246.633
-218.804
-246.89
-188.957
-228.666
-233.721
-223.999
-177.411
-227.875
-194.349
-186.369
-197.159
-216.559
-221.903
-211.485
-191.237
-196.991
-241.333
-226.481
-249.586
-233.56
-237.35
-239.45
-247.307
-241.601
-222.584
-235.928
-168.137
-199.943
-237.486
-227.497
-247.529
-226.042
-193.246
-223.758
-246.371
-243.003
-245.701
-248.337
-187.583
-231.481
-208.294
-230.872
-230.336
-204.228
-223.276
-243.884
-216.539
-177.228
-229.307
-231.719
-244.228
-249.339
-227.88
-246.762
-232.533
-231.483
-223.504
-156.113
-248.833
-225.301
-236.414
-247.485
-237.299
-202.34
-145.538
-219.437
-234.598
-203.14
-209.526
-224.798
-237.674
-240.365
-152.711
-202.037
-228.221
-184.924
-243.588
-243.506
-237.87
-181.345
-240.707
-220.171
-222.872
-245.891
-244.974
-189.676
-242.935
-159.393
-235.458
-179.399
-230.535
-245.43
-199.199
-195.875
-242.902
-230.846
-152.587
-232.375
-248.022
-217.428
-212.766
-189.193
-210.601
-239.595
-208.904
-248.795
-245.43
-238.136
-159.009
-211.85
-233.225
-248.089
-246.113
-188.283
-203.68
-232.88
-231.002
-233.466
-209.888
-243.613
-249.192
-231.269
-235.621
-195.602
-245.673
-241.033
-200.61
-245.837
-239.347
-239.659
-240.991
-246.466
-240.092
-226.905
-244.232
-239.151
-215.15
-184.844
-204.443
-238.99
-218.862
-221.947
-207.518
-238.452
-169.651
-243.65
-210.52
-184.034
-187.141
-219.784
-228.628
-239.815
-244.203
-240.188
-248.018
-233.563
-249.674
-209.832
-152.11
-199.219
-213.499
-232.319
-214.546
-241.589
-192.075
-230.903
-226.982
-234.982
-193.626
-226.531
-248.482
-245.032
-214.917
-226.951
-195.725
-173.7
-194.986
-203.204
-238.875
-239.046
-228.281
-210.867
-248.524
-208.451
-241.102
-209.214
-242.889
-186.169
-220.783
-238.049
-228.487
-239.782
-210.037
-226.769
-119.894
-191.115
-224.94
-209.341
-231.637
-243.645
-225.355
-247.129
-230.573
-236.259
-243.192
-248.485
-237.823
-215.734
-227.282
-207.34
-182.467
-226.891
-172.085
-226.908
-248.534
-239.306
-188.854
-237.769
-238.509
-227.226
-242.688
-227.173
-240.115
-220.607
-209.44
-222.531
-171.71
-242.799
-230.623
-245.666
-212.216
-224.973
-134.545
-208.672
-247.326
-194.029
-237.386
-242.772
-234.827
-238.098
-172.026
-229.654
-200.622
-249.748
-203.678
-248.572
-227.132
-205.868
-225.335
-245.876
-249.593
-188.146
-221.227
-206.651
-224.602
-154.337
-141.778
-174.983
-237.736
-242.834
-200.457
-221.632
-215.248
-208.446
-245.289
-218.009
-197.332
-240.477
-197.211
-192.348
-249.655
-248.698
-237.66
-237.764
-237.762
-245.388
-97.9858
-226.938
-230.794
-153.594
-161.449
-202.508
-209.161
-228.802
-128.719
-138.393
-248.362
-235.639
-228.696
-172.611
-175.459
-234.165
-244.337
-245.06
-179.994
-115.465
-191.309
-226.794
-211.281
-246.458
-225.841
-226.383
-223.392
-222.672
-240.789
-212.421
-234.644
-240.587
-217.375
-245.406
-244.218
-194.192
-243.697
-230.272
-240.38
-234.577
-243.916
-201.312
-220.101
-99.2584
-190.623
-242.535
-226.845
-228.805
-228.131
-240.615
-225.039
-238.833
-247.261
-220.36
-223.963
-247.178
-148.102
-175.236
-202.386
-224.748
-245.083
-202.563
-249.444
-182.119
-237.089
-242.199
-216.886
-222.617
-173.233
-196.653
-159.631
-220.894
-176.968
-239.285
-135.308
-211.269
-205.545
-246.819
-240.837
-114.294
-177.603
-214.827
-226.775
-214.536
-240.549
-49.9825
-115.203
-244.965
-234.543
-243.458
-193.467
-214.342
-244.543
-192.312
-238.747
-168.241
-171.866
-210.093
-212.491
-212.705
-246.28
-210.443
-232.302
-239.466
-218.345
-207.474
-187.818
-238.753
-192.484
-218.26
-245.338
-210.188
-182.376
-199.125
-238.605
-242.573
-236.181
-236.877
-239.028
-208.659
-243.208
-233.73
-213.69
-241.39
-90.9041
-98.9907
-192.219
-216.279
-197.991
-246.647
-192.033
-176.957
-239.246
-201.999
-212.379
-247.424
-233.727
-223.068
-244.789
-238.983
-228.863
-237.537
-240.867
-236.594
-244.631
-178.461
-242.562
-214.696
-214.297
-172.127
-207.453
-220.026
-249.44
-238.636
-162.574
-174.775
-232.379
-246.063
-220.216
-225.762
-201.567
-230.775
-227.774
-234.222
-241.407
-248.642
-231.015
-215.439
-218.191
-218.104
-249.72
-175.747
-223.905
-226.575
-183.61
-206.909
-222.873
-232.187
-119.291
-141.241
-199.674
-218.443
-225.308
-246.295
-178.449
-213.061
-158.446
-153.967
-221.125
-229.286
-205.128
-244.239
-202.889
-207.105
-245.79
-212.506
-235.742
-239.46
-165.742
-211.707
-230.153
-238.895
-224.681
-178.196
-187.43
-244.97
-169.682
-229.679
-241.021
-237.66
-243.544
-239.229
-245.628
-184.576
-238.441
-157.683
-215.978
-243.03
-216.646
-229.204
-210.341
-185.286
-202.04
-214.015
-214.343
-221.482
-179.754
-188.172
-244.486
-165.943
-213.163
-232.789
-233.503
-235.912
-181.204
-244.132
-239.563
-151.141
-189.566
-200.886
-211.059
-244.213
-232.957
-239.895
-231.117
-224.644
-209.477
-237.734
-246.696
-93.0088
-247.926
-236.245
-230.955
-237.165
-186.481
-214.112
-232.149
-204.689
-175.326
-219.067
-248.762
-249.539
-249.256
-200.614
-205.934
-245.671
-232.811
-236.803
-219.15
-222.824
-196.785
-183.435
-238.664
-241.606
-245.33
-245.815
-189.281
-206.292
-231.572
-249.628
-221.278
-232.025
-202.43
-223.835
-227.891
-145.121
-205.683
-188.997
-189.698
-220.385
-208.966
-230.987
-247.461
-175.643
-117.123
-248.209
-222.639
-220.452
-199.75
-249.887
-213.682
-235.251
-247.474
-220.772
-212.297
-231.608
-245.63
-227.672
-243.218
-215.083
-176.313
-238.221
-205.392
-245.604
-249.521
-146.48
-136.189
-189.675
-191.331
-238.698
-179.163
-190.917
-243.156
-233.753
-230.708
-180.975
-226.777
-233.81
-248.471
-214.702
-245.763
-217.983
-237.513
-229.592
-145.788
-166.222
-207.455
-245.493
-242.864
-230.702
-228.74
-206.531
-223.826
-242.429
-215.514
-245.872
-241.381
-202.866
-235.765
-246.758
-242.139
-237.479
-247.361
-215.288
-220.014
-227.248
-238.788
-221.008
-222.368
-208.322
-243.829
-249.932
-180.377
-212.263
-248.546
-230.65
-240.998
-221.265
-194.225
-225.56
-242.985
-215.55
-207.369
-205.767
-244.485
-247.442
-249.963
-244.788
-219.985
-241.538
-243.113
-232.487
-242.199
-246.65
-244.488
-248.53
-150.353
-206.552
-201.877
-242.402
-213.423
-247.695
-246.164
-214.868
-229.966
-220.55
-183.092
-202.817
-222.776
-245.284
-249.259
-177.57
-203.705
-239.72
-176.849
-213.376
-231.781
-200.736
-214.785
-203.372
-223.723
-231.085
-199.012
-240.463
-231.073
-232.378
-226.063
-228.582
-221.284
-237.934
-225.401
-241.7
-214.849
-242.298
-243.916
-241.928
-246.686
-195.167
-203.976
-237.021
-249.02
-204.723
-245.52
-188.542
-246.356
-235.523
-192.021
-247.135
-236.055
-208.987
-233.779
-245.788
-122.476
-181.727
-205.352
-231.526
-247.217
-249.674
-238.45
-234.958
-230.005
-247.552
-197.384
-240.795
-243.958
-232.428
-234.358
-233.785
-241.25
-204.281
-239.389
-237.734
-207.406
-194.649
-218.703
-244.289
-233.257
-229.714
-244.514
-218.887
-227.549
-245.223
-220.011
-228.445
-229.605
-143.193
-183.591
-228.864
-226.502
-191.46
-235.122
-241.96
-244.912
-216.296
-244.244
-141.639
-228.548
-209.859
-241.218
-115.819
-241.917
-216.863
-217.183
-233.608
-246.789
-238.776
-213.296
-170.168
-213.159
-230.672
-244.754
-227.682
-238.168
-216.837
-177.023
-208.541
-241.987
-211.272
-203.553
-212.305
-231.268
-225.202
-114.494
-194.711
-234.749
-249.912
-239.784
-241.444
-229.825
-240.193
-246.577
-241.711
-243.921
-167.346
-222.081
-233.21
-208.898
-228.966
-230.61
-218.704
-225.889
-238.627
-200.139
-234.632
-249.909
-244.644
-225.242
-217.695
-211.016
-241.531
-174.771
-235.431
-243.848
-212.896
-188.251
-200.726
-248.741
-249.536
-222.771
-231.236
-232.321
-246.089
-242.951
-227.736
-211.517
-222.178
-227.309
-223.35
-192.805
-232.363
-223.812
-231.342
-209.659
-244.431
-224.363
-205.785
-128.26
-239.646
-194.301
-240.329
-233.184
-194.02
-249.53
-237.692
-237.844
-245.823
-249.783
-229.883
-210.354
-156.415
-166.614
-207.731
-237.872
-195.653
-230.341
-235.763
-239.638
-193.474
-185.511
-229.076
-239.962
-164.646
-230.608
-231.588
-192.62
-228.437
-234.361
-206.04
-216.06
-236.239
-247.642
-239.077
-205.832
-240.776
-190.222
-140.487
-240.831
-204.647
-216.356
-243.075
-237.656
-229.884
-211.513
-227.095
-233.209
-206.03
-237.057
-249.597
-237.882
-227.952
-214.175
-213.868
-222.19
-240.977
-228.187
-138.607
-174.379
-237.343
-245.961
-240.098
-218.945
-232.703
-226.097
-211.353
-216.217
-201.608
-236.213
-205.162
-242.456
-245.855
-191.366
-244.468
-221.227
-238.533
-245.47
-236.174
-204.943
-246.411
-240.223
-244.975
-175.862
-239.669
-231.274
-247.7
-226.829
-244.742
-248.041
-239.578
-141.386
-144.307
-228.07
-241.485
-218.703
-232.775
-240.374
-235.114
-241.057
-202.496
-248.598
-215.401
-136.134
-96.6224
-161.283
-176.658
-224.261
-225.873
-227.345
-247.55
-195.011
-242.401
-248.122
-233.073
-248.741
-243.373
-217.015
-194.548
-236.894
-196.958
-245.859
-249.829
-243.492
-245.95
-247.782
-202.703
-238.032
-239.655
-236.436
-242.909
-234.754
-205.751
-223.318
-240.019
-234.877
-228.115
-239.42
-224.085
-213.964
-247.053
-249.409
-146.662
-236.678
-243.35
-225.737
-183.94
-232.88
-183.489
-221.213
-235.697
-193.525
-215.729
-241.465
-183.712
-221.849
-246.499
-237.551
-249.032
-246.148
-247.907
-219.426
-195.623
-169.145
-193.423
-198.103
-248.235
-242.952
-248.93
-239.788
-239.842
-239.995
-249.159
-153.512
-180.245
-209.948
-249.739
-235.234
-138.679
-191.462
-194.427
-228.782
-236.397
-157.638
-222.727
-235.654
-236.472
-230.874
-213.638
-246.078
-247.193
-241.877
-232.982
-248.381
-165.052
-224.176
-198.863
-235.332
-217.078
-247.085
-142.098
-223.658
-226.362
-240.63
-249.182
-234.748
-249.28
-205.691
-249.546
-245.44
-203.049
-190.838
-213.827
-212.769
-249.003
-249.028
-215.982
-112.792
-236.116
-213.441
-245.226
-234.524
