0.403584 
0.833601 
0.231658 
0.599234 
0.317392 
0.309115 
0.255393 
0.841287 
0.48642 
0.382774 
0.831844 
0.53942 
0.46781 
0.277209 
0.89697 
0.448229 
0.473206 
0.350384 
0.332937 
0.351647 
0.415129 
0.329714 
0.767182 
-0.46486 
0.78466 
-0.590949 
-0.813297 
0.680426 
0.764534 
0.421343 
0.460219 
0.55054 
0.427398 
0.459565 
0.869533 
0.2064 
0.338743 
0.655093 
0.716355 
0.312281 
0.44081 
0.599992 
0.310131 
0.328273 
0.462866 
0.359697 
0.262853 
0.630925 
0.313555 
0.380972 
0.483698 
0.572061 
0.377828 
0.836989 
0.974735 
0.911481 
0.613191 
0.407999 
0.51161 
0.304452 
0.394874 
0.756782 
0.289317 
0.58079 
0.368241 
0.354767 
0.439252 
0.349908 
0.914762 
0.476425 
0.927822 
0.419845 
0.770128 
0.294898 
0.551566 
0.482805 
0.445293 
0.375546 
0.488922 
0.423778 
0.345241 
0.355089 
0.376487 
0.574693 
0.865442 
0.699191 
0.400019 
0.9997 
0.971012 
0.604586 
0.285455 
0.543968 
0.378127 
0.396199 
0.425033 
0.452124 
0.385921 
0.332358 
0.351516 
0.360201 
0.302846 
0.67114 
0.470486 
0.362229 
0.409545 
0.287502 
0.574218 
0.246407 
0.322996 
0.654648 
0.502974 
0.304072 
0.555759 
0.40184 
0.896465 
0.349559 
0.299273 
0.444782 
0.958356 
0.513401 
0.655477 
0.671061 
0.749632 
0.374706 
0.89857 
0.99078 
0.478408 
0.364664 
0.346178 
0.836897 
0.499317 
0.741639 
0.902875 
0.944391 
