-211.764
-204.755
-201.282
-142.68
-105.535
-68.4203
-52.3735
-48.8175
-40.7763
-26.6635
-7.98915
13.5894
14.2537
17.2773
73.3867
79.724
91.1072
108.255
124.023
155.34
178.65
194.747
243.276
-216.8
-84.28
-247.792
-249.571
-218.192
-217.628
-214.814
-183.145
-166.083
-162.034
-134.709
-117.861
-112.213
-111.676
-102.902
-85.2133
-64.4867
-39.2373
-31.1441
-20.8758
-19.259
41.1334
50.6346
66.9278
67.6848
130.564
144.109
169.284
229.081
244.436
167.16
244.122
-77.9349
-177.427
-145.259
-36.5751
2.73655
36.2051
54.1084
83.6576
86.3177
88.7158
146.772
158.909
161.886
187.389
230.173
204.473
220.554
-245.669
-234.886
-227.736
-191.303
-141.638
-96.3311
-93.7802
-85.3467
-61.286
-47.5942
-18.7144
-2.88516
54.6634
63.6952
226.9
136.388
-21.2871
-242.195
-186.602
-183.518
-176.006
-156.937
-46.9832
37.5307
53.6726
56.4689
79.3507
100.154
112.851
128.228
129.419
198.833
207.88
211.295
-220.166
-166.561
-159.269
-66.4422
-48.9771
-34.451
-29.4727
-2.1612
56.101
66.3879
95.9688
103.736
114.69
176.89
210.19
212.997
229.451
247.526
210.05
103.05
124.67
153.408
167.745
170.364
181.275
189.271
199.314
219.2
