0.155961
1.77004
0.125875
0.522896
0.132903
0.120045
0.100198
2.63351
0.334641
0.131143
1.97441
0.410579
0.243764
0.121033
4.94292
0.180748
0.334273
0.103708
0.123698
0.227186
0.162608
0.117851
1.27599
0.143872
0.33892
0.238247
1.90798
0.263079
0.283297
0.145201
0.431752
0.151592
0.151515
0.138302
1.59027
0.119411
0.190401
0.515739
0.744358
0.145516
0.188198
0.671081
0.136606
0.121466
0.252003
0.195166
0.102937
0.670704
0.132884
0.176871
0.300523
0.525393
0.219225
0.347695
1.01315
0.252677
0.479217
0.200578
0.424767
0.114541
0.211836
1.44703
0.103204
0.430529
0.122239
0.126462
0.277359
0.131277
6.61693
0.26139
0.744219
0.182271
0.177288
0.312657
0.460384
0.234858
0.220922
0.171684
0.23747
0.134547
0.112796
0.112233
0.112317
0.434278
2.08205
0.73533
0.200935
24.396
3.12391
0.322416
0.109301
0.295079
0.212114
0.115232
0.103079
0.393026
0.284191
0.112888
0.107918
0.101304
0.132562
0.648735
0.207717
0.111362
0.141046
0.105891
0.104133
0.104394
0.231983
0.797378
0.317759
0.149164
0.457619
0.165945
3.49986
0.16191
0.13772
0.167412
10.41
0.251636
0.621415
0.80577
1.0221
0.112801
2.11764
2.33053
0.134466
0.10967
0.158063
2.83986
0.357979
1.18013
3.36153
6.64278
