0.129754
0.127877
0.136758
0.12543
4.60361
0.483323
0.280234
0.207915
0.138664
0.137302
0.111049
0.18715
0.435696
0.130872
3.93474
0.133061
1.43367
0.216746
0.112105
0.14429
0.985653
0.557535
0.116206
0.137889
0.1094
0.101143
0.434423
0.186793
0.328949
0.357022
0.242995
0.143409
0.211776
0.143058
0.199092
0.111661
0.354898
0.423601
0.144299
0.487892
0.138315
0.147136
0.266569
0.126186
0.423008
1.41336
0.104693
0.280055
0.227575
0.132737
0.336973
0.260295
0.747243
0.111082
0.11483
0.765617
0.661626
0.10958
0.134973
0.216937
1.26071
0.886496
3.07283
0.261776
0.139065
0.517277
0.4948
