-188.244
-137.471
-109.648
-37.0831
-29.3402
-23.6924
3.91535
16.9704
146.635
162.269
173.837
279.171
279.208
330.292
341.522
223.229
103.856
-233.19
-239.788
-106.96
-53.8679
67.7342
-95.4628
-326.829
-190.786
-181.509
-159.533
-32.0826
7.09128
112.106
154.747
159.784
188.265
203.099
226.794
237.122
264.025
275.314
297.557
298.038
310.75
-323.22
-321.812
-290.973
-265.268
-236.384
-216.606
-157.568
-31.9878
-29.8718
-22.0299
14.7783
75.0661
81.9716
152.971
227.971
240.41
255.837
293.935
294.955
344.494
104.917
328.6
-142.188
-108.567
-117.124
-112.678
