0.386832 
0.53682 
0.424756 
0.450163 
0.801436 
0.794996 
0.697494 
0.262374 
0.527251 
0.316223 
0.469248 
0.319303 
0.485488 
0.134641 
0.96781 
-0.645685 
0.954738 
0.9726 
0.00045662 
0.649488 
0.663292 
0.766766 
0.730052 
-0.829865 
-0.635831 
0.57613 
0.523578 
0.247414 
0.629975 
0.518556 
0.511357 
0.442342 
0.425633 
0.38712 
0.445647 
0.33539 
0.491664 
0.551465 
0.344925 
0.554781 
0.349588 
0.342959 
0.604129 
0.696855 
0.660311 
0.351047 
0.610295 
0.361399 
0.562424 
0.203582 
0.426516 
0.516841 
0.658364 
0.386435 
0.365571 
0.558482 
0.5203 
0.357138 
0.327275 
0.518146 
0.675202 
0.706163 
0.893597 
-0.171647 
-0.371699 
0.027733 
-0.228271 
