0.0648826 
0.12404 
0.151521 
-0.938118 
0.913461 
-0.840926 
0.994705 
0.260729 
0.647711 
0.890787 
0.1955 
0.0488468 
0.694486 
0.529319 
0.34126 
0.322954 
0.253286 
0.522967 
0.78848 
0.419282 
0.716148 
0.897517 
0.416572 
0.634027 
0.631145 
-0.103291 
0.850248 
0.601266 
0.561513 
0.582384 
0.276513 
0.470461 
0.120128 
0.329511 
0.341723 
0.724938 
0.514882 
0.36493 
0.134839 
0.659925 
0.582652 
0.256516 
0.857392 
0.427237 
0.58008 
0.938206 
-0.647227 
0.318461 
0.769582 
0.156829 
0.240405 
0.332244 
-0.308866 
0.44085 
-0.181794 
-0.0934368 
0.592326 
-0.552678 
-0.0706182 
-0.620887 
0.232799 
0.444601 
0.843063 
0.37656 
0.548227 
0.38632 
0.32387 
0.490296 
0.342895 
0.47775 
0.417364 
0.3277 
0.551095 
0.437897 
0.678639 
0.586362 
0.264778 
0.43692 
0.312643 
0.952531 
0.442126 
0.672171 
0.430283 
0.308156 
0.366169 
0.380627 
0.510527 
0.295905 
0.357843 
0.605484 
0.379695 
0.26977 
0.349075 
0.483248 
0.260942 
0.343918 
0.443425 
0.655162 
0.594508 
0.519673 
-0.107082 
0.586993 
0.349902 
0.542913 
0.458128 
0.587219 
0.345662 
0.271449 
0.555188 
0.628698 
0.564954 
0.351713 
0.371038 
0.339513 
0.700081 
0.821371 
0.542505 
0.398178 
0.212698 
0.529813 
0.469154 
0.43754 
0.919045 
0.531791 
0.97866 
0.504048 
0.29798 
0.702888 
0.599687 
0.611287 
0.579526 
0.965666 
0.834996 
0.239883 
0.421874 
0.412304 
0.487338 
0.665289 
0.101214 
0.44007 
0.363548 
0.507424 
0.526003 
0.653365 
0.434417 
0.419693 
0.496827 
0.510684 
0.516672 
0.605315 
0.803365 
0.760668 
0.578807 
0.533669 
0.293947 
0.983703 
0.534338 
-0.493118 
-0.232258 
0.716623 
0.215706 
-0.0408546 
0.44631 
0.428534 
0.0734157 
0.493269 
0.330381 
0.177123 
0.371444 
0.449545 
0.52252 
0.72019 
0.924634 
0.684807 
0.43915 
-0.901379 
0.975576 
0.112933 
-0.0988931 
0.571504 
0.641464 
0.37582 
0.462633 
0.514994 
0.793677 
0.540661 
0.522228 
0.18802 
0.689237 
0.446003 
0.562634 
0.655115 
0.269204 
0.750805 
0.368759 
0.23375 
0.558179 
0.327541 
0.571419 
0.716844 
-0.661315 
0.404938 
-0.183593 
-0.941906 
-0.303662 
-0.204686 
0.510721 
-0.695692 
0.635427 
0.498135 
-0.175526 
0.261594 
0.434035 
0.117129 
0.375262 
0.38601 
0.207442 
0.928443 
0.584617 
-0.155569 
0.733301 
0.72213 
0.300663 
0.625412 
0.849872 
0.929209 
0.471064 
0.206449 
0.277456 
0.536037 
0.466928 
-0.348466 
-0.570731 
-0.418378 
0.766589 
0.530625 
0.119894 
0.184247 
0.175928 
0.542744 
0.188756 
0.424255 
0.645051 
0.993643 
0.239187 
0.545309 
0.305068 
0.25454 
0.672237 
0.179173 
0.794603 
0.309725 
0.45372 
0.643821 
0.956539 
0.781497 
0.720916 
0.348185 
0.646584 
0.364601 
0.290699 
0.530354 
0.334441 
0.417907 
0.195231 
0.633106 
0.325552 
0.407455 
0.345368 
0.316299 
0.756432 
0.281736 
0.370993 
0.122625 
0.144934 
0.655831 
0.607963 
0.726178 
0.400329 
0.210584 
0.976191 
0.360944 
0.265699 
0.257426 
0.204217 
0.496639 
0.24185 
0.33389 
0.379386 
0.263032 
0.950279 
0.937504 
0.733498 
0.176168 
-0.0823158 
0.310016 
0.317555 
0.282037 
0.510091 
0.278721 
0.423733 
0.801543 
0.270657 
0.231341 
0.297366 
0.213851 
0.534638 
0.574108 
0.427869 
0.298941 
0.82545 
0.442418 
0.284045 
0.67263 
-0.350513 
-0.309688 
0.347319 
0.375791 
0.156777 
0.599083 
0.520791 
0.578734 
0.500998 
0.414331 
0.521398 
0.341457 
0.411129 
0.443473 
0.337806 
0.607069 
0.531644 
0.529857 
0.797287 
0.82998 
0.57014 
0.820072 
0.200974 
0.389691 
0.761308 
0.390511 
0.376664 
0.451237 
0.399328 
0.679728 
0.411086 
0.447943 
0.209523 
0.193616 
0.0577729 
0.316203 
0.804111 
-0.949074 
0.371426 
0.972821 
0.761606 
0.329179 
0.632523 
0.259237 
0.256626 
0.328313 
0.724994 
0.7929 
0.764559 
0.379725 
0.187877 
-0.0926886 
0.421636 
0.569973 
0.681179 
0.854044 
0.634351 
0.493997 
0.615567 
0.663587 
0.602835 
0.189055 
0.502384 
0.620816 
0.556376 
0.327804 
0.686451 
0.67361 
0.370023 
0.500413 
0.578728 
0.380392 
0.357021 
0.408911 
0.913799 
0.968302 
0.400423 
0.473296 
0.649347 
0.326918 
0.606056 
0.42656 
0.54243 
0.249274 
0.3221 
0.298193 
0.801573 
0.797183 
0.136699 
0.356168 
0.242384 
0.464104 
0.759776 
0.678185 
0.352323 
0.40182 
0.999044 
-0.257894 
-0.59507 
0.330016 
0.995841 
-0.539347 
0.590761 
0.400533 
0.439981 
0.351372 
0.577579 
0.646009 
0.380333 
0.704122 
0.546686 
0.384767 
0.651942 
0.613341 
0.658369 
-0.666255 
0.184317 
0.101056 
0.666583 
0.239251 
0.63944 
0.245106 
0.462443 
0.846721 
0.449477 
0.324325 
0.429498 
0.657413 
0.439783 
0.685416 
0.398787 
0.535036 
0.461887 
0.576793 
0.472697 
0.614396 
0.648862 
0.437358 
0.698243 
0.117557 
0.615863 
0.335489 
0.391675 
0.438057 
0.057658 
0.577543 
0.467018 
0.234858 
0.277225 
0.808877 
0.381405 
0.494065 
0.77726 
0.8992 
0.466933 
0.92906 
0.994804 
-0.548751 
-0.363911 
0.103547 
0.758922 
-0.411675 
-0.887646 
-0.828103 
0.519069 
0.948657 
0.32506 
0.427567 
0.230369 
0.623761 
0.512836 
0.498657 
0.738185 
0.375993 
0.613387 
0.540359 
0.354651 
0.286047 
0.851404 
-0.657419 
0.151521 
-0.69908 
-0.192486 
0.256908 
0.557103 
0.477352 
0.614405 
0.493242 
0.417661 
0.286426 
0.513331 
0.418145 
0.353143 
0.504414 
0.0577069 
0.38955 
0.370091 
0.207018 
0.480243 
0.517836 
0.31451 
0.195256 
0.322804 
0.219549 
0.502402 
0.670766 
0.831487 
0.593677 
0.314679 
0.351105 
0.249024 
0.581043 
0.393464 
0.442289 
0.406553 
0.929502 
0.344759 
0.0377182 
-0.700222 
0.534786 
0.432927 
0.412008 
-0.330015 
0.350731 
0.252111 
0.234327 
0.508282 
0.416407 
0.794338 
-0.0923338 
0.671696 
0.304901 
0.00816779 
0.159613 
0.747529 
0.471575 
0.780001 
0.481194 
0.314713 
0.364211 
0.911311 
0.0979787 
0.126565 
0.883021 
0.393973 
0.269679 
0.571175 
0.0876174 
0.569313 
0.708473 
0.854101 
-0.264447 
0.107481 
0.835721 
0.435535 
0.381931 
0.210969 
0.864762 
0.297538 
0.293933 
0.259931 
0.37469 
0.337534 
0.953059 
0.38484 
0.39333 
0.453018 
0.848192 
-0.299919 
0.709846 
0.587955 
0.478953 
0.641617 
0.893846 
0.34303 
0.760184 
0.498136 
0.573206 
0.402662 
0.187308 
0.386273 
0.307801 
0.347941 
0.467779 
0.342337 
0.547842 
0.659649 
0.464917 
0.463384 
0.377996 
0.412029 
