-195.524
-263.626
-247.806
-146.029
-140.448
-167.079
-251.383
-235.362
-234.604
-227.392
-88.5905
-88.2015
-24.0784
4.18778
34.2558
47.2592
66.6968
140.414
28.9819
-294.37
-160.971
-250.327
-231.39
-226.274
-201.054
-150.887
-138.825
-129.141
-127.626
-95.164
-34.4707
-13.6292
33.9647
81.7945
82.5755
90.9366
130.477
153.274
170.789
171.729
179.672
183.53
189.117
219.661
229.703
293.593
-266.078
-149.274
45.366
186.195
200.636
236.933
-296.095
-32.1154
-79.9785
-11.7448
-7.88749
-282.097
-205.809
-221.511
-218.452
-189.079
-187.158
-164.835
-96.0023
9.32314
23.371
36.4416
84.9048
94.2496
110.961
113.014
155.479
169.562
185.244
208.712
220.057
235.238
272.474
80.3504
-176.685
-166.595
-162.152
-147.085
-112.753
-101.887
-100.495
-75.2385
-68.2818
-63.6118
-33.1785
0.29608
31.4883
75.6297
126.454
138.935
186.43
-108.574
-56.237
-140.173
-285.721
-56.2101
-220.591
-209.157
-188.001
-142.014
-82.3976
-76.6952
-75.9488
-48.772
-28.5594
-18.3795
-13.8034
-12.4959
1.02296
33.7309
66.7816
82.6759
153.249
176.957
189.447
209.602
240.042
256.393
-24.4249
-219.994
-137.517
-124.356
-94.8255
-51.9408
9.77567
28.4124
151.586
163.737
205.273
255.962
269.626
-162.927
-156.324
-132.294
-128.064
-82.2784
-63.1772
-2.24612
15.0476
16.2621
17.4858
87.2479
109.571
127.143
131.938
133.186
150.778
187.341
259.024
229.703
-128.837
-233.5
-255.295
-135.592
-147.188
-138.948
-108.886
-65.4381
-1.58835
0.0735032
15.0859
97.0232
107.292
145.584
149.876
189.767
291.366
-116.27
-87.4365
-284.197
-278.14
-254.213
-227.016
-220.494
-168.936
-149.464
-123.218
-86.9361
-17.3215
23.4957
45.1474
65.868
87.724
98.0416
101.383
112.973
147.677
187.967
194.18
195.565
230.583
253.838
277.859
-139.615
-136.475
-135.748
-149.818
-233.945
-194.31
-187.313
180.416
-248.83
-235.185
-232.964
-225.171
-222.464
-201.637
-188.578
-161.919
-156.702
-123.344
-112.207
-85.1486
-58.6866
-5.41521
9.19039
21.3628
57.9111
139.612
109.177
174.625
226.937
241.437
251.077
284.647
-230.97
-237.545
-242.602
-240.321
-227.764
-206.813
-184.083
-165.807
-128.892
-127.564
-109.561
-100.572
-88.1544
-82.5027
-58.9683
-51.5693
-47.9229
0.635942
91.8584
115.494
171.02
178.969
288.931
170.164
171.463
-151.069
-89.6831
22.0047
34.0181
42.8116
49.8173
66.851
67.4543
73.3009
79.2618
79.5737
106.716
111.301
138.574
161.403
206.406
211.87
278.045
-161.965
-148.337
-292.465
-244.84
-214.091
-134.122
-117.577
65.0332
116.855
141.855
142.272
171.822
215.272
266.262
290.049
293.147
296.304
184.402
-8.89788
34.7686
-261.839
-203.838
-186.483
-179.497
-169.406
-137.378
-109.712
-96.6801
-76.2092
-71.2399
-44.5648
-43.8582
12.7118
50.1006
69.9142
127.427
276.299
278.335
-251.768
-202.908
-180.294
-196.79
-211.979
-210.183
-209.852
-191.687
-189.424
-161.271
-143.924
-105.789
-99.5597
-23.4045
37.3121
38.8333
188.876
193.506
248.021
264.321
272.649
-260.874
-184.331
-115.19
-103.667
-84.2961
-50.5891
-38.4935
-37.8889
10.786
59.7329
111.986
116.679
155.885
185.27
186.014
214.779
228.492
245.689
-274.045
-258.741
-215.455
-184.888
-127.085
-49.9216
-42.7576
-19.5557
-2.00457
41.6807
106.562
170.919
186.082
-296.288
-278.458
-252.085
-239.379
-238.985
-236.412
-219.462
-202.598
-180.733
-170.171
-154.445
-153.684
-125.153
-64.7457
-35.3218
-12.1039
50.8966
63.7262
83.2291
143.336
146.609
159.127
232.032
286.146
238.917
284.472
-232.283
-216.501
-190.038
-128.773
-95.3176
-67.2746
-11.041
-11.0304
-5.09519
105.368
153.338
159.22
172.283
184.912
194.136
205.282
241.244
253.129
273.022
280.178
248.577
245.018
-227.995
-228.51
-223.129
-239.556
-158.051
-99.8873
-63.8016
24.8456
25.2618
72.2766
103.366
136.04
154.818
219.453
252.479
288.2
-33.7779
-257.599
-247.616
-114.452
-189.464
-180.988
-151.106
-145.062
-77.4893
-58.5371
9.91956
13.566
76.3235
78.4331
80.838
124.407
138.043
157.911
223.886
229.092
247.963
271.238
-279.477
-269.583
-212.411
-201.701
-188.066
-75.1883
-65.7201
-37.8607
35.9734
44.4181
73.1743
98.1201
130.198
180.724
210.515
267.743
110.892
139.212
176.191
176.295
168.318
141.923
-150.415
-156.36
-156.57
-182.987
-185.841
-186.982
-175.711
-165.155
-154.088
-74.7629
-47.4653
12.5546
66.2701
140.372
188.597
227.288
228.864
236.372
241.937
259.612
-60.4115
-295.462
-295.901
-251.258
-261.589
-273.799
-224.794
-190.98
-133.19
-104.954
-40.7149
32.5933
120.104
129.605
150.279
187.891
197.496
220.893
248.095
248.176
225.132
-217.303
-211.261
-175.595
-114.341
-81.1042
-57.1592
-39.638
-37.6983
-15.2965
71.6446
72.4005
83.9255
145.025
182.264
189.842
291.185
291.266
139.757
-17.2586
-79.058
-55.0843
-297.962
-287.847
-275.632
-242.679
-230.777
-164.968
-142.479
-88.9071
-51.841
-13.7705
12.2296
24.2136
36.4005
56.959
58.1049
120.948
169.424
178.243
193.829
198.92
212.2
215.202
224.183
254.794
255.957
260.811
271.821
273.027
298.077
-209.364
-148.318
-194.624
-174.906
71.192
-199.461
-90.758
-10.73
13.7671
73.5622
74.1169
145.9
181.346
192.277
205.14
271.174
290.662
-217.729
-211.93
-198.392
-195.62
-176.387
-126.115
-109.13
-82.2708
-67.5891
-32.3463
-14.4466
27.4775
40.5667
70.2026
79.181
81.6522
96.6267
121.461
137.78
177.587
196.973
200.703
253.391
265.336
279.859
