0.207094
0.306205
0.302897
3.55101
0.335865
0.328501
0.194099
0.250934
0.116862
0.631511
0.27464
0.141701
0.257716
0.20246
0.105694
0.480036
0.21483
0.189017
1.01805
0.193239
0.315393
0.114612
0.147806
0.104605
0.362294
0.200335
0.326955
0.17825
0.263679
0.131023
0.138449
0.281207
0.149351
0.145647
0.242488
0.468996
0.105776
0.155657
0.140501
1.09527
0.372701
0.119052
1.303
0.401221
0.682067
2.68403
0.159466
0.167182
0.250113
0.170342
0.106916
0.116256
0.301864
0.11704
0.124654
0.159972
0.108068
0.167139
0.113091
0.30714
0.110893
0.36282
1.5056
0.308543
0.574512
0.319556
0.165257
0.478278
0.132741
0.432439
0.134321
0.189625
0.337504
0.316303
0.654782
0.297741
0.143095
0.150433
0.147633
1.86604
0.181468
0.83554
0.284722
0.24296
0.123037
0.132698
0.566091
0.113634
0.104261
0.784831
0.405444
0.18995
0.234736
0.253689
0.1128
0.207436
0.187994
0.181475
0.287334
0.325798
0.165178
0.118114
0.519956
0.149541
0.434409
0.10525
0.10266
0.245216
0.675939
0.583709
0.218649
0.142593
0.128363
0.286071
0.575128
1.10444
0.120597
0.219605
0.167175
0.220727
0.257428
0.270488
4.00037
0.276356
0.750959
0.413356
0.147014
0.524637
0.429698
0.568069
0.277419
13.6029
1.47455
0.111377
0.268026
0.157048
0.203752
0.764725
0.112232
0.142549
0.223943
0.164452
0.181855
0.320423
0.136579
0.142717
0.121145
0.110935
0.108597
0.933936
2.25117
0.846843
0.380186
0.270756
0.109837
1.06396
0.299275
0.287085
0.131936
0.2028
0.106214
0.153921
0.253941
0.105243
0.103843
0.182442
0.199746
0.110876
0.227177
0.286955
0.334426
0.686195
5.78788
0.484206
0.176533
0.502427
0.318778
0.164627
0.213296
0.281681
0.130819
0.117719
0.176863
0.334485
0.336556
0.263859
0.223593
0.144614
0.284163
0.157926
0.231598
0.243982
0.102477
1.15083
0.39933
0.141863
0.207475
0.335725
0.200301
0.22588
0.168269
0.126164
0.31678
0.134532
0.145016
0.115953
0.142204
0.761665
0.130811
0.122581
0.134295
0.125453
0.14078
0.115366
0.224628
0.10558
0.137111
1.53628
0.128178
0.214761
0.246764
0.220385
0.542373
0.706039
22.689
1.59733
0.190551
0.129652
0.153588
0.408977
0.129176
0.144751
0.330658
0.228935
0.202501
0.15921
0.139013
0.168645
0.190966
0.201905
0.13395
0.16463
0.348956
12.1326
0.277796
0.186361
0.134187
0.114351
1.37512
0.100659
1.57104
0.154266
0.111899
0.248531
1.49563
0.100211
0.208259
0.116017
0.467358
0.175169
0.111525
0.13802
0.306884
0.112237
0.146839
0.324526
0.204082
0.366639
0.118094
0.130987
1.32331
0.240777
0.147655
0.12542
0.152807
0.333151
0.203825
0.445195
0.207948
0.241157
5.68216
0.209765
0.108207
0.124323
0.111182
0.191529
0.110621
0.127024
0.108206
0.103743
0.223957
0.268425
0.21111
0.119118
0.161619
0.193568
0.20461
0.181661
0.118632
0.243199
0.182341
1.04168
0.114682
0.22409
0.188865
0.111183
0.859234
0.269866
0.144088
0.100689
2.80326
0.151401
0.167531
0.319113
0.126603
0.14293
0.177291
0.130758
0.168604
0.130728
0.110085
0.230475
0.13639
0.202004
0.203897
0.115771
0.144609
0.149882
0.15633
0.513617
0.36644
0.340417
1.25835
0.158248
0.304734
0.687825
0.168374
0.194844
1.53665
0.14124
0.128694
0.131605
0.129127
0.583195
0.12771
0.598194
0.192645
0.242968
0.165143
0.483246
1.68885
0.253994
0.117523
1.6072
0.354105
0.252819
0.377795
0.216077
0.160031
0.12779
0.710172
1.11987
0.240638
0.120936
0.171638
0.16596
0.237854
0.149724
0.178387
0.252702
0.205491
0.101986
0.788929
0.661216
0.246828
0.132003
0.229557
0.224209
0.47447
0.220772
0.643809
0.585567
0.136683
0.284835
0.399558
0.156366
0.248501
0.124096
4.26315
2.51044
0.173613
0.105372
0.250864
0.134687
0.321132
0.167262
0.253906
0.156339
0.122449
0.218468
1.45312
2.92689
0.106615
0.208615
0.125302
0.297324
0.913767
0.98664
0.216431
0.112788
1.74689
0.244926
0.485549
0.130989
0.104648
0.234404
0.256979
0.404229
0.313496
0.201234
0.481551
1.05472
0.152086
0.631535
0.298244
0.10897
0.690756
0.993828
0.430931
0.112267
0.178391
0.232522
0.355922
0.219125
0.508724
0.236862
0.293349
2.33825
0.272887
0.106812
0.360772
0.502405
0.146171
0.502828
0.310513
0.548953
0.361314
0.398764
0.378451
0.594312
0.459136
0.196181
0.359312
0.19752
0.167605
0.288488
0.438415
0.546077
0.121517
0.780476
0.148774
0.141363
0.303917
1.54549
0.10406
0.151947
0.119867
0.595256
0.344236
0.316044
2.99377
0.100475
0.236779
0.139604
0.928122
0.908568
0.148012
0.131746
0.248498
0.134296
0.901471
0.187279
0.130138
0.494159
0.162237
0.279521
0.932109
0.274319
0.698914
0.384378
0.170053
0.211178
0.308028
0.133916
0.29732
0.196213
0.15105
0.141728
0.359507
0.817205
0.310998
0.248152
0.108914
0.151286
0.428216
0.104354
0.222439
0.156985
0.112139
0.15603
0.168464
0.165643
0.150645
0.225342
0.115969
0.171081
0.168348
0.158152
0.179373
0.199649
0.701431
0.123103
0.365901
0.289507
0.276926
0.714517
0.297339
0.1782
0.190321
5.22978
0.244754
0.129578
0.178854
0.336893
0.208675
0.280118
0.120449
0.204413
0.101043
0.112003
0.626904
0.121809
0.19336
0.106221
0.206241
0.206098
0.105646
0.167904
0.837465
0.154978
0.212055
0.228648
0.148295
0.207117
3.28076
0.172131
0.223313
1.14446
0.113285
0.104555
1.03593
0.156548
0.968793
0.713818
0.705159
0.109598
0.329817
0.51795
0.268655
0.21895
0.106019
1.75228
0.142077
0.108862
0.107775
0.216316
0.122571
9.53516
0.111942
0.174913
0.1251
0.131921
0.107317
0.203825
0.199492
0.255629
0.371965
5.05341
0.198288
0.962521
0.214201
0.233126
0.153293
0.113543
0.47875
0.246928
0.154035
0.208887
0.183719
0.949935
0.573469
0.149569
0.310923
0.131414
0.161362
