0.31809 
0.228661 
0.144878 
0.38238 
-0.1791 
0.467612 
0.557317 
0.217145 
0.064401 
0.814748 
0.700082 
0.742592 
0.104982 
0.428434 
0.822974 
0.493642 
0.383998 
0.243856 
0.29502 
0.339708 
0.500448 
0.400082 
0.204451 
0.264778 
0.610871 
0.984704 
-0.378138 
0.469205 
0.617825 
0.527535 
-0.434265 
0.704904 
0.220145 
0.212974 
0.159267 
0.106308 
0.145496 
0.513256 
0.469155 
0.435646 
0.220245 
0.558952 
0.363717 
0.218027 
0.644092 
0.318339 
0.646281 
0.217542 
0.30271 
0.52802 
0.33739 
0.597484 
0.679486 
0.578327 
-0.0589491 
0.554013 
0.621403 
0.594584 
0.453952 
0.331171 
0.350181 
0.156689 
0.342015 
0.490097 
0.387642 
0.484898 
0.354406 
0.639106 
0.178521 
0.577589 
-0.896498 
-0.458751 
0.907605 
0.659449 
0.232489 
0.243901 
0.176607 
0.0751795 
0.391495 
0.183268 
-0.0469835 
0.668174 
0.551984 
0.546873 
0.303091 
0.707951 
0.521314 
0.585888 
0.652239 
0.611023 
0.9406 
0.955863 
0.935145 
-0.160034 
-0.490044 
-0.431507 
-0.000913664 
0.322106 
0.1719 
0.701387 
0.197325 
0.283767 
0.866512 
0.669146 
0.634006 
0.8536 
0.22133 
0.718834 
0.301806 
0.506523 
0.582454 
0.455479 
0.267906 
0.338784 
0.619357 
0.524908 
0.579778 
0.847035 
0.415557 
-0.0182516 
0.68285 
0.491997 
0.958294 
-0.640874 
0.962974 
-0.712849 
0.117747 
0.134338 
0.777612 
-0.0058099 
0.0433817 
-0.149708 
0.641683 
0.462927 
0.237107 
0.619672 
0.391066 
0.667329 
0.321361 
0.230567 
0.929668 
0.986616 
0.57405 
0.595006 
0.845099 
0.519339 
0.626917 
-0.0475388 
0.622443 
0.682787 
0.912867 
0.822959 
0.493571 
0.482627 
0.321262 
0.428283 
0.495596 
0.494221 
0.545141 
0.470298 
0.188104 
0.327416 
0.506404 
0.525302 
0.413084 
0.440446 
0.286444 
0.496078 
0.667082 
0.542558 
0.257926 
0.92019 
0.349647 
0.309534 
0.44491 
0.159921 
0.624209 
0.614125 
0.430095 
0.93222 
0.462574 
0.392137 
-0.208162 
-0.997282 
0.0774029 
-0.02323 
0.744568 
0.478058 
0.332597 
0.328084 
0.394369 
0.533154 
0.243567 
0.485757 
0.477963 
0.60021 
0.49426 
0.39934 
0.257495 
0.24255 
0.435536 
0.315722 
-0.227685 
-0.337595 
-0.176396 
-0.993979 
0.580878 
0.86831 
0.405303 
0.681124 
0.0684021 
0.560914 
-0.48108 
0.269657 
-0.0883577 
0.728032 
0.167256 
0.085298 
0.651356 
0.385767 
0.449908 
0.418977 
0.666064 
0.26765 
0.142584 
0.323706 
0.73918 
0.48319 
0.289859 
0.113595 
0.564249 
0.474344 
0.711182 
0.534385 
0.924515 
0.616752 
-0.0197292 
0.235604 
-0.0216125 
0.710549 
0.348056 
0.00831193 
0.454269 
0.892762 
0.484406 
0.313113 
0.518505 
0.562345 
0.415684 
0.302082 
0.654549 
0.782143 
0.192668 
0.516629 
0.251845 
0.611081 
0.53902 
0.996311 
-0.149836 
0.854807 
-0.0509956 
0.127619 
0.30782 
0.695163 
0.469118 
-0.750186 
-0.354589 
0.266399 
-0.00624516 
0.404812 
0.575491 
0.415122 
0.439499 
0.603891 
0.385584 
0.247669 
0.281987 
0.376372 
0.29275 
0.304617 
0.770867 
0.926 
0.275221 
0.39317 
0.517999 
0.640569 
0.53611 
0.425899 
0.64367 
0.416373 
0.638236 
0.199104 
0.392444 
0.458148 
0.793307 
0.100383 
0.393197 
0.485174 
0.250922 
0.523992 
0.479154 
0.764019 
0.416831 
0.27218 
0.224857 
0.550006 
0.224599 
0.361139 
0.915933 
0.474556 
0.129966 
0.406108 
0.22475 
0.778628 
0.592397 
0.544083 
0.469366 
0.0745084 
0.373821 
0.560269 
0.262139 
0.219728 
0.588999 
0.113726 
-0.0529399 
-0.620611 
-0.804592 
0.373739 
0.148157 
0.306383 
0.601953 
0.512899 
0.0237796 
0.589733 
0.413606 
0.223496 
0.203431 
0.75233 
0.474784 
0.643167 
0.830785 
0.676898 
0.476824 
0.44246 
0.550303 
0.411305 
0.286184 
0.373518 
0.242217 
0.312445 
0.962223 
0.552708 
-0.157433 
0.0984705 
-0.244702 
0.71437 
0.662594 
0.656409 
0.835466 
0.576875 
0.969866 
0.992887 
0.140632 
0.58618 
0.531973 
0.314099 
0.586482 
0.598716 
0.705355 
0.743189 
0.223091 
0.257299 
0.49721 
0.415451 
0.336861 
0.313238 
0.204684 
0.225342 
0.980073 
0.784965 
0.0307961 
