-216.777
-50.9519
-279.103
-145.006
-255.623
-314.486
-280.865
277.826
-277.811
-182.797
-179.622
-178.284
-165.358
-119.674
-98.1943
-97.7854
-22.7763
-21.2195
-0.728733
22.6114
29.9482
68.1133
72.5686
176.473
189.378
48.6318
-102.444
0.839666
-214.421
-242.196
-298.096
-309.998
-292.965
-257.633
-256.233
-250.173
-204.753
-176.3
-167.786
-164.952
-161.338
-90.2006
-77.8886
-75.6907
21.0029
135.151
198.192
234.144
262.674
284.011
306.741
-154.398
-148.371
-137.127
-133.934
-131.389
-61.4053
-50.8003
-40.7627
35.995
89.0447
125.117
196.722
234.889
251.13
263.063
273.524
284.541
311.149
324.597
-304.577
-301.867
-197.895
-158.373
-181.377
-177.706
-155.429
-152.911
-114.255
-102.738
-83.9153
-30.3403
-28.346
7.01417
21.7226
22.4166
73.5708
227.882
233.957
257.228
289.457
245.076
290.445
-300.928
-302.269
-308.709
-307.87
-297.213
-291.317
-288.452
-284.81
-274.635
-269.851
-260.81
-191.711
-190.584
-173.238
-120.678
-108.247
-95.2514
-24.4654
56.7584
84.2077
103.837
123.128
202.228
220.55
230.18
256.839
277.943
299.626
299.812
173.206
124.058
-120.889
-162.755
-262.157
-255.117
-253.936
-250.013
-246.621
-240.491
-180.588
-27.2105
181.208
188.067
230.948
248.972
288.413
321.587
189.673
245.752
-6.73365
-215.487
-204.891
-176.19
-150.657
-145.681
-126.755
-26.7416
-10.8294
40.2466
61.964
93.2229
94.1914
156.444
196.386
240.992
326.36
-319.341
-273.72
-256.683
-221.414
-145.329
-137.966
-49.4371
-42.3343
-33.7027
20.5578
61.4391
70.2971
80.7128
92.7878
136.676
139.943
140.941
162.745
199.065
260.686
262.304
306.85
307.447
-250.704
-139.247
-153.784
-157.779
-146.187
-135.944
-90.2123
-79.7244
-69.4222
-68.6176
-41.4632
-4.82371
100.662
103.258
125.807
155.978
159.649
264.61
330.6
331.201
-241.201
-248.495
-252.101
-252.414
-253.39
-174.889
-148.207
-147.038
-144.596
-127.025
-115.191
-118.55
-113.263
-106.877
-86.1243
-58.0147
-39.9945
-38.9558
-24.3974
-12.2208
111.506
164.466
171.969
197.527
202.697
207.603
209.526
227.227
238.721
269.447
279.878
304.083
99.2329
123.063
-235.345
-162.219
-159.075
-156.608
-143.374
-130.24
-106.273
-90.5262
-79.9575
-76.4975
-20.3702
-5.38428
25.6326
30.1455
101.376
193.357
206.346
219.721
227.038
296.229
332.887
259.864
-289.073
-256.08
-251.876
-243.807
-214.534
-165.497
-115.95
-233.887
-236.79
-252.436
-247.124
-173.207
-63.5054
-36.6416
-27.3404
-23.4029
-16.898
94.4783
116.149
124.948
159.171
169.854
246.572
249.679
-319.622
-265.4
-263.621
-245.904
-234.004
-180.795
-124.742
-99.0726
-66.7865
-60.3391
-55.562
-28.4501
0.411439
22.2125
91.9864
146.104
178.974
179.116
238.195
240.177
241.42
272.695
287.131
296.974
298.133
326.049
-186.717
-197.851
-46.2516
-18.6967
-18.08
-18.0748
-17.8024
52.9427
119.266
164.69
175.117
197.313
217.024
244.784
273.53
-210.421
-197.335
-332.581
-262.193
-263.181
-253.27
-186.148
-136.587
-121.242
-112.118
-61.7459
-58.4892
1.66135
1.83715
60.4198
62.9464
82.9418
101.336
106.299
148.344
217.698
236.612
262.191
272.408
295.753
296.668
309.629
282.47
187.422
-267.448
-296.485
-298.559
-246.271
-230.826
-230.158
-188.289
-163.44
-143.434
-91.0971
-74.8654
-49.6315
35.1076
35.8528
55.5304
62.8151
68.4193
81.9603
126.956
177.742
249.685
272.963
273.737
278.942
296.092
318.142
301.509
63.6071
78.3617
