0.106279
0.185528
0.359233
0.169446
0.239399
0.124924
0.581049
0.20244
0.202432
0.514657
0.164149
0.12668
0.152753
0.125461
1.31126
0.286535
0.218685
0.12026
0.122069
0.222598
0.19704
0.1402
0.10038
0.230584
0.467816
0.951518
0.102304
0.255868
0.334644
0.247666
0.132707
0.116881
0.182948
0.175485
0.152496
0.125995
0.100458
0.333745
0.13063
0.160005
0.161788
0.442267
0.157677
0.108662
0.167211
0.348414
0.289125
0.100026
0.152887
0.321606
0.101218
0.120774
0.180718
0.129313
0.134687
0.603878
0.546765
0.279601
0.363205
0.111549
0.195366
0.120536
0.175118
0.149434
0.100189
0.152405
0.135458
0.233756
0.16175
0.594889
1.11546
0.100491
2.12794
0.81377
0.152118
0.246295
0.320465
0.258834
0.246133
0.503105
0.123151
0.942709
0.322875
0.721758
0.186523
0.681151
0.12475
0.19723
0.976277
0.193795
8.28369
0.410298
1.20294
0.237662
0.150686
0.14076
0.24649
0.105737
0.147383
0.823236
0.852532
0.127461
0.337421
0.204214
0.131033
1.33381
0.152937
0.463061
0.18266
0.148384
0.36051
0.104562
0.169702
0.23288
0.199947
0.174837
0.112569
0.149553
0.177627
0.355542
0.215094
0.129278
0.715839
0.129742
1.27458
0.120537
0.138519
0.332007
0.418411
0.32864
0.171401
0.127812
2.24723
0.314849
0.185522
0.299901
0.181208
0.728322
0.125151
0.102618
0.572833
0.311123
0.11018
0.297887
1.57764
0.174243
0.312666
0.225113
0.304473
1.57517
2.49486
2.08228
0.273416
0.308667
0.215149
0.284052
0.154782
0.159188
0.189823
0.279188
0.374749
0.195667
0.540928
0.319593
0.284469
0.229191
0.132488
0.257544
0.453448
0.198015
0.124366
7.73973
0.151793
0.219565
0.107032
0.10888
0.165577
1.44614
0.224724
7.42248
0.189876
0.11956
0.103959
5.55543
0.131805
0.12945
0.123082
1.23447
0.111977
0.230234
0.227129
0.380439
0.107821
0.120452
0.26188
0.534979
0.218952
0.130062
0.135064
0.101084
0.134541
0.127472
0.690986
0.137029
0.109684
0.165722
0.148336
2.03554
0.276229
0.271703
0.132989
0.143799
0.140822
0.141518
0.127478
0.382892
0.136861
0.13076
0.151609
0.122386
0.506522
0.143917
0.422268
0.127268
0.169738
0.358433
0.555563
0.391267
0.109965
0.128186
0.124438
0.38133
2.05316
0.354125
0.167135
0.241289
0.357036
0.30344
0.129986
0.163414
0.12563
0.113901
0.312736
1.68521
0.125245
0.387178
0.26902
0.179071
0.331985
0.146815
1.50747
1.40605
0.146181
0.196392
0.150639
0.27902
0.193472
1.41951
0.152978
0.111028
0.101288
0.170271
0.151676
0.646263
0.925275
1.06703
0.111762
0.149512
0.105794
0.681308
0.145543
0.104099
0.151921
0.459867
0.232218
0.103131
0.111977
0.16725
0.127834
0.158217
0.877507
0.85339
0.161791
0.157258
0.47507
0.718
0.24968
0.316003
1.1818
0.274122
1.28621
0.174637
0.31697
0.181925
2.35412
0.135131
0.249747
0.12098
0.201574
0.218513
0.290568
2.25746
0.139475
0.138121
0.122312
0.231072
0.126632
0.139193
0.541252
0.170513
0.101379
0.227283
0.117784
1.30741
0.311004
0.244693
0.106909
0.116821
0.214781
0.110891
0.296876
0.327599
0.18667
0.322098
0.256415
0.30227
0.219921
0.268257
0.26895
0.216328
0.158302
0.18327
0.175746
0.121866
0.144222
0.117274
0.175045
0.290155
0.144763
0.136081
1.29232
0.345356
0.269067
0.214932
0.259011
0.219557
0.190512
0.150751
0.137175
0.213247
3.39904
0.303941
0.137381
0.264486
0.110488
0.178486
1.19359
0.125559
0.2522
0.259601
2.02709
18.4527
0.1358
1.17541
0.338461
0.203455
0.240537
0.175705
1.05017
2.4582
0.102674
0.144491
0.180659
0.156047
0.160804
0.192192
0.111225
0.118707
0.102147
0.540976
0.14028
