286.962
222.018
70.5589
-327.358
-344.639
-266.699
-277.043
-45.9618
-60.0557
-146.38
-236.902
-313.426
-349.076
-345.27
-301.088
-311.608
-309.893
-332.009
-304.937
-332.34
-249.955
-72.6907
-267.308
-301.494
-195.783
-286.851
-279.787
-231.359
-294.879
-229.004
-335.273
-226.98
-307.247
-321.79
-267.901
-312.461
-323.6
-267.111
-219.149
-303.076
-330.775
-333.048
-20.7659
-190.487
-209.793
-316.204
-338.764
-347.493
-309.709
-332.005
-341.046
-331.108
-326.597
-130.873
-178.368
-307.135
-207.959
-345.677
-326.147
-343.531
-128.576
-265.089
-74.0827
-303.108
-327.153
-326.918
-269.211
-256.212
-10.6709
-31.5995
-36.0123
-219.658
-334.551
-324.914
-306.542
-296.088
-213.896
-230.862
-276.66
-277.018
-328.287
-152.127
-207.725
-220.814
-282.878
-302.662
-190.176
-321.884
-313.342
-344.932
-332.562
-314.49
-319.054
-299.075
-327.815
-290.749
-326.281
-255.239
-300.776
-305.886
-333.445
-259.808
-293.216
-268.293
-340.898
-277.246
-327.243
-243.148
-262.1
-321.21
-316.511
-183.316
-310.904
-191.625
-275.976
-234.314
-14.4177
-290.103
-255.881
-280.505
-344.3
-307.649
-200.926
-240.835
-270.033
-244.981
-349.241
-326.535
-320.283
107.617
28.6686
-252.035
-313.894
-333.408
-278.864
-305.33
-258.326
-200.581
-314.241
-340.827
-174.12
-267.749
-311.685
-227.992
-343.603
-296.764
-319.229
-272.241
-32.4621
-275.575
-313.911
-330.302
-283.276
-254.271
-305.308
-272.083
-303.28
-323.09
-321.851
-315.007
-333.413
-329.696
-336.025
-131.773
-208.033
-263.321
-277.42
-323.467
-349.672
-330.136
-71.078
-233.562
-260.564
-277.285
-235.78
-143.417
-162.607
-314.859
-332.731
-309.782
-318.192
-322.047
-237.493
-216.594
-275.452
-341.304
-293.535
-310.544
-330.729
-212.877
-343.124
-344.097
-326.462
-326.841
-326.684
-340.557
-317.028
-284.583
-326.973
-343.065
-203.515
-295.464
-349.976
-287.344
-307.825
-347.566
-284.772
-296.512
-307.064
-259.606
-330.414
-261.909
-227.82
-337.718
-345.152
15.801
-46.8876
-112.058
-332.566
-346.546
-203.126
-324.59
-298.021
-315.954
-317.579
-196.741
-130.941
-288.838
-220.383
-326.699
-338.904
-295.915
-342.783
-246.485
-346.111
-332.095
-291.808
-307.129
-294.591
-118.828
-144.841
-256.194
-348.817
-239.641
-246.764
-254.5
-277.195
-337.524
-294.143
-265.697
-190.64
-343.23
-279.789
-318.982
-145.668
-333.42
-255.258
-285.791
-278.826
-27.4208
-99.9684
-185.908
-193.418
-325.837
-290.081
-270.582
-319.917
-331.389
-320.458
-338.834
-165.7
-247.188
-296.286
-348.572
-85.7281
-86.5724
-339.683
-55.227
-299.682
-212.779
-300.095
-330.211
-323.155
-307.195
-335.915
-337.234
-237.994
-283.686
-305.634
-299.933
-313.469
-319.4
-335.536
-275.466
-241.1
-281.357
-339.738
-341.531
-312.734
-260.774
-334.404
-335.948
-282.119
-302.99
-229.828
-239.994
-318.972
-316.32
-322.358
-290.481
-315.192
-344.202
-342.92
-188.82
-324.811
-301.376
-221.214
-266.791
-276.069
-342.274
-326.106
-306.072
-323.071
-221.38
-294.589
-341.147
-346.397
-311.184
-236.764
-333.985
-347.629
-184.961
-331.8
-334.917
-325.815
-107.551
-290.91
-314.469
-321.807
-332.927
-73.6611
-170.642
-148.079
-324.317
-324.978
-327.373
-287.252
-342.946
-331.957
-276.686
-333.617
-335.846
-270.933
-281.347
-307.275
-314.243
-77.7556
-227.975
-346.162
-344.346
-334.977
-269.374
-325.644
-321.005
-348.573
-160.436
-341.982
-310.678
-257.702
-283.113
-123.188
-237.639
-312.704
-315.726
-299.746
-311.693
-342.79
-304.483
-126.632
-344.026
-329.823
-312.674
-340.762
-341.759
-338.088
-339.017
-314.89
-283.78
-292.578
-102.192
-142.701
-315.148
-296.849
-127.662
-338.709
-343.224
-278.059
-334.335
-337.877
-281.507
-292.605
-265.299
-294.124
-230.123
-282.022
-328.196
-339.737
-247.437
-251.708
-269.275
-322.12
-149.453
-199.107
-291.324
-298.969
-307.24
-334.584
-308.543
-245.575
-253.13
-262.091
-67.1528
-75.8073
-345.413
-342.192
-259.711
-258.815
-82.605
-225.808
-294.699
-213.845
-339.425
-340.185
-252.496
-311.242
-348.615
-331.39
-293.99
-298.63
-329.556
-216.943
-244.657
-87.8845
-344.622
-276.076
-307.844
-48.256
-91.658
-243.016
-260.923
-299.855
-324.176
-332.056
-226.723
-230.244
-333.304
-343.296
-333.607
-322.52
-150.402
-178.251
-242.067
-298.61
-310.497
-345.384
-285.113
-340.862
-310.434
-135.376
-339.377
-282.57
-318.745
-327.749
-244.68
-328.456
-309.121
-334.543
-338.026
-172.654
-186.816
-263.102
-220.19
-223.052
-349.403
-250.527
-346.699
-144.285
-239.858
-277.144
-196.676
-273.773
-343.53
-299.695
-304.176
-340.07
-120.301
-272.82
-320.501
-291.025
-326.263
-279.596
-77.3446
-298.623
-336.618
-258.634
-76.4457
-182.221
-340.988
-234.239
-251.561
-216.354
-312.241
-266.583
-267.068
-205.354
-346.971
-318.903
-311.059
-252.581
-196.357
-328.386
-255.211
-329.563
-294.846
-348.544
-333.573
-165.986
-290.528
-339.967
-321.46
-334.533
-339.132
-319.716
-290.071
-298.232
-197.656
-197.803
-345.009
-347.355
-228.187
-288.497
-134.371
-334.539
-244.217
-273.806
-288.442
-330.521
-330.542
-116.39
-221.734
-302.664
-273.256
-332.34
-231.114
-278.069
-238.245
-347.472
-326.068
-322.774
-333.64
-313.995
-341.904
-234.741
-332.958
-287.979
-13.4309
-147.168
-157.965
-250.346
-257.045
-309.635
-320.417
-345.598
-211.813
-78.0721
-138.326
-288.94
-320.957
-282.889
-255.666
-270.157
-261.546
-265.58
-224.721
-313.857
-333.754
-307.551
-60.3958
-159.351
-104.075
-212.527
-279.655
-275.998
-215.521
-192.869
-271.725
-234.414
-240.275
-295.047
-317.071
-337.14
-249.36
-290.594
-257.276
-231.53
-262.772
-348.148
-337.716
99.9963
88.3814
-129.319
-196.335
-320.087
-345.013
-346.249
-349.181
-306.516
-201.155
-224.042
-273.82
-228.392
-196.914
-201.48
-176.601
-346.425
-231.239
-296.073
-342.479
-262.863
-302.772
-343.182
-349.085
-295.244
-329.778
-283.282
-327.608
-142.686
-344.358
-329.321
-338.836
-347.293
-306.833
-332.971
-234.735
-318.646
-217.652
-54.0862
-308.118
-293.892
-328.141
-132.426
-196.5
-264.472
-246.499
-283.73
-295.433
-342.525
-328.203
-80.299
-305.939
-302.515
-310.349
-194.73
-341.748
-302.285
-347.843
-276.554
-349.508
-313.597
-239.892
-307.567
-319.88
-245.816
-151.047
-162.207
-236.157
-42.951
-247.125
-323.406
-327.199
-348.575
-49.0298
-339.691
-344.824
-346.174
-333.962
-301.914
-305.229
-343.212
-85.1193
-201.548
-338.812
-151.362
-166.913
-322.743
-325.108
-291.26
-316.302
-324.136
-158.248
-324.049
-326.254
-294.808
-270.186
-343.964
-198.174
-295.473
-319.252
-329.684
-219.652
-297.817
-303.403
-308.791
-293.789
-262.31
-337.521
-208.363
-157.538
-315.09
-309.907
-33.1336
-295.858
-55.4628
-218.113
-289.745
-196.055
-331.212
-332.491
-346.007
-109.594
-278.147
37.1175
-86.9945
-156.337
-270.893
-192.175
-223.826
-238.755
-263.582
-278.533
-313.501
-302.317
-340.025
-303.067
-286.894
-168.974
-278.557
-340.294
-348.517
-336.934
-310.486
-121.46
-227.604
-248.943
-259.342
-270.856
-273.225
-230.419
-305.557
-327.455
-294.785
-232.916
-156.885
-230.427
-342.978
-284.44
-312.337
-320.011
-296.597
-342.631
-341.389
-270.515
-218.909
-339.021
-299.826
-342.804
-336.243
-275.231
-295.311
-301.009
202.735
8.77813
-156.422
-240.186
-244.247
-344.439
-349.217
-323.562
-326.505
-331.454
-239.392
-279.038
-332.962
-329.397
-286.283
-281.877
-289.676
-328.481
-331.319
-346.872
-220.553
-272.635
-330.233
-222.649
-324.686
-334.583
-280.27
-310.519
-321.529
-258.683
-300.85
-167.933
-224.315
-316.489
-237.573
-343.082
-266.602
-294.244
-225.227
-256.85
-274.77
27.0235
-348.96
-349.09
24.4007
-57.9307
-67.8077
-83.1243
-105.275
-129.219
-311.514
-241.075
-280.474
-297.652
-314.726
-312.852
-340.55
-217.188
-311.58
-342.334
-204.068
-225.009
-341.197
-284.158
-340.71
-320.277
-304.688
-285.577
-261.428
-337.993
-299.394
-318.891
-308.748
-151.405
-271.557
-328.168
-299.56
-192.215
-242.309
-232.071
-344.595
-283.873
-259.613
-265.771
-322.264
-49.4108
-270.338
-277.525
-295.71
-317.785
-344.888
-106.943
-218.958
-300.918
-347.006
-256.713
-287.336
-285.562
-117.115
-166.824
-315.85
-315.239
-344.074
-116.232
-302.803
-304.691
-196.821
-238.647
-306.991
-276.049
-278.282
-333.485
-48.7056
-218.913
-289.145
-326.52
-270.851
-346.093
-316.336
-272.54
-347.309
-293.586
-160.975
-340.472
-278.892
-296.308
-244.572
-331.896
-315.833
-297.975
-259.385
-344.711
-308.529
-298.758
-259.873
-172.917
-332.164
-201.752
-216.441
-229.529
-280.356
-331.855
-343.064
-125.813
-200.602
-327.39
138.378
-66.5972
-108.456
-123.472
-283.521
-291.704
-230.979
-296.876
-210.563
-291.586
-280.836
-347.142
-299.225
-322.582
-347.039
-337.385
-296.662
-338.105
-342.912
-286.246
-342.784
-346.916
-59.017
-166.21
-173.076
-213.322
-302.14
-332.685
-307.409
-342.833
-261.591
-330.521
-333.086
-54.7986
-233.799
-225.913
-283.128
-272.432
-304.732
-258.456
-299.115
-329.398
-339.77
-218.478
-305.122
-329.214
-182.926
-224.325
-180.936
-280.557
-295.106
-325.905
-272.851
-280.437
-190.696
-303.109
-325.067
-333.993
-219.57
-326.585
-265.536
-318.158
-233.057
-327.463
-313.791
-294.38
-346.141
-345.475
-330.513
-349.393
-273.153
-341.018
-324.733
-178.312
-272.099
-309.306
-331.474
-345.934
-346.167
-220.917
-230.223
-318.127
-315.236
-208.131
-256.063
-335.645
-170.378
-262.447
-306.451
-301.447
-222.673
-55.272
-230.625
-237.782
-239.311
-206.094
-227.95
-336.543
-259.501
-327.341
-120.966
-345.485
-263.385
-327.494
-346.568
-322.506
-236.112
-303.471
-307.761
-345.144
-298.631
-341.217
-292.682
-227.142
-318.922
69.7651
-168.144
-248.604
-328.319
-307.399
-342.055
-340.142
-301.129
-342.015
-329.128
-334.524
-315.529
-294.403
-344.228
-243.337
-331.369
-330.752
-338.444
-261.308
-340.094
-200.084
-211.122
-333.229
-338.326
-253.033
-324.367
-306.383
-272.543
30.0958
-83.576
-208.397
-275.848
-334.592
-327.415
-324.928
-327.728
-347.786
-283.758
-292.239
-298.292
-345.208
-307.32
-87.2737
-125.451
-161.42
-252.035
-273.001
-290.982
-247.026
-286.048
-333.346
-176.732
-218.606
-319.604
-66.7097
-106.975
-236.843
-285.036
-332.64
-345.97
-85.066
-116.46
-208.305
-217.78
-321.649
-272.141
-272.671
-218.687
-296.486
-293.431
-247.051
-136.945
-242.113
-327.487
157.944
37.7238
29.5871
-10.28
-49.4342
-67.0577
-187.602
-257.61
-278.197
-327.326
-347.771
-349.949
-320.342
-333.516
-145.997
-317.198
-333.658
-243.921
-310.167
-335.18
-287.375
-285.494
-305.841
-340.19
-311.472
-327.647
-208.596
-331.974
-322.545
-250.406
-331.743
-307.191
-349.905
-333.569
-275.448
-280.997
-345.195
-261.937
-84.2019
-346.513
-329.949
-322.022
-292.21
-324.907
56.1533
-66.6745
-103.02
-333.324
-348.342
-296.368
-303.68
-275.691
-283.337
-109.194
-186.292
-265.036
-284.99
-172.672
-306.919
-319.871
-246.166
-15.1176
-102.865
-308.41
-261.545
-306.476
-349.895
-252.235
-265.285
-324.024
-206.039
-223.293
-192.509
-203.057
-278.961
-173.814
-197.367
-258.252
-298.754
-344.078
-310.47
-347.154
-240.05
-313.426
-223.584
-329.565
-329.915
-334.031
-272.834
-340.093
-273.073
-256.125
-333.742
-316.237
-284.839
-91.3885
-154.133
-299.229
-301.414
-266.617
-285.278
-340.638
-274.696
-248.033
-168.771
-268.819
-247.669
-300.349
-261.418
-299.291
-240.725
-282.361
-347.916
-153.956
-201.409
-226.679
-323.67
-182.548
-118.115
-305.26
-333.6
-302.387
-250.204
-266.18
-334.204
-342.903
-335.053
-282.036
-326.743
-249.641
-169.108
-236.458
-332.174
-206.16
-207.834
-340.774
-218.162
-17.5024
-105.243
-333.726
-304.803
-204.622
-296.688
-172.181
-176.296
-265.72
-321.814
-340.964
-346.377
-289.802
-240.999
-242.346
-242.665
-337.889
-155.004
-251.593
-239.527
-238.3
-317.463
-337.779
-337.465
-267.101
-348.949
-297.288
-329.15
-152.953
-263.517
-321.116
-330.609
-161.444
-262.59
-326.857
-338.912
5.79141
-71.6261
-220.439
-342.894
-344.809
-149.357
-205.61
-221.287
-234.36
-193.148
-207.127
-248.441
-296.322
-342.077
-219.437
-267.738
-250.448
-61.0516
-61.5879
-238.673
-273.816
-23.2204
-219.451
-230.824
-294.804
-333.858
-310.934
-319.327
-334.813
-340.552
-323.27
-328.605
-337.48
-276.365
-347.406
-179.206
-340.823
-214.197
-276.145
-219.95
-153.574
-316.274
-342.992
-117.22
-147.459
-159.731
-167.887
-107.912
-177.522
-254.282
-244.888
-265.212
-286.88
-328.617
-339.349
-304.717
-299.889
-310.404
-347.82
-331.881
-342.789
-305.78
-334.299
-326.054
-294.718
-249.361
-280.9
-280.592
-20.9258
-343.667
-180.177
-223.739
-343.445
-277.549
-331.598
-207.982
-208.148
-216.818
-220.31
-217.728
-281.147
-313.215
-349.502
-226.361
-291.548
-300.316
-266.912
-336.528
-349.859
-303.269
-194.364
-194.991
-211.938
-349.74
-317.614
-317.659
-254.59
-312.997
-329.526
-200.71
-266.684
-267.732
-280.728
-180.292
-83.775
-192.326
-342.367
-193.909
-209.761
-242.77
-334.082
-301.262
-335.123
-263.647
-279.348
-338.185
-272.488
-286
-346.087
-295.943
-312.943
-328.154
-344.468
-215.927
-220.761
-267.907
-311.597
-329.956
-254.368
-344.75
-322.992
-322.429
-336.036
-224.578
-335.492
-42.5059
-264.98
-273.473
-123.365
-183.493
-215.559
-239.534
-282.846
-255.253
-166.434
-320.843
-300.217
-278.366
-300.652
-332.319
-332.507
-203.467
-209.734
-329.22
-288.431
-344.956
-311.726
-301.117
-307.35
-266.457
-280.722
-330.818
-320.758
-31.4698
-255.038
-318.686
-270.274
-287.408
-319.046
-180.377
-306.466
-349.129
-287.408
-339.729
-280.927
-334.627
-283.182
-325.401
-262.105
-264.658
-343.024
-230.032
-281.43
-277.793
-335.822
-22.7631
-310.848
-154.76
-301.643
-332.595
-337.214
-332.002
-88.2287
-292.372
-324.436
-326.584
-343.75
-236.024
-342.217
-323.576
-249.933
-305.207
-51.6064
-123.408
-177.842
-158.031
-239.936
-337.221
-17.1182
-158.998
-216.183
-323.626
-284.475
-271.841
-346.055
-15.1299
-297.033
-223.309
-261.315
-329.093
-319.853
-337.78
-296.589
-206.04
-326.178
-305.541
66.7204
-6.68089
-82.1927
-157.069
-298.161
-344.387
-275.2
-324.774
-326.604
-312.714
-319.966
-178.091
-339.177
-328.97
-211.412
-341.872
-236.473
-326.97
-333.379
-288.899
-332.595
-212.103
-226.278
-259.466
-320.277
-281.673
-294.373
-323.108
-289.116
-339.429
-338.54
-320.918
-327.548
-274.241
-331.319
-140.104
-327.42
-262.98
-342.947
-308.68
-310.507
-133.081
-257.432
-291.527
-159.613
-285.887
-338.213
-320.09
-344.542
-327.745
-253.903
-348.656
-274.474
-349.837
-249.612
-115.653
-259.587
-302.919
-333.326
-330.053
-323.976
-332.543
-337.458
-331.149
-282.073
-331.151
-251.761
-297.328
-226.616
-245.112
-309.629
-250.277
-47.2758
-176.262
-254.6
-164.004
-275.276
-345.542
-340.052
-337.693
-289.543
-53.8127
-69.6949
-146.582
-328.525
-235.092
-297.486
-341.14
-348.942
-140.536
-298.538
0.719644
-160.22
-279.175
-255.702
-138.532
-188.457
-239.473
-282.027
-160.652
-176.983
-316.231
-344.069
-323.582
-177.636
-272.465
-76.2424
-213.852
-163.57
-292.364
-344.189
-280.37
-295.99
-349.743
-161.952
-187.765
-264.588
-225.184
-339.029
-333.418
-339.525
-348.042
-293.564
-297.724
-345.281
-323.99
-218.689
-325.615
-327.216
-169.26
-280.848
-333.679
-222.458
-276.014
-18.2968
-148.09
-265.078
-288.757
-342.085
-205.859
-308.213
-326.935
-229.756
-317.5
-307.152
-288.044
-303.945
-347.784
-313.547
-306.897
-349.255
-283.094
-325.128
-346.056
-277.984
-296.154
116.36
35.6901
-47.8763
-218.288
-271.483
-333.748
-341.744
-341.994
-244.128
-280.866
-305.949
-280.06
-282.003
-285.26
-319.036
-239.908
-3.29944
-269.512
-324.607
-341.034
-269.303
-238.443
-269.832
-248.709
-260.712
-338.605
-305.617
-227.784
-257.97
-201.783
-274.738
-327.879
-334.964
-329.732
-329.509
-302.471
-324.362
-319.249
-42.0949
-179.396
-306.557
-225.81
-286.688
-224.209
-279.659
-275.252
-325.417
-281.208
-341.026
-236.22
-348.313
-342.513
-225.945
-220.147
-312.978
-150.892
-163.662
-191.031
-192.445
-270.875
-337.927
-324.549
-254.841
-308.51
-339.535
-231.791
-342.074
-320.586
-98.7929
-156.271
-164.152
-169.138
-89.2714
-119.945
-161.359
-309.466
-348.949
-336.718
-50.0836
-222.148
-284.703
-328.236
-180.919
-207.843
-300.462
-344.742
-340.802
-285.33
-299.818
-334.899
-211.426
-320.018
-127.069
-177.359
-198.249
-97.4354
-143.154
-259.244
-193.021
-334.032
-290.865
-342.623
-233.175
-335.534
-275.496
-324.466
-304.298
-318.93
-173.798
-167.366
-212.278
-303.105
-348.354
-346.824
-341.308
-136.888
-138.668
-229.442
-315.851
-348.023
-338.381
-319.346
-329.697
-345.654
-306.545
-290.219
-325.218
-279.154
-299.555
-348.239
-302.876
-247.379
-69.4352
-98.2542
-333.1
-347.666
-125.431
-336.69
-252.983
-252.539
-322.057
-283.025
-330.576
-288.456
-324.399
-301.792
-277.63
-164.462
-307.031
-337.225
-342.676
-300.308
-317.267
-308.684
32.7271
-120.24
-128.183
-240.832
-323.871
-287.886
-339.836
-271.298
-321.348
-345.522
-155.654
-347.77
-240.361
-301.796
-138.275
-312.015
-318.787
-264.521
-342.461
-275.433
-271.271
-347.576
-274.329
-187.585
-251.557
-342.093
-276.668
-342.424
-200.22
-275.631
-329.202
-300.466
-281.068
-346.344
-293.182
-315.209
-291.311
-310.874
-336.471
-325.487
-271.533
-284.45
-308.362
-329.391
-330.301
-216.388
-271.079
-332.81
-298.983
-314.454
-314.101
-250.317
-165.537
-265.948
-326.687
-340.552
-200.492
-226.851
-291.785
-234.452
-291.691
-336.836
-337.389
-224.713
-280.984
-344.695
-298.209
-333.393
-286.609
-288.179
-270.867
-291.013
-332.385
-302.162
-186.796
-306.025
-328.506
-349.468
-334.987
-323.194
-333.742
-322.063
-292.324
-200.526
-321.67
-99.5675
-313.078
-325.309
-348.453
-270.701
-283.759
-330.244
-338.825
-312.75
-335.485
-311.025
-349.534
-344.225
-331.86
-330.116
-77.3477
-317.786
-316.565
-344.872
-324.994
-244.724
-255.532
-341.334
-277.656
-187.162
-242.831
-244.435
-259.25
-339.038
-329.427
-349.373
-249.16
-307.268
-239.911
-254.669
-339.193
-242.113
-307.299
-312.289
-322.847
-325.03
-216.453
-151.313
-298.047
-298.735
-332.569
-260.559
-299.711
-336.36
-95.0862
-121.383
-187.13
-200.022
-344.576
-217.174
-274.514
-287.243
-23.2049
-26.354
-73.0185
-268.175
-339.447
-252.553
-328.141
-284.355
-349.225
-324.787
-345.632
-349.118
-228.394
-258.104
-313.305
-255.765
-145.76
-313.751
-167.401
-221.869
-292.555
-134.176
-298.821
-303.028
-305.687
-58.1857
-102.448
-156.29
-303.473
-296.37
-167.798
-338.867
-269.003
-329.152
-334.699
-172.16
-302.215
-321.393
-344.307
-257.193
-291.74
-336.337
-196.456
-338.833
-256.449
-276.028
-344.769
-334.77
-342.169
-293.326
-340.454
-336.693
-292.396
-286.135
-118.983
-249.878
-297.723
-304.739
-319.728
-273.828
-265.561
-285.724
-341.957
-173.168
-85.2381
-141.502
-240.274
-311.154
-189.658
-202.52
-241.678
-311.954
-89.6149
-249.93
-104.02
-311.388
-143.817
-163.619
-324.692
-334.65
-233.39
-259.973
-346.158
-341.199
-260.044
-337.979
-321.481
-339.066
-155.914
-311.495
-332.229
-339.942
-318.202
-333.778
-339.037
-260.662
-323.668
-336.595
-280.155
-319.161
-248.86
-312.175
-328.035
-216.818
-229.897
-254.242
-244.411
-306.309
-338.039
-313.779
-315.755
-311.521
-108.725
-282.161
-332.839
-302.404
-285.603
-280.271
-277.632
-287.217
-320.777
-339.864
-191.479
-318.98
-57.0034
-190.585
-250.432
-4.57263
-119.838
-221.659
-275.787
-216.267
-265.515
-319.219
-261.967
-330.943
-295.477
-269.803
-289.931
-190.802
-255.817
-292.991
-301.995
-266.403
-317.963
-259.023
-299
-300.219
-219.599
-297.323
-336.967
-344.177
-201.332
-338.215
-327.085
-199.135
-224.705
-227.474
-239.288
-316.204
-332.14
-256.484
-325.494
-325.439
-295.423
-343.51
-342.685
-273.842
-297.677
-330.971
-326.062
-297.751
-334.8
-267.605
-275.008
-279.791
-223.442
-295.667
-28.2096
-114.111
-343.037
-288.283
-323.726
-327.711
-302.564
-307.775
-291.314
-65.4
-265.311
-346.483
-191.171
-315.805
-343.213
-75.5249
-208.663
-262.495
-311.547
-187.438
-270.747
-275.029
-338.828
-255.296
-269.648
-338.379
-328.223
-249.865
-135.756
-185.505
-213.332
-231.831
-288.687
-191.919
-195.519
-195.728
-245.645
-336.221
-122.973
-150.437
-299.094
-291.163
-329.596
-342.441
-301.051
-346.155
-223.046
-230.887
-244.809
-140.261
-185.223
-298.199
-314.032
-320.424
-339.253
-347.93
-299.159
-315.952
-266.865
-307.608
-319.047
-90.2261
-158.685
-347.265
-325.839
-242.957
-271.827
-221.41
-235.46
-165.259
-324.582
-277.754
-334.96
-296.812
-331.2
-264.338
-282.088
-348.617
-333.942
-292.054
-315.712
-156.813
-239.589
-344.875
-334.315
-329.687
-263.828
-271.479
-342.938
-259.941
-71.9718
-252.159
-202.823
-297.196
-175.161
-340.653
-23.5247
-150.403
-246.949
-287.245
-347.966
-248.897
-299.213
-305.376
-289.221
-312.537
-24.4413
-111.933
-172.267
-266.041
-341.03
-266.414
-344.502
-345.966
-317.799
-288.018
-333.936
-302.028
-283.11
-227.32
-229.153
-344.441
-348.741
-300.755
-243.506
-264.707
-331.085
-286.542
-314.098
-308.587
-345.25
-287.029
-320.8
-291.524
-152.563
-265.925
-342.622
-323.753
-252.438
-333.203
-146.46
-223.987
-307.607
-334.45
-337.69
-110.55
-206.238
-284.946
-164.412
-176.491
-253.321
-311.511
-326.643
-304.479
-330.336
-320.995
-307.631
-249.498
-248.387
-285.125
-313.325
-345.736
-296.246
-303.934
-216.764
-296.229
-290.947
-285.236
-346.208
-299.362
-347.19
-283.28
-333.935
-348.802
-181.052
-349.78
-244.41
-308.951
-322.332
-287.36
-299.861
-255.217
-297.016
-299.042
-327.331
-299.384
-245.911
-281.493
-301.023
-336.716
-345.022
-245.706
-275.55
-279.812
-321.066
-68.5508
-124.638
-322.353
-333.942
-321.525
-344.195
-315.911
-311.653
-309.2
-209.147
-283.447
-250.934
-241.693
-304.934
-181.968
-185.869
-233.513
-227.896
-96.7009
-269.107
-249.067
-235.813
-245.476
-291.796
-250.661
-268.026
-337.152
-277.812
-343.473
-263.339
-147.38
-306.769
-346.79
-325.476
-73.8817
-128.586
-294.775
-322.56
-344.095
-292.37
-324.361
-273.537
-317.63
-265.22
-333.973
-305.885
-330.695
-277.746
-318.091
-254.559
-340.311
-289.912
-330.52
-57.1289
-211.617
-318.457
-348.118
-307.106
-344.294
-337.529
-240.604
-260.338
-318.158
-348.901
-333.886
-216.029
-236.729
-311.783
-216.703
-298.208
-331.871
-334.172
-302.806
-307.033
-346.827
-165.911
-323.049
-281.186
-168.019
-338.834
-341.509
-257.855
-349.92
-197.398
-302.645
-200.261
-330.641
-340.585
-338.037
-345.932
-219.403
-280.91
-136.64
-177.578
-254.108
-329.731
-333.57
-202.038
-318.603
-310.545
-323.45
-213.724
-318.366
-295.371
-288.353
-348.422
-342.601
-210.49
-249.799
-264.426
-279.828
-307.431
-349.738
-341.78
-281.193
-306.273
-343.994
-308.877
-334.096
-306.787
-331.148
-346.587
-292.694
-317.069
-297.136
-337.055
-318.596
-184.895
-267.647
-327.457
-167.704
-312.587
-222.182
-223.829
-260.451
-315.517
-220.959
-223.641
-346.985
-207.111
-304.025
-302.451
-190.514
-283.321
-178.068
-297.203
-320.188
-308.231
-263.031
-336.899
-180.683
-220.415
-241.506
-334.785
-212.237
-261.86
-302.104
-343.393
-295.842
-310.819
-300.773
-345.908
-327.996
-330.508
-267.678
-102.915
-262.377
-238.308
-338.585
-336.8
-247.211
-336.785
-255.134
-276.661
-307.015
-218.233
-288.535
-215.912
-310.177
-315.255
-324.193
-224.377
-256.667
-280.044
-347.248
-260.827
-322.605
-172.773
-274.073
-311.818
-96.8688
-154.141
-170.447
-250.097
-293.868
-325.797
-222.733
-228.684
-276.848
-267.848
-265.266
-340.77
-345.076
-346.774
-149.478
-249.076
-252.398
-336.378
-333.49
-240.111
-260.391
-283.168
-176.528
-279.836
-240.659
-168.263
-176.979
-268.645
-305.22
-312.499
-330.065
-286.558
-276.96
-315.872
-188.855
-282.815
-346.538
-229.429
-289.931
-330.293
-139.817
-182.989
-126.399
-243.331
-278.212
-276.66
-258.861
-214.684
-294.769
-342.376
-285.563
-327.7
30.5443
-31.343
-136.817
-169.891
-194.066
-338.08
-343.716
-348.524
-344.056
-70.6112
-76.4646
-33.6614
-82.4151
-191.036
-333.505
-346.177
-327.434
-186.898
-157.083
-299.257
-110.504
-240.67
-249.793
-336.646
-227.316
-315.592
-326.329
-332.513
-345.911
-215.006
-291.674
-341.052
-329.617
-205.632
-347.465
-291.588
-348.13
-250.887
-345.901
-258.356
-308.974
-284.942
-331.107
-289.701
-303.369
-342.641
-307.94
-325.799
-226.651
-294.299
-253.304
69.648
-318.076
-348.577
-324.801
-342.784
-240.778
-218.96
-302.603
-171.978
-310.624
-208.667
-273.302
-217.474
-53.4734
-229.939
-261.658
-333.738
-179.002
-182.445
-349.351
-316.327
-341.416
-278.521
-258.924
-307.467
-314.655
-324.261
-331.802
-327.883
-339.318
-348.22
-270.721
-303.139
-290.515
-318.951
-168.181
-183.87
-308.89
-292.064
-310.598
-222.424
-264.971
-278.847
-332.064
-305.755
-321.657
-287.503
-314.958
-343.104
-347.011
-329.019
-347.641
-349.868
-312.327
-339.982
-347.855
-326.699
-341.51
-342.655
-323.497
-233.242
-335.846
-327.635
-298.688
-349.343
-328.622
-316.444
-342.441
-281.685
-183.11
-212.327
-224.726
-277.76
-301.566
-298.374
-153.78
-224.761
-335.324
-338.063
-284.231
-224.813
-313.135
-343.237
-324.898
-268.108
-282.108
-180.794
-312.889
-349.68
-261.552
-314.172
-247.075
-337.58
-336.601
-206.046
-301.849
-327.527
-79.9368
-272.459
-312.676
-44.0254
-49.665
-182.202
-269.267
-338.238
-281.861
-111.143
-282.563
-311.872
-345.278
-188.064
-206.661
-330.523
-287.074
-347.868
-69.124
-124.956
-165.715
-201.941
-322.49
-135.81
-136.641
-288.092
-338.358
-312.095
-255.523
-329.392
-298.574
-198.89
-274.899
-317.812
-328.719
-240.491
-305.333
-233.328
-324.016
-213.768
-280.711
-343.923
-150.595
-276.315
-347.596
-235.854
-348.909
-348.982
-342.761
-271.048
-292.011
-237.27
-308.006
-344.179
-246.648
-268.722
-288.641
-328.047
-347.519
-324.554
-264.169
-331.886
-275.454
-343.713
-348.453
-285.128
-293.346
-246.977
-305.066
-326.857
-291.204
-93.6512
-266.246
-331.484
-349.408
-320.222
-263.893
-323.288
-284.413
-264.076
-349.521
-342.824
-321.719
-317.491
-327.89
-298.797
-171.964
-324.373
-334.511
-333.93
-296.581
-311.21
-152.046
-100.749
-187.638
-248.769
-320.001
-300.013
-214.407
-263.382
-300.068
-337.166
-255.469
-220.961
-288.569
-295.435
-349.398
-236.429
-300.811
-303.418
-261.089
-267.376
-75.834
-83.7309
-328.901
-280.016
-337.285
-172.339
-338.165
-288.373
-320.514
-273.333
-313.189
-287.542
-218.636
-293.494
-283.38
-224.571
-331.206
-349.939
-99.8579
-316.83
-307.246
-349.574
-347.098
-216.275
-347.263
-313.812
-346.573
-288.887
-181.042
-261.504
-325.268
-335.385
-328.272
-172.231
-299.515
-337.78
-339.903
-332.126
-250.612
-262.77
-327.531
-246.89
-254.338
-255.553
-247.064
-317.522
-26.6464
-32.3017
-76.9838
-92.9411
-140.346
-248.45
-279.835
-290.456
-277.077
-333.505
-262.771
-218.992
-315.43
-207.889
-318.49
-240.731
-300.95
-278.941
-322.987
-316.654
-331.933
-330.728
-334.312
-313.389
-347.128
-202.023
-298.692
-292.242
-345.934
-302.923
-339.92
-291.36
-326.453
-184.406
-222.097
-241.197
-328.522
-334.824
-335.041
-291.598
-223.45
-340.702
14.1739
12.5545
-9.47473
-30.0134
-282.934
-327.751
-338.052
-332.903
-337.64
-335.445
-208.15
-342.008
-328.714
-277.57
-345.617
-206.275
-297.011
-279.121
-230.827
-347.625
-316.839
-307.299
-308.355
-237.923
-275.255
-335.884
-343.258
-338.774
-266.615
-341.94
-224.873
-340.258
-308.297
-277.44
-340.395
-275.085
-186.696
-212.345
-246.107
-254.232
-177.709
-319.462
-331.163
-240.788
-316.78
-338.579
-293.101
-192.728
-266.347
-332.594
-331.766
-255.619
-251.356
-275.287
-308.231
-254.73
-256.315
-333.077
-318.973
-279.872
-301.615
-320.046
-301.449
-112.26
-267.654
-287.752
-311.106
-244.837
-260.235
-306.594
-125.392
-310.631
-287.505
-272.36
-326.825
-256.245
-278.726
-273.932
-329.885
-271.493
-306.818
-311.46
-336.802
-178.16
-237.872
-324.588
-268.823
-245.435
-298.068
-341.604
-252.426
-282.089
-348.008
-231.845
-154.953
-82.5427
-276.37
-286.951
-270.951
-315.471
-345.846
-239.96
-336.84
-330.272
-80.7983
-150.871
-218.303
-303.303
-312.159
-318.937
-56.4088
-234.729
-239.207
-265.688
-157.045
-254.816
-311.133
-124.144
-256.515
-270.199
-338.156
-236.425
-348.571
-348.514
-333.283
-288.144
-318.281
-332.112
-281.192
-325.075
-346.874
-342.09
-291.458
-343.241
-315.201
-336.347
-225.382
-313.639
-340.339
-249.31
-259.162
-284.876
133.416
-64.8945
-121.204
-158.013
-212.089
-309.079
-284.799
-328.667
-333.83
-300.499
-314.201
-328.439
-210.514
-319.627
-320.344
-264.716
-344.716
-239.477
-319.66
-340.524
-297.216
-296.537
-322.09
-272.296
-251.757
-288.016
-320.094
-315.756
-339.517
-330.528
-286.497
-337.599
-345.253
-254.779
-214.115
-278.595
-328.694
-211.151
-347.627
-347.63
-177.532
-293.899
-334.732
-320.028
-331.846
-329.019
-258.306
-320.437
-320.442
-332.305
-347.945
-279.017
-346.223
-339.807
-152.99
-298.28
49.2851
-147.642
-273.248
-231.619
-318.188
-218.526
-227.704
-335.513
-346.307
-286.594
-206.644
-312.111
-238.228
-277.048
-338.198
-163.201
-166.913
-277.885
-291.212
-328.946
-266.144
-273.105
-310.822
-330.673
-271.599
-300.913
-198.684
-212.858
-120.684
-337.357
-217.72
-285.213
-327.969
-340.49
-308.507
-326.733
-312.825
-266.497
-291.468
57.2717
-45.3432
-186.652
-274.517
-300.088
-154.212
-175.376
-254.16
-337.482
-316.64
-179.904
-286.984
-287.992
-315.123
-334.325
-340.102
-299.297
-15.8793
-24.647
-168.64
-347.079
-133.702
-162.202
-227.235
-249.11
-305.875
-127.909
-288
-293.991
-347.466
-307.202
-330.142
-336.107
-314.058
-334.21
-187.642
-273.23
-290.095
-309.066
-320.462
-312.099
-325.606
-347.519
-329.574
-304.661
-318.799
-239.1
-332.219
-298.383
-349.591
-237.869
-260.191
-323.063
-296.263
-307.644
-6.57552
-222.151
-256.92
-330.999
-314.814
-77.3745
-186.829
-253.784
-325.813
-340.266
-311.786
-344.621
-308.628
-341.42
-313.819
-204.934
-262.687
-344.073
-317.243
-329.247
-343.082
-336.409
-245.208
-273.979
-240.871
-227.28
-228.585
-349.148
-339.466
-340.02
-330.017
-313.033
-331.347
-304.051
-325.242
-343.006
-316.589
-327.55
-336.458
-248.767
-331.395
-330.364
-190.523
-308.518
-295.328
-345.899
-292.992
-309.745
-319.288
-314.361
-243.884
-292.663
-329.466
-329.192
-342.892
-294.757
-345.095
-329.522
-348.646
-294.066
-347.306
-329.925
-287.509
-325.025
-251.122
-327.509
-317.558
-242.553
-154.613
-306.202
-326.941
-228.86
-298.922
-277.696
-203.596
-335.986
-178.398
-265.37
-315.85
-325.66
-249.106
-196.793
-242.179
-262.757
-309.815
-313.531
-308.525
-347.131
-183.513
-254.547
-264.209
-290.714
-330.301
-130.734
-215.201
-322.176
-315.271
-236.934
-332.546
-336.144
-300.273
-329.669
-311.998
-327.152
-304.821
-276.127
-333.53
-338.243
-273.438
-322.362
-170.614
-190.235
-283.314
-303.59
-153.108
-205.473
-226.967
-234.555
-241.597
-297.251
-297.397
-249.741
-126.157
-143.239
-254.512
-270.288
-277.814
-283.083
-286.782
-308.248
-325.927
-323.185
-325.709
-311.278
-281.679
-321.545
-345.329
-287.141
-238.584
-276.031
-304.245
-329.293
-285.344
-266.837
-283.801
-327.592
-271.629
-315.615
-303.767
-316.835
-282.13
-329.637
-349.643
-314.807
-308.3
-336.354
-348.08
-97.9965
-225.335
-327.649
-270.293
-310.466
-343.002
-272.082
-222.893
-253.644
-319.827
-320.971
-106.545
-176.608
-237.74
-338.834
-277.424
-307.04
-261.385
-342.569
-333.17
-340.689
-115.432
-228.558
-313.764
-181.096
-229.3
-338.124
-295.493
-323.919
-333.174
-315.41
5.40266
-65.0812
-173.935
-311.991
-200.617
-211.265
-341.867
-297.232
6.0826
-59.1209
-86.1028
-133.117
-168.394
-323.589
-194.128
-103.65
-187.922
-188.521
-289.428
-246.024
-214.977
-328.115
-344.926
-292.773
-321.663
-326.763
-259.812
-279.656
-315.047
-141.278
-223.052
-232.114
-342.528
-285.14
-324.582
-296.421
-347.482
-330.045
-340.974
-297.265
-336.177
-3.8762
-68.8789
-188.539
-326.513
-336.126
-303.416
-319.843
-329.965
-307.498
-306.749
-214.184
-184.968
-336.596
-290.258
-308.827
-281.764
-323.735
-341.894
-225.052
-277.678
-327.065
-331.355
-187.523
-324.446
-310.159
-272.87
-348.758
-330.526
-274.802
-293.615
-110.665
-167.376
-268.849
-344.103
-344.494
-250.759
-343.651
-342.782
-293.31
-276.434
-270.991
-265.647
-286.983
-328.446
-252.055
-306.474
-316.798
-306.779
-334.459
-324.458
-200.232
-329.483
-275.157
-203.753
-56.6036
-288.65
-325.47
-263.363
-258.586
-343.135
-332.267
-292.713
-282.533
-341.44
-213.822
-274.178
-348.937
-76.3466
-212.563
-326.272
-324.546
-334.205
-216.13
-301.533
-342.241
-308.116
-283.177
-238.667
-254.764
-265.34
-296.735
-322.557
-322.006
-277.929
-331.788
-345.07
-307.05
-340.099
-209.346
-268.742
-324.854
-344.193
-328.248
-245.906
-349.231
-255.42
-338.301
-275.02
-345.586
-279.302
-325.313
-248.816
-196.201
-193.819
-270.793
-340.394
-327.611
-303.054
-323.707
-219.425
-253.484
-295.781
-323.823
-333.843
-205.151
-25.6458
-35.2791
-287.717
-348.972
-239.278
-339.799
-286.502
-305.886
-237.246
-304.008
-272.376
-317.078
-314.287
-165.428
-168.688
-169.672
-332.016
-284.474
-322.065
-0.869563
-195.706
-258.071
-278.265
-338.644
-301.167
-349.824
-245.374
-117.509
-202.788
-259.405
-295.303
-312.795
-321.65
-343.842
-147.234
-309.72
-332.247
-266.759
-318.413
-338.621
-182.376
-71.245
-342.432
-183.265
-204.953
-284.861
-298.719
-324.92
-333.078
-340.923
-349.51
-274.26
-173.642
-346.535
-348.253
-209.083
-8.91505
-187.337
-275.524
-279.861
-325.88
-348.593
-310.448
-339.893
-221.6
-220.066
-193.781
-307.925
-95.1611
-141.422
-164.12
-268.641
-270.047
-335.007
-349.883
-344.47
-163.33
-310.69
-291.369
-141.449
258.288
198.746
4.40721
-58.7088
-100.861
-225.657
-329.499
-232.069
-283.609
-319.662
-326.286
-233.693
-254.648
-339.36
-336.275
-326.257
-340.7
-326.332
-333.338
-321.015
-332.663
-325.562
-302.807
-307.275
-341.41
-190.796
-223.51
-256.907
-298.122
-319.73
-316.512
-299.169
-314.097
-316.286
-203.604
-341.482
-313.237
-238.963
-328.557
-331.569
-237.353
-347.106
-323.962
-340.151
-343.616
-320.279
-334.07
-341.398
-240.4
-326.639
98.4025
-258.507
-333.043
-137.272
-268.951
-294.268
-332.017
-54.7298
-170.771
-223.362
-231.437
-214.62
-117.314
-217.396
-227.126
-332.581
-343.263
-260.514
-304.682
-41.0899
-56.8481
-285.353
-287.75
-326.079
-334.36
-338.21
-212.77
-347.075
-344.064
-311.267
-347.551
-343.479
-313.676
-323.224
-287.74
-247.211
-327.601
-303.325
-182.008
-301.032
-176.341
-200.285
-323.769
-348.161
-301.449
-247.406
-266.1
-317.681
-335.806
-311.625
-315.626
-311.249
-347.588
-342.037
-342.19
-348.947
-307.199
-334.559
-345.036
-303.484
-329.744
-293.551
-211
-342.15
-334.288
-261.238
-346.212
-330.585
-141.469
-259.427
-324.287
-302.507
-314.2
-326.113
-296.535
-220.605
-257.867
-292.741
-109.054
-274.051
-227.349
-265.916
-312.559
-212.301
-227.348
-296.612
-349.482
-184.923
-236.461
-320.42
-260.275
-297.67
-308.345
-306.331
-339.745
-219.431
-302.556
-336.175
-120.502
-185.946
-285.63
-129.071
-329.748
-162.006
-305.146
-313.571
-248.717
-263.834
-205.809
-254.337
-331.805
-304.727
-266.197
-326.427
-155.021
-293.454
-332.342
-323.903
-338.621
-344.644
-305.054
-336.372
-262.133
-294.249
-345.852
-304.292
-314.597
-333.709
-169.384
-297.193
-297.51
-348.435
-292.512
-338.126
-342.763
-249.72
-335.456
-282.222
-337.266
-349.741
-265.901
-274.833
-274.817
-1.58228
-239.506
-276.987
-252.685
-300.461
-332.698
-92.0027
-243.08
-243.473
-288.808
-348.181
-339.743
-340.704
-342.204
-219.295
-284.756
-294.196
-336.455
-218.366
-320.982
-254.249
-226.175
-228.87
-235.477
-349.084
-342.564
-128.638
-298.415
-344.601
-292.715
-347.534
-268.986
-297.003
-321.261
-286.994
-342.163
-342.716
-310.776
-290.589
-333.718
-324.871
-286.814
-199.926
-330.701
-346.7
-325.996
-336.815
-189.3
-231.614
-307.109
-338.208
-346.692
-347.44
-163.482
-229.228
-321.041
-292.073
-332.431
-190.261
-289.718
-296.423
-347.893
-255.372
-278.346
-309.521
-177.326
-335.556
-262.196
-337.071
-321.511
-331.629
-265.234
-84.9438
-170.101
-307.589
-327.996
-288.147
-303.108
-251.146
-223.862
-342.55
-200.535
-331.223
-349.624
-316.213
-144.818
-234.789
-247.951
-312.772
-334.701
-307.073
-188.1
-191.838
-244.738
-343.677
-324.837
-284.517
-240.262
-284.188
-255.011
-246.12
-339.259
-228.753
-214.292
-225.165
-319.629
-232.815
-325.732
-291.636
-304.905
-281.001
-331.11
-263.235
-317.195
-125.427
-246.695
-310.969
-261.923
-204.005
-299.431
-239.497
22.2565
-273.541
-344.772
-180.457
-340.264
-278.477
-311.658
-232.427
-333.332
-263.04
-324.921
-319.232
-330.252
-283.594
-315.137
-317.131
-344.012
-227.041
-339.685
-261.306
-349.514
-320.924
-119.149
-145.058
-167.243
-328.834
-340.767
-348.329
-310.547
-312.961
-228.301
-283.173
-341.966
-305.899
-338.169
-333.184
-314.076
-169.124
-182.624
-228.299
-228.938
-345.654
-289.342
-288.295
-147.046
-296.369
-305.964
-263.209
-340.045
-293.077
-339.245
-202.344
-348.883
-264.098
-255.048
-310.663
-301.718
-285.578
-324.256
-298.581
-337.813
-282.398
-341.624
-257.911
-290.184
-304.547
-292.247
-286.573
-298.726
-275.339
-284.925
-291.483
-305.213
-85.0976
-138.822
-173.435
-247.354
-315.558
-259.283
-304.31
-183.345
-287.624
-339.751
-340.592
-134.55
-294.67
-258.549
-253.417
-326.362
-314.008
-322.593
-85.9034
-120.711
-176.808
-250.409
-259.074
-271.9
-338.101
-258.07
-199.297
-312.444
-289.837
-240.328
-338.514
-339.796
-209.505
-348.559
-281.675
-288.621
-312.35
-321.319
-250.242
-269.804
-309.721
-251.149
-267.125
-260.349
-260.371
-245.742
-337.648
-303.537
-179.026
-322.811
-291.859
-264.325
-345.24
-283.122
-319.473
-289.936
-297.863
-317.424
-344.423
-329.874
-323.802
-295.812
-153.677
-204.242
-264.375
-251.27
-322.976
-329.058
-196.687
-224.559
-323.277
-277.252
-286.666
17.4696
-107.933
-234.349
-318.071
-258.099
-346.967
-310.046
-300.299
-216.018
-228.229
-338.39
-334.504
-325.841
-331.529
-322.885
-206.265
-248.299
-277.568
-313.438
-323.464
-276.969
-298.541
-324.31
-343.32
-312.816
-285.642
-308.49
-347.036
-304.313
-314.651
-268.299
-272.696
-332.152
-349.364
-337.899
-345.065
-317.762
-256.319
-238.094
-230.783
-212.48
-271.916
-67.1536
-177.928
-190.948
-324.39
-323.564
-335.585
-132.481
-255.173
-337.764
-314.973
-336.266
-183.296
-208.807
-171.098
-318.849
-263.859
-317.504
-248.222
-332.107
-297.152
-306.581
-323.659
-141.621
-216.951
-338.083
-217.937
-327.169
-195.19
-335.023
-311.954
-248.582
-256.99
-316.453
-327.301
-257.334
-309.924
-344.15
-340.003
-244.842
-305.343
-304.652
-310.883
-349.841
-281.892
-295.378
-51.6112
-246.373
2.167
-0.593484
-166.27
-340.691
-283.238
-215.477
-294.86
-296.328
-308.76
-303.146
-345.422
-316.921
-323.059
-310.282
-293.651
-299.941
-302.299
-228.901
-308.114
-319.875
-224.388
-305.433
-337.405
-339.019
-318.113
-154.362
-160.118
-264.388
-270.035
-337.717
-321.922
-343.908
-294.301
-320.733
-314.185
-315.686
-325.349
-304.73
-269.057
-104.616
-311.893
-319.67
-329.728
-296.827
-305.891
-319.793
-168.466
-258.36
-274.729
-312.647
-261.238
-316.932
-341.8
-314.1
-321.423
-132.438
-348.484
-295.018
-314.773
-327.816
-231.902
-349.891
-261.845
-347.41
-296.646
-338.106
-339.779
-336.966
-241.994
-135.054
-172.373
-274.425
-277.388
-110.449
-187.252
-311.449
-306.18
-335.477
-184.242
-306.945
-308.013
-311.531
-319.129
-318.301
-238.858
-309.683
-307.688
-348.165
-134.166
-193.772
-211.899
-225.196
-335.63
-349.583
-336.889
-245.866
-257.515
-314.077
-327.464
-297.562
-320.676
-298.371
-238.019
-326.362
-348.484
-140.95
-290.181
-286.136
-258.42
-323.138
-254.355
-325.042
-325.289
-294.596
-299.42
-314.933
-301.166
-339.747
-115.766
-146.966
-309.516
-322.107
-311.951
-228.041
-268.867
-306.381
-338.674
-347.852
-295.206
-312.346
-315.377
-282.524
-299.059
-307.913
-250.808
-199.742
-266.494
-298.729
-323.641
-80.5901
-190.323
-231.198
-328.511
-143.934
-306.864
-341.747
-253.366
-336.296
-300.495
-129.217
-331.588
-290.863
-287.194
-298.485
-314.601
-341.858
-51.1073
-307.639
-267.859
-306.904
-326.831
-256.331
-319.736
-312.518
-303.944
-337.217
-193.494
-110.953
-291.268
-315.379
-336.393
-256.702
-323.838
-227.374
-268.075
-327.39
-174.392
-326.301
-306.657
-333.253
-333.996
-330.947
73.3177
47.8706
-2.59655
-137.929
-193.055
-207.192
-207.325
-146.164
-155.315
-220.873
-232.897
-317.915
-321.003
-349.123
-306.901
-228.409
-241.953
-300.529
-288.604
-348.147
-320.153
-332.638
-277.554
-291.704
-266.805
-345.157
-328.354
-241.628
-266.874
-342.711
-224.825
125.56
11.8505
-13.0119
-21.0659
-63.3879
-139.874
-282.104
-161.619
-294.708
-171.701
-244.312
-327.802
-285.422
-345.275
-349.248
-188.134
-217.565
-308.678
-297.338
-306.178
-295.866
-332.633
-307.588
-340.68
-287.45
-261.067
-269.439
-288.339
-321.729
-45.6329
-220.886
-232.109
-334.378
-316.872
-342.289
-166.572
-179.604
-233.977
-286.809
-349.083
-283.431
-342.045
-309.525
-335.76
-314.083
-329.285
-334.634
-299.427
-309.989
-315.097
-333.512
-330.812
-251.117
-239.843
-263.554
-280.253
-336.335
-349.847
-332.583
-311.276
-342.407
-302.993
-289.568
-206.138
-266.551
-299.15
-343.063
-288.426
-239.234
-342.407
-348.848
-343.054
-330.995
-337.613
-326.768
-331.01
-293.942
-307.937
-319.977
-344.634
-338.758
-135.964
-292.217
-320.077
-229.189
-276.984
-299.419
-325.347
-291.029
-323.811
-337.488
-279.819
-286.81
-320.47
-334.394
-343.861
-286.643
-337.413
-328.333
-330.361
-184.849
-240.735
-286.151
-325.483
-297.144
-348.812
-204.304
-320.596
-312.125
-310.481
-304.421
-163.017
-275.501
49.0835
-52.9598
-107.791
-189.494
-213.557
-297.257
-319.009
-319.527
-295.735
-341.508
-316.705
-281.841
-303.259
-338.205
-271.724
-337.704
-292.719
-279.248
16.2808
-291.192
-222.633
-309.872
-223.419
-325.352
-203.583
-327.89
-327.217
-349.436
-237.176
-231.685
-338.911
-231.78
-302.443
-293.579
-138.736
-255.449
-339.585
-50.877
-205.16
-211.108
-201.043
-264.225
-343.247
-329.632
-213.358
-252.543
-269.678
-332.918
-319.417
-234.089
-329.404
-339.148
-331.539
-343.953
-349.395
-304.778
-347.38
-335.465
-102.208
-323.993
-339.949
-317.055
-336.014
-310.111
-182.269
-209.097
-264.405
-339.028
-210.62
-223.476
-263.219
-247.578
-226.57
-321.916
-304.904
-345.454
-304.935
-320.945
-331.701
-200.857
-317.62
-291.794
-267.437
-308.425
-309.715
-304.629
-345.893
-304.743
-303.389
-306.839
-282.112
-285.296
-313.392
-268.914
-343.934
-336.184
-346.978
-334.078
-281.67
-283.145
-304.605
-300.644
-308.624
-296.269
-342.22
-125.635
-291.137
-318.133
-346.288
-249.135
-317.17
-208.561
-302.266
-346.506
-212.392
-262.036
-317.588
-275.508
-347.468
-331.71
-235.839
-331.767
-342.144
-253.047
-224.688
-278.968
-322.158
-311.303
-341.437
-204.585
-229.098
-335.279
-250.299
-285.074
-315.697
-340.811
-342.222
-347.934
-307.705
-333.714
-173.727
-237.553
-314.426
-324.838
-317.778
-114.282
-265.399
-121.283
-164.651
-335.149
-139.51
-341.723
-253.856
-292.548
-72.9131
-318.628
-315.881
-293.021
-314.038
-338.516
-241.104
-333.073
-338.222
-279.95
-263.713
-278.383
-299.304
-348.587
-349.505
-231.088
-339.15
-230.765
-185.693
-302.514
-250.683
-259.764
-305.788
-343.31
-327.708
-277.3
-295.71
-300.937
-311.312
-345.213
-345.284
-231.951
-342.882
-252.926
-284.495
-230.335
-345.375
-182.075
-282.18
-297.942
-347.421
-156.562
-223.352
-244.634
-332.452
-332.584
-253.06
-278.362
-271.31
-285.552
-285.896
-339.144
-257.843
-281.26
-235.242
-304.702
-286.342
-326.493
-190.831
-309.268
-238.094
-304.873
-325.393
-92.3408
-321.855
-246.603
-324.338
-260.329
-347.258
-320.687
-316.914
-267.189
-339.271
-348.719
-37.3979
-169.741
-316.581
-194.325
-328.261
-272.243
100.827
-120.431
-142.301
-220.17
-327.45
-295.418
-270.3
-337.202
-345.356
-347.167
-290.932
-327.919
-279.635
-247.2
-265.384
-269.991
-328.133
145.509
86.6328
-18.0669
-40.7529
-43.2217
111.391
-78.6254
-323.271
-291.187
-310.817
-346.238
-332.006
-230.707
-313.569
-222.682
-282.888
-316.11
-273.425
-296.893
-309.393
-225.334
-303.845
-139.272
-221.987
-234.858
-231.533
-327.842
-312.984
-334.588
-294.764
-335.623
-345.695
-327.855
-314.278
-295.669
65.6842
-95.0573
-284.766
-329.557
-325.012
85.8916
-85.5186
-200.421
-200.855
-206.27
-216.823
-259.314
-286.053
-282.731
-289.695
-301.138
-346.594
-333.449
-282.78
-210.028
-251.056
-316.554
-326.253
-335.409
-317.39
-343.922
-349.615
-61.4802
-73.7234
-232.447
-260.11
-310.776
-328.061
-242.519
-335.252
-278.163
-302.664
-347.258
-325.466
-106.832
-286.033
-287.66
-348.984
-343.326
-264.529
-315.358
-348.944
-303.832
-345.203
-286.714
-315.849
-330.692
-317.638
-274.434
-133.37
-158.721
-215.789
-276.662
-288.374
-291.895
-307.014
-273.894
-242.394
-301.622
-122.173
-249.012
-313.275
-303.976
-338.818
-346.344
-281.426
-304.822
-342.524
-331.741
-303.46
-330.034
-158.152
-171.287
-325.677
-331.599
-339.194
-267.011
-324.029
-347.465
-287.845
-291.474
-331.861
-332.112
-230.532
-291.628
-317.826
-343.511
-103.397
-114.514
-196.102
-226.366
-256.163
-337.352
-303.129
-346.408
-254.532
-292.046
-348.945
-256.563
-349.786
-316.466
-310.935
-323.203
-212.926
-273.394
-239.753
-269.272
-288.1
-336.632
-296.54
-295.86
-312.198
41.9055
-66.2734
-130.504
-169.718
-188.196
-193.437
-311.914
-321.816
-340.127
-348.649
-343.142
-278.148
-344.821
-331.482
-346.538
-233.269
-287.806
-336.609
-254.376
-285.273
-291.602
-347.739
-325.873
-324.998
-325.88
-323.646
-339.99
-282.24
-347.708
-237.453
-292.832
-276.678
-344.065
-291.111
-333.069
-315.705
-287.528
-316.009
-296.227
-309.115
-340.27
-302.254
-310.954
-255.238
-301.337
-303.066
-348.226
-293.424
84.1471
-282.156
-321.925
-305.061
-273.411
-328.588
-188.139
-196.943
-204.626
-267.833
-336.488
-315.519
-270.412
-226.072
-308.672
-318.03
-336.222
-331.352
-236.741
-324.795
-276.99
-321.08
-319.09
-336.564
-299.577
-319.179
-276.378
-325.469
-330.092
-47.8853
-171.894
-216.321
-224.013
-321.483
-244.303
-327.755
-216.054
-289.942
-349.194
-332.519
-282.933
-336.921
-283.692
-336.304
-268.955
-293.699
-333.983
-116.808
-279.254
-344.265
-239.431
-340.176
-335.475
-77.4242
-264.163
-340.647
-326.71
-195.657
-312.525
-240.116
-235.323
-315.038
-269.671
-289.906
-334.719
-157.15
-335.995
-276.795
-311.82
-308.305
-323.267
-340.661
-308.118
-344.516
-313.326
-297.976
-275.317
-265.456
-334.957
-346.015
-146.433
-317.39
-134.524
-156.859
-211.373
-216.493
-280.251
-193.628
-105.576
-200.244
-169.695
-185.617
-311.816
-279.351
-326.33
-273.603
-277.896
-111.185
-284.49
-226.228
-214.769
-349.224
-231.182
-325.569
-331.177
-330.292
-315.909
-347.408
-330.467
-306.74
-142.197
-329.972
-227.222
-203.241
-188.787
-306.762
-227.004
-343.524
-323.563
-290.256
-333.901
-306.985
-307.252
-349.815
-252.933
-280.083
-289.179
-302.76
-318.093
-327.285
-118.451
-158.598
-286.491
-333.872
-336.738
-325.82
-333.198
-290.962
-149.71
-250.9
-348.66
-333.566
-328.162
-337.546
-324.953
-313.266
-331.851
-346.108
-166.208
-270.348
-305.284
-340.842
-281.822
-332.796
-307.205
-304.046
-337.272
-320.862
-220.724
-197.666
-303.975
-190.849
-230.401
-282.074
-315.97
259.12
157.607
3.09904
-318.747
-195.312
-349.103
-88.7734
-104.59
-296.449
-325.057
-245.727
-276.171
234.47
73.8273
-158.34
-293.98
-347.523
142.161
-94.2895
-149.757
-265.604
-292.399
-267.601
-102.13
-240.39
-307.404
-345.989
-150.717
-281.892
-293.561
-337.761
-342.416
-298.264
-330.523
-334.425
-280.966
-310.496
-323.499
-347.164
-307.092
-172.964
-191.866
-260.185
-341.58
-313.303
-281.163
-306.092
-343.087
-328.472
-324.369
-340.324
-237.638
-307.042
-264.041
-206.433
-219.874
-288.953
-274.55
-270.832
-323.764
-337.37
-247.016
-252.281
-337.054
-242.749
-256.06
-343.227
-335.09
-245.294
-343.831
-209.394
-277.521
-346.906
-349.39
-317.406
-102.998
-235.94
-327.031
-315.663
-327.161
-329.428
-334.939
-198.094
-250.928
-254.508
-293.018
-145.704
-211.782
-336.34
-281.887
-328.079
-329.11
-318.095
-349.341
-61.277
-310.465
-325.844
-347.429
-171.095
-185.364
-185.513
-213.134
-335.792
-33.0026
-212.737
-348.179
-311.207
-340.228
-160.735
-211.535
-336.825
-286.041
-318.581
-185.042
-204.767
-247.712
-255.285
-286.311
-311.532
-316.931
-242.663
-292.769
-161.007
-212.08
-334.712
-295.471
-341.835
-248.543
-329.136
-276.042
-326.312
-330.534
-320.545
-287.494
-349.201
-167.17
-331.5
-126.086
-148.051
-163.633
-164.031
-341.823
-349.304
-277.81
-301.046
-272.597
-299.765
-314.546
-310.495
-186.574
-311.381
-324.625
-322.11
-276.411
-299.619
-309.543
-332.618
-306.298
-323.752
-277.976
-330.238
-205.299
-262.332
-296.374
-210.734
-325.75
-328.225
-329.284
-308.193
-123.916
-285.29
-304.939
-275.501
-334.508
-132.407
-163.337
-171.834
-309.105
-316.226
22.8578
-5.2733
-203.007
-333.505
-347.668
-286.22
-292.601
-267.189
-347.066
-306.829
-315.447
-280.946
-293.442
-179.716
-290.618
-254.888
-288.007
-294.128
-213.076
-324.397
-230.077
-168.16
-252.171
-331.367
-151.023
-166.892
-335.769
-71.725
-159.572
-325.361
-341.469
-326.509
-305.969
-342.208
-306.764
-318.92
-263.739
-308.197
-326.034
-321.353
-281.239
-294.915
-305.59
-344.105
-346.668
-286.158
-211.7
-347.351
-305.345
-263.873
-348.932
-294.635
-304.269
-230.321
-287.707
-326.521
-322.426
-349.543
-205.681
-325.636
-277.484
-253.946
-80.5522
-272.606
-274.344
-328.988
-332.909
-318.449
-309.616
-288.406
-288.644
-224.985
-195.483
-199.108
-289.246
-307.327
-216.838
-227.604
-284.059
-288.291
-333.45
-143.542
-65.7832
-349.194
-337.661
-199.663
-318.794
-244.106
-333.573
-276.751
15.6706
-320.007
-283.226
-251.866
-232.023
-272.039
-241.461
-343.028
-277.635
-324.531
-335.799
-279.833
-316.605
-263.611
-319.717
-162.775
-320.802
-342.032
-344.551
-141.296
-199.898
-331.311
-338.392
-334.61
