0.193799
1.22856
1.18591
1.19275
0.549163
1.32169
1.74011
0.581476
1.6068
0.103981
0.727917
2.21998
0.211242
0.411627
2.11618
0.28639
0.282495
1.1001
0.936356
0.292338
0.200083
1.0492
1.5975
0.153595
0.434336
0.748468
0.563819
0.200029
0.369485
0.104766
0.240666
0.814073
0.68591
0.176388
1.54728
0.253173
0.322859
0.306762
9.36723
2.13327
0.237668
0.414833
1.26726
0.834085
1.14649
4.92314
0.771134
0.101069
0.251692
0.403076
3.70482
4.95788
0.458013
0.198515
0.229816
0.770615
0.314422
0.266743
1.00067
0.330614
0.720976
0.15147
0.120949
6.63961
0.343726
0.926177
3.09132
0.953935
0.447647
0.392729
0.595316
1.4039
0.273681
0.378819
1.41605
0.143377
0.126568
0.895821
0.12557
2.58585
1.10918
9.60185
0.800583
0.163193
0.222353
0.709892
0.398928
14.224
4.36474
0.406237
0.290965
0.10446
0.195316
0.148892
0.595193
0.135106
0.12503
0.317558
0.173505
2.10169
1.48621
0.19065
0.428005
0.137292
1.09698
3.66802
0.197566
0.120945
0.793013
3.34526
0.212662
4.59628
1.10755
0.176245
1.00564
0.364157
0.208583
8.56929
0.145221
1.03531
0.165331
0.315438
0.25169
1.21473
1.62729
0.759872
0.172133
0.222073
1.11678
0.172421
0.917826
17.9259
0.920776
4.69352
0.167094
1.60018
0.888701
1.07197
0.740967
0.128576
0.217314
0.605309
0.227358
0.221955
0.154237
0.190047
0.19365
0.250494
0.103806
2.67852
0.214621
0.133511
0.123275
0.799765
0.541961
0.165404
0.66206
0.241283
1.66991
2.48988
1.54734
0.304328
10.1173
0.640259
3.81322
0.608788
0.484985
1.04777
4.6974
0.505057
0.28702
1.97414
3.52205
5.3549
0.391085
0.493729
0.916089
3.81711
0.179159
2.25652
1.83683
0.343209
0.740875
0.107365
0.834671
0.949725
0.101779
0.238701
0.83157
0.454431
0.28229
2.11735
0.738581
1.85482
0.266351
0.237864
0.746388
0.154096
0.74089
0.411827
0.211024
0.125364
0.702296
0.389349
0.380855
0.904682
0.134503
0.274327
0.106917
2.60073
5.74641
0.105497
0.172598
0.194449
3.0178
0.149275
0.143399
8.66515
0.754081
0.736893
0.495036
5.9046
0.224464
0.728152
0.208713
1.2944
2.41861
0.240265
0.94369
0.301468
0.201437
0.838375
0.667372
0.820011
0.494217
1.37833
1.04598
0.231822
0.175127
0.130091
0.128449
0.22925
0.306326
0.103849
0.136762
1.92422
0.978614
1.25351
0.229843
0.636871
0.113318
1.86021
0.212789
0.675926
16.3181
0.747573
1.18396
0.384384
1.52203
1.46614
0.760046
3.89379
1.49916
2.37897
0.527112
1.0411
0.618228
0.151322
0.116292
1.3429
1.40852
10.3
0.449468
1.70911
0.183452
0.314489
3.3788
0.446267
0.239311
1.64489
0.859612
0.739693
0.166753
0.285266
0.209979
0.58995
1.72415
0.213549
1.12498
0.125676
0.107356
0.147114
0.119481
0.175365
0.134869
3.36195
1.29029
0.282201
0.189147
0.110037
1.1904
0.149792
0.239519
0.175593
0.324642
1.448
1.69145
1.16605
0.468902
0.157455
0.236969
0.186078
0.823589
0.118695
0.191949
0.258135
0.445172
1.05234
0.397297
0.12563
0.376719
0.45319
0.210368
0.603953
1.67847
0.19504
0.730899
0.572087
0.483102
8.31876
0.113889
1.10749
0.257247
1.0704
0.966334
1.27511
1.78451
0.401748
0.255079
0.629577
0.140728
4.50805
0.10314
2.36092
0.242671
0.137082
0.549645
0.644835
3.645
0.436523
0.133764
2.33612
0.958772
0.789889
0.112964
0.694695
1.20863
0.975833
2.51792
4.07627
0.424695
0.249211
0.12361
0.136046
0.104395
1.96354
0.241732
0.16987
0.215654
0.415348
0.595754
0.489704
9.94098
0.930318
0.341503
0.641365
0.342073
0.185931
0.598415
0.25182
0.328393
0.14799
3.55143
1.55907
1.3213
0.119664
0.100518
0.84977
0.322334
0.199291
2.78358
0.672692
0.475644
1.16879
0.290376
0.713813
0.570257
2.93972
10.8792
0.621373
0.253784
0.345096
0.12321
4.94795
0.10563
0.82876
2.73681
5.89919
0.219502
8.24471
0.544753
0.38939
3.8532
0.802839
0.391412
3.23676
0.735981
1.35706
0.223554
0.10403
0.149064
0.43454
0.674199
30.0497
0.460153
0.125895
0.502528
0.125092
18.239
2.59028
0.734791
1.4097
3.22827
0.562416
1.37396
0.208493
0.607646
5.91614
0.147014
0.414541
0.853079
0.130047
0.520862
0.417287
0.440835
0.149424
0.925383
0.128568
1.55356
0.131637
0.231428
1.23357
0.113138
0.210266
0.427876
0.540009
0.152113
0.153117
3.67008
0.858111
0.194652
4.77364
0.131374
0.233789
1.25496
2.45018
0.900491
0.194561
0.923034
0.198151
0.838761
0.144737
0.723788
0.127268
0.368492
0.78191
5.45067
2.50204
0.342081
0.594062
0.18123
0.123917
0.252534
4.17694
0.204236
7.70365
0.137467
0.222999
0.100211
1.1073
0.987651
2.63467
0.128135
0.111427
0.126968
0.471445
0.111787
6.53262
2.73957
0.601764
2.51315
8.86823
0.23651
0.108508
1.14114
0.109376
0.875176
0.307293
0.237991
0.100503
0.394146
0.368029
0.108416
0.510826
0.389111
1.33853
0.201871
0.244252
0.535387
0.167384
3.87806
1.0061
0.338592
0.399043
7.15616
1.0668
0.137259
0.125678
0.149336
0.245239
0.51094
2.3187
0.161824
3.31031
1.51652
0.64803
0.161534
0.588316
0.544287
1.461
9.73455
0.450005
0.126399
5.02125
0.195115
0.771692
1.39871
10.1489
0.511299
0.154737
10.2435
0.115472
3.35743
1.21815
0.126642
0.191778
0.326486
1.19811
3.05011
0.180493
0.315467
0.245416
0.630329
0.16141
1.74659
1.01247
1.46309
0.556058
2.79795
0.127942
11.2194
12.7417
0.198908
0.423605
0.69272
0.444099
0.187319
0.769539
0.202893
0.96229
0.304451
0.760064
0.241474
0.47227
0.283387
0.530088
1.18187
0.157089
0.77355
0.435809
0.672821
0.516103
0.812884
0.145568
0.155804
5.42948
1.14694
0.107135
1.93235
5.34238
1.43674
0.110932
0.487225
2.53772
0.333945
0.744436
3.14911
0.452241
1.82296
0.675711
0.183148
0.358215
0.193475
4.79004
0.241785
1.45599
0.349292
0.90405
0.394179
0.416037
4.33379
0.205549
0.196132
0.201985
2.14553
2.70094
0.951562
0.228161
0.14188
1.63368
5.30037
0.45842
0.170283
5.39766
0.128774
0.207795
0.111194
1.00413
0.102521
0.170268
2.99504
1.17022
2.598
0.183486
0.360702
0.123778
0.308184
8.98906
0.295948
0.401881
0.315181
0.100716
0.479499
0.158431
2.70839
0.141905
1.29554
1.4273
1.15861
0.679148
0.423999
0.474276
0.286525
2.34585
0.119037
0.410574
0.760304
13.5649
0.849218
0.365597
0.513304
5.06785
0.116067
0.129371
0.294745
0.170399
0.751972
3.32337
0.301382
0.121466
0.232007
0.541502
6.94159
0.619816
1.49731
0.725927
0.113801
0.609063
0.790064
0.188127
0.202316
0.144421
1.07228
0.175976
1.59593
1.49194
0.344742
0.104591
1.359
3.96805
1.1204
1.41525
0.263393
0.249705
0.890981
0.278597
5.16346
1.1236
0.663859
0.425722
1.97518
0.269797
0.394165
0.112482
0.82202
0.125627
0.153693
0.351437
0.372645
0.240859
0.381112
2.10408
0.31722
7.97473
0.58227
1.86816
0.378377
0.431141
4.04699
0.100888
6.41169
0.599886
2.48315
0.287874
0.100171
0.135964
0.389417
0.175679
0.778058
0.740041
2.7052
1.96212
1.63855
3.64865
0.526408
0.759445
0.427982
0.545584
1.15898
0.67649
0.564633
2.84875
5.41939
0.717218
0.25907
0.176352
0.147281
0.543926
0.163619
0.387085
0.137365
0.873269
0.716386
0.42523
0.315273
2.75414
0.140952
0.625747
7.82477
0.428336
1.40511
0.21451
0.606543
0.209772
0.140084
3.18948
3.85725
0.148008
1.00171
0.170136
2.4121
0.22531
0.660103
1.08769
0.368016
1.45001
3.43032
0.189768
0.59728
0.306125
0.788594
1.11576
0.233049
0.512322
2.27368
0.810445
0.302833
3.61335
0.180017
0.365358
0.556953
0.203203
0.39746
0.140978
0.128072
0.156903
0.245649
1.15099
0.347078
0.978976
1.12195
0.175039
9.10871
3.3162
2.86105
0.446964
1.03277
0.192675
0.205466
0.396017
0.921164
0.194508
0.192314
0.490823
1.17081
0.114105
0.337426
0.245353
0.159029
19.6454
1.27407
0.214351
1.34363
4.65658
0.124044
0.739652
0.162718
0.709138
1.06529
0.919865
0.109738
0.249634
0.113749
1.33961
1.33416
0.286599
0.325912
0.227044
0.26953
0.831003
0.24758
2.89915
0.238492
0.212006
0.342754
0.154768
0.272149
0.535759
1.53704
0.369015
1.77458
0.183518
0.261663
0.131623
0.373279
0.50244
0.711785
0.80691
0.240306
0.102055
0.142523
1.26729
0.146895
6.2973
0.549805
0.26214
0.501104
0.453372
2.76829
0.578524
0.605372
0.155432
1.34146
0.149116
3.1046
0.244194
0.173251
0.28211
0.557781
0.329665
0.122753
0.123456
0.911683
1.52417
6.2944
28.5902
0.199061
0.685717
0.392926
0.176434
15.9287
0.109474
0.111225
0.30495
0.426068
0.408643
0.240654
0.462547
0.445669
6.32183
0.165822
0.603847
0.304498
0.106024
10.2492
13.3663
0.128589
0.621675
1.25225
2.04451
4.78143
0.108452
0.920019
3.44429
1.00986
2.58122
0.103257
0.3288
11.668
4.57821
0.184987
1.22119
1.13162
0.297382
0.149168
1.12267
4.12556
0.555281
0.477622
1.37352
4.49413
0.6673
3.4803
0.250524
0.110184
3.32706
0.157061
2.19408
0.35406
0.187531
1.50063
1.98899
0.115271
0.188395
0.840681
0.23367
1.82709
0.447467
12.029
1.29467
0.109159
0.108869
0.865829
0.344219
0.336946
8.28451
0.220351
0.269224
0.392443
0.665593
2.03919
0.355586
4.51362
0.14362
0.114487
0.891909
21.211
0.101802
0.103714
8.34131
0.21121
7.43507
0.729993
0.250559
0.11575
0.231891
0.863992
4.24053
0.109964
1.71126
0.176345
0.422485
0.133769
2.80715
0.542071
0.409876
0.104141
2.27642
0.165537
0.160856
1.37084
1.68663
0.653867
13.0451
0.110862
1.01855
0.268772
0.406284
1.47397
3.79832
3.42667
3.93734
0.517609
0.123058
2.13146
10.4653
0.316725
3.45935
0.621341
8.08741
1.22946
0.155162
0.110354
1.88645
0.579922
0.116738
5.22247
1.25516
1.05593
1.25277
7.94719
0.255816
0.224947
0.186952
0.491391
3.84323
0.297446
1.18283
1.01582
0.152675
1.03083
0.691913
0.134466
0.106875
4.60795
1.51526
6.56738
0.61416
3.40518
2.4785
0.104272
0.855244
0.515057
0.315477
0.66688
0.130876
0.339474
0.394347
15.6717
0.417193
3.06246
2.83471
5.25589
0.251255
0.130024
0.238202
0.281696
1.24964
0.125219
0.702546
0.10835
0.930939
8.65067
0.288066
0.104834
2.93772
0.936354
0.107053
10.9221
0.228221
0.12741
0.740258
0.22607
0.133634
0.516976
0.106689
4.87726
0.111864
0.152641
1.53201
0.294573
0.169347
0.137309
0.174578
0.133469
0.104868
2.26894
0.522698
0.336321
0.981114
0.160041
5.27719
0.118053
3.5153
0.289391
0.483804
0.289436
1.66792
0.132564
0.126449
0.291793
3.29897
1.55244
0.196294
2.54811
3.76677
0.410408
0.214055
0.287618
0.139379
3.53684
0.158725
2.09334
0.176119
0.889064
0.189364
0.148481
1.0315
5.123
0.13968
0.152815
0.134997
0.228669
3.46133
0.121348
0.713812
0.58531
1.04488
0.312846
0.175644
3.20666
0.11574
0.583351
0.214707
0.146782
0.716381
1.80696
1.47016
1.85561
0.111813
0.197179
20.0432
0.926421
0.840996
0.109528
1.47152
0.181054
1.90581
0.264651
0.146503
1.09963
3.17148
0.55671
0.229521
1.5913
0.10378
1.4987
0.372699
0.961815
0.154901
0.208255
4.73259
0.320402
0.166946
0.368002
0.699257
2.07898
0.68021
0.771151
5.17126
0.473419
4.60838
0.996697
3.71013
1.62201
1.06675
0.23535
0.101569
3.65289
0.514213
4.4834
0.150225
0.259736
0.969908
0.203727
0.265445
5.46647
0.634214
0.101794
5.61202
3.01077
0.14722
4.06544
0.288251
6.82897
0.720487
0.447572
0.12265
0.993116
0.47122
0.237558
25.0028
3.22285
0.177152
0.162624
0.104669
2.93234
1.27628
1.15389
0.340854
0.189919
9.96091
5.18325
1.12363
0.179753
0.297136
0.385842
1.5152
1.59575
0.295925
0.173756
5.9122
0.122023
0.127147
5.29455
0.458161
1.108
0.110311
0.261869
0.24001
0.241944
0.42487
6.13052
3.83157
2.63721
0.557322
0.157677
0.227396
0.729345
1.64216
1.18738
7.45578
0.217359
0.735038
0.116428
0.622902
0.271122
0.227322
0.151412
0.226049
1.02329
0.167327
2.92542
0.786641
2.42285
0.264221
0.927154
0.478327
0.266276
0.233225
0.547275
3.57236
3.95539
0.235029
4.4863
0.233245
0.103978
0.253257
3.64754
0.317216
0.110355
0.875928
0.410865
0.294263
0.308766
8.23587
0.217495
0.343278
1.08041
1.71589
6.26217
11.587
0.232264
0.403865
0.833849
0.245893
3.95198
0.433415
3.11129
1.3561
0.153159
0.163285
0.281316
0.854996
0.966884
0.307328
0.674897
1.92325
0.250047
0.778757
0.13648
0.683386
0.171443
0.690591
0.180257
4.77812
2.97431
1.26423
0.153717
0.340024
1.80646
1.0493
0.132461
0.142402
2.15765
2.0932
0.116341
0.399139
1.31542
1.25533
0.100587
0.215148
0.333165
12.0436
0.16968
6.67447
4.51104
0.205369
0.657029
0.308315
0.259632
0.189188
0.367043
0.151762
6.3942
0.286896
0.220177
0.125273
0.43133
0.142745
1.61181
1.2503
0.130756
0.150132
1.40314
1.16682
0.108946
24.5954
1.6063
0.127105
4.01635
1.9204
1.86788
0.348542
0.919011
0.133429
0.297438
0.118979
0.616092
1.15129
0.110344
0.184638
0.115474
0.593153
0.532166
5.89402
0.160754
1.32545
0.391992
0.353834
0.557329
7.43676
0.677839
1.32065
4.71612
0.324259
0.244486
2.01135
0.113057
0.100793
6.14758
0.18781
0.785988
22.1099
0.112113
0.104598
0.606683
3.84357
0.747554
0.118424
0.328771
0.68414
0.15236
0.101265
0.244221
1.44801
0.439618
0.10708
0.13097
0.201289
1.95158
0.195933
1.20916
1.66081
0.282123
0.227142
0.102562
0.580413
0.472786
0.203713
0.132134
0.144317
0.653238
0.241561
0.153595
3.10929
0.785889
4.10394
1.71128
0.98389
7.38181
0.488112
0.143564
0.207279
1.41435
0.238591
0.362315
0.172393
1.1935
11.9959
0.129628
0.505285
0.128751
0.309011
0.14115
2.50731
0.75038
0.137164
0.108203
0.157744
0.633907
0.478905
0.19847
1.57587
0.485191
1.30602
0.105142
0.102822
0.102186
0.250014
10.4271
0.227266
0.263489
0.524275
1.92671
0.102943
2.08262
0.140687
0.519195
0.255439
6.02239
0.242833
0.724505
0.197678
0.118788
0.215851
0.241173
0.691196
1.01987
0.320508
0.110994
1.80939
0.121625
0.146026
7.81127
0.490653
0.151294
4.51892
0.120202
0.132339
3.78893
0.896245
0.640033
0.375823
0.102876
0.53926
0.364585
2.68079
0.168108
29.0362
0.478702
1.46395
0.154895
0.707531
0.358949
0.548697
3.25341
0.199898
0.179929
1.8889
0.869382
0.501765
0.1393
0.185558
0.376462
0.467298
0.160929
2.6498
0.456799
0.301712
0.330848
0.393099
0.81525
1.97036
0.315971
0.247663
2.03107
0.127838
0.547886
0.311263
0.198674
0.90361
0.210743
0.102629
0.128473
0.16087
0.273012
0.115894
0.30587
2.12893
0.301821
1.06015
3.80043
1.76263
0.141567
2.21089
0.304999
0.382007
1.52138
0.116151
0.823769
18.5121
0.123026
1.044
0.180568
0.528061
0.102977
0.391907
1.00972
0.248732
0.263231
1.13006
0.945427
2.27324
0.23372
6.86542
0.154718
0.626866
5.88056
0.118897
0.332381
2.02918
2.22324
0.117813
4.80503
10.3207
0.291086
1.41532
2.9628
0.201746
0.163332
4.1338
1.03826
0.157232
0.438487
5.01731
0.190025
7.12718
0.255085
0.237447
5.83347
1.93896
0.107911
0.102779
0.246859
0.207448
0.24011
0.136354
0.220607
0.452284
0.134255
1.22813
0.694595
0.34386
0.980514
0.103908
0.271483
0.66801
0.344601
0.119189
0.635627
2.19791
0.367286
1.41479
0.361239
20.176
0.428487
0.631052
0.135988
2.73379
1.4984
1.29252
0.187264
1.14628
0.632293
0.106169
0.526946
0.174224
0.113743
2.23892
7.62566
0.15976
0.165581
0.339682
0.751764
1.05757
2.2958
2.07973
0.164131
1.15071
0.936525
0.955774
8.35735
0.745903
0.97966
0.384289
0.508705
0.234457
0.420356
3.76069
0.227107
12.6639
0.324903
0.283402
0.238415
0.413521
0.241064
0.641521
0.112468
0.226538
0.272504
0.127908
1.30985
0.682162
6.73578
0.130661
0.41119
0.105954
0.899825
0.227269
0.410758
1.84219
0.76658
0.23067
2.92421
0.52318
0.617965
0.185693
0.442505
1.43992
3.29103
0.59508
2.78757
2.64659
1.45766
0.166651
0.321594
2.11605
1.27041
3.23094
7.61024
0.605418
0.15184
0.226956
0.612883
12.9688
1.25269
1.68233
0.541983
0.613348
2.37272
0.119201
1.00107
0.13709
0.17271
0.177073
0.836879
2.07385
3.36309
0.981934
3.08887
0.241647
1.7697
0.381992
0.215008
0.288765
3.00333
0.107646
0.597754
0.173174
0.558954
0.11837
0.240299
0.11786
0.918472
2.01327
2.07681
1.40859
0.41964
0.18784
0.153884
0.826896
0.295927
0.980504
4.21182
0.264586
0.21534
0.211668
0.237834
0.360828
27.7828
0.847363
0.146815
7.15566
0.152909
0.100364
0.136201
4.92117
0.564017
0.111891
9.38904
0.781369
0.142469
0.128962
0.212185
0.927006
1.04534
0.380048
1.50264
1.56562
0.11133
0.211902
0.843668
6.62426
0.17956
0.19341
0.267272
0.233684
0.196271
0.335608
0.144105
0.253971
0.190413
1.33636
0.165649
2.56077
4.79096
0.175772
1.11579
0.177434
7.27876
0.526963
1.85567
2.51532
3.09852
0.103902
0.125253
0.173211
0.280016
3.26869
3.48431
0.800032
0.402722
0.858835
0.353307
0.18105
0.176889
0.103963
0.191861
0.134101
1.03343
0.825862
0.723458
0.286503
0.681666
1.15591
0.112842
0.140666
0.211269
0.108573
0.112974
0.579178
1.45405
0.127794
10.6257
0.344569
1.03869
1.48998
0.107121
3.29685
0.522936
0.173213
0.244303
0.184227
0.149897
0.153593
0.924967
0.165663
0.386874
0.230433
0.714985
0.132741
0.187946
19.1246
0.185427
0.706
0.894282
0.32773
0.318249
0.335032
3.33366
1.93368
0.220059
0.214091
0.127664
6.84296
0.121381
0.221596
0.145478
0.107218
0.192131
0.292374
0.525745
0.229011
0.358227
1.67944
1.03572
0.646344
0.300669
0.196878
0.174836
3.39484
0.174845
0.130881
0.203527
2.48793
1.38525
3.36195
0.896364
1.39661
3.03418
0.723774
1.1005
1.60184
0.165492
0.300935
0.329133
1.89338
0.377366
0.111943
0.127912
1.42078
0.196144
0.685706
0.593528
0.103228
0.265193
1.31841
0.341415
0.135749
1.09456
0.981279
0.17553
0.557539
4.53518
6.74682
0.339429
2.00743
1.02489
1.5957
0.727338
0.27147
1.44227
0.242235
0.196726
1.77843
0.436928
1.871
1.02896
0.286601
0.391221
3.4714
0.200852
1.98603
0.458788
0.364739
0.255915
0.42751
0.164044
0.176842
4.36411
3.50629
0.183564
0.107784
1.61744
0.317801
5.19865
0.414537
4.14014
0.508294
0.64632
0.137658
0.318487
0.101475
5.13418
0.310376
2.37567
8.38965
0.30299
0.138837
1.52237
0.234483
4.42392
2.47266
0.369873
0.284174
0.127322
1.98015
0.218759
0.207482
4.99041
0.84588
0.248021
1.61849
0.329126
0.362358
0.783584
0.863855
0.265191
2.88786
0.576239
2.26857
1.24301
0.376094
0.51647
0.298418
0.487529
0.106639
3.08163
0.446858
1.85444
0.149811
1.53086
0.219736
3.57814
0.220956
0.884375
0.759021
7.99065
0.101873
0.186156
0.400182
1.57456
0.17909
0.455274
0.157312
0.363723
4.31672
1.29152
1.61125
3.48193
4.09296
1.43
0.184362
0.477652
1.29912
0.675035
0.136181
0.229711
0.405176
0.842921
0.259909
4.75071
0.123691
0.349027
0.122843
1.01792
0.199154
0.532516
1.5819
0.113438
0.853441
1.56858
3.3638
0.285657
0.984287
0.321019
0.103272
0.161688
0.301106
0.209897
0.383121
1.99118
8.03012
4.5011
2.02046
4.42614
0.998439
3.10785
1.82582
1.62944
0.928465
0.476709
0.16079
0.129691
2.06199
1.39098
0.897481
0.660236
0.366416
6.66223
0.165222
0.290256
2.11425
1.1931
1.38742
1.07707
2.92035
0.213348
0.498457
0.277108
0.177232
0.479567
0.151023
0.24647
0.191594
1.02846
0.455332
0.189708
0.202149
0.136371
0.367436
0.30742
9.26895
0.144035
0.105677
0.659314
0.557375
1.02066
0.265385
0.600546
1.39776
0.519302
25.5444
0.413883
10.8124
0.398663
0.123426
0.132759
0.202806
0.100763
1.74154
0.460807
0.153466
0.542442
0.257513
10.5238
7.5235
0.403064
0.458262
0.289937
0.184381
4.69106
1.46019
0.270328
22.0796
0.101569
6.16397
0.178323
0.234973
1.70617
0.989178
1.16729
0.133672
1.23124
0.384509
0.356851
1.56201
0.223009
1.1564
0.516454
3.89715
0.158877
0.243462
0.189301
0.166386
0.352935
0.654994
1.40183
2.72009
0.236771
0.407957
2.82721
3.35946
0.421364
1.13622
0.298002
0.437751
7.43849
0.128201
0.110814
0.10562
0.571255
0.120914
0.190848
0.830567
0.329198
0.120421
0.225574
0.3255
0.618845
1.02947
3.98083
0.173304
0.230488
0.142076
1.53951
0.631178
1.38904
0.553729
0.104188
0.418497
0.174593
0.602069
9.1085
0.613288
0.400051
5.30912
1.17055
0.39913
0.113134
9.01192
15.7837
0.354093
1.03934
5.97355
0.758168
0.21022
0.107069
0.696667
0.111221
0.167869
0.359739
12.2427
1.12232
0.866705
0.382279
0.487717
1.33056
0.510698
0.364925
0.414393
0.485735
0.369044
1.12345
0.374412
0.53488
0.137922
0.59185
3.37533
2.12671
2.11557
0.874096
0.326786
4.84139
1.95654
8.05453
0.610329
1.33964
0.279683
0.122286
0.113054
5.46004
0.202894
1.93214
7.00929
0.524832
0.184015
0.171248
0.680214
0.202526
0.127506
1.12672
0.128517
0.475696
0.153911
2.52841
1.392
0.620411
0.146923
0.101355
3.86431
0.153758
0.420991
0.393019
0.126739
8.6933
0.378428
1.95239
0.156016
0.153166
0.136098
2.93064
0.260991
0.428471
1.04067
3.19735
0.283092
0.383424
0.75651
0.639556
5.30071
4.18814
8.65099
0.460819
0.113235
1.32583
2.7316
0.232103
0.583169
0.450721
0.353434
0.192502
3.1236
1.83198
0.144261
0.181857
0.273705
0.168156
0.714518
3.75848
0.256465
0.154297
2.41455
1.58735
14.4688
0.454801
0.117181
0.206324
0.410874
1.08356
0.532224
0.116724
0.72024
0.268205
0.145776
3.20677
9.50338
0.254741
0.320356
4.65982
0.413359
0.746696
0.556548
0.506029
0.597508
0.43632
0.452336
4.15443
2.78235
1.62891
5.68587
0.184442
0.435893
3.40064
5.54777
0.138932
0.152684
0.335356
0.158653
0.16358
0.358211
0.128396
1.12893
5.18603
3.04529
0.142448
1.4276
1.01322
3.68592
0.39093
0.524594
0.118179
3.88794
2.63874
0.107188
0.157739
0.286672
0.26555
0.313292
0.476681
0.120973
0.397125
1.27812
0.200008
0.636319
0.242736
0.272165
0.146418
0.417241
2.92001
0.239737
0.370222
0.854584
0.112973
2.42182
0.648968
0.5203
0.210491
0.102718
0.161562
0.701291
0.318247
0.475661
0.32401
0.169282
0.128677
1.09962
0.601705
2.32051
0.552035
0.56689
2.12428
0.20039
0.301481
1.38975
0.103607
1.12029
2.01415
3.94132
2.45455
0.107567
0.183791
2.14556
0.422512
0.10019
1.26796
0.400872
1.06424
0.102202
0.54153
0.677107
0.125589
1.26307
0.332684
0.528909
1.30424
2.4417
1.25305
0.526705
1.02653
0.436272
0.127373
0.27642
0.275233
0.27128
0.100832
0.137601
0.245886
0.207311
0.218284
0.454293
0.199442
0.26119
16.0539
0.742268
1.29706
0.150718
0.191073
0.126002
4.27802
0.14651
0.408319
0.179477
0.778994
0.342495
4.95385
0.544175
9.06268
0.173729
0.979248
0.249132
0.501463
0.622491
0.160864
0.913049
2.44982
3.87329
18.5942
0.332394
0.380469
1.05597
0.127822
2.42382
0.567541
0.109775
9.43324
1.91056
0.174205
1.84992
0.622363
0.246205
0.102767
0.340373
0.224754
0.980539
0.536713
0.115391
0.630985
2.16031
1.26536
3.38891
0.343808
0.101014
0.298306
0.1546
0.275004
4.35851
0.248259
0.171701
0.196333
0.647233
0.107108
0.433066
1.00869
0.429556
0.205274
0.437027
1.15013
0.281563
0.367523
5.73373
2.42786
0.267798
0.513937
0.51928
0.452024
0.406603
2.78652
0.308641
0.101449
0.563514
1.56518
1.57419
6.40805
0.128483
0.956447
0.138883
0.11403
1.6216
3.99977
1.42683
0.34047
10.0531
1.09019
0.326793
0.297085
0.749274
0.106126
0.464939
0.139765
0.361556
0.104712
1.47708
0.454936
1.94145
4.69873
1.22122
2.35132
0.225841
3.12761
0.158469
0.132928
0.10275
34.7044
2.20316
0.126056
0.204646
3.08764
1.17423
0.14682
0.13229
0.75316
0.677746
0.124916
0.414041
7.20839
0.353795
0.16151
0.15334
0.121364
0.209185
1.93539
0.852489
4.76093
0.370843
0.131078
9.85035
0.319828
7.00207
0.302173
1.02627
6.97255
0.112728
1.14061
0.237364
2.8485
2.30572
1.55119
0.611185
0.355393
1.0634
0.135173
0.813865
5.60993
0.342435
1.43591
0.236272
0.343757
1.59807
0.35633
0.620206
0.281888
7.8443
1.21082
0.123538
0.199774
0.343256
0.937305
0.109075
0.955782
0.269022
0.287661
0.106215
0.42996
0.187935
1.19438
0.195773
0.239125
0.51014
0.839778
0.376104
1.42682
0.177328
5.54467
5.71567
0.103581
0.138263
0.189712
0.22822
1.91112
1.50647
2.57652
2.84499
0.155962
11.3717
9.47015
18.0688
1.05655
1.02394
1.05605
5.29589
0.1127
0.196382
8.5135
0.166029
0.107935
0.397941
1.14477
5.67061
0.775156
0.114969
0.40899
19.8768
0.189698
0.10922
1.27599
0.645244
1.79455
0.164604
0.697198
0.652954
0.320443
1.0339
0.565118
10.1284
1.03382
1.19253
0.137315
0.479717
16.847
1.08197
0.689157
0.121644
4.04712
1.65465
0.478366
0.882075
3.38483
0.99317
0.285145
3.18009
0.765535
0.380593
0.196461
2.74411
0.170514
0.396721
1.9931
2.73531
6.67047
0.138517
0.335074
5.60249
5.41292
0.379254
1.25586
1.424
0.348742
3.36943
11.7687
0.206171
0.445577
0.136044
0.365181
0.138727
0.904551
0.628746
0.132782
3.70067
0.452752
0.241286
5.87012
0.339327
0.532532
0.120509
1.57858
0.267002
0.471796
0.497959
3.15612
0.160968
0.100104
0.132828
0.858241
0.227038
0.114411
0.258238
1.56256
0.237333
0.128011
0.776171
0.634911
0.167068
0.921597
2.35688
6.92354
3.86097
0.539421
0.37294
0.475053
1.5428
0.58808
13.2512
2.28478
0.202357
1.28395
0.2715
0.553121
1.37359
0.110172
14.0237
0.993638
0.113298
8.36316
1.77402
0.102295
0.104261
0.503357
0.355327
0.852761
0.580239
0.120482
5.63804
2.89853
0.115144
0.169188
11.5922
2.89484
0.673552
3.47142
0.177643
2.35576
0.148691
1.85936
0.493249
0.461403
0.211339
10.2152
0.174866
1.70497
0.121285
5.28569
1.22446
0.696979
0.220746
0.181107
0.496832
0.151693
2.66398
0.222877
0.608781
1.23066
0.136684
2.56834
0.252204
0.245355
0.789014
0.10957
0.518127
2.32204
0.24281
1.39507
1.56565
0.172969
0.509676
0.954984
1.30109
0.871343
0.436018
1.39594
3.62366
0.788666
1.17905
3.39739
1.42145
2.24656
0.126932
2.64951
0.378485
0.18804
0.402857
0.101162
0.364447
0.678246
0.663845
0.135125
4.33371
0.482387
0.267642
0.171844
0.741537
0.376496
0.23491
0.227452
0.183205
3.59648
0.400702
0.770999
0.188071
0.14618
0.990804
0.351071
4.83175
0.370365
0.491479
0.145528
0.168814
2.19076
0.124489
0.23864
0.953349
0.717849
0.210023
0.216121
0.548226
0.639063
0.143924
1.5387
1.28293
0.103272
0.187546
0.506675
1.90087
1.15915
0.359804
0.701354
0.592862
0.132765
0.207951
0.857754
0.965836
0.184967
3.414
0.898192
0.305242
0.227891
1.81889
7.8386
0.136684
0.626837
0.14356
0.111313
0.968035
1.56587
0.367219
0.414262
0.99511
3.73935
0.987885
2.25439
0.157528
0.160984
0.362554
4.11342
12.5791
0.34644
0.372837
3.52629
15.3521
0.58818
0.403886
0.383081
1.20675
0.642058
1.98173
1.2093
0.393911
0.125759
0.135585
4.04564
0.345087
0.191534
0.3341
0.273526
0.304251
0.134533
0.126339
0.496838
0.377067
0.391833
0.5597
1.31019
0.397854
0.73791
19.1892
0.949473
0.246197
0.171166
0.206991
0.845592
0.442089
0.139532
0.314556
0.525823
0.968207
0.223965
0.195756
0.128416
0.590864
0.573181
0.106065
0.512189
0.256501
3.39143
2.70201
0.911133
0.11637
0.943296
0.413919
0.135297
1.22097
1.1983
0.114075
0.7876
1.22929
0.590503
1.54261
4.22108
2.19515
2.92761
0.155519
3.58571
3.80521
0.284971
0.152271
3.73225
0.765331
3.29949
2.01237
0.177958
0.499775
1.17629
1.33926
0.331761
0.102187
0.148628
0.242255
0.200336
0.301753
0.133926
2.84348
0.228754
0.407873
23.3776
3.11995
0.357938
0.792204
2.77686
1.84142
9.18174
5.93365
0.225339
2.9881
0.539635
1.39789
0.91156
0.107082
0.390927
0.635663
0.863787
0.395407
0.435188
0.447445
0.951028
0.222229
0.892944
8.84693
0.956097
1.81264
0.310759
2.99879
0.254312
0.122494
3.75292
0.178374
0.250639
0.715082
6.17113
0.138832
0.735907
4.28607
0.743025
0.134634
0.219116
0.881985
0.197792
0.631333
0.584203
1.22466
0.118132
5.48424
2.47135
0.16082
5.94249
2.13523
0.116592
0.631692
0.417862
0.829733
1.45238
0.160899
0.180888
7.37358
7.24386
0.695086
0.232637
0.309353
4.17986
0.784189
0.118299
0.227529
0.232283
3.65598
6.4881
9.3105
0.113028
0.689354
3.56613
0.602875
0.369815
0.117728
0.13519
0.183752
1.98789
0.338597
1.99072
0.101049
0.158835
2.47043
0.119408
9.49333
0.187218
0.49211
0.114604
0.144321
0.213607
2.38778
7.38583
0.8515
0.316709
0.381547
0.549345
1.61492
4.86457
6.47121
0.237255
0.492307
2.02653
0.63002
0.144081
1.1411
0.242067
1.34874
0.913799
14.2462
1.72674
0.319978
0.566864
0.182093
0.327531
2.10094
0.537852
0.706641
3.66685
2.51413
0.157209
0.592117
0.500069
0.964559
1.63382
2.82674
10.9964
1.27794
0.252241
0.910786
0.125083
5.55957
1.22263
0.934249
0.838934
0.232159
1.82395
17.9218
2.49713
1.39677
0.212675
0.175165
6.95363
5.6869
0.155024
0.512789
0.314232
1.1721
0.459722
10.7371
0.167836
0.369429
0.206256
0.31887
0.980789
0.175749
1.21649
1.82069
0.597199
5.74167
11.0628
0.428351
8.40988
1.54411
0.17406
0.246325
0.157367
0.327014
0.425213
0.722453
0.700345
0.25418
0.110018
0.222094
0.195342
0.139785
12.686
0.488789
3.01233
0.414321
0.144233
1.52795
0.997785
1.36741
0.88049
0.297288
0.586265
1.78253
3.01402
0.28223
5.54698
0.170062
2.93324
0.315213
0.938928
0.285998
0.946194
1.41541
0.351177
9.48881
1.42237
0.294891
1.22238
0.305021
5.13618
0.848571
1.083
0.249319
0.405133
2.35603
2.12741
5.63329
0.18443
0.930395
0.483268
0.733931
0.163144
0.142638
6.44544
5.22337
0.434002
5.48662
0.301184
1.68125
0.102022
0.159972
0.129658
0.311294
0.349964
0.114348
0.273345
0.954908
32.0957
0.286022
0.738019
0.20421
11.4101
6.63108
0.113574
0.113347
0.512681
0.367984
0.307301
0.139737
5.14984
1.07288
0.200564
3.48456
0.816996
0.262373
5.80407
0.159105
0.196581
0.128739
2.56524
0.738357
0.193329
0.536381
0.924216
8.75863
0.532796
2.71425
0.233268
0.665731
0.329855
0.183773
2.34934
0.226905
0.140372
0.512976
3.32674
1.8537
0.618043
0.139208
0.503349
0.136743
1.07393
0.448494
0.102889
0.210974
0.116048
0.102005
0.161232
0.18676
2.57445
0.794005
3.0442
0.106618
0.370709
0.291807
0.35804
0.964837
7.3171
0.105901
0.269384
0.163149
1.22102
0.208907
0.428284
1.52268
0.257922
0.244366
10.982
0.794146
0.283027
2.91079
0.412546
0.126351
6.10351
0.603564
0.329163
0.19137
0.43156
1.36064
0.318384
0.270744
0.685017
2.62531
0.131376
0.316199
2.51104
0.562416
0.210957
3.51254
0.169557
0.788569
0.734065
0.544906
0.551052
0.539197
0.468581
0.598377
0.161909
0.352546
0.812015
0.165033
0.250291
0.135833
0.315394
0.163288
0.555968
0.455408
0.112732
1.93782
0.132934
0.648658
0.117164
0.25443
0.20433
0.193178
0.214119
0.109956
1.69659
0.606922
0.166104
9.00806
0.42295
2.57948
1.37184
0.20371
5.2066
0.13115
1.29891
6.22753
0.390614
0.168999
4.35241
2.52004
0.171552
2.57194
0.201502
0.243105
0.896627
0.672559
0.153823
1.46372
3.89892
0.281901
0.400417
0.380108
7.32328
1.03415
0.135264
0.308745
3.01152
0.14252
2.86782
0.104181
0.100551
0.394484
0.23036
0.136704
0.359006
0.61795
0.395447
0.114169
0.875312
0.141385
0.169273
2.67136
0.142183
5.72123
1.69793
4.07427
0.104596
0.101466
1.35961
1.18323
2.65098
5.39129
0.424638
0.602209
1.29664
0.131026
0.275539
0.106211
0.542763
0.136165
0.699013
0.185526
0.203493
2.12602
0.489362
0.168547
0.987639
1.05584
0.663551
0.748075
2.94813
5.52669
5.93947
0.290303
1.5053
0.408045
1.05033
5.56108
0.174985
0.495574
1.86126
1.01781
0.251766
0.372909
0.601009
14.3475
0.21971
1.60743
0.136339
0.543631
0.237528
0.128484
0.374424
2.00535
4.84666
0.994405
0.334872
0.177693
0.146058
1.43509
0.38825
0.770471
0.167729
0.339993
0.18128
0.114547
5.47004
6.09789
3.94817
0.362717
1.88863
0.969169
1.47267
0.428453
0.208943
0.363895
1.01974
0.145549
0.866377
0.1859
0.268568
0.146914
3.01392
0.270663
0.202757
0.269204
0.173021
0.830884
0.684687
0.111905
0.455809
0.143568
0.573945
1.5441
0.631739
0.533116
0.497647
0.185739
0.108916
0.83946
1.44283
4.30792
0.594586
1.5809
0.162019
2.10594
0.503075
0.113918
0.154424
1.05724
0.239605
0.258314
1.11645
1.07817
2.73796
0.329668
0.193143
3.07233
0.689758
0.180196
2.23323
8.55542
0.579594
0.115137
0.422578
1.30103
0.651441
0.210057
1.0901
1.87666
0.17827
0.307171
0.673714
0.501328
0.261549
1.15828
0.360191
0.675528
0.449005
0.676974
0.823253
0.20029
8.5871
16.7464
0.599516
0.139886
0.102385
0.128094
0.865558
0.191327
1.57754
0.437086
0.283232
6.33215
0.472501
0.483668
0.244216
13.1763
0.726844
0.203807
1.51164
0.154362
0.185355
0.740675
3.76434
0.493524
1.10285
0.35877
0.637324
3.67859
0.344013
7.8513
0.167446
0.336823
0.852594
0.446213
0.249828
0.306748
0.437768
0.146048
0.297066
3.23145
0.155706
0.223803
0.183982
0.170693
14.5644
6.9345
0.390966
0.919989
0.127498
1.17797
0.264745
5.62431
0.790328
1.45323
0.626362
0.202347
0.72578
0.402468
0.223701
0.506209
1.55288
0.12207
0.461663
11.6525
0.798818
0.4798
3.05184
0.455443
1.15108
1.64681
0.141322
0.372298
0.180237
2.1139
0.196235
0.606098
25.34
0.215782
5.18865
5.93266
0.730295
1.62462
8.42238
0.28833
1.56456
0.289121
0.467858
0.567314
1.59868
0.105271
0.52929
1.85565
0.187827
1.83697
0.62585
0.474915
0.122914
0.30842
0.785355
0.305132
0.622242
0.245594
0.485921
0.177153
1.97996
1.43491
0.301329
0.305784
0.270936
1.68307
7.72257
0.588546
0.273049
0.195333
4.52332
0.603976
0.118663
0.116917
0.31786
0.270255
0.159364
0.130942
13.2618
0.918744
11.1621
0.124892
2.29152
0.522921
0.375753
0.408452
0.138954
0.296927
0.210694
0.786958
0.184603
0.117378
2.34684
0.136504
12.969
0.12492
0.320014
0.368439
0.170576
0.161394
1.46166
0.610113
4.00779
0.6531
0.158007
0.169659
0.277205
0.338941
8.25233
0.961994
0.16106
0.145102
0.871175
0.11189
6.1719
3.36496
0.392071
0.222666
0.139119
0.163354
0.51268
0.151391
0.167305
0.156494
0.105089
0.152482
3.34666
2.10428
0.169294
20.9959
0.152205
0.263501
0.216525
0.149906
0.515552
0.304114
0.215874
0.164739
0.335806
3.81268
0.556372
1.65823
0.205625
0.387825
0.776031
5.11522
2.47365
2.55603
1.61931
0.158259
0.63754
0.128754
0.594225
1.37257
0.636525
1.23307
0.139703
0.223341
0.59834
0.167057
0.693981
2.8784
0.122624
0.216403
0.123942
0.116788
0.348478
0.907395
0.223583
0.100783
2.38258
0.623574
0.522775
3.64555
2.68431
0.192639
3.91619
0.228502
0.103616
1.25821
0.150341
0.588052
0.116194
0.409655
0.158253
0.132957
0.118463
1.31975
3.50455
0.186845
0.827442
0.25363
0.164162
0.145023
0.150689
0.141256
0.526452
2.54389
0.346652
1.6923
0.337155
0.133781
6.26411
0.410266
1.24016
3.38823
0.150608
0.171173
0.300467
0.170267
0.481692
1.19552
0.173278
0.149758
0.184184
0.173393
3.62264
2.83134
0.587691
0.614395
6.21088
1.19656
0.189592
4.18233
0.523881
1.20392
0.110941
0.690304
0.315693
0.240314
0.286846
0.119061
2.87796
0.568033
1.6271
6.24501
0.263224
0.508857
0.233511
1.65704
0.277368
2.43701
0.168071
0.608439
0.372731
0.168207
0.584894
0.26262
0.127895
0.12132
2.32545
0.116921
0.792087
0.260918
0.689825
0.148757
1.11865
4.5432
0.438918
0.174397
0.968815
5.33586
0.121087
0.199941
0.383046
0.261
0.761193
0.33635
0.136522
3.60958
0.832781
0.275649
2.7535
0.366965
1.39311
31.053
1.01648
3.18318
5.0982
0.196131
7.52392
0.167206
0.495164
0.205661
0.38387
0.276056
1.70188
0.108012
0.115388
0.713697
1.66939
2.30132
0.146202
0.335759
0.172479
0.742594
0.334311
0.165643
0.107269
0.159976
0.157076
0.314913
0.338403
0.137925
0.640499
0.130893
0.101057
0.10134
0.608124
1.05825
12.3532
1.45249
0.129847
0.333809
13.3208
3.42457
3.26285
0.45416
2.36229
19.1814
1.46893
1.19632
0.163346
1.41242
0.331727
0.758716
0.219654
0.15202
0.256637
1.71118
10.1625
0.136831
0.219901
0.387698
0.513314
0.262324
0.174681
0.13132
0.59397
0.271111
0.250646
4.79993
1.34304
0.113553
0.452717
0.512811
0.173619
0.215096
7.76971
0.144431
0.771623
0.601173
0.134945
0.532638
0.133281
3.25848
2.01963
6.62135
5.43896
0.363196
0.180639
0.182339
0.546733
0.39452
0.302409
3.53599
0.517379
1.13848
1.5644
0.184904
3.0001
1.03666
0.292683
0.99583
0.122358
0.183088
0.455559
0.21326
0.326816
0.154528
0.313997
0.208397
0.375815
0.338151
0.197946
0.157335
0.124065
0.144572
0.217395
0.227493
0.136563
0.22398
0.121966
0.109976
0.725838
0.175551
1.19546
0.159351
0.163356
1.09618
0.117995
0.653584
7.43569
2.56585
0.367351
0.137249
4.76136
0.102391
0.823901
10.3931
1.0051
0.149626
3.67587
0.213395
1.39184
0.114774
0.434575
0.17844
1.12351
0.182808
0.207113
0.612035
0.656519
0.427437
1.61518
0.267047
0.107267
3.23891
0.214313
0.457188
0.323399
0.239001
0.23234
7.46005
4.23041
0.186831
0.504008
1.13318
0.596739
0.109776
6.46712
0.422024
8.45289
0.71917
0.195941
0.960068
7.52972
0.571262
11.8043
0.45443
0.166202
0.310272
0.165138
1.48864
1.46774
1.69273
1.37484
0.917193
0.112867
0.315458
1.00228
0.188835
0.193993
3.52898
0.395942
0.177469
0.460375
0.147261
4.18519
1.07841
0.539604
0.611197
0.951714
0.514439
0.900303
0.330115
0.416349
0.116091
0.247625
4.27827
0.128499
0.232898
0.755619
0.21628
0.243028
0.19077
0.381631
0.190813
1.89903
0.295215
0.262701
0.185
1.48402
0.401684
0.22845
0.29726
0.178063
3.99384
2.92939
1.41829
0.164621
0.497643
1.12058
0.341664
0.235158
3.40724
0.389511
0.154116
2.40572
1.45924
0.255809
1.56174
1.45364
0.152188
0.249517
1.15657
1.9216
0.813015
0.147163
0.158952
1.31253
1.70028
1.41958
0.131482
0.114843
9.61598
0.283122
0.239113
0.145272
1.96264
0.865481
5.20881
0.107321
0.360248
0.582752
0.483191
0.116669
0.680833
0.131233
0.178551
0.21483
4.02524
0.170702
0.464638
0.49747
3.98527
0.67592
0.105838
0.592554
0.219435
1.64052
4.89724
2.92095
0.830125
1.97132
0.185558
0.27761
0.28606
0.898918
2.64264
0.795034
0.202765
0.744155
0.352641
0.279571
0.111468
0.314229
0.143027
0.45084
2.56387
1.28362
2.05083
0.117626
2.52573
0.718132
1.1405
2.80491
0.63025
0.411735
0.108957
0.113416
0.101417
0.152889
2.56068
23.2565
1.04887
0.720058
0.740042
0.148954
2.94704
1.7652
0.341127
2.98963
0.236775
0.485873
0.284981
6.16806
0.879018
9.1966
1.65883
0.424564
0.703793
2.76633
0.527154
1.6775
2.08779
2.04528
0.935769
0.313117
0.189051
2.82707
0.167198
0.245085
0.112944
0.174151
1.07107
0.142177
0.344911
0.105214
1.20788
0.363683
0.237109
0.781492
0.108015
0.567374
0.128049
0.257521
0.369308
3.18904
0.198855
0.577121
0.123433
0.570791
0.120973
3.64217
0.401929
2.12968
0.103169
0.232362
0.118546
3.40509
0.203254
0.661738
1.79448
5.57251
0.307345
0.187838
0.436377
0.343397
4.15464
0.346653
0.51596
0.120001
6.52219
0.296064
14.8627
0.378888
1.79601
0.671235
0.544821
0.738031
0.129036
5.49764
0.161283
2.63693
0.110356
3.30481
0.393987
1.31695
0.139122
0.19185
1.71778
0.114317
9.44254
1.97273
0.352569
5.15039
3.28581
4.29822
2.23895
0.646024
1.70291
1.05724
0.199297
0.685743
1.17974
1.78054
0.129394
12.304
1.8414
0.296535
0.827308
0.326088
2.28492
0.597402
1.09664
0.43372
0.949095
0.172543
1.99126
0.220804
4.70595
9.38215
2.45853
0.714657
0.124169
0.135346
0.623052
1.1475
0.352706
0.408354
1.88437
4.16244
0.100729
0.286647
0.104273
0.232512
0.582145
1.73611
1.42292
0.282211
2.21824
0.283159
0.240073
1.08577
1.11756
1.66384
0.104233
0.167115
0.241744
0.103974
0.928418
6.84888
1.43539
0.545865
2.50429
0.824927
0.896046
0.914482
0.132172
8.64295
1.55522
0.909565
0.421033
0.209327
0.140781
0.544456
0.805872
0.243934
0.605113
0.598562
0.183228
0.137722
2.94462
0.146838
0.293975
0.728115
0.130994
5.06992
0.107351
0.374625
0.365562
0.555758
3.05768
1.61085
0.115613
0.972379
1.05511
1.08752
0.292908
0.158453
0.31705
4.03685
0.143574
0.337732
5.3421
1.37986
0.174171
0.576681
0.190961
0.434901
0.323942
0.900132
0.352571
1.18422
2.07955
4.76814
0.326916
2.2316
0.136235
0.486614
0.14978
4.27698
0.292102
0.289169
8.31698
0.26988
0.417047
5.46995
0.123832
13.4012
1.79018
0.156449
2.08702
1.27481
0.176847
0.168974
0.600261
0.200579
0.630452
0.603412
0.838313
0.212821
1.50945
1.50256
0.111901
0.113507
0.415606
1.07159
0.276987
1.88227
0.290088
1.51654
0.899229
0.255292
0.176839
0.122788
8.83728
0.527193
0.11541
0.129723
0.845684
0.298352
4.0143
0.272833
0.203442
11.4995
0.201821
6.16867
0.106752
0.266424
0.197761
0.388459
2.83032
4.30695
0.42432
8.24265
6.68369
2.41683
0.194457
0.173929
7.4273
0.396464
0.470867
0.119793
0.423837
0.122075
0.684722
0.184456
0.306873
1.99861
3.34813
1.85372
1.64201
0.15249
2.39699
0.45835
0.722894
0.488821
0.264362
0.745116
0.955046
0.118484
0.164171
0.404451
0.25743
0.159913
0.223351
1.18617
0.262958
0.619152
0.422994
0.135347
0.627748
3.76503
0.170507
9.76903
0.171335
2.42951
1.22193
0.351536
0.190781
28.6783
0.164696
0.319906
3.18713
0.527298
0.71092
0.10454
0.179046
2.14171
0.211006
0.24549
0.462405
0.546745
0.696606
1.57673
0.144526
3.35491
0.13322
0.603647
0.195014
0.100419
4.90386
42.3415
0.205039
0.261315
8.68858
0.262328
0.176394
0.528241
0.641743
1.58998
1.65518
0.277502
7.1162
0.591063
0.157322
0.320705
0.131665
1.88064
7.79181
0.315588
0.202118
0.286304
0.362657
0.148356
0.446716
2.75
0.177858
0.298426
0.583601
4.73863
4.86252
0.781459
0.772668
0.223695
2.46513
3.68796
0.666622
2.76425
0.110454
0.674071
12.3354
0.315806
0.368105
5.64113
1.03269
2.83153
1.96025
0.104851
0.216962
0.673754
0.919034
2.54041
0.590471
0.607402
0.370985
1.24802
0.669259
0.210234
0.601383
0.142214
1.30306
2.30923
0.365359
7.88176
0.130896
0.737596
0.229389
0.223074
6.41103
0.466833
0.180972
1.12414
0.716846
0.147345
0.143861
2.0173
0.889103
10.33
0.124251
0.275925
0.923357
0.386669
0.458514
0.436219
0.450394
0.179728
0.368644
0.114974
7.01287
4.96697
0.511801
0.156188
0.11832
0.824871
0.162384
8.47588
0.164487
11.4706
2.05195
1.30844
0.176289
0.215813
0.527415
1.80355
0.766212
0.250011
1.64418
9.46127
1.13757
17.4695
0.178048
0.729949
0.105511
0.388404
0.803589
2.66862
0.222855
0.101153
0.118295
1.31083
0.560776
3.60852
1.09867
0.241777
0.848227
0.338636
0.50826
0.189974
0.516466
0.135124
0.189563
0.365134
0.346664
0.183337
0.314052
0.222527
1.34619
1.55061
1.89248
0.267507
0.226871
0.231493
0.878477
0.387351
0.113668
0.684132
0.115286
0.323762
0.337843
0.879978
1.9224
0.383765
1.50647
20.9661
2.43638
0.306281
0.155411
1.59954
1.02624
4.41211
0.100063
1.09042
4.06004
4.48126
1.22918
0.196918
0.905235
0.102351
0.14151
0.400041
0.162083
0.131129
1.08519
1.50194
0.767064
0.135205
0.508444
0.204203
1.19199
0.203061
0.259933
0.567742
0.786642
0.11183
3.70175
0.149076
0.276967
0.23796
0.404994
3.19787
1.35628
1.27385
0.280325
6.09003
6.40544
0.1485
0.455772
1.03625
13.8227
0.104727
5.44099
0.187717
2.20057
5.26311
0.179087
0.224956
4.83833
1.37698
0.190443
0.384042
0.281277
1.453
0.403443
10.8455
2.80701
3.08843
0.870357
0.152051
0.114127
0.212883
1.18625
0.112882
2.95831
0.738094
0.309589
0.255916
0.143021
11.1258
2.07974
6.87668
0.306144
0.149974
1.29352
0.240497
0.299574
0.588134
5.20605
1.79721
0.184702
0.424474
0.345283
0.992212
0.192618
0.367665
0.302376
0.57658
2.58801
0.192209
0.127805
0.150094
0.198223
0.101043
0.504294
1.38712
0.133276
2.75062
0.16641
0.619723
0.231068
1.62602
0.365873
2.74917
1.79503
0.627949
1.92778
0.304746
0.576664
0.378521
0.214185
0.849711
0.592468
0.105888
0.899514
3.50167
0.14795
1.09367
0.292974
0.217711
0.682236
0.820599
0.207632
3.84389
0.419889
1.17933
1.13373
6.09503
0.131404
0.106404
0.138345
0.116934
0.119111
0.233427
0.184438
0.309255
0.115855
0.418389
0.126227
0.175255
1.50875
0.227394
0.667517
0.129654
4.16717
0.354947
0.183369
0.79824
1.71599
4.3887
0.238663
0.182918
1.05164
0.54179
0.55174
0.185474
0.223887
0.18162
3.70331
0.623035
0.188054
0.907642
2.01223
0.317563
0.665247
30.0224
0.169155
6.1684
0.111678
0.54097
0.212708
2.14585
0.129889
0.162877
0.328546
0.178489
0.149458
0.193195
0.205273
0.101115
0.122463
2.46344
2.24328
0.144297
14.7252
0.432735
0.253803
11.4748
1.99325
16.1103
0.30401
0.639786
0.244973
18.5393
0.385157
0.122123
1.03533
0.133946
1.54517
0.194205
10.4309
8.99305
0.514064
1.19946
0.327529
0.337408
0.630505
0.659028
0.460278
0.760564
0.383769
0.26427
2.19884
2.01137
0.49544
0.159509
4.19154
0.161707
0.207989
0.151575
0.392366
9.3536
1.23395
16.1063
0.666312
0.494975
5.86923
0.193949
0.342709
2.29729
1.02937
0.296736
3.3377
4.22317
0.519438
0.512258
3.1742
0.101277
0.60895
1.02479
0.438022
0.203164
1.02568
0.348872
0.208025
12.2852
3.99428
0.271966
1.25143
0.256493
0.102534
1.65146
0.106486
1.77545
0.103619
0.305255
0.796932
0.988998
2.89042
0.259744
0.396449
2.59382
0.356534
0.615476
1.30416
1.93184
0.221135
2.96006
2.91605
4.15507
1.29166
0.102257
0.800105
0.333783
1.33806
0.760866
0.237396
5.77014
0.336535
0.581095
5.71167
6.90115
0.931171
0.728565
0.424385
4.37208
1.14508
3.1666
0.112626
0.157389
0.173407
0.411588
0.144596
1.10053
0.264888
0.903813
1.09096
0.518244
0.311285
1.7389
3.43185
4.42666
0.3024
0.209724
0.461178
0.636024
0.1457
0.186258
0.923538
0.345434
0.263905
4.62161
11.6909
0.158193
0.935074
0.163539
0.765972
0.183495
0.20182
1.23657
0.807746
1.85373
0.258984
0.774531
1.9967
0.148209
1.41843
1.00479
1.2648
2.45955
0.887919
0.111889
5.77275
0.119647
2.35138
0.530508
16.7947
0.2077
8.281
0.682026
0.449311
1.1227
0.14164
0.374888
0.707744
0.19211
0.552222
1.34408
0.122096
3.1058
0.14801
1.09624
0.12139
9.56449
1.51503
3.22191
0.31068
0.384924
2.76733
17.798
16.1364
0.227898
0.426555
2.1635
0.158494
2.28722
0.959443
0.159023
0.123567
0.817224
0.756184
0.478226
0.129001
1.3126
0.330991
0.391642
0.217115
0.626965
0.888482
0.297281
3.91797
0.466626
8.86068
2.18304
0.171619
0.458543
0.140821
0.140101
3.54372
0.13117
0.347916
0.502947
1.33353
0.119898
0.886939
0.293323
0.462211
1.58493
0.287315
0.830551
0.103272
0.318864
2.71135
0.270044
0.655892
1.01274
1.33508
0.234695
1.63607
0.371198
0.128204
0.105177
0.234537
4.12191
0.560972
0.211826
1.43736
0.152523
0.234383
0.127955
1.07831
0.160024
1.60078
1.73583
2.49638
0.293168
3.4474
0.143622
1.12801
0.500318
1.02157
0.250972
1.36011
1.02591
0.591198
0.122803
0.170717
0.221121
0.405188
0.180149
0.182821
7.12992
3.51217
0.21425
0.647025
0.593657
3.55279
18.6259
1.60879
0.281284
0.141098
0.407539
1.31527
0.107745
0.38604
0.419954
0.131697
0.113314
1.33024
0.152822
1.67682
0.244709
0.454605
3.07269
4.89382
0.843786
0.531986
0.882041
0.185728
1.68154
3.39658
0.116852
0.21922
4.08354
0.454236
0.340823
1.14492
1.35633
16.6127
0.521995
0.341108
0.636185
0.117468
0.207807
0.105357
0.108188
2.38662
0.317876
0.484679
2.76986
0.780715
0.21886
0.660959
19.9718
0.147833
17.1936
0.103765
1.45317
0.3552
1.37082
0.10878
0.111982
1.91427
3.34934
5.02446
0.189851
0.11128
0.611919
1.15163
0.579182
1.03232
0.112481
3.19024
0.100447
0.10482
0.15097
0.233046
0.12252
2.00907
2.60515
0.76192
1.14272
0.257464
4.939
0.571817
0.222715
1.47189
0.132121
0.23576
0.11262
1.76575
0.174443
0.101879
1.16093
0.110561
1.08518
0.264309
2.1022
1.21334
0.114634
0.373326
7.78463
2.0588
8.67004
0.106425
2.36557
0.476857
17.5357
6.95417
0.277467
0.155158
0.36864
0.271519
1.41094
0.170994
1.36196
3.80738
0.274748
7.76827
7.05928
0.39707
2.72399
0.105484
14.0202
0.276712
2.49811
2.71492
0.281811
0.322551
4.29227
1.71576
1.12682
0.128889
0.522134
1.00926
0.271436
0.671618
2.27659
0.664076
13.0009
0.109532
0.102959
0.164637
4.72485
7.59015
0.442096
0.334
0.608052
0.382337
0.155319
3.19942
0.271314
0.367789
0.965189
4.20122
0.188845
0.108556
1.00595
1.72519
0.255526
0.40123
0.612056
1.00347
0.144419
0.437203
0.287742
0.581501
3.70811
0.620729
1.22516
0.641235
0.416806
0.261191
0.294218
0.508699
0.168182
8.74505
0.453576
0.1655
0.243557
0.176093
0.205951
0.992552
5.80912
0.404764
0.189076
4.25271
0.342351
1.96174
0.633408
0.585442
1.63624
3.92467
0.612833
1.26295
5.98035
0.674103
0.615176
0.405572
4.53457
2.83803
0.245658
0.509789
0.344586
0.582208
1.35292
0.56042
0.173473
0.145729
0.417781
0.280517
0.136426
0.561782
0.123328
6.30077
0.110416
0.343486
0.339405
0.202192
0.456532
3.18538
0.363446
0.107803
6.25481
0.112011
0.115154
0.124852
0.273984
0.722017
5.55037
0.205807
0.145667
0.300317
0.150763
1.8148
2.38088
0.621142
0.400169
0.193938
0.52476
3.18715
29.8136
0.267687
1.20586
0.248383
0.100953
1.34566
1.00585
0.455716
0.253686
1.18752
0.121667
0.471852
0.993594
0.223853
2.30472
1.1637
2.0953
0.203204
0.928477
0.137143
0.217388
0.392245
0.387544
0.123616
0.661543
1.62834
0.266123
1.11059
0.561469
2.10044
0.132562
2.95644
1.0787
1.45439
0.149414
0.718138
0.867755
0.190442
0.199456
0.136445
0.761624
0.172047
0.815154
0.291355
0.231755
0.330057
0.414298
0.214899
0.137961
0.165063
0.36957
0.254407
0.125291
3.3535
1.47727
0.277799
0.157699
2.64084
0.510758
1.232
1.62964
0.504454
0.206944
0.480761
0.302438
0.115296
0.977621
1.03561
0.447147
0.221306
0.224826
3.17568
2.46735
8.74828
0.162151
1.17033
0.225009
0.266374
2.08399
0.101846
0.148173
12.9359
8.38333
1.53236
3.96558
2.29208
0.206107
0.142716
6.03102
5.46042
1.18649
0.10083
0.52864
0.131811
1.09679
2.50551
0.600024
0.178287
1.24361
1.46721
0.488064
0.267959
0.351431
1.01031
0.265311
0.11218
0.955058
0.316657
0.112526
0.104256
3.57493
1.71667
0.145509
1.14573
9.23136
0.126897
0.205127
1.57295
0.476762
0.31963
0.170623
0.185529
0.256765
0.22215
0.853708
0.252182
0.13002
0.179212
0.305614
1.32035
5.03097
0.750618
1.1805
0.386654
0.172595
0.435956
0.817875
0.229032
0.729097
0.737381
6.69334
1.22221
7.00498
0.159019
0.499107
0.979568
0.470866
0.110491
0.334053
0.248544
0.157375
3.30052
0.349478
2.36313
0.854267
0.112003
0.167284
