-0.98966
-0.995776
-0.995895
-0.973728
-0.998039
-0.99311
-0.732009
-0.925491
-0.991177
-0.916179
-0.989867
-0.98292
-0.969707
-0.907015
-0.958096
-0.639694
-0.9742
-0.705424
-0.924055
-0.797295
-0.74177
-0.7753
-0.990879
-0.975635
-0.995716
-0.779012
-0.901457
0.437705
-0.959056
-0.944913
-0.621505
-0.829921
-0.986831
-0.935932
-0.949953
-0.911304
-0.867985
-0.790368
-0.99293
-0.983124
-0.987052
-0.99174
-0.920709
-0.999445
-0.993662
-0.998172
-0.997731
-0.992397
-0.928297
-0.958397
-0.959156
-0.985595
-0.997187
-0.941704
-0.977201
-0.872246
0.765972
-0.644814
-0.75318
-0.885651
-0.9196
-0.865445
-0.866073
-0.993666
-0.966765
-0.982861
-0.769047
-0.958592
-0.872953
-0.492765
-0.780283
-0.954299
-0.993571
-0.630956
-0.760892
-0.866682
-0.932159
-0.990842
-0.996008
-0.954921
-0.956493
-0.981032
-0.958151
-0.203532
-0.973647
-0.802493
-0.989856
-0.979176
-0.933443
-0.962666
-0.973662
-0.974189
-0.976848
-0.938523
-0.972646
-0.947487
-0.774496
-0.920523
-0.964011
-0.946524
-0.948365
-0.880774
-0.682465
-0.760094
-0.987851
-0.48287
-0.932494
0.64404
-0.558457
-0.963183
-0.970033
-0.858721
-0.92603
-0.992328
-0.999984
-0.820754
-0.813431
-0.508417
-0.872073
-0.88175
-0.986734
-0.72283
-0.990359
-0.953608
-0.980176
-0.965408
0.54221
-0.668365
-0.947438
-0.446151
-0.992826
-0.939729
-0.98189
-0.986302
-0.975188
-0.986976
-0.886633
-0.97713
-0.983933
-0.703329
-0.929672
-0.954237
-0.958253
-0.975178
-0.0672063
-0.699658
-0.980956
-0.757468
-0.962694
-0.99477
-0.991348
-0.995484
0.810448
-0.954103
-0.999199
-0.990906
-0.943548
-0.985455
-0.919282
-0.893665
-0.865556
-0.984331
-0.997034
-0.968987
-0.976529
-0.986993
-0.979095
-0.984044
-0.955445
-0.898985
-0.940585
-0.972513
-0.938823
-0.958243
-0.904794
-0.681312
-0.925313
-0.938517
-0.965604
-0.98834
-0.992967
-0.861896
-0.964528
-0.914526
-0.969627
-0.898665
-0.660394
-0.9713
-0.810343
-0.992468
-0.964485
-0.989895
-0.981269
-0.979921
-0.877235
-0.937583
-0.974976
-0.99702
-0.794123
-0.820275
-0.937618
-0.988425
-0.992596
-0.999321
-0.998254
-0.977975
-0.97615
-0.770596
-0.806104
-0.780925
-0.999129
-0.920215
-0.100721
-0.972447
-0.979555
-0.996804
-0.990217
-0.989429
-0.975687
-0.978527
-0.929271
-0.683456
-0.968551
-0.79912
-0.98204
-0.983937
-0.808314
-0.683757
-0.98221
-0.957983
-0.959111
-0.97398
-0.994304
-0.97801
-0.888898
-0.453346
-0.71272
-0.0654501
-0.990422
-0.96985
-0.858291
-0.977756
-0.981915
-0.968069
-0.970252
-0.959922
-0.983318
-0.933446
-0.833571
-0.95615
-0.990956
-0.936697
-0.978089
-0.995865
-0.9824
-0.992339
-0.986974
-0.837411
-0.988788
-0.882551
-0.981247
-0.958154
-0.983753
-0.993732
-0.911063
-0.833809
-0.787484
-0.92823
-0.955953
-0.991786
-0.901512
-0.994824
-0.957489
-0.959311
-0.922993
-0.933697
-0.988301
-0.968639
-0.973151
-0.932806
-0.998944
-0.87358
-0.99461
-0.97508
-0.801917
-0.990205
-0.892173
-0.957661
-0.886095
-0.962995
-0.867563
-0.993787
-0.683525
-0.977765
-0.91606
-0.957569
-0.98506
-0.994333
-0.735332
-0.151391
-0.990396
-0.956656
-0.548598
-0.990773
-0.717428
-0.869392
-0.877676
-0.677571
-0.851312
-0.837782
-0.904124
-0.94927
-0.701956
-0.973512
-0.358015
-0.738873
-0.962581
-0.971626
-0.945587
-0.950835
-0.99606
-0.984738
-0.871433
-0.977919
-0.997226
-0.982132
-0.910566
-0.824756
-0.911595
-0.97047
-0.908082
-0.426612
-0.992287
-0.938334
-0.241263
-0.66275
-0.935797
-0.61934
-0.672822
-0.622947
-0.989051
-0.998166
-0.933565
-0.885776
-0.975327
-0.98198
-0.948435
-0.918805
-0.963808
-0.965746
-0.995331
-0.868528
-0.918069
-0.994614
-0.960871
-0.956661
-0.853874
-0.835171
-0.913403
-0.993327
-0.954725
-0.919433
-0.766243
-0.833468
-0.430103
-0.970073
-0.99512
-0.594827
-0.994567
-0.995436
-0.971883
-0.999378
-0.993255
-0.991308
-0.979866
-0.968276
-0.984122
-0.971003
-0.965909
-0.972583
-0.620474
-0.612286
-0.943277
-0.960637
-0.8924
-0.91562
-0.998118
-0.949569
-0.747217
-0.54465
-0.869408
-0.649397
-0.981481
-0.869903
-0.906305
-0.93647
-0.900131
-0.963906
-0.997714
-0.747661
-0.951821
-0.90032
-0.950109
-0.934168
-0.711717
-0.97899
-0.994445
-0.981739
-0.989205
-0.915029
-0.964962
-0.915106
-0.940381
-0.998238
-0.999367
-0.996118
-0.997172
-0.470468
-0.620438
-0.889628
-0.93511
-0.881695
-0.984235
-0.989136
-0.693996
-0.892413
-0.957847
-0.984831
-0.965328
-0.998996
-0.988585
-0.990844
-0.912079
-0.99193
-0.482114
-0.936875
-0.895639
-0.992319
-0.985989
-0.877739
-0.994651
-0.999618
-0.968973
-0.975893
-0.451278
-0.896786
-0.873252
-0.95589
-0.870328
-0.976656
-0.984491
-0.825358
-0.99741
-0.955845
-0.973384
-0.982135
-0.915434
-0.955005
-0.944967
-0.951573
-0.941835
-0.980748
-0.984608
-0.912632
-0.98453
-0.94844
-0.932781
-0.941269
-0.993
-0.995089
-0.990423
-0.90714
-0.920767
-0.749243
-0.928213
-0.927457
-0.994568
-0.936383
-0.9189
-0.960464
-0.97166
-0.640204
-0.745426
-0.918214
-0.964467
-0.946295
0.259835
-0.995839
-0.947184
-0.940555
-0.984408
-0.768573
-0.781969
-0.959507
-0.614173
-0.501226
-0.943963
-0.996043
-0.965106
-0.965107
-0.950211
-0.931402
-0.986901
-0.955845
-0.918954
-0.656979
-0.987832
-0.942867
-0.915994
-0.777918
-0.777848
-0.995905
0.674777
-0.87967
-0.868432
-0.950441
-0.994289
-0.993756
-0.940344
-0.953119
-0.98748
-0.946245
-0.879286
0.27442
-0.961186
-0.994416
-0.997691
-0.916711
-0.932623
-0.914957
-0.949987
-0.977115
-0.925789
-0.938979
-0.885377
-0.963635
-0.882218
-0.986935
-0.990606
-0.904869
-0.924776
-0.741641
-0.947698
-0.872873
-0.550083
-0.914576
-0.603813
-0.999358
-0.941514
-0.933402
-0.987266
-0.996767
-0.866695
-0.973723
-0.980892
-0.843271
0.486083
-0.920334
-0.941727
-0.945548
-0.86193
-0.97739
-0.994178
-0.955318
-0.98872
-0.952758
-0.982449
-0.963192
-0.983508
-0.987972
-0.981288
-0.975473
-0.913724
-0.113556
-0.865585
-0.983918
-0.997459
-0.898573
-0.691617
-0.961913
-0.913807
-0.994715
-0.712666
-0.812521
-0.971463
-0.931069
-0.999033
-0.975925
-0.981752
-0.934748
-0.80337
-0.848944
-0.845546
-0.778681
-0.996169
-0.951138
-0.845423
-0.988133
-0.987163
-0.941779
-0.941956
-0.983643
-0.992237
-0.913339
-0.976335
-0.992647
-0.99976
-0.95643
-0.994025
-0.986536
-0.98463
-0.994623
-0.931977
-0.935365
-0.967701
-0.971503
-0.875383
-0.730923
-0.967667
-0.979935
-0.964607
-0.811625
-0.979733
0.778013
-0.975844
-0.965132
-0.969351
-0.997694
-0.991397
-0.995372
-0.996615
-0.961117
-0.981125
-0.998756
-0.938011
-0.976301
-0.862818
-0.998574
-0.903812
-0.976175
-0.930717
-0.658839
-0.922058
-0.994968
-0.852248
-0.748633
-0.990071
-0.970873
-0.498845
-0.810009
-0.984894
-0.986787
-0.897463
-0.958591
-0.998981
-0.960596
-0.8764
-0.967818
-0.91432
-0.980791
-0.986528
-0.888231
-0.988826
-0.980161
-0.906308
-0.994875
-0.957628
-0.996787
-0.910426
-0.962117
-0.951896
-0.963978
-0.947791
0.104731
-0.988553
-0.939183
-0.399637
-0.974934
-0.963896
-0.971837
-0.9902
-0.879543
-0.990514
-0.99322
-0.975672
-0.978111
-0.94614
-0.995146
-0.565103
-0.850186
-0.980044
-0.857638
-0.979245
-0.913598
-0.908687
-0.91822
-0.940064
-0.859844
-0.966599
-0.634826
-0.990154
-0.940867
-0.907186
-0.993793
-0.988285
-0.985188
-0.958439
-0.990282
-0.997416
-0.721367
-0.977369
-0.986904
-0.849726
-0.31754
-0.888659
-0.907937
-0.966619
-0.957484
-0.954715
-0.740318
-0.978613
-0.783068
-0.984443
-0.992641
-0.990193
-0.942901
-0.943319
-0.9771
-0.988417
-0.989568
-0.952343
-0.879918
-0.989547
-0.982191
-0.961049
-0.955074
-0.926411
-0.932921
-0.937233
-0.977895
-0.993769
-0.977797
-0.910341
-0.796143
-0.807584
-0.838741
-0.679496
-0.954559
-0.999692
-0.927859
-0.978897
-0.899228
-0.985687
-0.96668
0.133459
-0.112221
-0.498366
-0.837408
-0.993278
-0.931592
-0.906334
-0.999026
-0.867098
-0.873472
-0.415071
-0.989249
-0.983746
-0.740941
-0.998194
-0.989631
-0.911703
-0.898111
-0.920642
-0.965524
-0.975774
-0.805569
-0.961989
-0.092472
-0.920729
-0.884001
-0.997085
-0.887827
-0.938855
-0.961669
-0.959762
-0.967287
-0.988139
-0.97639
-0.945945
-0.727768
-0.917002
-0.966907
-0.971694
-0.980399
-0.825025
-0.839598
-0.988794
-0.987592
-0.981705
-0.954607
-0.952491
-0.954721
-0.932591
-0.646478
-0.534223
0.324964
-0.986335
-0.86126
-0.83614
-0.950747
-0.997442
-0.0415948
-0.985311
-0.968857
-0.986905
-0.969032
-0.998917
-0.992462
-0.974037
-0.949946
-0.514329
-0.872402
-0.981111
-0.997961
-0.978985
-0.923586
-0.961103
-0.970526
-0.972372
-0.980329
-0.702851
-0.929306
-0.991505
-0.955457
-0.992649
-0.977905
-0.995228
-0.97955
-0.933591
-0.958787
-0.70438
-0.980335
-0.85705
-0.980031
-0.994583
-0.867642
-0.992736
-0.960718
-0.997737
-0.991588
-0.986891
-0.974062
-0.979972
-0.9973
-0.980222
-0.977621
-0.849437
-0.769827
-0.77504
-0.996566
-0.917085
-0.958508
-0.96972
-0.828263
-0.991983
-0.968139
-0.91669
-0.729701
-0.934472
-0.978897
-0.568819
-0.893879
-0.797009
-0.916667
0.148524
-0.869031
-0.710815
-0.751765
-0.961939
-0.917853
-0.868787
-0.991327
-0.919795
-0.942133
-0.960583
-0.703554
-0.894579
-0.98247
-0.940859
-0.627874
-0.681983
-0.908899
-0.557696
-0.977925
-0.992106
-0.999287
-0.511649
-0.997916
-0.490536
-0.991117
-0.998051
-0.399224
-0.957833
-0.98883
-0.938398
-0.944323
-0.994205
-0.940841
-0.988797
-0.988016
-0.892773
-0.941172
0.167015
-0.968437
-0.883658
-0.988724
-0.984981
-0.649385
-0.424454
-0.968074
-0.989435
-0.809833
-0.933796
-0.983456
-0.961777
-0.991907
-0.846779
-0.987328
-0.995592
-0.991199
-0.998569
-0.948476
-0.929853
-0.569411
-0.72463
-0.962403
-0.995833
-0.94753
-0.961236
-0.842742
-0.902949
-0.843945
-0.988784
-0.93809
-0.905581
-0.999588
-0.971143
-0.986025
-0.975814
-0.980684
-0.989361
-0.989343
-0.987937
-0.995976
-0.78128
-0.950148
-0.981264
-0.996851
-0.997508
-0.90599
-0.959376
-0.921902
-0.996391
-0.936737
-0.957932
-0.973097
-0.959729
-0.939224
-0.951149
-0.957138
-0.964379
-0.961696
-0.946066
-0.938951
-0.98853
-0.993252
-0.980737
-0.748538
-0.970491
-0.989902
-0.960244
-0.963982
0.163584
-0.509729
-0.999481
-0.844294
-0.88729
-0.991753
-0.934218
-0.926027
-0.977728
-0.929115
-0.655752
-0.426564
-0.902936
-0.877983
-0.671685
-0.924575
-0.508242
-0.886872
-0.978942
-0.961776
-0.972032
-0.973178
-0.958759
-0.987053
-0.995145
-0.995852
-0.926174
-0.138339
-0.965139
-0.995952
-0.964371
-0.994672
-0.984328
-0.951517
0.0948812
-0.957781
-0.994592
-0.996533
-0.994547
-0.589649
-0.957869
-0.986423
-0.952492
-0.993388
-0.953527
-0.989623
-0.923104
-0.721216
-0.946775
-0.391302
-0.98209
-0.960117
-0.967819
-0.967501
-0.949487
-0.91765
-0.995187
-0.970308
-0.952986
-0.983806
-0.991534
-0.934655
-0.953226
-0.880198
-0.859795
-0.825864
-0.960598
-0.947859
-0.672231
-0.301386
-0.913361
-0.958557
-0.991384
-0.956849
-0.909724
-0.933637
-0.999684
-0.985594
-0.981412
-0.949318
-0.903817
-0.799077
-0.878978
-0.991011
-0.986976
-0.876001
-0.926465
-0.832336
-0.989803
-0.962676
-0.997889
-0.959098
-0.953829
-0.898327
-0.990279
-0.893619
-0.959165
-0.915417
-0.896516
-0.921642
-0.829309
-0.966601
-0.995282
-0.968575
-0.977374
-0.0241487
-0.976255
-0.995824
-0.996161
-0.955398
-0.99528
-0.977235
-0.988356
-0.746104
-0.970975
-0.85954
-0.932251
-0.87003
-0.996073
-0.694861
-0.917804
-0.988917
-0.372993
-0.959014
-0.142913
-0.973993
-0.787966
-0.946867
-0.749792
-0.941568
-0.206111
-0.978687
-0.873698
-0.998665
-0.988162
-0.967036
-0.983869
-0.989075
-0.992832
-0.987964
-0.99889
-0.995925
-0.926529
-0.76242
-0.687868
-0.883532
-0.753891
-0.982184
-0.97662
-0.959498
-0.9648
-0.998391
-0.998242
0.205541
-0.880714
-0.976866
-0.967884
-0.958183
-0.966236
-0.733724
-0.988456
-0.682591
-0.996929
-0.992348
-0.984776
-0.974958
-0.820467
-0.974364
-0.977315
-0.980103
-0.990865
-0.915247
-0.84006
-0.434961
-0.994815
-0.99638
-0.989243
-0.165291
-0.988341
-0.989647
-0.994811
-0.9224
-0.975259
-0.918479
-0.499602
-0.944586
-0.968594
-0.990098
-0.989629
-0.990983
-0.949195
-0.984486
-0.625017
-0.826286
-0.99963
-0.966327
-0.981499
-0.841899
-0.907221
-0.920914
-0.99479
-0.996706
-0.985646
-0.985861
-0.994634
-0.936308
-0.949826
-0.799504
-0.987011
-0.992253
-0.641265
-0.987332
-0.800008
-0.97652
-0.998014
-0.109687
-0.941575
-0.818309
-0.769203
-0.970098
-0.989788
-0.98963
-0.994954
-0.992554
-0.766525
-0.989945
-0.916618
-0.603412
-0.911846
-0.973818
-0.964051
-0.954086
-0.903331
-0.963756
-0.952801
-0.994417
-0.988644
-0.808299
-0.949862
-0.969282
-0.949193
-0.998366
-0.72127
-0.996343
-0.998349
-0.949227
-0.982323
-0.992504
-0.986257
-0.985239
0.0883947
-0.952499
-0.987629
-0.976722
-0.956469
-0.994626
-0.988067
-0.573725
-0.967592
-0.99022
-0.923069
-0.899173
-0.892391
-0.980519
-0.990319
-0.981461
-0.915975
-0.934458
-0.959306
-0.961648
-0.55053
-0.954554
-0.525383
-0.757519
-0.96567
-0.972793
-0.976781
-0.957474
-0.967619
-0.990994
-0.972794
-0.944167
-0.994028
-0.780493
-0.899089
-0.836188
-0.850932
-0.835555
-0.95587
0.567542
0.118536
-0.976131
-0.997058
-0.776153
-0.808796
-0.842314
-0.954413
-0.97812
-0.917568
-0.980907
-0.98612
-0.86303
-0.992923
-0.955915
-0.93163
-0.842864
-0.980463
-0.901784
-0.957253
-0.956799
-0.924659
-0.997919
-0.945679
-0.947838
-0.900749
-0.973163
-0.998681
-0.965806
-0.980608
-0.914924
-0.748775
-0.981638
-0.410576
-0.979443
-0.9111
-0.982613
-0.994917
-0.972401
-0.986113
-0.991554
-0.0488596
-0.800555
-0.187016
-0.997826
-0.69789
-0.905351
-0.910061
-0.826575
-0.975662
-0.993404
-0.978663
-0.950745
-0.82097
-0.969104
-0.983775
-0.692347
-0.977972
-0.99125
-0.983367
-0.737651
-0.996949
-0.997186
-0.936241
-0.997433
-0.930426
-0.761578
-0.761941
-0.907663
-0.997081
-0.991831
-0.911011
-0.94074
-0.971127
-0.726176
-0.985224
-0.604867
-0.996101
-0.934101
-0.989628
-0.948884
-0.778895
0.689895
-0.939683
-0.938779
-0.983416
-0.954586
-0.999741
-0.357549
-0.861657
-0.863866
-0.944559
-0.975838
-0.973495
-0.893712
-0.835028
-0.404261
-0.753437
-0.962219
-0.978449
-0.583405
-0.802347
-0.960031
-0.96604
-0.996112
-0.960612
-0.983815
-0.994068
-0.995144
-0.953889
-0.942687
-0.826962
-0.999398
-0.957111
-0.91808
-0.968717
-0.971764
-0.950046
-0.979262
-0.944691
-0.944053
-0.74354
-0.997328
-0.907521
-0.997641
-0.994516
-0.99784
-0.997628
-0.997825
-0.998417
-0.94876
-0.957276
-0.606347
-0.954457
-0.973241
-0.993366
-0.999702
-0.994654
-0.479986
-0.95989
-0.971394
-0.86165
-0.935482
-0.95672
0.359539
-0.8828
-0.996776
-0.969365
-0.946493
-0.808868
-0.969604
-0.995091
-0.980927
-0.998387
-0.993717
-0.991045
-0.983764
-0.985427
-0.993295
-0.955282
-0.59376
-0.959842
-0.709372
-0.777003
-0.87224
-0.715167
-0.710938
-0.756159
-0.980375
-0.996631
-0.811267
-0.964692
-0.826079
-0.652329
-0.983199
-0.866023
0.990844
-0.710097
-0.85326
-0.461227
-0.98725
-0.971513
-0.992758
-0.99655
-0.990361
-0.978502
-0.943952
-0.524441
-0.768413
-0.976886
-0.978064
-0.319923
-0.984975
-0.944542
-0.997064
-0.925044
-0.938833
-0.928885
-0.836362
-0.996195
-0.951582
-0.998864
-0.934259
-0.959572
-0.988957
-0.919085
-0.935146
-0.959022
-0.858403
-0.990232
-0.974894
-0.921579
-0.750904
-0.990376
-0.774796
-0.999926
-0.986728
-0.976001
-0.882646
-0.821452
-0.980697
-0.957099
-0.741343
-0.881016
-0.955757
-0.986447
-0.965411
-0.98836
-0.977701
-0.96661
-0.985374
-0.953623
-0.97959
-0.967924
-0.950591
-0.988095
-0.797059
-0.446838
-0.782152
-0.863648
-0.99635
-0.974766
-0.924497
-0.976278
-0.639803
-0.935218
-0.988639
-0.980073
-0.996877
-0.765013
-0.991608
-0.715878
-0.929492
-0.992454
-0.956633
-0.991246
-0.977787
-0.979953
-0.710993
-0.924952
-0.450668
-0.989255
-0.90844
-0.948489
-0.85603
-0.970665
-0.993982
-0.929657
-0.932409
-0.968245
-0.996594
-0.998654
-0.99107
-0.93916
-0.952532
-0.694899
-0.959184
-0.997357
-0.659967
-0.935437
-0.961262
-0.932806
-0.932914
-0.691215
-0.944904
-0.965738
-0.854329
-0.986425
-0.879085
-0.99765
-0.991796
-0.801491
-0.967837
0.225809
-0.787654
-0.901389
-0.829118
-0.941366
-0.858534
-0.207947
-0.666628
-0.797966
-0.971046
-0.99092
-0.985918
-0.986045
-0.981366
-0.992446
-0.99513
-0.912891
-0.851664
-0.978811
-0.975934
-0.911655
-0.989094
-0.951685
-0.975847
-0.956195
-0.937956
-0.942967
-0.979655
-0.997395
-0.731524
-0.991058
-0.281135
-0.136437
-0.952551
-0.945687
-0.976718
-0.895816
-0.0557523
-0.92705
-0.89546
-0.9819
-0.963352
-0.968829
-0.989634
-0.831399
-0.957838
-0.991246
-0.986257
-0.945746
-0.965381
-0.99473
-0.981467
-0.955183
-0.945412
-0.992231
-0.978109
-0.988259
-0.992048
-0.911561
-0.997948
-0.971253
-0.978051
-0.999994
-0.96574
-0.907355
-0.954347
-0.986576
-0.927681
-0.0427289
-0.415038
-0.894355
-0.972173
-0.837748
-0.477265
-0.983955
-0.987249
-0.834202
-0.966889
-0.974032
-0.934112
-0.90829
-0.812185
-0.769981
-0.879997
-0.992721
-0.997395
-0.970316
-0.971648
-0.995035
-0.958207
-0.548557
-0.946923
-0.692417
-0.90007
-0.99088
-0.925826
-0.991256
-0.967441
-0.954384
-0.988693
-0.922624
-0.742046
-0.824919
-0.9499
-0.629124
-0.489415
-0.965594
-0.973648
-0.995323
-0.997427
-0.998881
-0.991614
-0.994311
-0.992964
-0.9761
-0.999845
-0.9975
-0.981181
-0.985691
-0.855329
-0.840413
-0.974697
-0.976796
-0.309311
-0.970882
-0.909137
-0.918377
-0.945252
-0.859688
-0.983605
-0.950085
-0.980606
-0.896398
-0.999408
-0.98511
-0.935152
-0.923008
-0.758253
-0.726796
0.31603
0.352073
-0.642133
-0.782281
-0.932716
-0.97238
-0.982741
-0.987641
-0.715176
-0.78785
-0.972066
-0.997881
-0.908531
-0.875364
-0.940873
-0.948798
-0.912463
-0.979194
-0.887944
-0.970925
-0.977184
-0.997494
-0.813125
-0.830362
-0.936126
-0.992788
-0.945238
-0.828414
-0.884575
-0.991451
-0.961849
-0.998456
0.218842
-0.917816
-0.985962
-0.992417
-0.976939
-0.978885
-0.986416
-0.975307
-0.986407
-0.98799
-0.467246
-0.901237
-0.950815
-0.947843
-0.976963
-0.989879
-0.996112
-0.875057
-0.909346
-0.300813
-0.981915
-0.823752
0.495136
-0.795151
-0.987479
-0.803365
-0.961733
-0.91418
-0.992945
-0.771743
-0.590111
-0.966503
-0.971663
-0.965112
-0.872788
0.606076
-0.981107
-0.969521
-0.957206
-0.943091
-0.9819
-0.957055
-0.759663
-0.996447
-0.958068
-0.993771
-0.993703
-0.959687
-0.858804
-0.953785
-0.336645
-0.646095
-0.988241
-0.984697
-0.9881
-0.929607
-0.742373
-0.93288
-0.638253
-0.72775
-0.998369
-0.953936
-0.638165
-0.781229
-0.955232
-0.989152
-0.967096
-0.567628
-0.762449
-0.995397
-0.994802
-0.880917
0.717659
-0.37804
-0.879093
-0.97502
-0.789193
-0.53072
-0.95778
-0.919329
-0.543427
-0.914969
-0.946983
-0.992077
-0.988188
-0.910518
-0.851775
-0.958573
-0.933393
-0.95273
-0.995204
-0.993378
-0.999029
-0.768908
-0.46557
-0.925434
-0.441254
-0.980336
-0.975399
-0.885641
-0.992381
-0.99271
-0.877342
-0.82989
-0.979733
-0.949103
-0.917164
-0.964151
-0.600702
-0.612632
-0.965425
-0.257864
-0.971025
-0.883239
-0.958485
-0.930808
-0.946122
-0.971675
-0.997536
-0.999912
-0.819874
-0.983596
-0.948418
-0.922586
-0.994309
-0.994325
-0.977348
-0.576504
-0.804445
-0.946782
-0.969371
-0.999561
-0.993401
-0.983427
-0.969213
-0.990357
-0.989941
-0.997037
-0.980766
-0.271518
-0.942214
-0.892181
-0.902423
-0.982884
-0.947336
-0.99058
-0.771129
-0.9977
-0.989166
-0.949727
-0.992068
-0.526024
-0.993635
-0.91693
-0.992813
-0.935378
-0.962853
0.684088
-0.828695
-0.979303
-0.972351
-0.983658
-0.980052
-0.999273
-0.958811
-0.94552
-0.997971
-0.910036
-0.855547
-0.998421
-0.918495
-0.876586
-0.878501
-0.982376
-0.610953
-0.936226
-0.983876
-0.773045
-0.995194
-0.996086
-0.995539
-0.989766
-0.8795
-0.968913
-0.936822
-0.981927
-0.916776
-0.820513
-0.768077
-0.799896
-0.797706
-0.905257
-0.816399
-0.88043
-0.992884
-0.996449
-0.991179
-0.702847
-0.957303
-0.707818
-0.992702
-0.97573
-0.993083
-0.952901
-0.930869
-0.944751
-0.989399
-0.970409
-0.98367
-0.936019
-0.943084
-0.89398
-0.928104
-0.994799
-0.969108
-0.964987
-0.955244
-0.978081
-0.911159
-0.998458
-0.499761
-0.966263
-0.985193
-0.951934
-0.993135
-0.963848
-0.989582
-0.986428
-0.99198
0.157814
-0.951626
-0.92295
-0.753498
-0.923162
-0.990632
-0.99986
-0.894051
-0.989915
-0.998361
-0.994481
-0.58857
-0.916991
-0.645181
-0.995096
-0.827388
-0.984171
-0.951065
-0.995064
-0.775704
-0.957832
-0.962028
-0.970631
-0.9249
-0.97162
-0.971203
-0.991533
-0.998657
-0.880385
-0.984508
-0.909596
-0.876921
-0.976739
-0.97827
0.809888
-0.940137
-0.918658
-0.356871
-0.955077
-0.923773
-0.934211
-0.630321
-0.798581
0.0254219
-0.83334
-0.81559
-0.889684
-0.993528
-0.963287
-0.983475
-0.961645
-0.530647
-0.772003
-0.742498
0.68949
-0.738164
-0.991701
-0.977954
-0.982395
-0.960835
-0.995389
-0.921844
-0.971578
-0.80914
-0.936436
-0.119825
-0.918728
-0.95963
-0.999591
-0.726229
-0.952562
-0.988552
-0.939158
-0.953373
-0.963852
-0.977425
-0.878964
-0.643579
-0.656722
-0.738964
-0.996673
-0.783932
-0.961319
-0.995955
-0.995187
-0.957291
-0.957386
-0.730569
-0.997828
-0.998772
-0.907385
-0.267159
-0.831144
-0.959464
0.279019
-0.907351
-0.925981
-0.972934
-0.981036
-0.936828
-0.419128
-0.934629
-0.634217
-0.85638
-0.636576
-0.990323
-0.991636
-0.958265
-0.994095
-0.996956
-0.964774
-0.966607
-0.972169
-0.950565
-0.940814
-0.983415
-0.997049
-0.962308
-0.986517
-0.917669
-0.993142
-0.999852
-0.997627
-0.982768
-0.957497
-0.989665
-0.982178
-0.916307
-0.996495
-0.995633
-0.996329
-0.977682
-0.964655
-0.952612
-0.997633
-0.0966976
-0.957337
-0.995698
-0.893659
-0.86595
-0.995824
-0.998484
-0.952589
-0.988663
-0.925711
-0.964471
-0.940531
-0.944241
-0.995039
-0.952179
-0.893894
-0.969633
-0.978537
-0.881401
-0.942676
-0.995705
-0.944349
-0.985196
-0.97676
-0.969683
-0.965845
-0.982114
-0.95162
-0.920869
-0.980957
-0.702957
-0.941739
-0.730961
-0.975387
-0.944957
-0.988302
-0.898039
-0.988122
-0.985573
-0.981907
-0.98992
-0.98496
-0.982429
-0.963305
-0.986377
-0.991636
-0.999117
-0.830978
-0.977254
-0.977301
-0.93081
-0.89002
-0.872458
-0.829239
-0.984022
-0.99813
-0.821541
-0.970777
-0.881137
-0.981454
-0.968598
-0.969835
-0.99001
-0.996408
-0.953587
-0.994348
-0.984671
-0.807173
-0.956052
-0.888425
-0.943755
-0.675535
-0.941324
-0.984995
-0.996146
-0.989352
-0.970753
-0.947134
-0.967677
-0.824337
-0.957641
-0.959345
-0.998107
-0.835684
-0.942122
-0.988551
-0.984141
0.328895
-0.843755
-0.951502
-0.912995
-0.991708
-0.987593
-0.996268
-0.749753
-0.995469
-0.869591
-0.822761
-0.96478
-0.681517
-0.960454
0.303176
-0.996596
-0.988897
-0.998209
-0.936767
-0.959054
0.480124
-0.808852
-0.830029
-0.865237
-0.975805
-0.973088
-0.984279
-0.686582
-0.904124
-0.959637
-0.997721
-0.988879
-0.86609
-0.45566
-0.863466
-0.93513
-0.819206
-0.818058
-0.787157
-0.972938
-0.956916
-0.986921
-0.938102
-0.997507
-0.992272
-0.990891
-0.999765
-0.988404
-0.792986
-0.977043
-0.980199
-0.972307
-0.998825
0.47997
-0.889123
-0.991322
-0.965369
-0.979585
-0.970278
-0.94705
-0.992914
-0.937722
-0.91019
-0.990209
-0.9801
-0.999137
-0.960776
-0.879032
-0.935261
-0.762642
-0.983963
-0.95195
-0.979062
-0.868318
-0.807561
-0.880228
-0.999359
-0.91888
-0.937102
-0.993514
-0.475811
-0.329146
-0.937191
-0.814133
-0.960944
-0.981504
-0.962617
-0.933825
-0.965411
-0.966389
-0.890252
-0.985049
-0.606927
-0.874173
-0.975877
-0.96323
-0.988159
-0.920879
-0.971164
-0.990667
-0.989472
-0.992769
-0.996147
-0.983352
-0.988117
-0.970475
-0.979555
-0.882989
-0.828029
-0.997591
-0.979271
-0.808788
-0.955528
-0.848525
-0.983157
0.0407856
-0.966469
-0.994518
-0.985815
-0.973531
-0.917673
-0.956494
-0.963174
-0.998194
-0.737669
-0.654717
-0.890668
-0.893318
-0.914229
-0.754295
-0.966847
-0.9986
-0.999711
-0.915533
-0.950002
-0.971214
-0.997441
-0.991703
-0.973276
-0.833436
-0.919871
-0.896555
-0.99863
-0.920421
-0.909576
-0.841466
-0.900954
-0.99317
-0.983495
-0.999128
-0.999567
-0.949073
-0.97055
-0.93764
-0.920353
-0.81526
-0.92938
-0.631762
-0.964843
-0.929135
-0.920416
-0.92939
-0.998951
-0.9942
-0.747166
-0.961694
-0.973292
-0.916108
-0.877177
-0.996092
-0.541703
-0.938377
-0.848946
-0.995431
-0.963281
-0.844235
-0.812956
-0.869833
-0.921661
-0.995976
-0.938435
-0.895189
-0.9728
-0.809447
-0.963114
-0.969234
-0.979486
-0.929175
-0.978159
-0.998128
-0.890546
-0.996591
-0.966136
-0.966102
-0.989938
-0.997868
0.773618
-0.977064
-0.988197
-0.927107
-0.939637
-0.992929
-0.979385
-0.847863
-0.977504
-0.914948
-0.996216
-0.996012
-0.986505
-0.995849
-0.811942
-0.826367
-0.913712
-0.309044
-0.969303
-0.937766
-0.96632
-0.988219
-0.95015
-0.871153
-0.998907
-0.942539
-0.952533
-0.987101
-0.975911
-0.987355
-0.990716
-0.959273
-0.988726
-0.936701
-0.990556
-0.977054
-0.985547
-0.947983
-0.862323
-0.936566
-0.97532
-0.987796
-0.988269
-0.954342
-0.972855
-0.995695
-0.992811
-0.948678
-0.228481
-0.523778
-0.913273
-0.98276
-0.998525
-0.958583
-0.929892
-0.990496
-0.891632
-0.990182
-0.991464
-0.948132
-0.985993
-0.776745
-0.807027
-0.988988
-0.976532
-0.944121
-0.993729
-0.999589
-0.956487
-0.989541
-0.912676
-0.951822
-0.981262
-0.995654
-0.953589
-0.946973
-0.968835
-0.954887
-0.981821
-0.98334
-0.970482
-0.962265
-0.880769
-0.794301
-0.993538
-0.992903
-0.999945
-0.918625
-0.974293
-0.975605
-0.78803
-0.994488
-0.966576
-0.981247
-0.982316
-0.940729
-0.922358
-0.926584
-0.906146
-0.972345
-0.996896
-0.955671
-0.979118
-0.996647
-0.879623
-0.823228
-0.890894
-0.999386
-0.993164
-0.693896
-0.799451
-0.731757
-0.983554
-0.847127
-0.933243
-0.970965
-0.993402
-0.940177
-0.985488
-0.995336
-0.48732
0.904242
-0.987615
-0.976591
-0.909943
-0.983785
-0.452032
-0.852162
-0.815144
-0.914102
-0.735535
-0.720632
-0.209368
-0.91661
-0.977389
-0.955795
-0.931048
-0.691671
-0.989507
-0.987825
-0.954623
-0.95103
-0.997273
-0.766101
-0.100948
-0.994045
-0.836737
-0.972424
-0.955219
-0.976115
-0.97549
-0.992296
-0.277173
-0.875233
-0.531231
-0.866465
-0.990507
-0.806034
-0.846827
-0.998552
-0.960151
-0.99735
-0.970352
-0.977353
-0.954307
-0.866207
-0.926634
-0.952883
-0.989053
-0.9901
-0.979746
-0.764055
-0.925219
-0.798267
-0.990935
-0.97472
-0.972376
-0.830125
-0.925179
-0.745751
-0.950373
-0.997356
-0.988272
-0.990955
-0.98181
-0.975084
-0.965845
0.085922
-0.831376
-0.996162
-0.998477
-0.99708
-0.999129
-0.992456
-0.898004
-0.996221
-0.934758
-0.924388
-0.94348
-0.95615
-0.998432
-0.977503
-0.976751
-0.955981
-0.996796
-0.968916
-0.978938
-0.999506
-0.980619
-0.99891
-0.988692
-0.918531
-0.768921
-0.977685
-0.971469
-0.644414
-0.937121
-0.949445
-0.991922
-0.965263
-0.983327
-0.996525
-0.726859
-0.822767
-0.965425
0.0741654
-0.697875
-0.999241
-0.924313
-0.982065
-0.990253
-0.948923
-0.996421
-0.946212
-0.928717
-0.986695
-0.973349
-0.443628
-0.994366
-0.993901
-0.465448
-0.638932
-0.992024
-0.971202
-0.983882
-0.971431
-0.997796
-0.929117
-0.757635
-0.747685
-0.975092
-0.962233
-0.35233
-0.931338
-0.984766
-0.982937
-0.997832
-0.849869
-0.977673
-0.993698
-0.945229
-0.939863
-0.830514
-0.998346
-0.980483
-0.831256
-0.852156
-0.980714
-0.863172
-0.985824
-0.997698
-0.340332
-0.939401
-0.750609
-0.899411
-0.97856
-0.935011
-0.814952
-0.374639
-0.0660426
-0.908466
-0.968438
-0.880377
-0.821438
-0.956963
-0.998033
-0.996271
-0.982419
-0.951753
-0.992032
-0.783464
-0.927394
-0.59978
-0.997901
-0.747166
-0.439171
-0.99792
-0.995493
-0.93524
-0.866248
-0.775207
-0.937696
-0.966806
-0.920768
-0.945958
-0.950795
-0.39463
-0.981057
-0.99057
-0.932236
-0.986802
-0.993634
-0.923925
-0.893252
-0.857181
-0.986771
-0.996577
-0.976469
-0.877991
-0.990183
-0.756212
-0.728181
-0.835426
-0.936211
-0.830993
-0.798994
-0.993178
-0.855895
-0.929642
-0.884872
-0.949279
-0.999676
-0.989772
-0.971325
-0.841721
-0.971836
-0.848418
-0.981158
-0.984106
-0.676934
-0.909168
-0.942062
-0.970257
-0.999498
-0.963108
-0.565085
-0.993768
-0.891762
-0.98708
-0.992808
-0.957188
-0.982231
-0.992352
-0.967977
-0.981646
-0.7367
-0.819671
-0.994675
-0.979048
-0.992037
-0.986472
-0.961209
-0.946417
-0.977002
-0.997682
-0.943633
-0.928814
-0.986693
-0.972655
-0.925837
-0.986535
-0.960252
-0.990366
-0.998385
-0.959957
-0.938963
-0.621077
-0.822147
-0.973126
-0.998754
-0.938066
-0.99781
-0.890454
-0.976502
-0.998246
-0.98727
-0.996692
-0.974144
-0.894162
-0.96899
-0.895253
-0.593659
-0.968222
-0.819744
-0.76495
-0.903049
-0.968668
-0.98252
0.0574447
-0.979294
-0.967327
-0.963746
-0.92908
-0.782655
-0.967684
-0.989163
-0.993109
-0.969825
-0.92925
-0.750194
-0.9318
-0.968176
-0.973826
-0.936939
-0.715075
-0.854859
-0.901469
-0.762106
-0.997406
-0.965919
-0.989349
-0.908327
-0.989956
-0.819661
-0.645054
-0.983482
-0.93041
-0.998901
-0.876692
-0.925605
-0.96729
-0.944753
-0.867697
-0.904858
-0.862542
-0.829212
-0.879942
-0.993282
-0.989434
-0.951924
-0.885822
-0.916259
-0.999846
-0.926846
-0.99427
-0.970767
-0.982694
-0.967547
-0.984205
-0.998897
-0.788266
-0.999852
-0.935769
-0.984364
-0.736164
-0.994598
-0.919282
-0.981135
-0.997794
-0.97108
-0.94767
-0.985623
-0.958423
-0.971457
-0.998716
-0.895588
-0.952251
-0.995909
-0.845384
0.176844
-0.857722
-0.919661
-0.999012
-0.914086
-0.716903
-0.915668
-0.963068
-0.324083
-0.959988
-0.821596
-0.97122
-0.97722
-0.933836
-0.956931
-0.694673
0.792119
-0.755828
-0.839893
-0.951798
-0.926163
-0.9653
-0.933716
-0.961681
-0.904457
-0.981737
-0.957755
-0.9881
-0.886462
-0.98989
-0.951648
-0.969143
-0.989851
-0.947929
-0.928857
-0.962009
-0.956944
-0.957107
-0.969464
-0.961634
-0.997907
-0.990281
-0.982041
-0.99685
-0.959583
-0.938974
-0.820604
-0.751988
-0.946039
-0.965372
-0.956027
-0.939983
-0.983238
-0.973039
-0.956471
-0.977927
-0.858879
-0.955376
-0.999244
-0.988268
-0.934172
-0.964129
-0.974663
-0.764997
-0.92175
-0.946456
-0.961991
-0.944607
-0.924842
-0.988045
-0.994394
-0.991599
-0.917579
-0.521518
-0.9971
-0.556271
-0.956885
-0.978228
-0.764051
-0.826837
-0.9129
-0.962563
-0.996263
-0.980362
-0.994239
-0.887119
-0.90793
-0.978299
-0.990812
-0.997779
-0.982011
-0.961424
-0.972969
-0.566263
-0.920337
-0.832916
-0.706401
-0.950263
-0.763727
-0.993866
-0.927684
-0.773545
-0.613801
-0.889565
-0.976599
-0.986694
-0.982939
-0.933654
-0.956443
-0.920863
-0.755653
-0.96116
-0.879381
-0.941954
-0.992476
-0.995998
-0.992248
-0.998608
-0.996385
-0.998556
-0.983061
-0.959955
-0.889003
-0.945223
-0.810168
-0.949491
-0.794254
-0.758761
-0.859829
-0.811422
-0.965334
-0.963044
-0.774749
-0.90864
-0.922474
-0.699113
-0.868465
-0.779178
-0.999866
-0.991658
-0.965353
-0.493511
-0.955276
-0.974824
-0.987049
-0.890901
-0.945269
-0.974756
-0.233914
-0.995063
-0.658568
-0.850073
-0.968111
-0.980065
-0.994338
-0.0273756
-0.912073
-0.98865
-0.986916
-0.983866
-0.550778
-0.994282
-0.981267
-0.998904
-0.989246
-0.887744
-0.972477
-0.971173
-0.966679
-0.945827
-0.99618
-0.951797
-0.985306
-0.550108
-0.945545
-0.875376
-0.880562
-0.987458
-0.652136
-0.974594
-0.974687
-0.980309
-0.501851
-0.835391
-0.984249
-0.981407
-0.979208
-0.957202
-0.994195
-0.99784
-0.971538
-0.986979
-0.978398
-0.908913
-0.943322
-0.981241
-0.980361
-0.935009
-0.964648
-0.800743
-0.954249
-0.949875
-0.753825
-0.999634
-0.99693
-0.965788
-0.948024
-0.977068
-0.874775
-0.623967
-0.647268
-0.949038
-0.903552
-0.982762
-0.988513
-0.986292
-0.995838
-0.936251
-0.982438
-0.992805
-0.830473
-0.975889
-0.97084
-0.868893
-0.974594
-0.999217
-0.999402
-0.999658
-0.990576
0.798527
-0.99237
-0.922052
-0.982114
-0.840015
-0.890018
-0.994808
-0.976615
-0.766411
-0.611459
-0.142388
-0.388741
-0.995045
-0.794948
-0.970103
-0.988941
-0.939136
-0.878922
-0.955746
-0.899725
-0.91119
-0.897915
-0.958727
-0.989657
-0.991378
-0.751533
-0.929803
-0.967376
-0.950091
-0.960725
-0.912706
-0.758211
-0.989592
-0.927194
-0.967175
-0.96016
-0.918423
-0.990776
-0.98711
-0.990224
-0.988722
-0.984183
-0.348568
-0.948907
-0.926089
-0.999747
-0.971299
-0.959896
-0.978378
-0.916611
-0.99238
-0.980226
-0.995985
-0.88377
-0.976546
-0.978209
-0.958549
-0.887301
-0.583673
-0.588835
-0.873988
-0.902368
-0.857956
-0.874145
-0.963735
-0.970442
-0.905306
-0.996431
-0.975953
0.0386286
-0.886724
-0.859768
-0.921857
-0.996009
-0.978366
-0.989178
-0.809249
-0.801747
-0.960858
-0.991611
-0.981782
-0.964924
-0.970062
-0.970779
-0.953923
-0.922189
-0.980484
-0.960705
-0.983957
-0.978008
-0.977153
-0.929244
-0.985921
-0.982301
-0.554179
-0.684624
-0.862057
-0.997154
-0.990422
-0.382795
-0.993709
-0.905385
-0.726018
-0.792078
-0.840678
-0.983454
-0.993579
-0.904812
-0.987024
-0.963906
-0.968049
-0.883385
-0.896237
-0.831707
-0.945935
-0.985001
-0.880188
-0.725491
-0.890013
-0.967536
-0.951792
-0.997318
-0.910272
-0.911644
-0.86211
-0.91338
-0.949364
-0.9642
-0.971765
-0.985936
0.430951
-0.818337
-0.98288
-0.856539
-0.721298
-0.960506
-0.986377
-0.988553
-0.991574
-0.909383
-0.988666
-0.977504
-0.996205
-0.993885
-0.955014
-0.946564
-0.836084
-0.977646
-0.996772
-0.657477
-0.997333
-0.999264
-0.978814
-0.946477
-0.790116
-0.96544
-0.992117
-0.99788
-0.997436
-0.983169
-0.995397
-0.952979
-0.953975
-0.900995
-0.916185
-0.980302
-0.925324
-0.926843
-0.93122
-0.893223
-0.982235
-0.967385
-0.958699
-0.996688
-0.484382
-0.697479
-0.917598
-0.996764
-0.999544
-0.986923
-0.977758
-0.0437669
-0.878988
-0.992963
-0.91367
-0.816508
-0.963072
-0.806404
-0.938757
-0.920262
-0.983259
-0.672802
-0.960616
-0.819922
-0.972973
-0.890876
-0.952544
-0.961001
-0.761817
-0.908968
-0.975008
-0.965779
-0.600841
-0.864957
-0.998022
-0.901593
-0.880915
-0.942824
-0.912049
-0.963677
-0.977031
-0.995713
-0.989364
-0.952008
-0.8089
-0.146505
-0.95696
-0.958275
-0.970449
-0.973596
-0.952965
-0.99313
-0.956554
-0.990874
-0.883397
-0.972756
-0.914618
-0.902789
-0.947617
-0.994736
-0.936483
-0.925869
-0.956835
-0.697519
-0.912109
-0.964637
-0.942932
-0.925739
-0.994379
-0.415976
-0.945168
-0.922347
-0.82788
-0.0364852
-0.905541
-0.820956
-0.988537
-0.993805
-0.997506
-0.901038
-0.944111
-0.914242
-0.93594
-0.99138
-0.494352
-0.941765
-0.930298
-0.983791
-0.964309
-0.972699
-0.821035
-0.915465
-0.893006
-0.689437
-0.815553
-0.892401
-0.982115
-0.992647
-0.996643
-0.973172
-0.918217
-0.991194
-0.945831
-0.98072
-0.974902
-0.79566
-0.810963
-0.997939
-0.997088
-0.602754
-0.974
-0.938409
-0.984131
-0.955811
-0.998326
-0.979348
-0.935173
-0.993737
-0.92706
-0.984288
-0.87261
-0.937758
-0.849254
-0.952789
-0.464782
-0.998304
-0.873125
-0.861657
-0.640581
-0.984302
0.691986
-0.95242
-0.977101
-0.0159812
-0.944287
-0.252221
-0.889079
-0.955375
-0.93196
-0.926708
-0.886473
-0.969854
-0.975546
-0.982026
-0.956971
-0.982323
-0.797479
-0.980618
-0.686064
-0.91333
-0.985575
-0.921633
-0.981661
-0.925688
-0.92358
-0.916855
-0.982453
-0.76255
-0.98426
-0.842854
-0.870559
-0.988502
-0.210232
-0.522408
-0.872248
-0.974776
-0.971525
-0.90021
-0.871577
-0.991187
-0.970228
-0.997392
-0.813594
-0.855116
-0.991129
-0.997948
-0.989869
-0.999731
-0.911406
-0.938643
-0.99476
-0.776581
-0.973793
-0.947367
-0.915241
-0.988196
-0.876655
-0.930677
-0.946383
-0.981861
-0.991235
-0.988523
-0.897997
-0.691108
-0.631174
-0.632388
-0.972557
-0.855811
-0.970288
-0.59404
-0.976351
-0.917193
-0.987204
-0.984724
-0.845567
-0.992379
-0.724321
-0.400541
-0.956711
-0.988468
-0.984696
-0.994359
-0.977076
-0.958147
-0.713048
-0.858827
-0.977094
-0.998025
-0.860146
-0.959884
-0.977969
-0.997753
-0.989696
-0.992632
-0.977293
-0.989853
-0.987378
-0.975348
-0.883235
-0.981243
-0.994053
-0.958991
-0.993877
-0.918933
-0.859208
-0.947651
-0.937141
-0.991777
-0.990334
-0.844353
-0.869912
-0.982133
-0.97572
-0.974128
-0.993916
-0.996663
-0.96602
-0.970225
-0.962111
-0.968748
-0.980116
-0.998572
-0.965374
-0.947571
-0.993003
-0.99694
-0.970505
-0.944366
-0.725838
-0.993996
0.702936
-0.843555
-0.774095
-0.925812
-0.948651
-0.981821
-0.982735
-0.933359
-0.985792
-0.957813
-0.991372
-0.978865
-0.86192
-0.839333
-0.965318
-0.995638
-0.999506
-0.999276
-0.998189
-0.996511
-0.997516
-0.998048
-0.92042
-0.967192
-0.84117
-0.695576
-0.989745
-0.950829
-0.933618
-0.983313
-0.974525
-0.928539
-0.97018
-0.186192
-0.956436
-0.94856
-0.990748
-0.999068
-0.66037
-0.999617
-0.962905
-0.927187
-0.98208
-0.903896
-0.958961
-0.986296
-0.95518
-0.949992
-0.98935
-0.362565
-0.906053
-0.901068
-0.979962
-0.992645
-0.985615
-0.685556
-0.303502
-0.998502
-0.935121
-0.993983
-0.946867
0.75054
-0.968208
-0.989751
-0.974565
-0.985818
-0.994253
-0.747092
-0.933722
-0.861149
-0.86226
-0.975567
-0.993344
-0.991526
-0.90019
-0.996845
-0.976668
-0.97409
-0.984163
-0.919538
-0.93618
-0.890683
-0.998248
-0.979612
-0.980132
-0.996282
-0.999587
-0.997806
-0.999457
-0.963359
-0.943346
-0.975318
-0.964894
0.383195
-0.811859
0.715425
-0.978108
-0.974366
-0.617414
-0.842231
-0.981641
-0.957091
-0.970011
-0.988757
-0.970894
-0.934906
-0.975978
-0.960699
-0.49527
-0.93016
-0.966605
-0.989528
-0.996764
-0.986736
-0.877498
-0.985996
-0.943071
-0.98571
-0.996331
-0.867068
0.0634414
-0.997432
-0.990934
-0.975903
-0.980845
-0.964871
-0.753935
-0.980123
-0.985251
-0.981325
-0.99439
-0.991736
-0.87216
0.171186
0.709538
-0.926368
-0.979723
-0.994012
-0.986641
-0.974586
-0.972646
-0.905616
0.0982796
-0.95004
-0.723964
-0.825553
-0.688891
-0.98682
-0.952455
-0.958973
-0.523085
-0.953511
-0.950777
-0.888305
-0.834313
-0.902366
-0.997168
-0.952937
-0.971491
-0.990361
-0.955121
-0.994777
-0.995257
-0.992352
-0.754629
-0.830913
-0.990117
-0.998435
-0.924178
-0.935364
-0.782038
-0.895646
-0.908841
-0.991644
-0.891365
-0.162334
-0.992032
-0.984961
-0.939152
-0.976696
-0.971774
-0.969888
-0.961316
-0.993499
-0.789143
-0.563151
-0.984863
-0.657607
-0.994166
-0.98347
-0.993997
-0.983866
-0.970618
-0.999792
-0.962799
-0.978559
-0.362137
-0.985033
-0.539823
-0.975553
-0.828831
-0.980476
-0.820224
-0.516451
-0.690518
-0.906659
-0.996855
-0.99272
-0.793077
-0.700737
-0.541068
-0.985952
-0.973085
-0.890355
-0.991283
-0.96303
-0.56048
-0.988711
-0.50159
-0.972696
-0.94576
-0.998208
-0.928973
-0.961825
-0.931878
-0.735517
-0.979814
-0.906565
-0.23996
-0.396458
-0.998841
-0.982758
-0.847188
-0.988254
-0.897885
-0.580783
-0.875708
-0.959962
-0.996383
-0.968602
-0.862769
-0.836561
-0.876498
-0.874089
-0.961044
-0.993047
-0.998882
-0.921588
-0.996887
-0.851401
-0.78612
-0.994584
-0.793724
-0.862668
-0.542046
-0.351989
-0.962412
-0.933573
-0.976998
-0.620424
-0.972443
-0.996754
-0.983685
-0.984608
-0.9599
-0.814576
-0.974948
-0.852235
-0.959164
-0.942172
-0.997744
-0.845313
-0.746251
-0.885237
-0.885596
-0.960404
-0.945494
-0.970045
-0.921967
-0.962612
-0.9133
-0.989282
-0.984826
-0.997818
-0.997347
-0.993001
0.195966
-0.981784
-0.951362
-0.996929
-0.988018
-0.890634
-0.92781
-0.871564
-0.58127
-0.985176
-0.98298
-0.85459
-0.880725
-0.635821
-0.810167
-0.999199
-0.914381
-0.973241
-0.920203
-0.988522
-0.996192
-0.991437
-0.996873
-0.967069
-0.999536
-0.976072
-0.982234
-0.980615
-0.836183
-0.998787
-0.901867
-0.295685
0.223267
-0.899292
-0.986669
-0.886828
-0.895349
-0.870438
-0.889083
-0.988129
-0.988117
-0.956224
-0.911568
-0.998662
-0.972702
-0.992013
-0.994837
-0.980804
-0.666067
-0.960917
-0.966249
-0.798436
-0.948445
-0.999965
-0.745034
-0.960422
-0.957408
-0.982814
-0.992186
-0.789013
-0.139117
-0.975619
-0.95296
-0.933626
-0.430605
-0.914805
-0.943483
-0.983549
-0.504183
-0.998159
-0.854938
-0.743307
-0.964243
-0.84146
-0.961951
-0.850353
-0.879314
-0.912876
-0.992636
-0.989305
-0.869518
-0.979245
-0.969217
-0.886589
-0.559723
-0.985387
-0.995293
-0.891318
-0.977895
-0.88422
-0.875375
-0.96594
-0.662263
-0.720689
-0.896933
-0.91101
-0.923926
-0.999693
-0.980954
-0.995912
-0.830869
-0.987709
-0.987252
-0.991558
-0.831771
0.108431
-0.898314
-0.78325
-0.799403
-0.981278
-0.98205
-0.992248
-0.938238
-0.974892
-0.993144
-0.978117
-0.961516
-0.968371
-0.924272
-0.962816
-0.988247
-0.350215
-0.572256
-0.635199
-0.798861
-0.81561
-0.910068
-0.979138
-0.9065
-0.970821
-0.959658
-0.965887
-0.940623
-0.969512
-0.929112
-0.986776
-0.999676
-0.937243
-0.962758
-0.677692
-0.984563
-0.612645
-0.991701
-0.794654
-0.990392
-0.968228
-0.78089
-0.996674
-0.498156
-0.947544
-0.964411
-0.930347
-0.967527
-0.942335
-0.539891
-0.889615
-0.985885
-0.996438
-0.990219
-0.884008
-0.992138
-0.996647
-0.524139
-0.978503
-0.963486
-0.988538
-0.996921
-0.879045
-0.550199
-0.973535
-0.992245
-0.892588
-0.984587
-0.959157
-0.989852
-0.994249
-0.975399
-0.991875
-0.971422
-0.938301
-0.952864
-0.997807
-0.986557
-0.930075
-0.923294
-0.968091
-0.990998
-0.985968
-0.988286
-0.970434
-0.254856
-0.985754
-0.972287
-0.779794
-0.969242
-0.967683
-0.992556
-0.990822
-0.997308
-0.651673
-0.577162
-0.883327
-0.75476
-0.822142
-0.925754
-0.875654
0.836256
0.35797
-0.748477
-0.856319
-0.969735
-0.875427
-0.975162
-0.981815
-0.98474
-0.921856
-0.969944
-0.86749
-0.982903
-0.668709
-0.914749
-0.982492
-0.953017
-0.947083
-0.997193
-0.996958
-0.962774
-0.765579
-0.680971
-0.65594
-0.98167
-0.928032
-0.938519
-0.95107
-0.83424
-0.978098
-0.911991
-0.942504
-0.989371
-0.659578
-0.768026
-0.994452
-0.959572
-0.803685
-0.878523
-0.965734
-0.97537
-0.957225
-0.968926
-0.996287
-0.930025
-0.939052
-0.993493
-0.997273
-0.898031
-0.96664
-0.960333
-0.982859
-0.990996
-0.876957
-0.982395
-0.994971
-0.583795
-0.999396
-0.980548
-0.910675
0.246318
-0.918157
-0.912746
-0.997343
-0.890965
-0.921027
-0.909319
-0.593417
-0.918779
-0.871197
-0.95011
-0.719943
-0.9626
-0.985182
-0.980277
-0.997287
-0.908002
-0.982253
-0.965718
-0.733048
-0.991166
-0.846769
-0.994791
-0.987915
-0.998894
-0.993896
-0.990105
-0.961447
-0.54323
-0.99303
-0.917964
-0.99962
-0.724009
-0.937458
-0.990375
-0.814324
-0.892883
-0.995589
-0.957378
-0.969576
-0.972576
-0.989888
-0.997502
-0.952738
-0.946909
-0.973912
-0.968885
-0.977901
-0.631265
0.0801457
-0.887523
-0.992166
-0.975514
-0.98505
-0.95575
-0.810825
-0.824856
-0.625688
-0.970842
-0.983953
-0.967991
-0.944868
-0.98369
-0.787722
-0.990483
-0.936661
-0.997471
-0.898103
-0.981582
-0.990291
-0.938013
-0.990103
-0.78685
-0.966775
-0.963159
-0.999417
-0.910261
-0.636783
-0.993571
-0.964995
-0.931781
-0.667672
-0.956132
-0.923603
-0.999187
-0.989471
-0.98746
-0.934204
-0.974677
0.0982883
-0.940023
-0.979458
-0.958818
-0.98391
-0.953831
-0.965583
-0.982048
-0.916443
-0.971745
-0.996842
-0.942946
-0.988245
-0.963484
-0.980419
-0.936505
-0.966548
-0.913393
-0.954765
-0.913526
-0.99875
0.442885
-0.911164
-0.757851
-0.996497
-0.955851
-0.951573
-0.926536
-0.966887
-0.973723
-0.939485
-0.930308
-0.498931
-0.989883
-0.594415
-0.94995
-0.803845
-0.774544
-0.904706
-0.926525
-0.982709
-0.919701
-0.990857
-0.939998
-0.938888
-0.99813
-0.955878
-0.974163
-0.958087
-0.953651
-0.969057
-0.975674
-0.956329
-0.913226
-0.989498
-0.951525
-0.897763
-0.927125
-0.768243
-0.613255
-0.794313
-0.894531
-0.90353
-0.952933
-0.99084
-0.971208
-0.980784
-0.988344
-0.682693
-0.95809
-0.984894
-0.990612
-0.994429
-0.752787
-0.946074
-0.996467
-0.884725
-0.745052
-0.80607
0.320436
-0.942134
-0.6886
-0.917751
-0.916001
-0.890614
-0.978333
-0.9965
-0.951309
-0.98473
-0.898527
-0.995709
-0.883935
-0.99727
-0.834301
-0.935912
-0.940854
-0.860177
-0.921407
-0.969813
-0.964319
-0.979502
-0.995112
-0.891994
-0.949029
-0.972858
-0.990055
-0.938872
-0.893949
-0.99795
-0.999341
-0.995098
-0.981074
-0.979793
-0.860117
-0.920292
-0.628156
-0.95264
-0.847785
-0.988356
-0.943504
-0.981728
-0.846353
-0.990091
-0.800074
-0.817297
-0.996862
-0.924785
-0.946842
-0.992213
-0.696115
-0.809897
-0.997154
-0.996733
-0.986992
-0.990232
-0.991362
-0.992249
-0.952275
-0.93784
-0.870018
-0.994666
-0.971928
-0.982706
-0.997642
-0.99934
-0.839046
-0.9809
-0.994005
-0.625698
-0.864586
-0.996622
-0.945814
-0.987177
-0.938273
-0.953394
-0.958304
-0.987068
-0.977088
-0.897224
-0.874577
-0.950915
-0.823344
-0.892963
-0.961786
-0.973635
-0.921758
-0.967923
-0.973099
-0.992825
-0.9976
-0.820217
-0.943096
-0.634017
-0.994033
-0.95787
-0.941778
-0.86192
-0.936568
-0.846347
-0.942633
-0.702348
-0.836971
-0.989401
-0.886442
-0.920894
-0.566524
-0.987689
-0.92947
-0.853111
-0.670462
-0.984513
-0.942741
-0.968283
-0.946492
-0.724212
-0.978182
-0.986913
-0.481477
-0.979732
-0.976231
-0.986311
-0.89058
-0.958971
-0.967011
-0.821784
-0.956032
-0.944039
-0.991001
0.494991
-0.919834
-0.942709
-0.648474
-0.845918
-0.959176
-0.993107
-0.980942
-0.97552
-0.984366
-0.976614
-0.981588
-0.926371
-0.95288
-0.971066
-0.986323
-0.965186
-0.976961
-0.971573
-0.971306
-0.996707
-0.932116
-0.962484
-0.94341
-0.933838
-0.967894
-0.976961
-0.973054
-0.995253
0.0877945
-0.901329
-0.928773
-0.99837
-0.990694
-0.939373
-0.513071
0.990778
-0.97638
-0.787991
-0.950527
-0.539988
-0.967739
-0.982702
-0.959267
-0.295492
-0.951602
-0.964775
-0.984655
-0.9932
-0.993815
-0.93094
-0.983306
-0.97734
-0.973404
-0.962489
-0.962542
-0.978138
-0.941361
-0.945068
-0.993539
-0.966718
-0.791994
-0.833695
0.0608163
-0.98499
-0.904609
-0.964011
-0.995792
-0.990206
-0.999767
-0.855592
-0.939224
-0.859713
-0.964968
-0.958249
-0.995724
-0.689887
-0.891956
-0.987789
-0.935053
-0.98427
-0.996299
-0.914682
-0.968094
-0.983765
-0.981284
-0.912846
-0.94384
-0.929444
-0.923402
-0.887926
-0.818778
-0.900117
-0.510061
-0.956362
-0.27628
-0.901644
-0.956675
-0.917911
-0.921208
-0.733532
-0.988073
-0.962471
-0.993822
-0.738634
-0.185235
-0.831672
-0.802436
-0.912507
-0.639579
-0.997241
-0.256527
-0.763686
-0.985943
-0.994284
-0.88453
-0.797743
-0.980924
-0.98223
-0.942158
-0.942402
-0.990947
-0.938766
-0.948858
-0.924654
-0.934103
-0.999024
-0.979194
-0.95528
-0.966663
-0.93367
-0.960348
-0.989365
-0.656808
-0.947227
-0.978437
-0.892235
-0.984938
-0.888075
-0.983535
-0.960593
-0.95963
-0.967696
-0.891186
-0.712256
-0.839005
-0.878181
-0.883894
-0.980517
-0.994246
-0.970074
-0.99978
-0.126031
-0.841255
-0.962215
-0.694478
-0.995496
-0.921074
-0.967811
-0.927198
-0.999949
-0.837009
-0.981476
-0.963578
-0.988734
-0.979649
-0.998508
-0.992619
-0.977803
-0.971625
-0.722218
-0.991733
-0.992488
-0.97105
-0.964452
-0.981794
-0.972088
-0.922522
-0.977951
-0.948253
-0.924762
-0.980077
-0.986399
-0.992819
-0.952737
-0.941615
-0.932282
-0.966741
-0.917537
-0.89334
-0.959881
-0.993635
-0.869925
-0.967307
-0.996275
-0.968506
-0.951687
-0.968771
-0.993339
-0.989955
-0.997811
-0.913386
-0.875787
-0.829507
-0.922604
-0.886475
-0.914077
-0.95758
-0.974529
-0.989812
-0.752278
-0.952821
-0.799905
-0.995217
-0.903557
-0.414699
-0.871451
-0.420239
-0.910592
-0.980052
-0.98283
-0.983016
-0.767133
-0.835612
-0.858929
-0.996292
-0.990835
-0.972743
-0.998976
-0.990287
-0.979343
-0.970535
-0.999156
-0.999272
-0.917873
-0.907527
-0.983638
-0.980123
-0.990457
-0.989095
-0.407158
0.666706
-0.325322
-0.806155
-0.637521
-0.978439
-0.851516
-0.98232
-0.964019
-0.99066
-0.980312
-0.982901
-0.96235
-0.946963
-0.992116
-0.742865
-0.89667
-0.990088
-0.922849
-0.983379
-0.983818
-0.982936
-0.996431
-0.991736
-0.896768
-0.986683
-0.919863
-0.989657
-0.994193
-0.990783
-0.968351
-0.945744
-0.984576
-0.96016
-0.95004
-0.952897
-0.89814
-0.963245
-0.978293
-0.926518
-0.999799
-0.926144
-0.968417
-0.970074
-0.83224
-0.942918
-0.961923
-0.981087
-0.408528
-0.994659
-0.960535
-0.827392
-0.140584
-0.269806
-0.899517
-0.570658
-0.97772
-0.97926
-0.995023
-0.964314
-0.882498
-0.982964
-0.953424
-0.977207
-0.974024
-0.606761
-0.787585
-0.981552
-0.969927
-0.896809
-0.994838
-0.878198
-0.980897
-0.94228
-0.992346
-0.996527
-0.979205
-0.228073
-0.998067
-0.997561
-0.997791
-0.874976
-0.98159
-0.997945
-0.966717
0.145484
-0.765879
-0.932714
-0.799224
-0.999951
-0.825232
-0.992033
-0.652258
-0.9658
-0.141608
-0.960567
-0.982831
-0.932583
-0.870532
-0.856638
-0.882653
-0.413697
-0.872798
-0.521778
-0.669355
-0.975486
-0.999182
-0.999802
-0.872143
-0.961782
-0.94749
-0.85081
-0.995248
-0.99832
-0.767042
-0.806247
-0.998591
-0.994638
-0.990277
-0.981207
-0.982202
0.0514348
-0.986508
-0.987239
-0.191695
-0.689207
-0.421649
-0.897731
-0.809163
-0.988001
-0.995526
-0.994341
-0.994789
-0.98401
-0.994168
-0.991812
-0.976802
-0.989677
-0.699236
-0.8615
-0.563597
-0.897287
-0.658983
-0.764648
-0.976298
-0.837344
-0.994317
-0.991518
-0.594569
-0.834283
-0.998504
-0.997299
-0.822681
0.140557
-0.978103
-0.911092
-0.995336
-0.985724
-0.998174
-0.940201
-0.33103
-0.997634
-0.996325
-0.984733
-0.966456
0.533976
-0.971557
-0.920674
-0.973831
-0.988906
-0.997342
-0.986658
-0.961093
-0.988013
-0.986047
-0.980658
-0.9826
-0.977221
-0.979599
-0.989389
-0.92455
-0.925813
-0.975057
-0.965815
-0.909948
-0.9726
-0.566129
-0.864728
-0.909703
-0.961661
-0.982638
-0.985581
-0.954869
-0.946595
-0.978138
-0.999853
-0.970618
-0.795056
-0.936056
0.165916
-0.730037
-0.920227
-0.855491
-0.942104
-0.979434
-0.950888
-0.879351
-0.97996
-0.899807
-0.830675
-0.990931
-0.679128
-0.956834
-0.995187
-0.978968
-0.977959
-0.985568
-0.998642
-0.987967
-0.972097
-0.938032
-0.948228
-0.930444
-0.986278
-0.987618
-0.989731
-0.986707
-0.863702
-0.998257
-0.98577
-0.754985
-0.930918
-0.960159
-0.98217
-0.931117
-0.946251
-0.955863
-0.962212
-0.986564
-0.996861
-0.522111
-0.462786
-0.978809
-0.982944
-0.998398
-0.900028
-0.871409
-0.448544
-0.744246
-0.996542
-0.831275
-0.924376
-0.937996
-0.990052
-0.880042
-0.97703
-0.978462
-0.960758
-0.983519
-0.997365
-0.880985
-0.965643
-0.81983
-0.314495
-0.870769
-0.996214
-0.953519
-0.653408
-0.998052
-0.987829
-0.965931
-0.860214
-0.999939
-0.995494
-0.993971
-0.918164
-0.999585
-0.886887
-0.977831
-0.993601
-0.942235
-0.955791
-0.799842
-0.876816
-0.753099
-0.986626
-0.989874
-0.863111
-0.962138
-0.89055
-0.919379
-0.98621
-0.976692
-0.975848
-0.835708
-0.941957
-0.946198
-0.989693
-0.808827
-0.938734
-0.90879
-0.960782
-0.937946
-0.985448
-0.996468
-0.965118
-0.883862
-0.97587
-0.936736
-0.925634
0.653513
-0.98012
-0.979679
-0.987334
-0.999314
-0.797746
-0.964826
-0.998501
-0.996544
-0.977972
-0.987993
-0.702316
-0.984042
-0.780685
-0.980196
-0.990772
-0.995121
-0.991007
-0.981561
-0.987013
-0.995065
-0.735205
-0.653835
-0.920497
-0.932336
0.132753
-0.926948
-0.862058
-0.991922
-0.989347
-0.98423
-0.999994
-0.999135
-0.988004
-0.94476
-0.958391
-0.995415
-0.970075
-0.945382
-0.91768
-0.992475
-0.994801
-0.996562
-0.910846
-0.729427
-0.90172
-0.939919
-0.956359
-0.875703
-0.969451
-0.869072
-0.912111
-0.998636
-0.968959
-0.904552
-0.95116
-0.947285
-0.975981
-0.982149
-0.996977
-0.974898
-0.968212
-0.954361
-0.964703
-0.969232
-0.847675
-0.998562
-0.900739
-0.947728
-0.99654
-0.960454
-0.971694
-0.984087
-0.804667
-0.993497
-0.61334
-0.937755
-0.988865
-0.993814
-0.973169
-0.989987
-0.985177
-0.804933
-0.992995
-0.777638
-0.621936
-0.829384
-0.934161
-0.909476
-0.989798
-0.702341
-0.954193
-0.960903
-0.999932
-0.918101
-0.948988
-0.979755
-0.966219
-0.152169
-0.9595
-0.82059
-0.994301
-0.987932
-0.815612
-0.545363
0.57511
-0.996385
-0.986532
-0.962848
-0.962989
-0.970479
-0.988504
-0.780225
-0.937266
-0.933501
-0.911557
-0.99093
-0.983342
-0.99287
-0.909051
-0.98049
-0.9557
-0.954375
-0.998795
-0.927437
-0.959494
-0.838413
-0.986314
-0.980916
-0.973581
-0.958364
-0.955063
-0.992057
-0.962869
-0.88429
-0.967452
-0.922747
-0.972887
-0.59306
-0.942281
-0.898173
-0.978703
-0.947753
-0.987099
-0.960044
-0.963014
-0.9599
-0.906825
-0.975727
-0.986679
-0.827923
-0.987563
-0.890118
-0.848398
-0.987227
-0.853964
-0.983407
-0.84791
-0.855344
-0.93561
-0.961781
-0.972512
-0.996052
-0.993094
-0.872781
-0.98128
-0.725959
-0.899749
-0.906339
-0.9681
-0.882237
-0.985065
-0.978314
-0.971022
-0.911342
-0.999898
-0.699833
-0.955351
-0.987514
-0.983317
-0.927939
-0.69867
-0.540897
-0.956596
-0.990935
-0.971873
-0.96505
-0.649052
-0.091295
-0.80724
-0.603079
-0.974429
-0.887071
-0.964745
-0.996106
-0.998455
-0.99961
-0.85243
-0.922069
0.454519
-0.952336
-0.876644
-0.758582
-0.960737
-0.958138
-0.991979
-0.97023
-0.731421
-0.908427
-0.917382
-0.817075
-0.986896
-0.953369
-0.861034
-0.952989
-0.87336
-0.96455
-0.927239
-0.93193
-0.994179
-0.849151
-0.390638
-0.953785
-0.841592
-0.991691
-0.980268
-0.962822
-0.977431
-0.988326
-0.979055
-0.90067
0.317105
-0.988544
-0.956016
-0.918263
-0.998379
-0.905227
-0.915614
-0.977893
-0.841511
-0.992395
-0.98964
-0.992344
-0.962563
-0.96056
-0.972472
-0.966024
-0.985841
-0.974338
-0.996995
-0.997587
-0.984231
-0.725823
-0.992128
-0.926966
-0.958717
-0.317818
-0.971115
-0.843517
-0.95898
-0.988721
-0.976578
-0.748779
-0.934258
-0.992358
-0.997133
-0.996655
-0.968597
-0.671125
-0.875556
-0.925789
-0.965458
-0.971692
-0.93951
-0.938353
-0.92559
-0.986087
0.276923
-0.818617
-0.853746
-0.919862
-0.996393
-0.931547
-0.936746
-0.190416
-0.867944
-0.897897
-0.995845
-0.970223
-0.99571
-0.979929
-0.961964
-0.932953
-0.967368
-0.994527
-0.994274
-0.988172
-0.938208
-0.972567
-0.934668
-0.979482
-0.931594
-0.98687
-0.981474
-0.986013
-0.98269
-0.880164
-0.970628
-0.990093
-0.758739
-0.908532
-0.934502
-0.914206
-0.88756
-0.986357
-0.864539
-0.502796
-0.995737
-0.966855
-0.50413
-0.989957
-0.994219
-0.978682
-0.841092
-0.874371
-0.900007
-0.953346
-0.919193
-0.970085
-0.98942
-0.959019
-0.959984
-0.990139
-0.969229
-0.784356
-0.56768
-0.957011
-0.963263
-0.907306
-0.902663
-0.82148
-0.98845
-0.906308
-0.999877
-0.999156
-0.961571
-0.804196
-0.872267
-0.879451
-0.850785
-0.984422
-0.983163
-0.862873
-0.920868
-0.870874
-0.97623
-0.960185
-0.965517
-0.987028
-0.882972
-0.954186
-0.801728
-0.950515
-0.991028
-0.776963
-0.864225
-0.965436
-0.981123
-0.994206
-0.682147
-0.993512
-0.885041
-0.58416
-0.503013
-0.539644
-0.961374
-0.996487
-0.99134
-0.985102
-0.994972
-0.896691
-0.991083
-0.864511
-0.971997
-0.967403
-0.986989
-0.771643
-0.387507
-0.935233
-0.880973
-0.829522
-0.984611
-0.948447
-0.902908
-0.864764
-0.728471
-0.985135
-0.997749
-0.991375
-0.995454
-0.939877
-0.992445
-0.984424
-0.957073
-0.952433
-0.987598
-0.867922
0.264531
-0.969791
-0.76703
-0.70065
-0.784583
-0.952368
-0.942528
-0.937913
-0.982555
-0.927155
-0.981175
-0.962979
-0.659836
-0.949312
-0.980474
-0.940737
-0.90548
-0.961876
-0.82746
-0.994331
-0.996676
-0.997373
-0.960358
-0.908563
-0.962495
-0.898943
-0.906488
-0.930329
-0.988912
-0.947932
-0.977693
-0.907912
-0.0710167
-0.991063
-0.975684
-0.796471
0.949309
-0.967413
-0.98181
-0.669044
-0.609283
-0.916605
-0.953197
-0.734916
-0.999463
-0.973786
-0.536125
-0.849762
-0.918042
-0.782344
-0.979401
-0.986546
-0.67275
-0.995719
-0.966975
-0.985578
-0.970602
-0.997773
-0.966145
-0.916001
-0.996257
-0.978776
-0.980445
-0.966139
-0.977905
-0.981742
-0.835038
-0.989314
-0.993375
-0.809142
-0.956099
-0.993111
-0.979217
-0.939599
-0.919588
-0.878358
-0.88591
-0.989531
-0.861963
-0.928649
-0.994749
-0.933574
-0.998298
-0.886857
-0.954402
-0.992324
-0.974735
-0.994856
-0.977939
-0.731563
-0.981581
-0.964627
-0.906715
-0.333539
-0.993835
-0.914535
-0.992957
-0.205618
-0.986119
-0.548427
-0.978734
-0.923447
-0.847169
-0.978083
-0.994944
-0.978229
-0.909161
-0.971047
-0.832641
-0.919539
-0.952212
-0.762824
-0.977477
