-224.826
-249.595
-206.099
-212.153
-181.08
-188.476
-239.361
-239.824
-243.012
-191.114
-226.708
-241.499
-243.423
-247.694
-246.014
-245.485
-239.043
-226.285
-195.118
-234.747
-178.108
-161.065
-134.827
-249.72
-228.796
-246.873
-243.91
-249.344
-207.301
-206.575
-236.998
-216.701
-228.886
-203.413
-175.263
-188.359
-248.695
-249.769
-67.7149
-248.429
-134.957
-156.822
-240.234
-225.136
-215.747
-201.666
-219.042
-236.189
-200.633
-222.722
-240.407
-207.849
-214.933
-238.624
-225.345
-165.114
-190.222
-213.682
-187.81
-236.138
-242.278
-235.539
-241.109
-239.422
-236.873
-206.943
-184.125
-240.036
-222.466
-239.663
-220.905
-206.049
-233.815
-238.071
-199.516
-242.78
-247.638
-242.889
-231.042
-224.465
-226.551
-245.95
-244.627
-245.17
-224.801
-130.883
-225.67
-226.062
-187.669
-247.952
-241.578
-209.171
-245.547
-242.329
-243.148
-223.159
-196.448
-224.276
-189.764
-201.55
-231.415
-200.326
-240.807
-239.624
-235.52
-243.199
-205.684
-241.058
-239.465
-185.923
-193.477
-247.825
-240.288
-244.075
-248.626
-226.548
-233.869
-242.811
-225.666
-245.459
-235.725
-241.291
-220.069
-225.101
-244.171
-202.03
-227.467
-169.421
-233.401
-236.677
-231.4
-204.024
-249.329
-248.016
-155.891
-187.35
-242.271
-225.888
-239.967
-238.266
-248.929
-247.558
-212.306
-239.445
-197.282
-191.23
-168.96
-228.377
-240.133
-210.777
-234.029
-238.603
-215.447
-238.599
-139.932
-243.994
-248.229
-174.653
-234.254
-232.416
-197.693
-149.785
-191.446
-246.884
-237.284
-178.583
-248.236
-202.688
-151.461
-193.946
-248.68
-243.544
-232.911
-249.142
-240.834
-230.609
-239.892
-229.976
-238.638
-247.331
-201.44
-236.089
-237.77
-227.281
-246.277
-240.076
-234.497
-238.254
-249.681
-187.658
-232.417
-240.845
-238.613
-246.862
-233.729
-226.611
-233.021
-228.332
-132.456
-226.651
-202.291
-228.742
-231.513
-211.913
-236.036
-244.88
-207.62
-245.187
-236.425
-231.254
-247.308
-188.399
-205.616
-167.372
-182.137
-217.085
-224.824
-188.234
-239.346
-219.055
-152.602
-227.933
-182.093
-203.386
-207.959
-211.946
-219.172
-219.047
-95.1375
-178.35
-218.017
-243.4
-233.336
-237.89
-222.33
-207.135
-247.786
-244.537
-243.952
-222.917
-239.703
-226.195
-214.819
-184.365
-244.902
-136.665
-242.047
-247.649
-239.403
-248.168
-210.196
-221.849
-235.476
-234.577
-240.832
-230.111
-163.175
-119.188
-217.49
-241.75
-242.738
-196.825
-246.637
-248.505
-246.489
-172.864
-244.802
-222.791
-244.759
-232.737
-211.541
-239.144
-242.461
-239.174
-217.744
-242.349
-159.106
-112.447
-219.336
-165.721
-194.317
-242.834
-243.133
-224.416
-245.38
-247.631
-184.156
-241.101
-232.909
-165.84
-236.849
-222.544
-225.194
-243.349
-247.575
-212.141
-236.624
-247.055
-246.286
-246.86
-202.987
-210.36
-229.789
-219.688
-154.668
-198.802
-215.297
-192.276
-119.695
-232.645
-239.944
-248.279
-241.396
-209.134
-236.889
-179.519
-221.902
-225.007
-237.214
-246.547
-227.122
-217.673
-228.458
-202.668
-242.939
-245.724
-205.165
-145.357
-241.22
-244.833
-138.434
-166.591
-230.043
-230.261
-236.712
-203.547
-200.588
-238.092
-240.29
-211.758
-194.741
-223.902
-230.658
-146.166
-242.357
-202.948
-243.639
-186.531
-234.083
-158.715
-192.613
-195.785
-158.407
-175.925
-221.909
-219.581
-244.568
-216.546
-245.036
-247.293
-205.064
-213.778
-235.82
-208.635
-247.806
-229.209
-249.705
-220.923
-218.818
-223.713
-237.451
-157.836
-241.748
-238.525
-247.878
-135.43
-192.845
-215.497
-242.936
-241.029
-230.376
-191.964
-223.236
-203.927
-248.431
-221.97
-216.117
-228.731
-226.86
-199.508
-242.821
-182.855
-235.296
-222.772
-217.501
-205.749
-219.046
-221.828
-213.29
-241.63
-167.851
-224.107
-211.906
-212.413
-242.33
-188.333
-245.396
-174.723
-248.774
-186.991
-242.697
-248.872
-234.747
-243.462
-246.229
-237.519
-235.03
-228.816
-177.011
-173.058
-225.994
-243.59
-192.341
-239.071
-246.597
-238.513
-239.577
-196.548
-210.913
-240.844
-233.198
-235.408
-241.872
-246.508
-236.693
-229.912
-198.876
-209.426
-218.454
-239.698
-242.431
-188.191
-247.676
-179.358
-243.198
-212.57
-240.081
-199.906
-231.783
-228.427
-229.632
-245.091
-245.488
-214.023
-247.4
-233.874
-245.734
-184.142
-218.755
-220.514
-170.78
-232.497
-244.075
-246.204
-241.697
-213.639
-239.883
-243.885
-225.964
-212.41
-241.548
-247.64
-217.505
-222.077
-241.749
-229.085
-241.144
-236.396
-189.954
-245.223
-247.644
-198.942
-202.468
-244.57
-134.317
-202.291
-148.346
-229.595
-188.432
-196.961
-204.034
-231.845
-241.653
-231.166
-245.296
-191.354
-237.706
-228.829
-226.54
-246.769
-236.237
-249.657
-235.011
-219.332
-246.134
-139.522
-241.162
-247.128
-239.662
-248.87
-138.441
-147.722
-161.227
-142.16
-188.05
-174.34
-235.404
-245.653
-218.369
-201.367
-197.307
-239.543
-228.363
-232.443
-218.313
-161.553
-249.425
-213.529
-246.299
-236.326
-227.533
-242.763
-229.979
-232.163
-226.483
-228.819
-241.26
-213.738
-210.599
-228.631
-249.153
-203.347
-221.164
-245.808
-226.495
-226.102
-237.69
-190.426
-219.673
-220.337
-242.919
-225.377
-244.571
-145.504
-231.679
-238.965
-190.806
-240.023
-242.169
-245.061
-242.93
-239.687
-242.809
-228.145
-239.181
-227.684
-136.463
-165.449
-243.673
-224.405
-245.297
-207.512
-241.118
-239.717
-240.935
-221.075
-224.576
-249.624
-206.279
-243.389
-221.148
-218.355
-241.159
-243.33
-136.673
-205.426
-207.815
-235.622
-224.639
-224.49
-238.116
-235.489
-217.375
-140.761
-246.583
-169.722
-193.934
-178.141
-239.629
-245.188
-232.033
-196.825
-237.897
-230.871
-210.796
-230.09
-234.767
-244.073
-243.408
-245.696
-237.741
-224.916
-181.753
-233.11
-180.227
-232.858
-215.736
-216.743
-224.052
-235.398
-211.912
-247.785
-248.515
-248.879
-242.451
-231.049
-128.803
-236.046
-211.664
-107.269
-243.014
-244.079
-241.504
-189.486
-246.069
-224.782
-217.171
-245.081
-178.399
-202.292
-243.129
-198.857
-222.147
-224.018
-226.267
-248.977
-238.758
-216.072
-185.968
-233.133
-216.109
-229.745
-209.227
-230.899
-242.027
-247.821
-244.91
-246.51
-243.355
-218.216
-218.929
-235.611
-242.721
-231.166
-136.905
-139.26
-230.588
-232.213
-126.643
-222.849
-223.81
-249.505
-212.553
-117.869
-202.96
-207.576
-237.99
-197.152
-230.159
-245.916
-249.227
-248.308
-233.398
-211.466
-233.774
-247.815
-211.64
-217.113
-246.053
-223.115
-176.367
-200.297
-241.189
-242.994
-242.393
-246.791
-136.07
-224.799
-245.4
-228.418
-242.965
-245.39
-224.81
-248.869
-67.8269
-221.494
-188.241
-239.76
-233.908
-223.284
-247.052
-206.237
-238.973
-239.038
-248.968
-242.701
-228.125
-232.832
-218.402
-235.911
-168.788
-209.995
-249.105
-225.33
-184.358
-217.911
-239.189
-244.243
-227.449
-248.677
-174.687
-223.135
-142.415
-158.809
-220.207
-249.202
-249.875
-243.164
-208.44
-154.666
-179.495
-240.873
-248.636
-235.983
-196.726
-218.746
-223.398
-223.343
-248.817
-211.919
-246.673
-243.46
-244.761
-248.975
-245.992
-229.14
-217.498
-218.249
-247.337
-247.859
-219.609
-195.14
-232.681
-248.534
-243.748
-221.563
-247.315
-197.072
-222.959
-228.305
-235.742
-184.869
-216.47
-233.827
-247.806
-161.285
-239.369
-241.174
-213.378
-172.475
-223.524
-237.935
-217.528
-247.387
-164.959
-231.072
-241.727
-236.876
-201.011
-208.538
-228.96
-239.656
-242.841
-241.234
-179.367
-228.884
-231.074
-239.742
-249.807
-179.857
-249.376
-232.257
-248.561
-221.328
-231.643
-245.566
-234.027
-235.713
-243.736
-230.135
-249.159
-234.967
-186.76
-238.473
-241.882
-240.121
-234.573
-135.826
-246.235
-206.762
-233.254
-194.06
-196.535
-240.993
-229.745
-241.891
-243.035
-212.056
-206.989
-203.765
-218.144
-242.163
-239.87
-243.988
-224.711
-230.032
-238.808
-199.516
-224.603
-238.196
-240.683
-211.538
-212.071
-246.708
-155.685
-248.026
-217.379
-193.658
-185.248
-200.539
-153.835
-206.882
-228.837
-230.51
-242.019
-233.563
-163.676
-236.868
-201.316
-206.876
-197.907
-234.032
-247.401
-246.341
-193.894
-182.043
-203.854
-238.462
-171.76
-247.417
-213.369
-233.414
-203.753
-220.702
-234.735
-221.171
-241.504
-245.934
-215.492
-241.727
-238.813
-205.733
-227.271
-243.74
-245.391
-207.321
-236.666
-181.759
-247.496
-240.488
-243.344
-153.475
-186.811
-202.705
-228.333
-211.147
-238.869
-184.71
-202.692
-248.876
-223.41
-237.569
-249.945
-199.47
-218.318
-243.956
-211.483
-237.106
-227.708
-244.131
-247.838
-202.796
-238.415
-240.969
-178.975
-185.692
-249.431
-241.734
-175.023
-175.033
-229.534
-226.981
-237.308
-238.112
-202.697
-231.253
-226.132
-216.41
-149.469
-228.023
-197.998
-238.518
-208.593
-209.337
-225.098
-239.399
-234.149
-242.002
-225.939
-175.122
-179.259
-244.542
-230.673
-194.99
-192.032
-248.301
-218.861
-148.219
-209.416
-233.155
-244.444
-162.8
-194.408
-161.813
-239.446
-244.299
-218.582
-185.086
-232.988
-209.346
-238.788
-219.101
-243.911
-47.3955
-213.618
-217.615
-233.459
-216.126
-221.32
-248.001
-246.79
-221.859
-201.015
-217.064
-229.89
-199.007
-215.298
-182.637
-231.64
-76.205
-87.658
-230.852
-244.397
-235.049
-159.891
-198.946
-245.887
-212.945
-239.128
-236.882
-212.076
-248.438
-249.379
-179.954
-233.572
-214.699
-230.404
-235.266
-249.251
-243.796
-220.151
-245.561
-179.628
-211.463
-233.272
-239.235
-244.328
-247.314
-191.848
-231.037
-232.86
-223.534
-246.545
-233.622
-192.872
-249.916
-202.587
-244.275
-200.92
-246.861
-216.311
-241.002
-240.188
-168.293
-235.932
-247.558
-235.144
-246.476
-243.754
-241.227
-220.974
-239.378
-242.49
-248.868
-236.718
-223.269
-236.752
-219.857
-181.548
-177.701
-181.465
-240.35
-246.673
-204.846
-249.4
-232.199
-189.856
-191.149
-218.73
-223.663
-238.23
-241.872
-231.075
-230.882
-245.778
-239.273
-234.275
-248.915
-223.493
-242.525
-220.463
-165.79
-227.532
-235.931
-217.718
-249.381
-238.785
-159.443
-205.976
-246.678
-226.017
-248.128
-244.484
-240.617
-214.378
-212.756
-219.168
-223.025
-238.451
-249.928
-233.758
-225.993
-228.728
-247.427
-165.021
-208.697
-200.679
-226.465
-164.264
-233.872
-155.127
-173.156
-168.945
-245.863
-222.288
-241.39
-237.493
-237.436
-232.137
-247.371
-246.017
-248.211
-226.66
-234.246
-248.11
-228.047
-220.846
-247.016
-218.805
-196.153
-203.856
-238.888
-222.814
-207.357
-228.411
-227.66
-160.783
-223.803
-209.059
-209.462
-184.687
-226.093
-230.701
-237.338
-245.341
-245.213
-218.557
-224.773
-247.851
-236.644
-243.392
-225.655
-248.685
-216.094
-149.258
-199.563
-205.477
-240.744
-246.787
-249.865
-232.427
-241.06
-246.44
-236.508
-248.854
-243.947
-184.992
-244.098
-249.299
-225.501
-179.458
-220.014
-144.782
-187.187
-249.673
-216.022
-232.619
-184.881
-193.196
-242.352
-170.804
-203.204
-238.948
-227.082
-240.409
-245.121
-189.576
-197.027
-241.203
-244.884
-184.536
-220.992
-224.435
-248.405
-238.179
-234.585
-244.087
-246.996
-223.416
-204.607
-239.481
-225.487
-244.763
-249.343
-214.627
-245.557
-248.478
-234.428
-218.162
-236.248
-206.952
-241.685
-240.425
-246.2
-232.443
-242.845
-247.98
-249.535
-235.378
-243.39
-192.562
-193.236
-241.582
-191.026
-218.149
-202.847
-209.722
-227.399
-211.838
-239.058
-242.816
-163.688
-190.139
-216.501
-247.814
-239.44
-189.133
-226.872
-238.593
-235.091
-226.092
-228.665
-206.25
-141.632
-201.249
-209.399
-212.831
-247.179
-248.088
-129.627
-162.201
-246.354
-204.672
-245.301
-237.917
-248.936
-209.919
-248.181
-244.361
-164.925
-198.804
-225.167
-244.002
-168.525
-200.09
-206.161
-206.36
-240.978
-244.912
-231.872
-193.538
-233.268
-231.612
-242.871
-125.968
-170.341
-232.758
-231.606
-239.065
-174.527
-197.226
-216.553
-225.888
-225.453
-198.662
-202.797
-224.88
-173.319
-127.052
-245.779
-243.016
-79.7135
-212.734
-246.03
-231.094
-201.899
-227.072
-159.141
-216.647
-221.323
-243.618
-248.314
-230.383
-238.93
-247.041
-233.906
-241.28
-189.427
-241.483
-246.81
-240.962
-199.081
-237.186
-216.35
-224.695
-221.916
-237.207
-242.849
-247.61
-192.038
-212.126
-230.427
-244.51
-106.621
-191.938
-210.664
-188.285
-246.674
-200.233
-244.36
-241.465
-217.29
-185.268
-204.457
-229.38
-231.423
-237.479
-196.272
-227.933
-246.347
-121.548
-180.91
-186.487
-202.819
-219.29
-139.272
-184.082
-120.642
-211.59
-213.631
-172.796
-212.684
-227.992
-191.997
-239.791
-141.679
-243.472
-249.084
-217.908
-177.281
-230.464
-208.706
-232.422
-247.194
-116.648
-165.225
-188.457
-220.668
-186.837
-148.29
-217.787
-241.562
-224.694
-232.06
-239.526
-245.069
-219.687
-248.732
-242.005
-238.96
-242.658
-224.571
-221.673
-213.528
-249.953
-245.103
-245.867
-226.725
-238.474
-240.486
-249.475
-198.954
-238.426
-218.777
-212.688
-236.838
-237.962
-244.048
-230.68
-242.868
-238.13
-164.41
-193.848
-222.813
-211.723
-239.178
-205.113
-227.333
-138.894
-249.287
-152.836
-242.527
-231.403
-245.788
-182.606
-243.785
-118.943
-171.016
-208.434
-223.071
-184.393
-218.895
-249.653
-213.452
-242.685
-247.756
-194.619
-234.131
-235.757
-200.778
-208.061
-239.959
-225.723
-233.529
-245.706
-217.813
-213.916
-229.35
-234.144
-114.17
-114.672
-245.841
-234.012
-247.44
-231.342
-238.79
-236.169
-196.202
-233.903
-198.71
-176.449
-194.79
-216.157
-243.816
-243.385
-165.917
-243.532
-92.7083
-209.19
-213.124
-246.272
-234.666
-245.35
-242.14
-171.254
-208.284
-203.428
-210.428
-183.949
-123.729
-179.215
-217.271
-225.195
-234.073
-240.378
-243.477
-203.931
-226.846
-208.298
-238.628
-191.15
-244.08
-169.55
-232.605
-230.029
-246.518
-235.513
-158.877
-161.52
-245.215
-189.028
-169.075
-195.448
-245.547
-242.079
-233.476
-239.537
-194.238
-215.411
-219.907
-227.778
-232.289
-238.327
-244.37
-247.46
-210.395
-211.971
-249.128
-240.712
-242.205
-210.65
-220.936
-249.341
-241.539
-210.053
-246.992
-225.56
-189.667
-249.597
-217.735
-243.113
-241.929
-245.101
-210.525
-235.27
-246.724
-188.175
-211.303
-187.484
-249.944
-241.707
-231.064
-185.164
-245.938
-201.874
-215.504
-239.372
-243.972
-219.974
-175.651
-237.183
-136.81
-218.885
-224.106
-229
-233.621
-177.377
-180.62
-243.731
-242.957
-227.196
-172.654
-194.583
-164.55
-233.686
-136.386
-210.018
-242.04
-247.881
-185.284
-215.103
-210.874
-215.681
-243.506
-160.374
-215.943
-238.988
-223.472
-240.479
-235.393
-86.6961
-248.082
-241.046
-241.181
-132.506
-241.851
-230.156
-137.116
-163.203
-201.558
-231.444
-241.356
-176.31
-225.298
-235.463
-209.064
-186.23
-238.174
-228.624
-237.967
-244.696
-210.923
-235.067
-169.033
-207.509
-242.233
-244.657
-215.987
-247.524
-210.71
-248.561
-232.32
-229.253
-234.762
-242.836
-237.331
-244.9
-245.382
-239.961
-244.288
-228.735
-187.321
-228.203
-194.03
-178.404
-190.824
-248.971
-249.723
-230.15
-231.105
-228.872
-192.187
-204.424
-244.514
-248.794
-173.038
-248.472
-240.216
-231.981
-244.245
-214.905
-210.74
-204.142
-217.697
-216.195
-236.81
-238.707
-218.041
-245.083
-216.224
-233.97
-231.102
-209.361
-245.585
-229.749
-230.097
-223.575
-245.478
-242.659
-244.472
-249.67
-240.803
-249.36
-229.346
-172.291
-239.982
-106.407
-217.507
-220.377
-245.873
-212.793
-218.887
-221.353
-243.806
-231.202
-228.524
-225.571
-235.48
-213.261
-229.128
-228.936
-243.194
-234.933
-247.123
-229.767
-247.965
-245.44
-202.124
-212.783
-220.878
-244.019
-237.824
-209.789
-215.676
-228.822
-234.176
-204.833
-216.645
-243.485
-247.319
-234.829
-229.904
-216.22
-168.096
-210.174
-219.227
-235.052
-229.066
-228.498
-198.755
-230.667
-240.401
-245.001
-245.393
-222.973
-242.623
-199.936
-242.934
-238.092
-230.895
-237.583
-240.728
-245.317
-230.816
-241.147
-222.994
-240.796
-233.744
-234.054
-231.493
-220.103
-232.967
-242.788
-196.681
-239.857
-241.16
-220.127
-230.542
-246.988
-184.677
-239.044
-230.651
-230.975
-236.552
-220.921
-249.871
-240.582
-234.591
-246.147
-225.216
-233.741
-221.375
-226.48
-244.269
-198.791
-240.625
-214.007
-234.54
-248.223
-237.308
-244.717
-243.615
-236.507
-215.767
-212.249
-195.089
-216.819
-223.323
-219.411
-113.744
-236.101
-214.821
-195.633
-239.388
-247.692
-176.746
-235.429
-239.647
-174.709
-224.847
-237.668
-245.34
-189.73
-223.501
-249.649
-188.427
-228.263
-242.531
-222.521
-248.92
-179.964
-235.914
-244.374
-232.351
-247.983
-222.769
-167.025
-214.506
-225
-232.697
-228.458
-237.649
-231.545
-248.395
-184.014
-223.411
-205.916
-179.138
-227.62
-234.6
-236.882
-220.656
-234.615
-230.824
-225.369
-214.35
-212.448
-215.659
-219.134
-125.322
-128.699
-212.874
-234.8
-246.854
-243.414
-249.688
-177.654
-246.535
-209.291
-243.559
-179.247
-248.236
-216.891
-246.835
-236.346
-247.307
-174.897
-232.027
-248.67
-230.481
-225.945
-223.052
-229.921
-248.091
-221.204
-231.109
-224.616
-207.195
-248.078
-199.326
-219.789
-194.082
-229.669
-245.328
-248.195
-240.958
-238.227
-210.168
-187.889
-238.766
-204.653
-244.756
-246.787
-149.465
-204.138
-134.257
-246.617
-214.328
-230.442
-249.697
-191.041
-203.18
-245.869
-239.347
-205.599
-226.779
-233.108
-247.58
-189.082
-204.521
-196.509
-245.715
-203.683
-154.581
-240.624
-249.02
-249.296
-245.278
-248.132
-244.154
-210.972
-183.826
-229.721
-243.517
-139.458
-243.105
-249.451
-247.436
-205.055
-243.695
-214.751
-205.474
-216.796
-249.119
-187.73
-221.716
-219.892
-248.563
-240.763
-246.32
-246.246
-189.831
-199.974
-223.889
-229.711
-207.088
-226.503
-237.894
-221.253
-187.351
-58.0009
-94.6722
-166.224
-184.131
-248.901
-229.944
-217.969
-195.229
-197.817
-247.044
-220.194
-224.109
-217.036
-249.251
-242.324
-199.982
-227.394
-226.465
-248.585
-240.257
-219.449
-225.135
-247.769
-183.157
-200.657
-241.748
-172.141
-227.94
-247.215
-220.217
-210.397
-223.659
-192.783
-246.597
-198.947
-236.68
-183.066
-227.334
-184.064
-183.811
-215.388
-215.719
-248.219
-244.806
-232.444
-246.748
-234.034
-180.345
-220.914
-236.854
-249.457
-246.757
-249.325
-108.032
-219.414
-235.796
-183.45
-244.168
-195.082
-244.877
-190.836
-246.034
-227.024
-211.734
-215.322
-219.829
-229
-217.434
-230.106
-181.215
-230.58
-228.362
-245.545
-240.546
-208.688
-215.184
-202.891
-225.554
-219.447
-234.2
-249.067
-159.038
-218.273
-236.929
-245.652
-219.501
-248.263
-246.448
-236.241
-197.102
-184.131
-235.437
-226.395
-241.792
-248.412
-249.925
-141.061
-176.153
-194.533
-231.004
-237.561
-239.649
-216.492
-244.379
-209.913
-240.204
-245.688
-236.832
-204.663
-216.134
-238.146
-249.025
-214.726
-220.48
-201.982
-245.23
-219.12
-210.207
-234.075
-163.6
-203.245
-233.985
-225.473
-243.867
-219.936
-242.278
-242.573
-249.642
-182.012
-239.483
-231.299
-191.897
-246.765
-212.519
-233.162
-214.353
-183.921
-235.638
-212.029
-246.797
-243.69
-230.803
-239.12
-213.204
-243.69
-233.176
-204.334
-238.817
-207.67
-185.32
-175.721
-221.923
-232.895
-219.429
-227.368
-243.27
-239.541
-228.186
-210.618
-218.605
-226.58
-248.685
-243.114
-203.685
-220.578
-248.343
-226.9
-220.526
-231.583
-195.814
-238.089
-247.437
-246.622
-235.172
-153.001
-243.562
-203.883
-242.237
-216.973
-215.735
-198.13
-239.769
-249.629
-244.033
-223.391
-90.1552
-226.093
-230.805
-233.612
-136.391
-226.389
-246.799
-198.162
-186.636
-165.766
-183.98
-231.648
-236.064
-240.742
-242.607
-246.657
-231.225
-248.823
-236.315
-151.774
-182.377
-223.588
-202.747
-215.03
-215.364
-247.162
-228.571
-238.36
-154.817
-191.71
-217.403
-234.389
-197.692
-223.696
-237.233
-199.816
-242.76
-161.028
-213.467
-234.926
-242.69
-208.216
-113.617
-246.329
-236.582
-243.985
-239.623
-237.33
-248.852
-199.25
-204.912
-235.975
-249.631
-181.466
-234.877
-211.506
-238.927
-237.984
-212.44
-233.511
-249.392
-227.26
-199.373
-200.959
-224.786
-243.596
-242.127
-213.17
-223.16
-223.506
-246.588
-203.779
-209.645
-205.248
-206.685
-231.008
-213.317
-201.959
-193.068
-102.84
-247.229
-54.7525
-240.169
-234.65
-192.985
-199.232
-199.739
-199.023
-247.06
-236.801
-228.135
-249.139
-223.449
-232.413
-216.057
-247.643
-244.005
-249.6
-232.23
-73.6265
-230.261
-247.806
-249.717
-162.495
-208.635
-222.668
-241.458
-238.5
-249.608
-213.6
-226.539
-222.956
-140.3
-249.668
-244.764
-153.688
-171.93
-12.1134
-110.926
-117.575
-170.344
-216.837
-244.746
-230.321
-219.469
-244.939
-242.343
-195.902
-246.346
-244.903
-248.774
-232.633
-207.508
-228.819
-181.028
-233.866
-238.988
-242.222
-236.9
-238.203
-173.488
-217.081
-230.555
-244.067
-245.757
-206.693
-209.494
-180.447
-249.769
-217.583
-239.637
-208.224
-232.991
-215.694
-229.454
-218.743
-235.618
-243.556
-240.545
-246.317
-219.625
-248.74
-242.268
-219.93
-142.079
-229.331
-230.945
-206.02
-178.721
-245.236
-227.725
-244.713
-227.809
-210.894
-249.872
-227.702
-218.588
-192.49
-193.572
-248.417
-195.347
-237.37
-239.755
-249.923
-202.944
-220.037
-165.28
-171.525
-245.173
-217.99
-231.487
-203.248
-247.032
-227.635
-233.348
-233.882
-202.716
-213.354
-235.514
-236.319
-233.885
-246.146
-247.599
-240.972
-150.225
-246.125
-209.745
-237.589
-240.696
-232.526
-244.22
-207.032
-213.869
-224.027
-140.71
-236.262
-246.9
-224.067
-220.719
-242.712
-246.741
-105.016
-225.493
-235.353
-225.045
-232.096
-240.52
-213.283
-230.528
-198.467
-238.438
-195.857
-232.937
-234.202
-241.544
-235.537
-228.145
-247.353
-244.777
-170.856
-172.979
-99.245
-216.468
-189.954
-239.409
-222.827
-239.864
-224.816
-249.571
-233.809
-241.167
-241.884
-205.841
-241.25
-208.972
-216.006
-213.524
-245.579
-239.595
-249.147
-223.027
-238.895
-243.477
-237.003
-199.607
-223.347
-228.163
-58.8175
-87.2053
-135.684
-158.712
-173.122
-191.574
-213.577
-207.533
-198.918
-238.174
-238.316
-233.658
-231.513
-248.427
-235.409
-215.295
-234.702
-249.144
-231.121
-220.127
-249.732
-223.22
-220.634
-240.653
-242.93
-184.969
-152.197
-241.774
-242.547
-250
-245.329
-231.544
-138.365
-247.951
-185.751
-240.02
-232.272
-237.577
-232.544
-237.3
-243.453
-237.705
-239.769
-205.405
-226.011
-232.537
-216.873
-192.291
-133.026
-208.373
-236.636
-238.689
-230.314
-80.8182
-242.861
-237.607
-201.988
-200.642
-219.363
-163.078
-169.482
-248.997
-247.116
-187.373
-233.576
-242.811
-197.469
-241.44
-235.551
-244.27
-249.265
-249.033
-229.702
-240.237
-240.851
-197.958
-226.272
-249.313
-235.573
-231.13
-223.593
-245.935
-246.626
-219.683
-241.206
-129.029
-145.142
-187.933
-198.281
-217.193
-247.635
-203.84
-200.822
-227.063
-227.326
-239.31
-215.509
-200.014
-199.303
-121.143
-148.075
-186.448
-212.561
-238.335
-221.151
-224.277
-209.746
-235.744
-183.076
-228.497
-230.411
-239.688
-238.99
-243.569
-178.233
-207.53
-238.425
-236.038
-230.929
-179.928
-242.707
-237.785
-221.809
-248.169
-230.107
-243.018
-210.993
-245.399
-247.77
-232.387
-235.402
-203.707
-220.711
-212.145
-249.755
-219.133
-232.693
-204.356
-211.183
-228.289
-223.216
-239.174
-203.411
-223.143
-117.626
-139.727
-244.532
-231.264
-226.878
-199.592
-172.914
-166.941
-213.646
-225.769
-240.857
-231.962
-188.657
-219.838
-242.655
-190.17
-217.006
-223.887
-238.175
-247.857
-156.437
-190.133
-246.714
-210.73
-227.579
-245.888
-246.221
-244.426
-200.707
-247.925
-151.178
-185.113
-226.795
-241.208
-214.382
-225.578
-199.326
-223.507
-114.605
-238.793
-241.03
-209.217
-161.647
-236.94
-188.543
-227.364
-240.998
-249.86
-185.557
-231.754
-226.136
-247.85
-247.043
-246.987
-181.854
-236.229
-213.837
-219.401
-229.185
-193.02
-204.835
-190.052
-222.473
-222.829
-230.246
-170.828
-249.598
-166.169
-244.783
-231.18
-239.752
-244.167
-216.271
-202.935
-206.175
-214.547
-212.298
-244.264
-245.113
-242.961
-209.978
-191.506
-246.46
-200.886
-233.652
-237.501
-202.647
-204.27
-213.178
-223.437
-196.248
-223.877
-194.903
-246.183
-233.214
-232.459
-77.8256
-133.106
-246.494
-248.972
-150.871
-235.06
-240.328
-201.788
-236.693
-242.098
-207.846
-221.944
-234.021
-220.283
-196.604
-210.15
-231.511
-236.542
-211.326
-213.978
-245.699
-233.788
-206.629
-213.705
-220.876
-206.062
-243.819
-227.457
-249.71
-231.613
-230.378
-206.768
-246.932
-209.177
-217.418
-226.014
-236.037
-246.06
-162.087
-244.989
-230.672
-229.302
-210.572
-228.46
-243.667
-219.861
-243.859
-236.049
-225.63
-99.7574
-218.133
-218.829
-221.707
-191.923
-238.65
-240.352
-202.099
-234.525
-249.775
-224.343
-189.273
-211.212
-241.813
-234.523
-245.44
-242.405
-249.276
-235.26
-227.186
-232.831
-238.451
-204.778
-184.255
-198.392
-207.308
-246.769
-201.635
-230.321
-237.719
-245.25
-132.649
-84.5294
-184.261
-241.919
-237.556
-220.806
-207.519
-133.077
-202.583
-219.137
-240.748
-248.047
-230.767
-212.731
-196.309
-208.566
-208.918
-243.71
-239.992
-228.586
-225.218
-227.772
-248.835
-218.387
-107.475
-238.309
-240.087
-228.58
-247.478
-244.095
-246.167
-236.093
-248.473
-241.61
-222.349
-230.418
-143.719
-201.444
-243.107
-238.29
-248.761
-232.213
-236.792
-206.876
-238.496
-242.739
-219.466
-248.51
-231.547
-232.495
-172.845
-204.741
-219.674
-185.533
-241.58
-244.384
-247.715
-222.881
-244.099
-226.118
-234.133
-229.045
-242.536
-178.86
-241.552
-226.442
-235.305
-139.703
-122.931
-142.471
-168.88
-209.573
-234.207
-244.997
-247.049
-247.486
-233.39
-233.969
-242.998
-242.496
-230.813
-192.871
-106.887
-158.559
-179.484
-233.047
-243.213
-242.468
-235.994
-217.428
-210.886
-220.134
-223.326
-249.065
-216.065
-217.704
-187.077
-172.878
-210.349
-219.823
-227.4
-241.25
-245.72
-223.904
-236.784
-229.24
-233.04
-223.592
-198.943
-179.763
-192.521
-249.629
-246.883
-218.76
-207.76
-221.525
-165.622
-150.764
-222.189
-222.105
-235.232
-222.91
-207.737
-248.685
-233.286
-225.725
-242.123
-204.478
-213.278
-249.069
-230.704
-230.744
-244.589
-207.201
-235.992
-148.645
-173.145
-189.205
-243.218
-224.822
-246.749
-174.03
-217.767
-245.223
-157.765
-239.482
-201.542
-205.047
-236.721
-205.979
-228.672
-201.838
-219.404
-241.053
-248.784
-195.866
-212.654
-240.293
-239.781
-221.114
-165.155
-219.566
-222.773
-202.859
-246.822
-187.039
-223.269
-241.056
-247.972
-180.36
-236.504
-232.788
-230.352
-231.982
-231.884
-211.301
-219.584
-225
-226.84
-240.477
-151.331
-195.984
-216.294
-229.479
-143.804
-218.33
-233.8
-216.453
-227.287
-231.86
-201.325
-225.55
-220.489
-142.847
-206.268
-223.394
-239.87
-230.561
-247.342
-234.582
-245.921
-249.916
-219.627
-189.675
-210.631
-214.763
-230.622
-212.406
-195.149
-232.637
-236.493
-133.826
-183.274
-143.634
-168.754
-232.239
-215.821
-220.53
-225.745
-175.763
-215.265
-216.691
-222.437
-197.291
-216.154
-246.791
-188.65
-230.555
-236.242
-221.223
-234.297
-206.491
-229.794
-222.594
-180.845
-209.914
-227.202
-217.716
-232.736
-77.2036
-205.691
-249.719
-246.036
-236.577
-218.56
-216.212
-245.776
-200.569
-229.884
-219.128
-244.464
-230.689
-228.993
-242.824
-223.331
-222.259
-244.739
-205.995
-247.652
-211.815
-214.975
-232.649
-242.922
-232.913
-246.029
-220.248
-234.553
-246.201
-249.307
-209.573
-241.927
-227.322
-214.721
-245.719
-216.098
-236.99
-245.465
-201.033
-209.407
-223.372
-239.852
-248.595
-115.035
-164.829
-211.95
-171.535
-247.55
-94.5816
-240.897
-222.008
-208.121
-157.643
-231.516
-246.842
-236.425
-248.39
-167.869
-248.642
-157.679
-158.455
-183.007
-207.028
-207.305
-199.203
-242.917
-240.698
-246.357
-229.74
-230.057
-247.698
-229.272
-96.0725
-183.293
-236.943
-211.728
-237.711
-219.344
-208.521
-216.951
-155.481
-234.539
-197.216
-81.5005
-187.454
-200.537
-247.944
-163.491
-228.079
-234.261
-245.028
-249.965
-230.106
-204.76
-228.632
-246.981
-230.955
-234.901
-241.337
-167.971
-221.394
-246.192
-246.224
-237.595
-220.822
-201.134
-235.219
-227.181
-234.973
-235.378
-247.603
-221.83
-171.079
-174.44
-192.992
-238.806
-169.392
-246.482
-232.118
-198.821
-242.8
-174.483
-238.658
-208.415
-186.577
-220.896
-239.891
-163.445
-210.03
-232.554
-246.541
-247.554
-230.004
-244.992
-218.589
-248.906
-243.972
-249.203
-230.038
-225.388
-238.061
-232.92
-224.805
-194.923
-206.079
-236.249
-236.363
-234.17
-246.521
-200.599
-238.392
-165.403
-156.036
-229.561
-224.701
-197.118
-211.784
-220.333
-249.925
-236.547
-247.066
-211.848
-245.019
-249.767
-221.654
-237.403
-236.643
-249.997
-221.777
-233.873
-188.949
-221.377
-239.677
-247.778
-248.114
-220.33
-228.261
-233.05
-231.734
-210.947
-170.889
-199.115
-247.349
-137.663
-245.589
-149.66
-159.777
-218.735
-173.665
-240.375
-190.128
-144.987
-216.137
-210.522
-244.441
-228.143
-222.169
-174.746
-246.12
-226.481
-246.355
-211.75
-213.485
-144.334
-197.756
-232.181
-231.229
-240.628
-247.602
-215.267
-202.005
-246.454
-184.89
-197.03
-214.811
-241.069
-244.142
-235.89
-239.542
-232.425
-237.547
-235.54
-246.174
-226.775
-154.171
-237.315
-245.548
-244.465
-213.167
-172.75
-241.093
-197.8
-239.837
-239.368
-243.397
-227.257
-191.683
-206.783
-235.106
-232.647
-173.296
-227.204
-236.566
-185.711
-242.098
-244.53
-221.178
-248.215
-205.391
-230.52
-247.215
-248.413
-156.796
-209.08
-220.792
-224.934
-246.903
-235.03
-242.951
-218.686
-184.434
-245.215
-188.058
-249.429
-239.492
-235.722
-245.409
-226.161
-239.321
-247.479
-101.833
-107.755
-134.182
-216.461
-171.367
-248.207
-235.577
-239.04
-249.603
-218.501
-240.832
-248.68
-241.627
-213.664
-215.368
-205.803
-228.882
-133.679
-248.01
-244.714
-223.07
-233.812
-223.87
-228.716
-215.324
-245.825
-237.619
-239.996
-228.57
-228.362
-233.024
-225.729
-199.671
-242.259
-228.163
-229.162
-220.652
-249.023
-199.494
-236.03
-246.925
-238.509
-233.322
-196.727
-246.796
-230.928
-162.768
-179.882
-246.431
-245.748
-141.036
-107.154
-248.477
-202.944
-248.004
-163.117
-192.191
-228.464
-182.074
-145.801
-247.048
-106.466
-212.854
-241.748
-209.373
-214.921
-231.774
-248.444
-191.634
-209.092
-202.166
-237.233
-202.588
-234.112
-247.05
-225.349
-246.308
-206.477
-215.736
-220.706
-234.899
-196.569
-248.512
-233.935
-246.4
-245.086
-193.345
-207.855
-225.969
-213.876
-178.175
-200.055
-135.797
-225.033
-236.585
-213.835
-219.665
-243.918
-216.002
-224.507
-239.241
-226.173
-228.912
-203.279
-237.306
-205.257
-247.119
-243.77
-248.286
-156.995
-246.661
-249.954
-210.408
-204.036
-242.787
-233.253
-198.949
-247.656
-227.675
-207.371
-198.399
-244.004
-247.943
-207.131
-172.438
-237.773
-236.702
-160.193
-249.748
-215.781
-213.205
-240.961
-203.053
-209.651
-237.927
-221.478
-224.225
-237.705
-195.239
-204.95
-242.615
-247.452
-217.381
-231.05
-246.825
-195.125
-200.14
-211.869
-240.013
-222.405
-236.816
-172.981
-230.445
-230.803
-198.321
-243.644
-241.55
-241.552
-173.531
-221.226
-183.633
-223.7
-189.403
-232.06
-214.143
-153.971
-237.422
-213.578
-230.968
-241.869
-222.596
-235.668
-234.192
-113.492
-213.176
-211.568
-221.737
-228.704
-197.604
-195.553
-239.689
-205.424
-231.626
-181.103
-204.25
-217.87
-212.543
-228.754
-247.553
-135.465
-161.477
-179.508
-215.483
-140.062
-249.225
-234.696
-210.111
-211.645
-242.553
-179.722
-235.873
-112.443
-178.713
-187.792
-236.914
-160.371
-249.306
-218.448
-234.682
-243.08
-227.15
-226.101
-241.733
-237.058
-248.658
-235.014
-228.317
-212.335
-242.147
-206.164
-196.055
-228.94
-179.243
-249.041
-207.509
-227.907
-237.677
-202.641
-196.974
-219.474
-144.488
-209.616
-210.185
-195.546
-240.931
-246.135
-236.728
-112.987
-219.129
-248.384
-213.566
-246.379
-234.666
-232.226
-237.59
-235.517
-239.001
-247.28
-244.31
-180.554
-249.337
-212.421
-196.337
-214.627
-234.239
-222.422
-239.258
-202.999
-237.446
-215.198
-208.276
-218.058
-249.426
-228.011
-240.69
-231.617
-247.589
-120.676
-160.972
-238.145
-164.371
-200.899
-221.783
-196.735
-225.894
-231.539
-238.491
-223.609
-197.418
-238.555
-202.174
-208.938
-224.119
-235.107
-225.738
-232.923
-180.552
-183.069
-242.586
-244.705
-190.436
-248.664
-227.635
-73.646
-219.041
-223.741
-235.536
-242.886
-244.347
-249.869
-234.738
-220.815
-247.946
-144.725
-221.596
-178.639
-151.354
-168.246
-187.502
-231.65
-245.2
-248.544
-247.191
-218.899
-190.022
-239.457
-210.086
-211.054
-245.416
-224.176
-243.145
-246.961
-215.844
-236.725
-235.711
-238.223
-206.538
-203.197
-248.867
-232.878
-202.811
-247.968
-234.821
-227.728
-245.623
-170.998
-185.744
-207.547
-243.72
-241.725
-194.306
-206.875
-249.936
-249.826
-220.957
-247.6
-233.36
-220.898
-247.226
-249.948
-248.568
-237.005
-232.04
-194.997
-243.473
-236.125
-225.995
-226.608
-195.389
-220.443
-244.548
-183.216
-246.879
-216.433
-241.021
-230.025
-211.605
-243.236
-103.239
-162.095
-184.834
-242.458
-140.811
-231.573
-207.617
-234.058
-201.846
-213.376
-189.427
-222.492
-227.702
-248.7
-197.407
-205.199
-222.993
-235.681
-242.217
-236.553
-220.257
-245.555
-214.173
-249.432
-246.679
-186.939
-230.542
-238.614
-183.951
-216.494
-227.837
-214.847
-238.658
-230.151
-249.227
-238.355
-249.382
-200.256
-245.011
-235.834
-219.922
-228.422
-148.889
-193.691
-220.767
-233.123
-242.953
-243.343
-243.337
-237.435
-249.067
-223.087
-234.157
-227.091
-223.899
-241.3
-218.711
-241.085
-217.652
-189.51
-230.501
-229.902
-238.055
-246.727
-230.232
-208.561
-196.05
-176.226
-242.451
-199.101
-211.449
-215.023
-248.839
-248.409
-246.519
-217.291
-225.064
-241.835
-238.029
-232.685
-200.301
-220.034
-242.731
-246.434
-235.895
-159.357
-224.165
-245.556
-223.729
-205.179
-225.999
-235.534
-244.658
-240.844
-244.498
-230.426
-239.142
-232.05
-212.262
-229.935
-232.814
-229.046
-243.487
-235.886
-197.737
-236.226
-222.144
-237.347
-246.984
-218.728
-221.13
-248.536
-241.456
-207.113
-249.286
-219.486
-228.526
-175.976
-225.587
-187.219
-248.652
-244.833
-241.944
-237.685
-227.388
-242.036
-205.434
-243.515
-198.553
-201.713
-226.787
-190.729
-244.899
-206.419
-213.561
-247.934
-208.94
-235.157
-237.963
-237.629
-241.494
-176.421
-225.264
-218.151
-241.435
-228.511
-228.953
-105.005
-233.577
-238.154
-222.16
-228.921
-242.137
-226.913
-215.246
-242.232
-226.27
-219.459
-208.803
-234.964
-242.954
-208.492
-239.921
-244.998
-232.043
-243.201
-241.563
-241.857
-155.827
-241.706
-163.81
-242.979
-229.25
-245.146
-237.596
-242.187
-208.654
-247.948
-105.991
-236.377
-239.69
-207.176
-208.64
-237.383
-245.378
-193.549
-234.382
-248.361
-247.693
-232.619
-238.236
-154.081
-146.968
-226.804
-219.636
-247.11
-232.77
-235.411
-245.373
-174.601
-221.404
-189.448
-245.792
-207.642
-248.594
-187.948
-170.539
-221.707
-239.554
-200.74
-181.726
-233.345
-239.884
-246.311
-245.81
-118.073
-157.257
-207.737
-225.812
-233.226
-239.319
-241.483
-248.889
-243.257
-215.856
-248.211
-233.129
-237.598
-199.277
-216.988
-181.142
-225.047
-246.321
-168.234
-205.487
-174.429
-216.423
-229.742
-222.568
-155.522
-178.435
-211.18
-211.745
-220.345
-228.406
-205.547
-246.039
-202.142
-223.064
-242.43
-234.991
-242.992
-234.092
-235.505
-198.064
-212.868
-249.342
-240.242
-242.316
-233.277
-244.299
-249.232
-249.52
-209.169
-212.393
-249.731
-248.915
-224.744
-231.977
-236.317
-248.931
-181.019
-220.202
-243.271
-233.477
-177.56
-162.949
-205.393
-212.953
-217.473
-231.388
-237.421
-195.446
-244.16
-220.218
-215.093
-241.165
-211.579
-243.618
-245.113
-218.885
-248.177
-188.621
-238.532
-228.926
-220.361
-185.957
-228.945
-160.027
-202.631
-218.929
-216.32
-216.906
-241.465
-247.093
-240.294
-245.749
-214.624
-223.743
-219.342
-243.227
-241.201
-245.73
-192.877
-240.018
-205.579
-231.171
-205.4
-248.281
-218.637
-234.802
-216.739
-248.6
-227.433
-245.676
-237.072
-230.575
-237.417
-228.272
-227.579
-232.633
-226.598
-246.526
-241.979
-244.888
-242.995
-170.11
-180.588
-193.388
-172.526
-185.312
-222.797
-242.846
-195.58
-230.321
-242.203
-219.083
-243.798
-213.582
-198.519
-157.584
-236.222
-180.5
-147.359
-228.588
-247.83
-234.676
-234.586
-245.41
-183.014
-206.901
-240.757
-211.63
-216.389
-138.164
-198.838
-241.297
-236.532
-247.169
-221.108
-245.935
-155.861
-228.973
-232.81
-200.62
-175.687
-230.972
-165.84
-223.087
-228.336
-234.2
-238.629
-141.595
-158.749
-244.285
-223.223
-154.713
-244.146
-183.386
-239.137
-146.184
-169.533
-206.88
-246.317
-248.574
-228.521
-208.544
-240.124
-232.389
-227.493
-229.468
-244.816
-239.299
-227.723
-225.228
-223.01
-234.121
-227.026
-174.399
-242.01
-243.963
-192.946
-248.734
-241.363
-235.794
-244.753
-232.417
-241.348
-239.181
-216.329
-245.458
-174.846
-203.81
-217.011
-242.049
-93.1651
-235.495
-241.598
-183.014
-210.451
-226.69
-216.273
-189.657
-197.867
-181.289
-191.081
-227.644
-202.525
-154.541
-218.83
-236.991
-236.661
-228.72
-218.173
-222.006
-185.393
-187.328
-117.597
-156.552
-183.967
-223.122
-206.285
-232.065
-135.155
-247.584
-159.668
-236.446
-223.355
-246.554
-165.59
-235.831
-229.716
-246.826
-248.561
-208.657
-236.605
-220.681
-224.012
-225.592
-226.266
-238.025
-213.33
-216.129
-249.68
-166.551
-212.097
-245.633
-231.843
-242.532
-214.742
-230.321
-197.149
-210.213
-239.351
-219.189
-249.515
-244.586
-239.914
-235.645
-194.002
-233.306
-119.529
-219.764
-236.732
-238.029
-166.786
-123.07
-179.192
-188.683
-246.723
-230.606
-233.05
-248.205
-206.53
-230.932
-228.979
-244.398
-227.117
-239.646
-234.981
-216.074
-231.15
-247.563
-222.846
-214.441
-217.643
-243.965
-214.84
-205.164
-246.904
-236.211
-219.285
-248.881
-220.509
-233.656
-234.979
-203.362
-208.348
-236.544
-239.459
-249.331
-234.248
-245.051
-229.202
-220.147
-169.057
-185.897
-188.302
-218.127
-197.152
-246.85
-204.728
-247.173
-228.282
-242.272
-106.249
-198.365
-160.151
-245.215
-204.629
-237.352
-237.99
-224.298
-216.055
-170.551
-217.686
-124.167
-248.679
-235.764
-232.64
-240.628
-204.314
-232.766
-230.784
-200.797
-234.732
-240.862
-211.93
-238.663
-238.259
-230.914
-237.262
-234.908
-245.372
-124.571
-237.214
-232.944
-245.187
-245.238
-246.665
-221.4
-239.871
-153.728
-233.476
-201.108
-246.672
-247.39
-219.422
-238.915
-245.025
-245.983
-190.528
-248.6
-227.351
-177.932
-223.4
-239.516
-221.305
-222.294
-190.898
-229.124
-236.605
-181.373
-245.05
-222.295
-148.617
-233.355
-235.811
-157.88
-229.365
-243.548
-238.784
-204.713
-219.445
-223.519
-230.787
-245.899
-249.396
-207.3
-236.063
-188.366
-214.188
-119.873
-123.962
-247.249
-246.235
-244.56
-221.185
-246.587
-197.514
-107.388
-128.492
-234.889
-195.781
-187.448
-204.113
-223.535
-227.782
-239.34
-229.564
-168.743
-229.251
-247.604
-215.734
-209.248
-228.143
-245.521
-214.9
-12.2819
-246.193
-188.659
-212.554
-228.996
-241.992
-249.916
-225.399
-187.205
-231.116
-211.342
-198.078
-231.607
-218.557
-205.5
-200.03
-232.156
-198.684
-210.182
-227.868
-215.701
-191.439
-243.094
-229.988
-208.751
-231.752
-155.047
-208.618
-220.798
-188.145
-240.043
-230.909
-214.405
-249.433
-200.587
-148.298
-210.708
-233.544
-226.381
-224.987
-231.185
-246.178
-245.602
-7.47318
-41.2514
-229.403
-239.92
-209.843
-215.384
-234.655
-234.581
-177.867
-183.47
-224.529
-227.554
-237.607
-244.499
-205.568
-221.052
-241.953
-216.278
-235.962
-247.084
-248.117
-205.692
-154.053
-221.488
-227.545
-186.639
-190.277
-196.284
-187.238
-241.831
-249.422
-244.178
-203.599
-191.824
-199.642
-197.299
-202.774
-241.376
-243.747
-244.824
-235.575
-223.131
-226.85
-237.457
-201.14
-234.329
-217.169
-210.993
-221.184
-237.383
-230.598
-186.118
-198.354
-219.222
-153.284
-199.169
-225.368
-243.677
-154.072
-223.582
-228.136
-231.989
-242.692
-199.355
-177.001
-203.83
-202.476
-222.073
-244.784
-234.083
-241.311
-199.371
-227.965
-158.547
-201.429
-221.415
-232.755
-234.174
-235.873
-225.469
-243.992
-243.814
-222.163
-218.005
-124.15
-245.303
-142.026
-244.928
-171.715
-197.092
-246.76
-222.106
-124.305
-147.777
-189.712
-238.304
-193.77
-230.724
-241.981
-249.304
-247.283
-243.604
-127.188
-199.165
-220.92
-247.097
-187.385
-224.215
-207.535
-221.524
-249.595
-192.527
-236.563
-133.643
-105.746
-241.665
-226.126
-231.454
-241.236
-226.502
-231.388
-152.11
-235.243
-209.121
-248.584
-246.988
-210.643
-232.306
-245.758
-219.094
-174.099
-209.063
-208.261
-192.083
-222.704
-137.76
-228.48
-201.699
-162.2
-203.85
-225.902
-239.03
-166.671
-223.871
-219.625
-212.415
-222.159
-188.681
-206.69
-229.107
-169.607
-235.548
-191.816
-179.481
-220.934
-246.721
-241.066
-246.264
-241.814
-233.612
-196.343
-234.758
-146.079
-207.486
-241.519
-219.14
-221.452
-247.031
-171.494
-202.379
-219.647
-230.595
-227.713
-248.497
-196.897
-230.616
-132.881
-194.035
-247.99
-208.166
-221.179
-223.466
-221.875
-213.646
-248.311
-248.074
-199.053
-240.868
-224.562
-207.898
-197.993
-249.492
-217.081
-229.126
-229.956
-155.425
-230.937
-148.008
-247.293
-235.776
-240.369
-244.744
-189.256
-173.17
-248.35
-225.833
-187.972
-231.543
-240.841
-241.067
-130.108
-158.159
-245.088
-242.33
-164.91
-180.472
-204.827
-200.795
-239.042
-223.281
-227.216
-187.125
-186.105
-221.898
-216.907
-222.388
-188.624
-240.169
-211.801
-224.311
-208.84
-249.493
-249.796
-157.417
-211.302
-233.501
-232.543
-169.11
-243.403
-235.911
-210.45
-237.075
-229.052
-234.301
-245.496
-243.887
-227.715
-219.488
-249.954
-200.379
-234.888
-232.051
-227.584
-203.744
-223.052
-235.372
-238.06
-233.692
-187.888
-236.097
-238.299
-204.679
-214.532
-232.195
-248.606
-198.41
-218.63
-229.325
-180.543
-207.715
-242.547
-246.927
-224.011
-231.713
-186.904
-197.466
-162.604
-176.956
-203.918
-222.241
-122.568
-228.93
-232.12
-234.419
-228.728
-249.527
-233.043
-239.756
-226.909
-248.544
-228.64
-233.504
-210.419
-219.005
-222.315
-247.731
-247.094
-231.907
-191.075
-202.849
-207.324
-244.215
-243.326
-248.016
-247.459
-226.122
-200.139
-240.056
-233.462
-231.695
-247.881
-160.699
-196.582
-232.376
-232.67
-169.115
-151.102
-137.542
-218.842
-228.174
-230.976
-229.83
-233.409
-240.198
-249.246
-200.485
-204.656
-204.78
-224.381
-217.011
-248.7
-163.805
-243.296
-240.653
-227.319
-220.622
-230.167
-210.308
-244.641
-215.158
-215.533
-202.861
-208.76
-219.253
-235.918
-209.534
-222.246
-209.38
-211.668
-240.182
-198.284
-151.107
-168.195
-212.644
-249.603
-219.174
-221.523
-239.75
-229.491
-231.57
-242.842
-248.863
-194.044
-209.849
-233.259
-190.218
-227.934
-241.703
-139.107
-223.565
-234.536
-232.028
-212.07
-237.161
-188.387
-133.931
-238.277
-246.422
-245.951
-245.589
-239.791
-226.235
-238.753
-242.778
-231.629
-233.379
-239.905
-243.655
-225.154
-247.505
-240.254
-232.168
-149.85
-228.612
-248.23
-243.389
-202.06
-240.737
-205.708
-233.75
-222.68
-247.007
-233.224
-237.897
-87.7631
-228.519
-194.165
-227.526
-238.623
-229.464
-244.536
-202.039
-205.791
-214.253
-224.945
-234.037
-192.586
-210.947
-237.733
-206.669
-229.351
-243.189
-211.795
-220.719
-201.499
-210.261
-213.465
-189.714
-239.382
-234.966
-223.386
-232.215
-234.521
-236.12
-245.191
-236.049
-191.705
-246.843
-215.835
-238.297
-240.306
-246.378
-239.237
-226.951
-229.525
-220.609
-241.44
-242.251
-194.808
-232.629
-223.233
-235.073
-220.336
-234.332
-211.54
-197.024
-205.058
-243.708
-227.673
-238.321
-237.057
-245.968
-249.664
-230.467
-183.903
-241.294
-241.06
-211.778
-221.35
-165.614
-185.811
-228.862
-239.158
-238.422
-219.634
-233.551
-184.461
-212.699
-202.603
-241.647
-247.676
-237.34
-249.161
-244.859
-158.157
-225.33
-241.726
-192.662
-247.23
-196.229
-220.348
-234.618
-248.759
-114.486
-208.98
-237.433
-203.363
-207.13
-238.419
-187.651
-227.252
-245.474
-235.456
-76.4797
-197.981
-167.554
-248.497
-113.66
-139.436
-186.36
-247.949
-194.049
-246.741
-241.039
-177.658
-207.978
-200.302
-214.414
-218.109
-244.576
-240.545
-241.114
-239.087
-215.519
-241.621
-248.513
-247.096
-221.974
-216.429
-222.835
-227.37
-214.745
-212.77
-208.285
-196.803
-248.692
-234.339
-155.382
-164.835
-225.039
-237.379
-249.665
-243.022
-226.039
-196.624
-206.581
-249.511
-228.097
-202.668
-225.028
-247.967
-240.991
-245.13
-208.459
-217.348
-162.247
-242.73
-173.272
-221.249
-241.408
-236.179
-147.264
-225.995
-238.383
-249.85
-236.597
-187.456
-206.543
-243.611
-246.885
-216.447
-178.453
-223.876
-187.343
-229.871
-228.457
-235.801
-236.156
-236.653
-226.374
-226.579
-234.929
-231.141
-195.542
-225.962
-233.846
-170.639
-231.196
-221.316
-243.386
-246.092
-240.176
-220.331
-240.237
-203.281
-230.19
-244.309
-163.264
-204.81
-247.081
-237.854
-238.783
-164.522
-249.446
-246.28
-161.92
-211.786
-231.458
-238.846
-210.785
-184.471
-196.534
-230.975
-245.668
-228.617
-249.212
-182.233
-199.752
-199.821
-237.634
-248.338
-245.124
-246.698
-249.971
-249.925
-234.496
-234.942
-243.428
-168.412
-212.749
-239.039
-220.909
-207.383
-228.904
-232.378
-208.263
-243.406
-203.464
-215.572
-239.246
-177.091
-214.865
-160.607
-207.551
-245.095
-206.265
-246.195
-221.688
-243.466
-245.591
-232.908
-246.17
-235.64
-225.537
-194.355
-221.806
-240.256
-236.046
-240.879
-131.883
-234.241
-233.571
-217.753
-214.765
-212.417
-211.977
-249.03
-231.285
-192.138
-228.954
-239.514
-245.861
-218.521
-244.343
-233.23
-186.259
-223.602
-235.476
-245.75
-222.159
-197.791
-236.71
-227.072
-207.173
-189.973
-216.479
-243.037
-235.978
-196.145
-228.748
-168.773
-223.941
-248.288
-239.333
-226.834
-240.415
-243.077
-172.656
-125.496
-197.674
-230.896
-224.969
-182.687
-236.147
-234.99
-216.926
-229.603
-239.755
-242.845
-223
-238.828
-239.752
-219.401
-225.465
-239.897
-184.063
-240.016
-238.964
-229.009
-247.383
-226.706
-227.663
-220.629
-249.7
-199.884
-209.059
-232.342
-222.94
-115.783
-247.436
-132.19
-246.928
-184.876
-249.377
-223.031
-232.475
-192.681
-240.25
-181.83
-208.852
-234.615
-247.221
-238.75
-231.396
-247.526
-233.448
-165.443
-219.694
-235.559
-241.643
-205.911
-249.434
-233.849
-242.365
-242.442
-236.139
-207.951
-225.513
-211.467
-227.173
-249.52
-237.159
-235.094
-222.721
-244.235
-189.424
-198.387
-236.645
-242.118
-219.214
-223.691
-247.323
-243.314
-188.115
-193.836
-224.5
-241.929
-186.858
-247.186
-240.601
-218.084
-205.969
-246.997
-112.723
-186.656
-216.125
-228.532
-229.552
-180.777
-215.768
-225.884
-225.191
-196.242
-114.964
-230.2
-247.844
-244.574
-249.409
-213.281
-233.138
-247.802
-223.45
-231.856
-241.398
-164.518
-195.725
-241.6
-101.703
-152.529
-157.62
-218.609
-237.357
-184.149
-248.498
-240.529
-235.18
-244.547
-184.702
-242.5
-227.953
-241.166
-236.329
-240.582
-236.896
-224.371
-238.819
-196.41
-245.042
-200.405
-213.484
-215.961
-149.759
-226.347
-239.738
-185.9
-198.445
-201.855
-248.199
-164.669
-248.888
-244.321
-226.836
-237.99
-236.447
-219.839
-212.449
-243.916
-117.772
-125.817
-132.984
-232.128
-228.182
-240.539
-245.8
-223.306
-194.248
-225.809
-230.38
-233.5
-245.361
-186.502
-242.626
-231.252
-249.534
-170.854
-89.2898
-212.292
-234.367
-229.753
-238.509
-234.228
-236.009
-217.911
-213.004
-220.575
-216.067
-232.644
-189.354
-221.801
-218.825
-233.171
-236.763
-234.939
-218.068
-229.575
-247.494
-167.921
-218.294
-209.394
-218.582
-241.635
-248.116
-236.76
-247.177
-147.712
-150.182
-228.533
-240.72
-190.037
-218.542
-234.557
-223.43
-195.608
-233.757
-243.838
-84.0402
-227.313
-237.455
-224.573
-142.968
-231.291
-231.257
-249.811
-241.898
-210.923
-236.717
-246.462
-231.145
-240.177
-205.03
-221.635
-203.872
-207.868
-243.878
-244.009
-213.785
-234.068
-248.676
-246.428
-173.673
-200.733
-205.63
-220.738
-249.034
-196.599
-214.536
-243.061
-235.556
-241.497
-213.558
-222.693
-211.524
-240.038
-228.08
-92.8937
-193.554
-145.618
-221.892
-249.219
-182.97
-246.973
-237.272
-173.494
-214.57
-213.53
-226.9
-224.562
-223.611
-208.672
-217.687
-244.077
-204.605
-215.311
-228.389
-207.198
-227.538
-222.435
-241.542
-229.296
-232.692
-221.434
-245.459
-248.746
-245.188
-234.774
-234.658
-206.294
-245.311
-199.117
-215.781
-194.528
-237.193
-216.989
-247.845
-248.419
-242.805
-235.217
-235.05
-245.798
-246.529
-244.783
-236.563
-234.491
-183.963
-239.415
-248.096
-220.184
-214.842
-224.741
-188.661
-242.499
-241.935
-187.585
-241.982
-229.148
-144.98
-248.124
-200.345
-234.654
-232.986
-201.369
-205.008
-157.83
-198.611
-240.684
-244.948
-170.082
-245.11
-248.375
-178.145
-223.002
-170.036
-217.959
-231.256
-204.606
-245.889
-130.886
-238.486
-241.004
-214.411
-233.415
-158.839
-213.55
-208.506
-188.915
-232.384
-179.708
-193.612
-247.078
-222.986
-238.296
-166.91
-241.532
-242.967
-170.851
-202.308
-216.483
-242.119
-230.133
-245.218
-240.045
-238.78
-206.676
-239.553
-220.654
-232.966
-239.288
-243.371
-241.219
-235.246
-244.88
-247.701
-238.537
-242.07
-171.989
-212.453
-125.226
-232.295
-216.587
-232.38
-231.482
-238.034
-238.834
-229.784
-247.125
-244.635
-238.101
-220.744
-239.268
-200.123
-204.881
-234.058
-217.989
-248.716
-223.772
-230.442
-214.821
-228.57
-234.902
-214.195
-229.464
-190.38
-197.824
-245.384
-249.724
-226.005
-236.301
-247.664
-213.014
-211.254
-232.865
-237.175
-210.422
-215.301
-229.313
-223.135
-215.356
-224.068
-241.263
-170.174
-191.518
-216.422
-217.378
-197.96
-237.326
-235.742
-233.837
-249.988
-116.258
-175.273
-163.983
-235.802
-238.205
-213.481
-247.957
-172.072
-247.786
-245.624
-241.99
-176.097
-231.703
-241.908
-243.23
-210.964
-163.101
-248.07
-238.922
-226.974
-189.433
-232.84
-212.9
-215.159
-187.391
-165.494
-191.345
-248.096
-171.604
-227.135
-170.67
-140.898
-179.529
-192.192
-197.238
-242.686
-218.416
-234.263
-184.985
-241.692
-247.648
-31.6094
-70.7162
-247.552
-243.547
-248.993
-236.552
-247.317
-243.621
-187.97
-191.849
-227.767
-246.281
-248.181
-229.991
-238.79
-209.519
-217.195
-223.737
-225.16
-236.876
-167.702
-212.938
-230.497
-211.634
-241.856
-211.47
-213.013
-237.617
-242.705
-227.27
-232.673
-215.844
-225.162
-246.603
-249.001
-225.757
-184.876
-145.613
-176.547
-235.666
-232.321
-200.445
-205.119
-237.755
-233.461
-219.137
-203.015
-233.129
-244.491
-242.503
-249.829
-229.099
-243.594
-224.646
-245.252
-245.537
-207.72
-170.87
-242.837
-231.025
-248.523
-165.089
-169.465
-170.281
-166.066
-249.619
-242.552
-244.348
-183.169
-217.506
-249.177
-225.025
-241.155
-216.442
-239.887
-209.07
-239.843
-242.271
-158.521
-241.59
-242.234
-219.49
-218.925
-154.776
-187.188
-230.709
-194.987
-222.036
-244.918
-225.511
-240.015
-246.659
-201.812
-240.144
-191.836
-226.568
-221.097
-230.661
-242.971
-172.081
-172.502
-241.09
-238.675
-175.091
-230.7
-161.439
-219.55
-206.722
-221.036
-237.448
-240.649
-241.114
-205.113
-217.73
-228.573
-233.491
-242.916
-229.043
-237.745
-236.248
-245.049
-247.135
-200.894
-221.563
-243.497
-230.156
-218.063
-229.755
-184.131
-239.608
-190.989
-205.119
-214.964
-216.922
-249.591
-230.649
-238.682
-249.737
-96.9827
-138.577
-234.332
-198.483
-234.821
-235.634
-238.312
-199.081
-232.715
-247.096
-241.142
-129.121
-136.997
-190.708
-243.117
-163.767
-242.81
-209.751
-243.639
-234.03
-205.218
-243.628
-217.42
-167.68
-185.03
-225.911
-183.72
-223.901
-246.101
-238.815
-176.744
-249.8
-214.239
-242.453
-242.49
-248.612
-237.327
-239.693
-227.166
-186.445
-218.882
-203.501
-225.879
-248.194
-246.511
-233.245
-232.752
-148.376
-243.332
-242.736
-248.672
-221.702
-197.178
-237.25
-237.111
-134.385
-164.418
-242.544
-212.204
-239.365
-248.078
-233.649
-172.9
-239.359
-207.582
-248.188
-185.644
-248.019
-244.685
-243.657
-185.11
-220.011
-231.494
-242.975
-228.056
-229.317
-231.753
-226.263
-249.424
-227.703
-230.309
-239.257
-234.77
-245.284
-237.623
-245.586
-226.809
-221.08
-221.114
-204.122
-160.78
-209.044
-249.502
-230.71
-143.191
-220.046
-237.936
-242.376
-200.634
-247.585
-214.415
-240.642
-208.916
-220.863
-182.175
-241.152
-243.276
-238.313
-247.304
-234.78
-239.642
-208.116
-224.981
-249.231
-247.843
-236.564
-232.716
-241.984
-180.357
-217.208
-241.663
-245.807
-173.334
-222.677
-212.482
-191.503
-239.774
-248.534
-219.7
-210.322
-217.792
-232.413
-245.697
-246.195
-173.848
-223.79
-215.071
-225.229
-213.211
-215.284
-226.558
-239.139
-222.563
-228.302
-241.863
-236.723
-200.945
-191.917
-220.815
-247.165
-247.506
-205.402
-186.34
-203.488
-234.734
-234.734
-214.527
-245.83
-243.545
-229.371
-198.339
-227.304
-212.573
-241.835
-225.534
-222.972
-237.219
-209.093
-243.685
-213.372
-206.882
-228.236
-246.084
-195.764
-240.059
-239.338
-222.269
-158.697
-182.988
-243.071
-179.968
-238.724
-242.813
-238.683
-246.253
-217.352
-240.56
-202.818
-241.503
-241.422
-246.448
-235.683
-221.793
-243.413
-240.358
-248.772
-235.368
-238.66
-177.893
-243.718
-221.718
-212.032
-182.256
-243.052
-241.296
-175.389
-181.484
-220.413
-147.768
-173.966
-209.913
-188.934
-171.173
-249.138
-235.027
-226.966
-233.996
-135.46
-246.381
-180.977
-248.218
-224.287
-246.545
-222.526
-87.1404
-226.135
-233.082
-206.016
-239.896
-246
-241.829
-207.957
-225.003
-239.446
-215.895
-166.137
-228.674
-234.976
-193.643
-233.681
-173.148
-159.828
-199.094
-218.691
-248.989
-188.3
-229.803
-244.776
-234.587
-185.923
-240.672
-236.999
-225.22
-224.776
-244.149
-184.477
-246.918
-239.858
-222.458
-248.256
-217.16
-246.664
-189.51
-184.425
-202.271
-226.114
-209.027
-223.612
-203.334
-247.803
-216.754
-236.852
-247.783
-225.653
-248.036
-201.719
-229.708
-246.361
-233.475
-234.028
-210.907
-246.347
-239.373
-225.681
-168.268
-174.956
-211.573
-216.532
-222.952
-213.312
-173.221
-181.164
-229.558
-224.981
-196.512
-244.551
-200.148
-249.735
-221.09
-229.379
-67.805
-94.3589
-112.9
-221.539
-242.046
-240.594
-204.347
-228.668
-192.18
-249.098
-202.865
-243.773
-244.803
-209.275
-209.739
-232.219
-184.547
-248.847
-214.352
-242.241
-227.269
-249.218
-212.726
-240.041
-231.917
-246.649
-234.753
-236.641
-215.515
-208.504
-242.983
-238.433
-241.405
-212.986
-221.378
-234.652
-237.657
-217.404
-240.144
-237.436
-218.016
-193.089
-228.801
-229.961
-184.236
-238.431
-248.693
-238.504
-247.665
-241.998
-143.194
-218.427
-240.408
-238.022
-189.523
-81.7381
-137.582
-216.071
-244.443
-223.514
-237.024
-212.573
-248.555
-184.618
-179.045
-232.471
-179.691
-233.494
-180.896
-215.861
-205.832
-216.06
-239.152
-193.326
-208.278
-128.178
-248.51
-207.251
-165.448
-243.521
-246.021
-248.445
-204.62
-236.967
-223.41
-241.752
-246.625
-245.908
-222.139
-192.056
-234.24
-227.057
-234.4
-216.765
-190.969
-171.632
-243.241
-233.308
-231.333
-231.764
-228.108
-223.425
-200.513
-230.545
-212.229
-231.985
-247.791
-239.049
-164.258
-237.706
-243.134
-231.33
-220.874
-169.341
-201.175
-246.333
-217.785
-186.082
-243.416
-232.923
-248.936
-198.476
-222.726
-246.077
-226.328
-241.69
-231.827
-240.822
-249.592
-236.122
-205.845
-245.86
-241.569
-237.665
-213.163
-249.981
-128.865
-213.909
-245.596
-134.319
-196.542
-167.369
-248.427
-214.379
-223.651
-208.983
-238.238
-249.309
-237.052
-192.085
-237.159
-220.138
-244.729
-202.039
-229.411
-216.889
-93.2486
-174.67
-228.462
-231.111
-200.337
-225.864
-179.558
-158.99
-219.257
-239.246
-180.206
-189.082
-218.689
-238.614
-218.158
-229.846
-230.552
-235.037
-248.097
-248.581
-233.67
-245.472
-248.27
-246.505
-186.038
-206.807
-218.374
-220.331
-162.647
-167.579
-188.728
-243.447
-202.967
-233.848
-60.786
-128.515
-223.965
-245.941
-234.733
-241.025
-200.744
-249.709
-241.381
-204.533
-207.142
-208.256
-246.855
-130.702
-163.731
-214.012
-242.521
-243.791
-238.002
-241.958
-194.572
-227.919
-205.408
-244.742
-229.071
-186.419
-242.656
-210.236
-248.8
-233.16
-217.877
-124.16
-161.207
-247.365
-208.756
-244.351
-229.145
-215.046
-234.058
-246.908
-147.561
-229.45
-232.909
-241.186
-239.339
-214.024
-234.741
-207.708
-239.489
-243.967
-239.218
-229.425
-244.583
-210.058
-238.624
-239.631
-235.231
-249.313
-219.1
-234.205
-222.667
-242.28
-248.105
-202.633
-230.355
-240.629
-213.784
-236.797
-240.541
-183.578
-246.339
-183.933
-168.736
-191.499
-146.5
-201.489
-247.626
-219.758
-242.909
-238.158
-216.521
-249.017
-249.832
-237.037
-237.867
-224.802
-231.348
-223.104
-191.737
-205.315
-240.443
-206.353
-228.959
-219.74
-241.345
-238.79
-244.951
-237.429
-245.755
-157.133
-238.732
-240.374
-201.056
-232.088
-241.253
-230.253
-238.577
-229.749
-218.115
-240.094
-196.036
-208.941
-236.03
-145.458
-182.527
-223.634
-175.482
-237.342
-197.255
-245.513
-243.245
-244.151
-239.918
-148.763
-235.908
-241.6
-221.142
-222.161
-239.663
-247.286
-236.724
-249.712
-225.794
-245.724
-243.489
-193.276
-243.133
-225.688
-219.253
-246.882
-200.852
-229.346
-206.091
-236.833
-243.603
-116.409
-172.81
-239.699
-206.311
-245.214
-195.782
-223.777
-213.328
-216.151
-234.824
-210.395
-220.415
-249.582
-168.365
-219.234
-235.27
-247.041
-189.664
-232.313
-242.892
-241.418
-238.3
-221.656
-118.568
-190.885
-235.196
-244.365
-202.818
-177.957
-245.918
-216.671
-231.163
-239.401
-191.363
-208.851
-186.021
-234.982
-246.047
-221.684
-223.141
-204.257
-205.198
-249.806
-232.617
-201.686
-246.309
-243.554
-230.765
-207.52
-180.725
-195.67
-198.533
-166.782
-238.79
-187.448
-180.434
-200.574
-168.58
-248.334
-224.297
-235.82
-211.954
-233.15
-245.885
-244.425
-233.874
-243.135
-223.754
-244.253
-165.429
-154.482
-240.31
-203.514
-225.959
-236.481
-202.711
-219.004
-241.681
-242.204
-225.812
-243.296
-249.677
-236.978
-219.161
-204.754
-212.028
-220.189
-248.325
-214.741
-130.698
-131.297
-230.61
-228.452
-161.124
-200.962
-241.928
-203.991
-231.13
-214.732
-231.498
-203.617
-226.547
-219.164
-249.526
-229.231
-194.84
-238.556
-249.056
-223.414
-218.713
-224.093
-193.42
-245.315
-213.227
-245.575
-194.457
-234.537
-178.301
-141.347
-177.764
-219.358
-244.456
-222.488
-199.436
-198.648
-158.669
-162.259
-198.263
-219.176
-152.985
-173.682
-240.808
-227.13
-246.173
-122.101
-225.407
-206.38
-238.51
-204.18
-246.623
-218.982
-162.104
-218.647
-223.836
-238.074
-230.927
-227.021
-210.833
-247.312
-245.116
-240.444
-233.084
-202.791
-228.277
-245.282
-221.371
-235.8
-227.037
-235.923
-234.079
-212.574
-214.165
-246.16
-228.385
-235.625
-242.997
-114.033
-136.276
-152.617
-189.095
-218.648
-239.119
-210.193
-246.236
-140.239
-177.03
-196.296
-238.692
-246.869
-184.15
-233.727
-210.813
-193.974
-182.909
-208.993
-238.319
-248.343
-247.621
-226.865
-222.953
-229.928
-248.162
-203.716
-235.725
-247.221
-235.028
-194.156
-213.524
-189.067
-216.003
-227.243
-234.957
-209.21
-224.831
-244.992
-181.248
-246.556
-234.074
-231.646
-210.957
-248.486
-231.303
-175.898
-244.966
-206.22
-208.092
-236.902
-144.653
-183.285
-210.033
-221.129
-224.259
-206.284
-220.902
-173.109
-209.436
-231.569
-243.188
-244.241
-226.258
-245.001
-226.015
-210.396
-232.164
-238.765
-243.375
-236.193
-220.397
-94.5282
-111.537
-202.447
-232.1
-237.881
-221.441
-244.438
-246.312
-237.257
-241.946
-246.751
-211.064
-149.968
-235.674
-238.283
-238.75
-219.33
-244.123
-244.788
-182.332
-168.234
-212.377
-147.866
-241.879
-244.817
-236.042
-248.896
-227.776
-193.189
-223.698
-215.657
-200.637
-162.954
-223.02
-205.247
-195.741
-197.934
-232.557
-241.242
-226.792
-249.423
-245.78
-178.407
-220.517
-214.425
-213.453
-166.217
-35.9516
-104.485
-192.682
-249.409
-247.206
-229.516
-237.887
-237.522
-242.532
-212.633
-239.388
-232.528
-224.37
-236.545
-236.787
-240.381
-248.039
-242.602
-244.684
-168.485
-237.824
-226.013
-239.767
-226.131
-101.965
-247.541
-236.987
-205.216
-243.023
-195.582
-239.353
-246.593
-212.573
-246.048
-220.171
-244.051
-220.29
-223.382
-226.732
-248.279
-234.774
-241.439
-242.693
-179.615
-222.546
-197.631
-229.009
-227.34
-246.517
-246.707
-216.843
-216.433
-240.283
-249.006
-224.893
-227.335
-248.979
-216.662
-238.137
-246.755
-241.117
-233.338
-243.981
-204.185
-206.239
-214.819
-240.967
-202.753
-230.012
-235.507
-211.011
-237.053
-113.876
-216.087
-223.738
-245.166
-234.201
-221.083
-227.302
-235.79
-242.244
-213.701
-246.814
-244.752
-244.482
-160.003
-219.613
-219.44
-223.722
-245.212
-249.768
-240.74
-240.405
-209.571
-237.222
-194.551
-185.785
-249.915
-207.772
-246.26
-181.268
-218.221
-202.468
-223.367
-172.536
-193.98
-237.196
26.789
-19.2068
-37.9271
-227.199
-234.301
-203.717
-234.116
-221.243
-208.783
-235.45
-181.357
-238.759
-246.136
-230.739
-243.721
-232.441
-245.583
-230.817
-245.018
-198.661
-237.597
-236.478
-246.279
-208.957
-139.604
-143.976
-195.614
-198.497
-247.987
-213.464
-238.363
-213.992
-230.782
-245.427
-219.212
-219.932
-223.363
-229.601
-213.747
-199.948
-205.101
-208.119
-249.259
-241.995
-242.118
-155.681
-213.875
-239.155
-225.454
-232.813
-241.012
-239.075
-210.191
-239.155
-187.99
-239.284
-223.472
-212.437
-237.663
-160.759
-188.519
-239.751
-184.895
-249.439
-221.587
-234.05
-243.577
-245.122
-206.149
-228.9
-228.545
-179.913
-239.88
-211.578
-195.016
-240.303
-177.316
-235.594
-245.664
-240.708
-246.145
-193
-195.626
-245.995
-189.495
-240.534
-201.308
-212.906
-245.522
-246.19
-237.571
-228.381
-199.522
-199.512
-238.849
-183.301
-234.539
-194.805
-229.719
-241.344
-245.295
-236.069
-237.132
-244.688
-232.011
-233.912
-200.019
-210.796
-243.528
-239.779
-236.055
-205.699
-182.679
-177.837
-186.835
-175.224
-151.973
-238.241
-244.395
-235.154
-245.272
-238.059
-232.341
-232.563
-206.323
-231.176
-241.817
-220.485
-204.632
-234.717
-193.545
-210.961
-216.406
-230.08
-203.453
-235.358
-222.82
-140.025
-207.698
-244.03
-229.905
-249.901
-232.195
-203.381
-224.481
-189.787
-248.774
-187.014
-233.087
-242.634
-181.39
-248.517
-245.167
-241.957
-249.146
-228.379
-230.783
-205.383
-226.165
-155.327
-184.431
-230.109
-167.958
-235.5
-172.499
-244.525
-162.353
-225.121
-148.398
-235.813
-248.013
-128.824
-207.537
-235.31
-247.649
-248.148
-189.957
-199.777
-193.109
-179.975
-222.298
-233.219
-221.892
-243.005
-245.122
-194.741
-202.273
-183.867
-247.268
-240.061
-234.348
-210.411
-218.801
-156.217
-215.147
-245.634
-239.297
-204.498
-184.938
-248.749
-239.348
-242.68
-246.478
-244.41
-236.211
-244.998
-200.815
-218.014
-247.122
-196.377
-221.363
-182.06
-183.994
-249.872
-242.538
-219.56
-229.672
-211.917
-242.853
-237.825
-196.747
-246.426
-224.989
-189.881
-246.913
-223.596
-222.83
-218.344
-244.339
-226.21
-186.1
-242.129
-239.23
-221.333
-239.171
-157.798
-209.521
-197.665
-243.342
-246.953
-233.141
-230.945
-217.767
-216.409
-226.505
-216.252
-169.904
-248.441
-234.928
-216.504
-240.021
-240.675
-237.982
-197.166
-238.567
-248.122
-157.275
-249.568
-161.614
-209.958
-151.857
-249.593
-233.089
-129.994
-175.785
-182.892
-243.695
-213.456
-242.738
-248.07
-235.837
-238.116
-223.755
-213.306
-247.198
-201.249
-247.492
-232.632
-233.408
-240.638
-244.889
-156.717
-236.648
-234.129
-237.196
-210.594
-248.28
-174.085
-192.112
-227.953
-198.246
-233.327
-233.948
-246.627
-246.434
-191.522
-227.841
-238.022
-249.072
-209.94
-249.278
-217.834
-235.343
-223.623
-222.874
-238.474
-162.561
-236.779
-132.614
-169.756
-241.609
-226.199
-232.413
-232.481
-205.106
-232.721
-211.968
-246.889
-220.032
-230.687
-225.784
-198.195
-184.95
-192.356
-248.39
-154.176
-233.473
-242.338
-234.651
-234.538
-234.947
-222.031
-248.372
-204.791
-214.811
-173.077
-242.254
-248.476
-215.558
-234.272
-218.066
-236.769
-222.613
-221.754
-246.68
-170.502
-239.985
-241.228
-237.727
-236.33
-207.981
-220.994
-240.819
-233.617
-240.694
-162.098
-178.062
-212.104
-242.431
-223.943
-247.281
-245.722
-226.615
-227.919
-68.9449
-90.5048
-243.388
-248.737
-241.186
-147.382
-174.934
-213.887
-198.735
-249.088
-234.359
-223.854
-244.641
-215.958
-246.56
-238.007
-239.58
-211.136
-209.348
-241.425
-248.078
-140.774
-237.451
-235.9
-231.845
-227.2
-233.026
-242.742
-246.683
-169.058
-208.974
-240.614
-227.138
-212.875
-212.363
-227.215
-240.76
-237.937
-239.857
-225.054
-233.15
-245.245
-185.127
-213.607
-225.099
-237.31
-230.533
-249.286
-242.354
-230.532
-247.017
-246.358
-154.84
-171.362
-228.901
-175.932
-180.736
-230.679
-203.49
-216.103
-214.024
-237.765
-240.496
-231.779
-246.057
-246.584
-238.617
-183.394
-232.817
-246.883
-152.725
-176.761
-248.011
-238.47
-151.254
-208.084
-246.784
-238.192
-149.122
-163.64
-242.963
-225.463
-185.916
-235.641
-247.954
-208.243
-232.56
-216.396
-238.029
-179.909
-186.309
-246.254
-175.974
-194.691
-199.762
-210.039
-248.206
-214.873
-218.576
-200.381
-240.064
-228.43
-232.212
-243.363
-245.088
-220.414
-180.726
-198.814
-210.262
-189.042
-244.653
-231.246
-233.639
-216.768
-206.359
-225.705
-239.798
-243.813
-245.801
-230.464
-237.823
-213.531
-234.187
-230.312
-245.535
-199.314
-219.505
-245.364
-246.085
-248.868
-217.324
-233.758
-217.736
-212.571
-229.82
-212.766
-243.639
-234.65
-242.004
-223.384
-208.347
-244.7
-244.972
-245.085
-224.688
-240.882
-234.606
-161.823
-226.404
-247.468
-218.118
-215.031
-208.068
-246.53
-234.742
-193.607
-140.645
-243.844
-242.939
-212.994
-249.201
-211.453
-214.192
-222.572
-220.562
-221.098
-215.731
-231.694
-217.449
-184.969
-243.24
-239.708
-239.027
-247.995
-205.318
-224.248
-175.92
-208.318
-211.328
-249.857
-243.96
-237.293
-249.222
-200.062
-225.125
-242.301
-245.396
-236.697
-160.395
-186.295
-205.503
-226.517
-237.534
-246.629
-195.232
-207.008
-244.442
-230.6
-248.778
-223.67
-226.2
-215.556
-170.001
-176.361
-228.909
-227.406
-152.948
-157.855
-189.247
-217.683
-231.195
-241.07
-228.488
-233.517
-193.267
-197.51
-219.64
-221.152
-168.204
-179.39
-208.375
-248.892
-241.45
-246.673
-170.758
-236.43
-247.654
-244.712
-179.887
-186.983
-226.202
-238.453
-241.394
-10.1181
-237.478
-243.476
-227.982
-239.845
-193.514
-225.989
-234.298
-227.422
-246.272
-227.784
-123.456
-186.039
-242.426
-222.508
-244.743
-188.061
-221.294
-244.001
-187.279
-238.503
-246.797
-193.307
-162.054
-230.028
-240.704
-182.638
-246.381
-232.157
-234.556
-231.86
-248.788
-194.491
-197.324
-187.021
-237.976
-242.365
-235.761
-222.224
-234.839
-229.117
-230.125
-158.127
-226.663
-236.789
-249.173
-151.587
-195.592
-219.926
-231.016
-71.9374
-118.395
-218.367
-227.102
-244.09
-204.6
-246.999
-246.025
-224.232
-249.395
-214.28
-239.094
-244.076
-117.907
-209.691
-162.24
-231.105
-185.852
-179.795
-200.684
-230.074
-213.036
-245.386
-198.288
-220.817
-209.665
-210.025
-242.343
-247.88
-239.827
-247.756
-237.985
-203.433
-240.739
-217.982
-206.709
-195.39
-198.816
-172.142
-242.122
-131.901
-213.319
-174.661
-196.002
-244.754
-207.502
-237.226
-232.801
-243.09
-224.453
-211.294
-208.659
-219.702
-223.334
-249.547
-246.195
-234.713
-248.144
-211.566
-223.353
-214.432
-221.762
-248.821
-182.849
-242.829
-227.211
-214.046
-239.052
-206.117
-245.668
-216.276
-106.601
-138.424
-193.83
-206.614
-192.333
-223.315
-212.496
-249.33
-246.012
-135.959
-236.446
-240.173
-146.177
-168.95
-214.888
-222.378
-201.082
-187.096
-231.454
-236.77
-241.254
-247.052
-247.491
-227.128
-216.66
-248.319
-209.991
-248.25
-238.764
-249.22
-240.594
-220.44
-187.431
-243.77
-224.635
-242.487
-229.714
-242.839
-246.092
-217.367
-246.688
-248.594
-249.461
-226.478
-224.565
-245.489
-190.614
-207.595
-235.889
-226.888
-195.506
-239.89
-242.4
-199.169
-243.428
-146.101
-170.845
-228.632
-213.298
-218.68
-236.123
-235.582
-205.667
-209.596
-165.91
-201.753
-215.985
-236.622
-188.008
-209.345
-233.236
-171.753
-234.487
-210.669
-203.078
-241.519
-233.411
-246.52
-242.166
-170.587
-205.239
-249.288
-219.662
-224.867
-232.721
-239.115
-224.449
-164.837
-238.169
-234.588
-225.473
-198.356
-247.274
-188.402
-224.426
-237.264
-205.565
-243.815
-248.802
-226.245
-222.501
-162.536
-119.699
-133.946
-153.623
-236.363
-192.813
-218.848
-224.633
-213.409
-224.24
-215.532
-227.94
-231.798
-249.627
-233.972
-248.422
-187.012
-230.389
-215.199
-155.582
-195.277
-224.485
-238.993
-241.396
-203.487
-235.134
-136.068
-139.052
-234.615
-116.583
-191.198
-226.679
-247.989
-247.712
-240.408
-176.557
-242.605
-240.215
-240.85
-201.054
-194.876
-228.17
-235.234
-199.066
-216.081
-123.066
-212.39
-244.582
-240.245
-234.974
-211.548
-222.129
-242.966
-231.663
-214.993
-243.213
-186.371
-243.294
-220.477
-245.673
-236.914
-246.762
-228.381
-243.161
-226.916
-206.229
-224.904
-177.446
-224.304
-229.657
-228.965
-230.323
-235.349
-235.302
-246.307
-245.509
-241.522
-224.952
-231.116
-225.757
-247.713
-214.804
-215.047
-246.463
-66.5968
-101.007
-142.602
-213.554
-217.78
-234.895
-205.71
-229.987
-233.155
-226.632
-212.585
-224.132
-237.289
-184.053
-249.884
-232.699
-187.617
-231.954
-240.449
-242.462
-202.221
-219.294
-248.327
-228.579
-208.98
-232.93
-211.307
-216.942
-217.435
-239.409
-184.831
-206.687
-236.177
-120.754
-244.035
-238.564
-136.915
-179.097
-247.807
-242.179
-217.428
-231.209
-233.119
-244.516
-196.483
-217.942
-247.032
-216.688
-197.572
-247.077
-249.954
-190.532
-231.477
-197.035
-203.761
-243.38
-247.07
-222.642
-225.916
-226.087
-243.238
-193.18
-192.775
-182.616
-236.662
-243.268
-192.126
-196.336
-229.881
-211.984
-248.301
-241.171
-234.189
-234.4
-235.919
-225.554
-244.136
-199.17
-223.841
-219.579
-204.814
-244.196
-240.678
-99.3114
-142.283
-170.879
-226.081
-188.104
-201.98
-196.717
-235
-200.105
-234.895
-245.68
-234.832
-236.936
-237.982
-241.768
-242.583
-204.145
-244.279
-232.095
-239.415
-235.713
-206.93
-201.023
-150.597
-223.173
-235.975
-219.792
-227.873
-238.641
-242.885
-220.253
-219.337
-236.451
-240.114
-217.324
-244.51
-209.376
-133.216
-167.524
-211.611
-226.687
-186.884
-226.291
-248.377
-247.134
-243.712
-203.759
-248.752
-242.741
-211.748
-223.579
-227.397
-189.488
-249.65
-202.594
-232.1
-225.598
-245.439
-197.021
-248.24
-210.92
-214.016
-220.104
-220.325
-241.248
-227.756
-242.545
-184.595
-246.403
-210.286
-241.461
-246.429
-221.494
-156.432
-206.621
-181.934
-241.438
-186.001
-187.268
-202.568
-237.982
-231.264
-214.878
-121.212
-187.665
-192.733
-194.954
-211.583
-227.298
-183.786
-240.5
-241.297
-239.486
-249.785
-187.099
-235.844
-162.704
-200.118
-243.624
-239.665
-230.952
-213.646
-249.376
-202.632
-246.818
-236.376
-247.795
-231.737
-130.552
-216.043
-227.67
-186.454
-179.22
-203.582
-213.857
-219.852
-159.997
-229.529
-204.075
-228.365
-191.685
-245.531
-204.758
-247.103
-151.35
-249.752
-245.415
-221.678
-242.056
-246.109
-207.132
-216.04
-203.51
-212.163
-212.96
-187.476
-225.871
-247.693
-240.998
-245.85
-244.864
-224.197
-229.818
-208.959
-214.853
-217.809
-222.529
-238.988
-186.592
-229.933
-223.865
-173.076
-197.382
-242.82
-200.715
-221.056
-249.189
-202.148
-186.416
-223.795
-228.493
-248.013
-220.872
-241.47
-248.283
-203.297
-201.263
-190.54
-225.115
-186.364
-227.714
-222.455
-188.284
-233.926
-220.542
-188.244
-234.462
-247.077
-221.434
-228.121
-204.232
-244.466
-238.075
-239.36
-235.602
-238.858
-225.892
-232.937
-242.229
-221.615
-244.476
-244.065
-207.095
-243.375
-178.685
-180.11
-248.014
-232.531
-244.5
-248.217
-219.596
-229.977
-235.405
-242.977
-247.304
-223.415
-227.672
-245.963
-216.46
-238.533
-246.315
-202.165
-235.53
-219.362
-233.377
-159.762
-249.836
-231.868
-213.511
-242.936
-246.187
-240.1
-229.144
-238.104
-235.512
-205.648
-226.545
-214.386
-198.811
-247.48
-226.225
-211.142
-244.928
-241.856
-227.909
-249.851
-203.232
-221.772
-236.884
-203.493
-232.439
-247.017
-229.836
-221.074
-248.192
-164.096
-221.679
-227.257
-216.226
-245.606
-244.518
-227.841
-247.416
-204.022
-249.808
-188.357
-230.805
-242.2
-233.788
-232.638
-222.937
-248.08
-131.056
-154.26
-226.15
-234.044
-218.921
-245.367
-230.562
-238.866
-229.319
-248.728
-201.327
-240.404
-249.3
-246.455
-245.753
-248.719
-239.119
-156.591
-202.637
-236.339
-249.592
-248.199
-175.723
-246.556
-220.599
-236.28
-221.914
-230.314
-198.23
-209.119
-234.295
-202.548
-236.383
-239.578
-232.169
-145.449
-158.533
-189.182
-191.975
-249.369
-245.408
-235.741
-208.27
-241.14
-221.11
-232.826
-246.541
-173.122
-225.345
-244.364
-236.861
-248.842
-235.362
-235.13
-203.837
-205.803
-164.279
-230.483
-242.71
-240.509
-248.837
-243.292
-242.547
-228.886
-171.994
-243.893
-244.122
-101.355
-67.094
-114.522
-190.511
-249.548
-227.521
-221.813
-248.027
-147.666
-223.965
-224.642
-248.545
-246.46
-237.869
-242.619
-241.533
-240.661
-231.995
-226.264
-191.554
-210.113
-221.205
-242.554
-216.248
-220.833
-233.286
-233.462
-247.156
-238.834
-194.879
-211.662
-241.354
-183.92
-214.88
-216.366
-185.873
-205.912
-238.149
-222.625
-246.22
-156.352
-187.086
-207.049
-248.192
-200.816
-178.091
-185.688
-202.46
-201.757
-249.495
-228.187
-218.317
-194.59
-121.626
-189.97
-190.189
-156.844
-217.131
-248.705
-224.297
-247.169
-210.259
-226.384
-249.771
-178.49
-230.622
-229.268
-249.499
-232.613
-231.86
-227.477
-131.458
-141.672
-246.338
-221.952
-238.007
-215.363
-226.011
-237.725
-244.273
-233.854
-236.572
-244.906
-220.737
-211.089
-247.875
-230.941
-248.967
-221.211
-147.675
-221.539
-233.89
-223.061
-240.736
-245.468
-238.637
-231.597
-217.708
-247.835
-232.341
-198.917
-245.746
-238.431
-214.459
-171.967
-171.286
-200.862
-230.687
-214.236
-211.158
-208.293
-248.787
-126.822
-199.257
-167.423
-208.682
-222.862
-218.235
-227.541
-233.218
-210.844
-248.104
-220.066
-225.642
-175.418
-247.375
-248.37
-220.91
-235.475
-161.235
-172.94
-179.503
-243.96
-245.177
-216.508
-56.1715
-205.569
-223.225
-193.838
-176.886
-230.558
-234.014
-224.791
-227.637
-204.552
-184.892
-244.941
-249.404
-242.808
-228.129
-246.122
-247.909
-238.199
-248.701
-235.024
-82.1318
-146.311
-244.86
-228.665
-193.377
-249.197
-92.357
-118.261
-119.888
-243.972
-198.02
-246.762
-235.29
-228.723
-249.967
-224.771
-226.903
-166.798
-188.007
-215.235
-236.944
-248.472
-212.321
-243.099
-150.437
-233.664
-236.315
-200.147
-218.714
-245.962
-216.832
-214.582
-241.367
-242.856
-228.354
-238.885
-233.058
-237.747
-191.413
-205.437
-203.732
-238.808
-240.742
-222.036
-210.147
-155.293
-238.56
-244.87
-236.132
-177.751
-196.341
-246.386
-216.751
-235.328
-237.717
-244.853
-230.013
-190.757
-228.629
-237.081
-145.006
-169.587
-219.093
-230.69
-237.182
-235.981
-217.043
-230.314
-243.386
-232.405
-219.125
-177.574
-239.174
-240.022
-246.221
-170.992
-177.718
-193.374
-204.106
-242.838
-240.612
-242.131
-234.13
-238.797
-213.425
-235.539
-222.608
-159.655
-166.691
-194.84
-230.604
-225.637
-227.855
-226.947
-230.189
-238.626
-184.397
-195.791
-146.915
-225.596
-226.212
-216.883
-230.828
-229.621
-245.114
-208.231
-221.766
-218.685
-187.808
-249.412
-247.557
-222.524
-228.121
-190.009
-242.14
-188.055
-241.147
-215.197
-218.347
-236.171
-247.752
-248.286
-226.76
-207.129
-241.61
-160.843
-234.548
-194.324
-207.022
-187.616
-247.988
-187.566
-242.654
-231.896
-247.553
-246.881
-220.327
-207.61
-191.714
-203.185
-244.72
-237.419
-202.424
-240.604
-243.341
-213.747
-206.546
-237.302
-240.139
-112.75
-228.18
-244.783
-199.09
-190.53
-248.734
-120.742
-204.358
-247.79
-238.874
-244.994
-227.159
-227.152
-242.72
-206.268
-236.512
-243.825
-246.84
-249.946
-244.847
-163.851
-244.122
-245.794
-232.407
-230.059
-139.416
-220.888
-205.011
-240.65
-203.211
-208.875
-217.058
-249.197
-231.501
-225.315
-228.216
-198.554
-207.238
-240.775
-249.835
-195.117
-201.463
-205.004
-219.449
-233.683
-237.403
-230.768
-236.635
-234.575
-236.107
-187.287
-245.03
-196.79
-169.806
-235.95
-222.02
-235.287
-242.059
-247.279
-208.592
-223.31
-247.845
-208.507
-226.794
-180.272
-188.792
-195.55
-199.811
-203.313
-207.546
-178.79
-212.877
-203.002
-238.59
-241.563
-224.525
-248.092
-176.845
-241.511
-206.958
-219.949
-240.943
-230.617
-201.63
-227.573
-219.087
-240.77
-199.301
-218.566
-236.818
-236.478
-125.87
-244.687
-190.551
-225.487
-229.854
-209.241
-222.767
-209.5
-201.564
-248.88
-230.693
-231.249
-225.111
-246.459
-235.382
-213.056
-227.822
-217.233
-221.48
-216.245
-229.647
-205.381
-234.593
-117.585
-227.322
-206.355
-236.583
-242.715
-245.787
-101.685
-115.11
-174.741
-173.098
-180.755
-216.8
-208.721
-246.868
-134.718
-228.56
-187.417
-228.683
-201.085
-213.822
-197.795
-216.873
-234.312
-236.548
-173.683
-242.128
-240.954
-242.709
-248.272
-227.41
-243.147
-208.876
-231.235
-222.693
-225.241
-217.223
-238.109
-218.799
-245.803
-205.677
-187.093
-220.299
-222.523
-237.028
-173.558
-220.332
-244.397
-246.808
-193.239
-230.712
-178.839
-227.11
-186.209
-199.166
-201.856
-179.595
-170.566
-241.227
-213.915
-225.195
-225.388
-232.28
-239.903
-196.911
-227.813
-210.682
-220.101
-231.765
-244.197
-194.364
-248.08
-223.211
-223.905
-242.416
-234.099
-239.021
-249.632
-188.944
-215.13
-234.396
-241.306
-206.043
-203.469
-245.193
-6.05601
-78.402
-247.612
-167.424
-215.686
-247.034
-194.491
-224.118
-215.52
-247.971
-212.457
-187.242
-199.872
-200.158
-220.286
-230.101
-244.17
-229.216
-174.735
-180.104
-227.92
-244.462
-248.424
-229.808
-160.099
-182.349
-236.833
-211.079
-216.22
-240.947
-170.182
-197.375
-228.567
-247.75
-228.983
-190.317
-211.447
-216.013
-247.673
-219.623
-215.982
-243.946
-245.097
-228.708
-241.634
-202.291
-244.527
-217.807
-243.573
-230.579
-238.537
-228.538
-225.032
-219.21
-211.201
-241.404
-248.158
-238.257
-197.368
-243.815
-172.995
-240.733
-202.6
-225.446
-212.896
-199.474
-219.832
-221.342
-246.169
-214.118
-88.3388
-108.277
-120.581
-216.343
-247.024
-197.753
-193.321
-200.195
-247.413
-208.887
-233.183
-241.033
-239.849
-242.568
-202.524
-211.978
-230.6
-214.43
-239.464
-246.692
-242.227
-173
-243.928
-187.965
-218.971
-187.783
-246.915
-196.747
-246.333
-190.815
-224.878
-247.112
-218.861
-225.895
-228.569
-228.883
-215.805
-245.915
-205.095
-246.139
-226.48
-235.985
-248.027
-246.293
-226.286
-246.655
-219.939
-197.149
-223.74
-198.173
-237.826
-191.611
-236.094
-241.419
-213.887
-242.638
-223.959
-249.297
-237.784
-247.373
-206.852
-212.909
-237.303
-224.984
-223.23
-221.494
-244.047
-247.137
-200.234
-233.074
-236.886
-227.86
-222.837
-246.839
-197.799
-207.349
-249.967
-197.651
-237.122
-230.208
-247.686
-234.818
-248.155
-244.054
-249.567
-239.133
-216.967
-245.614
-237.588
-249.601
-210.589
-246.829
-209.656
-237.92
-248.972
-133.465
-234.034
-234.747
-215.31
-247.764
-242.442
-243.89
-232.111
-199.464
-238.517
-149.777
-209.367
-171.284
-219.12
-211.131
-216.417
-243.721
-182.241
-229.738
-247.028
-233.945
-214.78
-226.363
-188.027
-213.546
-247.059
-172.669
-213.69
-210.681
-244.334
-230.099
-240.922
-245.762
-241.344
-230.918
-210.039
-249.423
-233.439
-244.32
-225.384
-219.89
-230.095
-220.604
-246.028
-210.809
-208.375
-246.327
-227.942
-233.763
-232.832
-174.852
-196.934
-235.159
-103.643
-152.897
-211.328
-232.588
-172.306
-234.008
-236.165
-236.857
-222.447
-190.642
-213.798
-236.289
-230.888
-244.209
-219.697
-219.574
-225.142
-231.244
-249.796
-247.261
-240.717
-190.939
-212.916
-247.438
-241.697
-246.155
-232.891
-232.913
-232.163
-225.911
-237.781
-214.637
-231.082
-204.133
-217.029
-236.542
-211.466
-221.928
-181.155
-227.515
-241.641
-208.336
-129.529
-207.589
-249.416
-204.603
-233.656
-241.943
-181.129
-238.918
-235.395
-249.79
-92.6991
-169.23
-243.179
-235.075
-210.439
-206.846
-249.381
-110.657
-212.95
-232.96
-206.57
-244.858
-245.385
-214.84
-166.372
-204.256
-239.461
-239.063
-248.408
-190.435
-241.823
-246.461
-237.057
-218.024
-236.95
-192.413
-207.9
-229.786
-178.67
-202.664
-236.546
-214.055
-235.012
-247.71
-220.971
-214.999
-234.978
-196.456
-214.774
-204.352
-242.631
-231.485
-228.933
-245.321
-200.827
-241.867
-245.694
-164.061
-231.89
-238.573
-249.582
-244.735
-243.833
-226.073
-215.676
-189.372
-210.469
-223.825
-232.325
-247.019
-205.956
-246.97
-219.945
-205.366
-248.994
-192.987
-248.199
-249.752
-241.058
-231.793
-214.715
-212.422
-238.891
-248.571
-218.228
-187.881
-212.654
-242.401
-248.835
-229.232
-229.422
-235.257
-239.985
-248.77
-246.91
-228.031
-207.742
-249.035
-216.816
-199.488
-219.353
-195.879
-233.365
-249.425
-155.499
-159.093
-242.318
-210.289
-229.958
-219.253
-226.468
-194.757
-223.083
-176.845
-205.975
-208.202
-236.843
-179.783
-204.386
-244.672
29.547
-101.842
-105.281
-235.71
-235.668
-247.901
-246.097
-229.204
-223.384
-246.12
-247.5
-221.014
-214.403
-248.995
-188.913
-218.88
-245.048
-244.15
-156.194
-237.001
-190.135
-211.226
-229.435
-245.104
-249.495
-223.034
-221.321
-186.843
-182.832
-247.889
-186.13
-192.231
-209.334
-247.709
-215.358
-248.81
-232.461
-243.779
-200.333
-233.063
-221.57
-204.056
-242.759
-222.992
-221.6
-232.278
-248.655
-237.211
-242.261
-229.547
-244.725
-212.706
-216.178
-225.278
-245.536
-241.478
-235.317
-231.936
-233.403
-232.348
-233.898
-206.347
-247.813
-179.511
-183.969
-243.362
-126.531
-143.875
-206.223
-249.184
-249.274
-164.516
-177.06
-249.182
-189.197
-208.179
-215.35
-245.621
-229.832
-151.196
-187.263
-216.011
-131.979
-184.841
-192.435
-220.564
-236.643
-240.305
-245.1
-225.488
-235.81
-235.45
-233.721
-222.077
-228.423
-223.031
-240.863
-236.258
-221.724
-233.295
-225.339
-214.685
-248.418
-229.72
-223.955
-222.354
-227.457
-244.654
-236.089
-211.519
-245.887
-215.295
-241.208
-230.181
-190.201
-215.964
-220.771
-201.218
-238.813
-173.25
-180.77
-228.175
-226.165
-196.779
-137.907
-147.793
-180.605
-228.137
-219.087
-232.552
-249.648
-217.567
-201.631
-211.504
-206.033
-188.559
-145.221
-75.4347
-182.343
-223.506
-248.746
-234.661
-243.907
-248.557
-245.04
-172.256
-190.346
-192.987
-222.108
-222.96
-235.347
-243.339
-244.475
-218.918
-219.705
-234.499
-99.9119
-191.88
-221.844
-209.907
-229.022
-215.704
-224.824
-205.92
-249.161
-194.809
-248.803
-211.619
-237.041
-249.63
-231.938
-233.498
-247.703
-188.638
-198.63
-234.635
-245.379
-163.4
-223.13
-236.487
-236.186
-137.73
-210.229
-217.771
-245.283
-129.89
-243.863
-240.15
-224.827
-189.567
-223.84
-243.327
-236.865
-246.253
-227.992
-241.803
-231.108
-206.38
-195.186
-150.455
-230.377
-243.527
-239.957
-224.647
-238.29
-215.679
-186.994
-237.713
-219.74
-196.692
-238.658
-234.023
-237.12
-232.448
-201.523
-222.861
-239.643
-225.29
-242.009
-240.297
-207.83
-192.728
-171.674
-203.103
-241.974
-241.321
-234.656
-241.266
-179.6
-248.754
-231.863
-230.037
-238.31
-167.767
-160.63
-197.032
-230.895
-213.698
-246.339
-194.124
-244.601
-232.429
-232.257
-245.955
-244.969
-233.484
-177.557
-235.371
-155.894
-167.842
-188.244
-227.648
-238.675
-233.97
-226.105
-192.977
-216.496
-234.711
-164.654
-247.391
-219.169
-216.523
-221.097
-231.473
-232.685
-160.932
-249.427
-224.023
-196.496
-234.017
-246.064
-248.112
-233.748
-232.498
-220.242
-191.577
-225.153
-205.889
-247.026
-249.285
-215.358
-206.592
-198.805
-236.809
-228.229
-215.294
-246.268
-225.704
-237.954
-236.151
-238.018
-244.047
-246.251
-144.215
-144.397
-240.193
-244.244
-218.073
-128.683
-238.745
-238.222
-223.346
-231.755
-248.7
-248.58
-64.5332
-249.356
-226.205
-224.803
-211.101
-238.549
-197.828
-162.082
-232.21
-216.687
-235.23
-215.248
-244.569
-176.938
-231.729
-237.289
-249.609
-249.007
-249.125
-247.733
-237.088
-236.218
-169.491
-170.729
-245.188
-198.212
-245.507
-245.638
-198.395
-196.903
-245.763
-196.375
-205.151
-234.151
-44.5051
-242.487
-158.071
-217.175
-233.421
-197.153
-198.383
-177.182
-246.792
-175.779
-180.038
-185.041
-231.064
-248.979
-248.102
-231.249
-229.134
-246.881
-201.621
-231.478
-240.8
-233.931
-244.992
-230.946
-242.698
-186.959
-209.2
-240.167
-194.502
-227.068
-165.545
-161.081
-213.134
-227.503
-225.191
-237.108
-202.391
-228.575
-209.177
-208.861
-249.212
-201.134
-239.289
-249.138
-238.946
-242.672
-197.486
-211.069
-237.97
-222.423
-244.649
-243.585
-248.267
-236.015
-196.092
-202.021
-235.565
-144.343
-195.071
-235.257
-242.118
-245.944
-233.352
-162.989
-214.736
-242.773
-231.637
-171.236
-220.934
-239.385
-237.945
-209.221
-247.12
-139.165
-237.554
-237.576
-235.631
-233.292
-163.127
-225.702
-234.198
-229.813
-172.099
-191.512
-241.473
-238.843
-241.19
-205.723
-218.376
-194.704
-199.145
-216.643
-195.699
-174.322
-210.081
-247.016
-220.765
-247.839
-149.516
-205.02
-249.41
-200.799
-224.222
-182.931
-191.04
-206.047
-213.002
-188.382
-218.776
-244.002
-199.214
-245.313
-237.02
-239.152
-211.942
-225.322
-237.346
-240.961
-234.846
-235.387
-115.497
-145.137
-241.518
-227.012
-217.184
-231.016
-239.714
-234.257
-240.075
-242.152
-212.683
-247.18
-224.229
-232.207
-220.515
-209.158
-245.015
-225.871
-217.331
-237.943
-239.462
-162.329
-216.982
-198.559
-246.332
-246.099
-234.612
-238.316
-210.89
-248.888
-228.709
-239.35
-232.327
-188.599
-229.445
-234.715
-75.4681
-108.271
-132.47
-215.573
-122.617
-214.086
-228.82
-246.5
-237.272
-220.171
-234.316
-247.543
-246.776
-236.791
-229.9
-156.396
-199.42
-170.254
-247.318
-241.829
-242.44
-245.705
-165.188
-195.11
-249.953
-175.361
-189.384
-243.246
-242.323
-249.692
-189.315
-247.914
-240.564
-216.977
-246.011
-189.512
-229.256
-237.37
-199.077
-239.366
-202.422
-249.305
-204.832
-236.053
-212.57
-231.783
-200.202
-242.706
-237.507
-113.709
-137.299
-249.267
-171.494
-231.635
-231.93
-152.632
-233.224
-247.635
-238.124
-214.441
-235.382
-230.962
-229.606
-215.671
-210.902
-212.863
-229.127
-238.09
-236.689
-191.868
-189.148
-247.33
-227.805
-228.035
-230.15
-204.522
-219.972
-242.149
-243.178
-248.953
-216.051
47.3902
-228.602
-200.388
-190.329
-248.315
-235.094
-243.887
-212.748
-247.437
-249.315
-203.748
-243.196
-238.996
-248.434
-206.891
-180.962
-231.081
-229.873
-246.542
-229.801
-247.609
-234.869
-249.157
-76.0528
-95.6918
-186.317
-239.633
-240.289
-204.012
-228.405
-183.153
-183.247
-217.361
-210.702
-249.736
-222.506
-247.991
-217.781
-208.676
-163.841
-242.222
-236.912
-190.73
-248.41
-238.145
-249.092
-236.861
-120.173
-204.974
-233.388
-146.726
-173.044
-173.408
-223.625
-243.185
-249.037
-176.603
-232.809
-248.281
-247.833
-231.466
-221.514
-186.825
-238.698
-246.843
-246.466
-194.718
-222.305
-211.726
-145.325
-249.518
-221.676
-241.79
-232.112
-205.006
-249.168
-249.288
-238.008
-233.767
-233.069
-232.399
-219.842
-183.184
-243.794
-171.371
-191.134
-245.832
-235.354
-238.896
-245.082
-231.931
-241.678
-177.799
-64.1569
-208.438
-247.442
-182.092
-243.999
-236.675
-203.912
-186.207
-245.654
-243.026
-240.225
-240.818
-223.289
-225.787
-235.445
-217.739
-234.637
-235.067
-242.317
-184.317
-224.244
-236.031
-212.479
-173.421
-217.806
-248.139
-230.532
-249.451
-247.876
-231.037
-247.351
-233.589
-231.847
-221.266
-219.922
-177.835
-222.232
-247.094
-248.013
-206.56
-217.588
-172.35
-193.68
-238.83
-239.786
-243.882
-228.864
-226.789
-234.396
-232.261
-219.18
-235.238
-219.094
-230.37
-244.039
-236.749
-233.446
-106.533
-127.694
-229.503
-248.193
-234.517
-213.927
-225.833
-239.186
-249.679
-187.322
-227.758
-244.418
-242.179
-221.509
-226.332
-241.302
-244.405
-40.6028
-53.2517
-215.29
-227.409
-153.253
-188.892
-218.775
-238.893
-235.86
-245.939
-138.196
-150.066
-199.055
-201.54
-229.035
-238.438
-228.598
-215.247
-230.459
-246.546
-224.701
-242.363
-221.396
-236.639
-154.87
-229.393
-246.072
-243.269
-243.493
-228.725
-230.784
-237.034
-231.089
-234.128
-101.119
-133.709
-228.744
-247.433
-213.217
-247.067
-232.788
-196.6
-215.93
-233.86
-181.584
-243.77
-216.137
-243.995
-218.037
-213.28
-224.731
-231.16
-235.776
-185.804
-241.19
-204.159
-229.386
-156.628
-229.939
-190.058
-230.321
-146.49
-229.175
-249.549
-202.105
-245.115
-176.91
-235.762
-211.229
-222.786
-218.125
-233.166
-230.032
-180.577
-177.389
-180.146
-206.614
-246.522
-172.311
-196.665
-220.788
-211.201
-238.299
-247.473
-236.027
-217.07
-245.708
-229.425
-224.922
-188.043
-239.954
-248.388
-172.107
-228.957
-226.317
-245.949
-234.23
-226.918
-241.384
-238.309
-236.452
-212.004
-212.534
-143.819
-215.507
-195.94
-227.841
-226.816
-215.463
-223.023
-232.874
-243.475
-219.786
-249.895
-222.611
-217.6
-247.601
-228.24
-216.796
-228.663
-222.941
-235.998
-249.398
-246.923
-243.309
-247.869
-195.676
-240.156
-243.294
-236.426
-217.808
-150.77
-152.589
-153.252
-231.21
-224.162
-211.763
-245.445
-104.565
-247.638
-246.772
-217.128
-240.835
-228.128
-238.728
-106.501
-234.275
-142.383
-235.951
-235.279
-235.547
-246.89
-246.701
-247.916
-244.552
-241.905
-247.687
-220.264
-207.039
-238.163
-206.351
-201.844
-248.424
-210.963
-211.853
-246.383
-218.676
-205.959
-218.56
-239.304
-224.65
-242.018
-235.812
-183.161
-249.894
-217.138
-221.538
-222.765
-238.926
-238.837
-95.741
-235.407
-239.714
-245.08
-245.759
-233.873
-248.679
-236.192
-187.421
-184.924
-199.262
-195.023
-202.474
-223.125
-224.066
-246.118
-200.488
-220.769
-247.33
-243.423
-197.479
-212.464
-235.698
-234.769
-248.088
-199.174
-230.198
-199.306
-212.43
-242.32
-236.611
-233.461
-238.722
-238.647
-248.399
-183.832
-180.334
-247.753
-239.138
-213.5
-249.419
-238.875
-238.991
-190.741
-231.776
-249.142
-241.123
-245.586
-165.412
-185.941
-227.14
-229.822
-184.732
-187.449
-238.912
-247.619
-241.869
-233.756
-249.397
-209.776
-163.589
-224.022
-227.109
-228.338
-226.682
-192.257
-249.184
-244.069
-229.765
-246.672
-189.469
-243.707
-233.379
-246.002
-244.8
-211.14
-189.426
-191.043
-219.195
-236.521
-172.353
-214.315
-242.5
-226.192
-225.068
-215.912
-207.055
-179.832
-249.842
-194.31
-178.271
-194.838
-241.26
-185.179
-140.777
-194.99
-195.357
-237.427
-247.698
-210.996
-168.228
-231.488
-239.603
-242.435
-240.548
-216.221
-245.181
-224.882
-230.849
-134.316
-190.519
-208.343
-214.15
-222.518
-159.281
-234.045
-208.309
-218.564
-198.122
-235.373
-127.955
-249.92
-247.128
-236.658
-238.663
-186.265
-185.623
-232.184
-240.115
-203.174
-226.218
-240.058
-245.226
-224.701
-227.98
-233.487
-243.738
-236.403
-112.313
-180.806
-217.693
-228.563
-210.194
-235.701
-243.724
-231.368
-236.402
-145.964
-241.51
-200.363
-204.638
-216.538
-215.824
-240.569
-236.597
-210.898
-247.65
-185.54
-231.058
-240.377
-245.138
-233.11
-234.461
-221.321
-241.073
-235.535
-244.958
-237.873
-218.542
-238.883
-215.963
-249.471
-225.283
-245.954
-214.705
-242.697
-243.23
-248.35
-207.566
-235.064
-235.302
-190.67
-245.534
-245.455
-203.705
-187.706
-246.24
-209.942
-244.516
-188.111
-248.216
-239.014
-205.026
-214.198
-218.784
-233.576
-248.888
-211.423
-242.939
-192.727
-171.804
-234.422
-222.759
-246.173
-198.797
-225.666
-196.001
-240.414
-232.372
-138.539
-180.607
-203.613
-248.719
-164.787
-232.549
-249.656
-228.242
-226.938
-215.619
-233.708
-248.955
-126.984
-189.255
-196.08
-210.676
-228.281
-249.43
-205.271
-230.73
-209.189
-224.03
-189.505
-171.397
-242.311
-196.097
-161.289
-202.944
-219.379
-236.459
-239.269
-233.273
-230.522
-243.089
-236.857
-248.838
-213.402
-247.429
-225.448
-244.146
-234.075
-188.601
-228.688
-246.976
-238.34
-203.466
-249.749
-237.25
-206.432
-168.515
-247.617
-237.268
-226.678
-240.025
-234.649
-219.6
-201.146
-239.019
-172.712
-190.058
-196.125
-225.914
-244.76
-215.969
-247.199
-245.881
-171.032
-200.551
-179.112
-191.487
-230.269
-242.888
-237.048
-241.13
-247.409
-205.632
-244.76
-169.975
-231.362
-217.187
-247.134
-231.723
-235.719
-226.429
-170.062
-206.405
-215.379
-228.364
-244.083
-202.526
-238.271
-247.706
-232.15
-240.136
-246.207
-222.561
-247.322
-214.373
-223.874
-236.093
-196.982
-218.678
-221.057
-208.049
-190.618
-198.308
-231.512
-248.454
-236.092
-234.276
-221.522
-248.724
-245.972
-215.126
-199.464
-238.509
-204.144
-220.127
-227.21
-244.175
-230.286
-244.436
-236.811
-225.449
-215.256
-245.371
-210.892
-229.077
-247.275
-231.25
-151.435
-249.384
-224.897
-184.255
-173.116
-233.583
-162.031
-185.387
-240.343
-160.439
-201.565
-171.479
-185.257
-242.663
-183.772
-238.889
-183.285
-217.086
-220.689
-235.52
-207.848
-224.853
-230.238
-113.328
-115.789
-240.044
-179.417
-246.875
-243.907
-210.213
-138.191
-244.996
-242.473
-219.938
-221.003
-229.037
-242.539
-226.194
-214.328
-240.851
-215.806
-245.26
-210.756
-230.485
-190.174
-197.154
-148.92
-153.568
-157.055
-210.811
-125.435
-203.688
-247.414
-165.161
-237.038
-244.053
-222.748
-248.336
-237.522
-214.066
-225.833
-245.556
-244.269
-229.772
-237.586
-186.617
-226.502
-235.124
-248.609
-242.836
-239.466
-240.997
-144.217
-172.209
-243.183
-201.703
-206.763
-243.763
-231.091
-237.781
-204.607
-230.207
-244.177
-249.69
-241.047
-239.937
-240.858
-222.19
-216.175
-160.268
-234.039
-198.797
-216.011
-231.074
-224.295
-206.885
-209.277
-236.304
-234.134
-229.179
-243.425
-232.977
-237.727
-167.609
-248.531
-226.406
-230.586
-248.674
-249.093
-245.555
-245.78
-244.118
-228.45
-244.821
-243.417
-128.302
-184.927
-187.189
-248.235
-227.513
-241.078
-205.561
-237.188
-210.469
-239.533
-199.316
-216.242
-249.015
-175.556
-226.89
-243.912
-168.779
-214.033
-232.591
-233.534
-205.753
-239.127
-211.369
-247.939
-227.689
-206.056
-240.318
-135.141
-183.134
-202.965
-245.844
-232.044
-238.697
-246.262
-193.378
-242.178
-244.054
-216.544
-225.507
-228.38
-240.723
-213.564
-233.637
-248.374
-210.068
-241.468
-241.601
-234.993
-238.394
-154.326
-221.037
-159.14
-175.836
-193.526
-213.259
-206.899
-215.406
-227.121
-228.607
-242.126
-249.561
-238.875
-245.961
-232.726
-212.328
-217.377
-211.51
-211.289
-243.15
-178.705
-166.096
-224.701
-234.614
-190.084
-231.362
-230.955
-247.136
-248.115
-219.835
-216.731
-236.642
-225.497
-249.529
-241.534
-217.554
-224.295
-245.38
-188.121
-232.209
-232.321
-247.705
-111.283
-174.232
-124.394
-155.72
-174.814
-244.107
-180.882
-244.403
-240.725
-246.586
-239.307
-238.921
-189.213
-219.554
-249.463
-212.555
-245.02
-243.533
-214.751
-216.749
-215.929
-181.648
-221.454
-238.529
-220.871
-247.302
-175.718
-199.741
-214.405
-232.797
-238.583
-151.188
-235.677
-248.673
-198.143
-232.886
-126.624
-226.943
-234.321
-215.007
-241.838
-187.423
-229.556
-229.366
-234.835
-245.522
-217.935
-205.974
-212.445
-237.714
-241.236
-241.486
-209.488
-199.38
-235.487
-195.303
-206.338
-215.765
-238.608
-215.32
-219.622
-212.972
-239.974
-148.785
-182.548
-187.055
-238.462
-189.915
-218.157
-201.873
-217.809
-225.945
-212.786
-208.418
-215.074
-247.537
-232.314
-232.33
-198.635
-239.93
-246.771
-249.565
-149.559
-237.436
-230.89
-238.47
-217.668
-152.15
-215.255
-220.929
-235.96
-205.045
-179.182
-221.726
-148.641
-234.786
-173.101
-230.779
-201.749
-204.904
-231.442
-160.224
-246.943
-249.678
-236.987
-220.118
-236.392
-242.174
-197.806
-238.592
-229.276
-244.989
-212.253
-243.591
-190.031
-248.14
-233.393
-240.617
-172.126
-234.965
-235.332
-246.259
-245.887
-238.834
-200.106
-219.043
-95.1431
-187.897
-240.353
-179.783
-224.613
-220.205
-224.351
-156.501
-159.314
-201.499
-228.94
-248.472
-243.111
-241.915
-248.944
-216.16
-241.156
-238.024
-203.838
-224.067
-222.988
-214.794
-236.406
-182.077
-226.813
-249.944
-163.036
-247.459
-246.569
-214.693
-246.442
-227.145
-248.66
-178.897
-217.26
-244.32
-210.038
-218.874
-247.327
-203.671
-211.849
-244.663
-245.639
-236.862
-240.518
-175.848
-235.828
-239.797
-226.781
-227.572
-232.581
-221.328
-195.713
-197.696
-212.67
-245.722
-156.441
-157.587
-210.138
-223.478
-238.083
-249.967
-237.751
-248.855
-187.391
-249.153
-223.823
-243.888
-225.804
-214.238
-226.631
-203.087
-249.883
-234.37
-209.13
-200.805
-249.561
-233.968
-156.035
-237.512
-248.323
-243.203
-242.153
-237.868
-249.695
-227.708
-188.549
-202.869
-206.186
-230.648
-240.886
-173.229
-190.286
-249.069
-247.294
-180.263
-219.693
-244.08
-195.087
-172.242
-193.53
-223.38
-244.421
-234.403
-221.312
-166.859
-214.503
-184.92
-237.42
-231.978
-245.521
-232.524
-243.623
-248.619
-199.272
-191.796
-237.044
-174.011
-243.828
-239.115
-243.726
-211.473
-236.198
-193.637
-213.392
-246.345
-236.173
-240.218
-180.44
-237.868
-223.575
-246.577
-220.59
-179.523
-229.995
-212.193
-237.44
-171.588
-245.454
-230.499
-248.179
-217.514
-225.29
-237.372
-246.304
-187.437
-232.237
-235.386
-201.921
-218.008
-241.796
-237.827
-186.779
-244.859
-248.542
-227.903
-208.314
-206.698
-230.849
-241.17
-247.704
-235.241
-183.852
-193.745
-244.946
-233.216
-199.089
-233.987
-248.616
-239.913
-212.352
-234.426
-244.346
-224.279
-236.027
-184.679
-217.44
-238.846
-243.82
-178.843
-195.244
-234.67
-220.251
-217.542
-223.346
-246.013
-229.389
-244.364
-246.242
-242.65
-235.699
-243.716
-244.222
-191.685
-245.96
-228.171
-247.797
-225.305
-205.21
-230.289
-236.312
-206.025
-226.47
-246.151
-247.051
-247.498
-194.222
-226.768
-235.886
-232.822
-247.891
-217.209
-245.364
-220.157
-227.46
-235.853
-206.274
-159.277
-226.142
-238.264
-209.329
-200.844
-230.89
-103.525
-241.459
-137.834
-243.233
-249.513
-240.928
-200.587
-226.444
-245.483
-180.53
-190.142
-167.293
-246.42
-231.559
-217.311
-235.974
-235.227
-242.684
-245.471
-238.192
-242.511
-246.959
-231.578
-245.865
-231.612
-190.535
-133.026
-182.236
-242.105
-227.755
-204.473
-238.59
-236.212
-223.14
-244.395
-208.17
-218.879
-249.866
-240.906
-200.245
-149.255
-160.62
-204.455
-191.603
-192.497
-181.629
-202.786
-249.431
-237.599
-234.458
-223.346
-244.783
-240.265
-241.05
-179.28
-231.074
-235.543
-243.319
-234.534
-174.659
-229.923
-247.133
-207.051
-245.029
-94.8743
-116.754
-224.196
-223.35
-241.842
-228.751
-245.758
-236.897
-146.515
-156.742
-245.601
-249.079
-124.19
-229.155
-199.91
-206.441
-238.274
-187.687
-238.973
-241.704
-90.5901
-123.072
-227.284
-221.044
-214.837
-231.806
-202.664
-230.155
-243.069
-180.45
-231.293
-248.985
-220.374
-242.238
-207.586
-245.98
-241.926
-236.274
-239.369
-200.577
-249.498
-224.696
-236.139
-226.101
-229.53
-230.926
-196.91
-207.317
-163.059
-245.416
-175.89
-242.06
-241.172
-231.275
-200.963
-230
-231.449
-242.148
-218.578
-231.813
-143.81
-226.78
-227.77
-245.648
-249.785
-237.822
-249.22
-199.225
-228.244
-224.416
-152.787
-227.331
-227.34
-249.663
-219.298
-232.609
-123.745
-129.729
-243.91
-248.22
-223.231
-238.64
-211.289
-220.715
-234.009
-225.135
-245.296
-246.802
-179.177
-236.012
-249.524
-194.285
-213.347
-245.612
-170.686
-242.015
-246.228
-131.979
-229.163
-229.434
-236.048
-148.394
-176.449
-179.096
-232.581
-226.154
-238.898
-241.71
-227.878
-168.163
-212.009
-231.867
-247.387
-217.253
-232.658
-242.744
-228.421
-223.743
-248.96
-226.704
-199.766
-194.719
-200.919
-222.416
-230.453
-202.771
-238.445
-239.62
-234.247
-246.087
-246.712
-211.597
-203.475
-247.638
-198.937
-229.208
-215.066
-226.187
-129.217
-223.168
-206.486
-226.995
-227.554
-237.162
-241.573
-230.652
-247.951
-212.098
-224.81
-225.192
-189.548
-217.258
-226.608
-235.376
-249.413
-189.726
-245.226
-249.503
-248.905
-249.54
-240.145
-180.839
-237.35
-230
-209.354
-244.21
-68.808
-239.478
-247.254
-203.16
-225.313
-237.37
-241.187
-246.25
-247.303
-201.764
-248.602
-186.05
-228.789
-206.964
-234.336
-217.639
-233.99
-235.872
-238.361
-239.773
-248.207
-240.006
-204.587
-173.245
-219.251
-197.606
-215.388
-242.296
-184.573
-193.915
-232.562
-232.084
-229.992
-200.393
-213.166
-221.273
-224.452
-242.147
-199.466
-235.923
-203.21
-150.357
-196.703
-244.184
-171.619
-247.106
-216.483
-194.207
-224.759
-247.81
-220.614
-243.951
-170.761
-225.89
-208.557
-171.737
-241.57
-249.58
-246.457
-249.018
-192.878
-225.534
-244.888
-247.102
-230.315
-177.221
-206.031
-238.491
-230.376
-245.859
-246.127
-206.825
-207.49
-219.987
-227.465
-238.735
-157.557
-171.986
-162.819
-223.088
-238.183
-191.526
-235.142
-175.169
-221.643
-199.397
-210.049
-213.218
-166.401
-197.659
-203.11
-247.269
-228.665
-199.051
-248.418
-243.424
-228.88
-148.628
-196.416
-224.504
-169.544
-186.337
-203.574
-189.157
-201.794
-244.149
-201.244
-228.581
-187.506
-238.431
-249.572
-185.319
-236.475
-236.826
-226.879
-200.544
-242.27
-200.792
-235.396
-236.77
-217.42
-245.451
-204.624
-179.601
-209.872
-226.807
-248.243
-234.806
-158.612
-238.804
-229.666
-232.868
-218.424
-233.969
-228.184
-233.985
-235.92
-181.815
-233.146
-248.718
-231.689
-243.606
-186.4
-210.076
-183.826
-181.762
-234.465
-187.091
-222.606
-246.246
-241.705
-245.224
-191.996
-235.116
-245.707
-226.349
-239.764
-202.518
-202.888
-182.727
-224.683
-243.239
-224.214
-237.459
-230.997
-246.249
-247.924
-113.167
-192.302
-226.175
-247.87
-241.979
-244.463
-231.159
-236.426
-220.526
-199.976
-219.428
-246.355
-238.684
-220.895
-212.573
-241.112
-243.883
-228.367
-242.994
-244.832
-231.265
-225.27
-225.341
-247.943
-240.823
-239.081
-202.244
-247.752
-242.249
-206.658
-207.038
-244.64
-206.694
-215.043
-224.371
-241.116
-237.854
-245.829
-248.923
-241.27
-237.714
-248.972
-244.22
-202.349
-225.301
-226.217
-247.643
-246.545
-191.102
-194.669
-224.125
-228.417
-225.527
-245.958
-210.433
-211.113
-237.225
-246.881
-240.229
-242.421
-223.72
-216.312
-246.618
-246.119
-200.481
-236.109
-243.5
-181.531
-245.368
-200.545
-246.683
-241.466
-224.975
-242.939
-208.18
-239.807
-140.013
-170.561
-242.771
-129.838
-183.908
-180.417
-197.065
-247.195
-220.063
-230.48
-241.541
-237.938
-248.505
-242.568
-194.714
-221.973
-234.894
-163.62
-218.193
-224.738
-233.643
-201.861
-245.154
-219.768
-244.015
-234.755
-246.532
-234.077
-129.765
-244.91
-212.526
-195.666
-238.846
-234.526
-242.621
-182.281
-245.265
-229.614
-235.523
-237.537
-177.623
-235.123
-241.008
-220.062
-198.401
-202.923
-206.883
-177.554
-236.965
-234.747
-207.566
-204.017
-235.701
-243.195
-212.564
-247.256
-184.363
-198.604
-249.379
-166.129
-214.323
-183.808
-190.156
-249.781
-212.935
-222.897
-235.935
-234.629
-244.661
-238.839
-162.643
-249.078
-232.073
-249.703
-223.633
-198.473
-240.935
-194.221
-237.718
-215.874
-234.518
-199.544
-204.853
-224.004
-231.012
-226.919
-232.315
-164.116
-194.421
-227.083
-247.572
-237.512
-189.39
-212.284
-167.989
-211.746
-215.058
-247.894
-249.834
-249.36
-231.048
-237.47
-247.047
-199.335
-187.426
-151.156
-230.124
-205.681
-200.789
