22.3843
0.476422
0.144341
0.207287
7.75691
2.60294
38.9625
0.361497
0.377916
0.20914
0.144275
0.316399
0.566332
4.36015
1.14145
0.148184
0.22593
2.89947
0.300336
0.114085
12.1598
0.184355
0.687516
0.936921
1.4113
0.894816
0.140271
2.0566
0.204438
0.111729
0.190937
0.779015
0.246158
0.144481
3.62514
0.415391
0.122121
0.82904
0.300864
0.169659
3.77726
15.4007
0.532393
15.6851
0.526353
3.17044
0.659275
0.430235
3.05231
0.161844
0.338984
0.261976
0.914724
1.77669
0.194387
0.345568
1.3712
0.835259
0.136663
6.45397
3.39161
0.108622
0.123116
0.485493
1.38592
0.15032
8.58272
0.46602
6.57735
0.747556
0.155244
1.79621
0.198137
0.128772
0.196944
0.337192
0.251036
0.143916
1.82753
0.227753
0.180422
0.154518
3.84002
1.27435
0.200577
3.18966
7.6312
0.369807
0.68671
7.3215
3.93395
0.177309
25.039
0.33817
7.99743
0.314416
1.69445
2.31512
0.153926
10.1564
3.20573
0.289456
2.92438
6.76882
1.39698
0.375213
6.40687
0.174039
0.109996
4.16048
1.01616
2.55182
0.517964
0.2965
0.422134
0.177661
0.257646
0.856564
1.44441
0.477814
0.230245
0.169
0.103121
0.960575
3.57355
0.693112
0.30671
0.162731
0.149372
0.398066
0.105251
0.39911
0.144676
0.102724
0.442893
1.72485
0.653163
1.1401
0.128007
0.120095
0.270855
0.752717
3.46823
3.00553
5.87905
0.182835
0.855598
0.19396
0.291181
0.631615
0.167564
0.144172
2.96648
5.18051
0.147557
0.237621
16.484
0.115092
3.15917
3.81726
0.212015
0.177418
0.222089
0.320621
1.3057
1.96574
0.117618
0.100564
0.629182
1.20671
8.41228
0.272488
1.6626
0.50166
1.02978
2.88148
0.116789
1.19225
4.16651
0.130773
3.3134
0.294209
0.304613
0.151942
8.37626
6.97638
0.715515
0.938808
2.30035
0.341875
0.1648
0.16639
1.37439
11.582
0.261073
0.457931
20.4909
1.13084
0.267558
0.568051
0.220569
0.159593
0.761604
3.77378
0.401845
6.45281
4.44573
2.28907
4.23386
0.272716
1.01226
0.779756
0.100852
0.143753
4.51788
0.612805
3.72189
0.1183
3.21046
0.188473
2.93677
1.58676
2.74379
5.14487
2.42007
0.23206
0.534575
0.321233
0.29371
0.35411
14.661
1.23062
0.1147
0.1048
0.22786
0.101095
4.38636
0.362493
0.257058
0.191979
0.523507
0.180315
1.71671
9.22345
2.50118
1.58875
0.740238
1.87615
1.74803
1.01485
5.29223
0.878844
0.371223
0.634499
0.43385
0.102877
0.538328
11.3584
2.7077
0.231435
0.761453
0.31182
0.100291
0.596715
1.75448
0.210235
1.3906
0.579901
0.153041
7.57502
0.565268
0.236057
0.458993
0.19497
0.196033
5.398
4.80132
0.102524
2.62642
7.96541
1.35569
0.320956
0.633528
0.153357
0.797704
2.98041
0.375464
2.26427
0.560774
1.35393
0.147409
0.934803
14.5129
0.284889
0.138701
0.591068
2.85107
0.146365
0.108818
0.342002
7.34748
6.24655
0.764125
2.64852
0.185008
0.230016
3.26689
4.7395
32.6104
0.477416
0.787709
0.300218
0.118656
0.76077
0.138275
2.92493
0.321312
0.91912
22.189
0.162564
1.53406
0.668883
0.288999
0.105902
1.54147
0.272254
2.16836
0.118842
15.0799
0.208468
0.120839
11.6185
2.28664
5.32064
0.108606
2.59016
1.31168
0.108281
1.36372
0.337066
1.37754
17.7
0.436005
0.340472
0.629867
0.174668
0.357285
0.337016
18.3223
0.265874
3.54087
0.124808
0.402332
0.27307
1.31784
1.74991
2.94986
0.451667
0.151921
0.19675
0.299188
0.147799
0.180251
0.796421
0.248909
0.24079
0.68033
0.349102
0.568248
0.138617
0.176403
0.187155
0.448893
0.346274
2.30894
1.64602
0.100756
2.18305
0.218062
0.381336
13.4526
0.10025
1.25151
0.190346
0.15381
1.18402
0.590326
1.24438
0.266563
0.152984
0.785443
1.24103
0.404029
0.204909
0.221488
0.475246
0.570274
7.39712
2.80697
0.378376
0.395169
0.118821
8.47504
0.661493
0.22008
0.638536
2.10189
0.403847
8.93709
0.121619
1.09643
0.223889
0.284473
0.521301
0.211594
0.43668
0.571943
0.58209
0.61135
0.384834
4.1255
0.156696
0.100097
12.0635
0.233183
0.160879
0.187013
2.06643
0.314214
0.297185
0.195566
1.85319
1.16622
0.319539
0.579103
3.08509
0.618429
2.54005
0.581768
1.55083
0.102546
0.957188
0.169383
0.302986
0.966061
0.378611
0.168294
0.116776
0.236475
1.26765
0.79166
0.540613
1.13633
0.107562
0.575772
2.29186
0.833339
3.16774
0.210279
2.64375
4.66048
1.12497
0.101134
5.91318
1.33221
0.825907
1.67888
0.593519
0.68575
0.20144
0.153388
0.759471
0.162952
1.11443
0.281279
12.2831
0.125738
0.113002
0.101028
0.223804
0.820833
0.281344
1.85976
0.153229
0.971065
6.80847
12.6715
1.49149
0.224466
0.549742
0.133
1.1405
2.78271
0.43838
0.322015
3.94303
8.48577
1.54691
16.965
0.610531
0.709559
0.135829
0.167727
0.11042
14.0923
1.35737
2.65903
0.155757
0.173702
0.273711
0.352231
0.461813
0.361957
1.84479
0.58958
0.236848
1.7018
1.23644
0.387283
1.34537
0.545552
0.908851
3.54566
0.134939
5.22055
0.153073
0.382636
0.50748
0.162227
1.21682
0.445852
6.04708
0.22606
0.383833
0.383139
0.199343
0.261059
1.04261
0.54172
0.163814
1.43101
0.817113
0.150859
0.189156
0.106421
0.271411
0.575961
0.178914
3.47876
0.280171
0.22334
2.07202
1.95794
0.836721
0.498775
0.320139
0.323812
0.125368
6.14811
0.227523
1.06277
0.593915
17.437
2.70292
0.661934
0.120081
1.78665
0.175124
0.135403
0.664911
1.71866
5.75348
0.797553
0.129413
2.39536
0.36441
2.80544
1.04347
3.13919
0.114949
3.38839
0.268034
1.79459
0.501866
0.402106
0.156745
0.187469
0.625252
0.138538
0.125969
0.711446
0.503367
0.464169
0.345708
22.8987
0.958262
0.374184
0.125461
0.3852
0.676239
3.83463
0.349907
0.147726
0.262829
0.373617
6.52961
8.8561
1.28685
0.366401
0.161451
0.405827
2.77632
0.205621
1.24285
2.13036
0.108168
2.70913
0.1132
0.243268
0.849794
2.39071
8.33181
14.5475
0.551506
0.770473
7.00953
0.129261
1.84202
0.592862
2.98414
0.124929
0.398295
0.964909
0.218349
0.448919
1.69613
1.71096
5.63937
8.02808
0.297713
0.129558
3.53044
3.7508
0.177891
3.73557
0.360599
0.125555
15.7099
2.07104
1.28974
1.14549
0.189456
0.351588
5.21231
0.794529
0.121669
0.829173
0.832019
0.209049
0.908638
0.757213
0.161943
0.760401
1.96035
0.723355
2.51849
1.00403
0.349439
0.750399
1.25566
0.346196
11.4772
0.104754
14.2962
0.191122
8.29478
0.24699
0.238484
3.37144
2.74686
1.53506
3.57234
1.61583
0.159314
0.115465
0.938838
0.119064
0.415391
1.6023
1.55094
0.343135
0.458891
0.230586
0.225993
1.54002
0.768663
0.106802
0.489581
1.45303
0.521938
0.973581
0.125979
0.141726
0.572578
0.140503
1.02304
0.300536
0.60452
2.65404
0.192536
1.77269
0.4317
0.322788
0.149124
3.44153
0.137007
4.66002
0.39257
3.82897
0.275448
1.24169
4.74672
0.795093
0.573328
0.100881
0.185077
0.266101
0.210766
0.120514
0.623272
0.822745
5.97417
4.8931
3.92521
0.124383
5.09985
0.149291
0.898387
1.98272
0.803732
1.91997
0.922494
0.110565
13.5456
1.59007
0.864926
2.05782
0.285397
1.26184
2.48102
0.242551
2.5732
0.654727
0.769122
0.116324
0.83796
0.140011
1.42886
0.247536
1.67728
8.56159
7.13428
0.254527
0.364935
0.355094
0.908235
0.549346
11.3895
3.62569
4.77025
0.376385
0.519053
0.121805
0.702454
1.92817
0.102553
0.623194
0.689685
0.102196
0.102207
10.4556
0.203329
1.94139
8.01432
7.56696
4.0759
0.134695
8.34985
8.94455
0.267946
1.20807
22.8673
0.281406
0.134739
0.307323
18.754
0.101807
0.175677
0.522495
3.80862
0.785972
0.129468
0.112953
0.314212
0.474261
0.452952
0.122205
0.296244
0.270334
0.670631
0.105309
3.41779
18.5158
0.331553
0.333497
0.262729
0.118552
0.327308
0.114966
0.871078
2.6327
0.305882
1.51676
2.30309
0.297296
0.41503
0.653639
0.278506
0.104161
0.677176
0.165281
0.10805
1.57585
1.44733
0.392919
0.560661
0.940909
0.216673
1.86416
2.69542
0.232332
0.78298
3.29849
4.79044
2.78226
3.43934
0.555389
0.870754
20.3441
0.883427
27.9833
9.00463
5.19702
0.111982
0.169896
0.130908
3.15028
2.22028
1.36623
0.323197
4.29173
0.39629
10.728
0.120754
5.23483
0.441388
0.101619
0.111951
1.48239
8.40993
6.7386
3.56368
3.70643
0.368591
0.561184
2.89668
0.156685
3.50065
1.56233
1.4911
0.396267
2.96911
7.66264
3.27963
0.201998
0.321274
0.310475
0.747745
1.53647
0.216065
0.167344
0.348675
0.381335
0.182118
22.9716
1.09569
0.352374
0.134374
0.145327
0.524236
0.294702
2.04882
3.15761
1.51549
0.240673
2.00299
1.22723
0.107057
0.262527
0.224013
1.19105
0.42086
0.784987
9.17374
0.134045
23.2377
0.509466
0.128327
0.269233
0.514236
1.46817
1.61437
0.169579
0.426949
1.78037
0.287502
9.8905
8.67948
0.140914
1.5502
0.11379
1.62725
0.152105
0.216468
0.136606
0.901716
0.206739
1.37452
4.86285
0.700435
0.226014
0.658045
0.382678
0.168811
0.26522
6.02982
3.35874
6.66208
4.89619
1.4716
0.334787
0.210705
46.456
0.416307
5.61143
0.670706
1.11525
0.326115
0.239439
3.28873
0.124875
24.6888
0.114099
3.24223
66.8208
0.359402
0.548429
0.114159
4.1161
1.32992
0.778082
0.921142
3.78315
7.02248
0.949062
1.15303
0.711926
0.59434
0.225257
2.42177
5.17756
0.154399
0.795964
3.39935
0.814516
0.97831
3.29276
1.96581
0.711304
0.174768
5.63486
0.31312
2.77481
1.00112
1.4676
0.796949
1.66909
1.07611
4.88143
1.24085
0.537855
4.03332
0.433457
5.53062
1.19739
1.60795
0.621439
0.264824
4.25121
2.83785
2.1002
0.26615
0.799075
1.99699
0.291366
0.554091
0.175258
3.65406
3.74544
0.27724
3.01129
0.738039
1.95861
5.49024
0.218786
0.262734
0.355217
1.52697
0.196984
0.935774
0.297407
1.71894
3.0831
0.543953
13.1561
0.883159
0.129011
0.170865
0.465077
1.48907
2.44937
1.02209
2.86438
0.115466
2.45597
0.14663
14.2416
0.165308
3.7451
0.6974
0.902621
0.101931
0.159707
0.407829
0.112212
0.476985
0.118581
1.06159
1.30003
0.119956
0.311286
6.22883
1.88927
0.544448
1.28638
0.180567
0.117476
3.08076
1.21581
0.138427
0.508939
0.163231
0.239267
3.15574
0.126376
0.169377
0.345661
0.111635
0.593778
1.52749
2.58233
0.109241
0.169194
28.3605
0.105785
0.159845
0.720987
0.854362
0.701091
2.30941
0.305484
0.249325
3.11356
0.130193
1.44095
0.101372
0.113929
1.52273
0.491558
0.167571
0.448296
0.833545
0.113006
2.11705
0.422523
2.11344
0.127113
0.111465
0.148705
2.51006
2.7821
0.231503
3.66433
2.57935
0.23062
3.57386
1.1353
17.6395
0.206721
0.120618
0.625535
3.35412
0.372702
0.280427
0.320156
0.370489
0.199161
10.6193
0.114905
0.667849
1.71835
0.256974
0.956672
0.361016
0.287916
7.76716
1.2125
0.107017
3.36883
0.315744
0.464407
1.22641
0.673717
1.45301
1.01607
1.53047
0.170993
3.49155
4.41651
5.82054
0.230964
0.342707
2.14735
1.03085
0.355903
0.138604
3.31387
0.229296
0.369995
0.203841
15.4035
4.20021
1.86507
1.75767
0.17117
0.122691
0.312394
0.15132
0.698359
1.88365
5.26145
1.99598
3.36575
0.124922
0.343134
0.311568
0.671108
0.284912
0.910269
2.12157
0.559401
6.47549
1.70064
0.402224
1.90599
0.524692
0.102253
3.79585
2.9103
0.283622
0.393913
0.788734
1.33397
3.76407
0.141359
0.618023
11.4756
0.495765
0.345028
0.164077
0.589272
0.604055
1.70296
1.57223
0.135149
0.121383
0.423129
1.51788
6.95677
11.1346
2.80729
0.560055
7.30011
0.177807
0.321292
0.451366
7.40804
0.241091
0.30137
0.546111
0.630738
0.397687
0.361263
0.325312
1.36337
3.27666
0.177522
0.104962
0.126622
0.119747
2.78672
0.122986
0.867546
0.240705
4.43705
11.8057
0.131331
0.114269
0.274881
0.340942
0.79479
2.4411
0.104919
3.32453
9.61279
10.5782
0.105638
11.3397
1.08266
0.142081
1.97586
1.19297
0.943877
6.64536
0.203851
3.53443
0.247076
0.900671
13.5977
3.47804
1.65742
4.83731
0.417843
0.109205
0.146085
1.05592
0.654323
0.100233
6.24542
1.1533
0.445082
0.648878
2.16998
6.46337
1.96172
0.453618
14.9762
0.806477
3.99849
1.30142
0.220007
2.27881
0.706861
7.90362
3.00698
1.03834
0.191352
7.01147
0.362199
0.150879
0.166401
0.153943
11.0273
0.330706
1.10827
29.8247
1.34668
0.875184
2.666
1.96983
0.525536
0.742345
0.41963
0.942765
0.273463
0.108965
0.121071
0.722204
0.156126
0.407747
0.432959
2.68252
0.610011
0.25426
1.83502
6.42881
0.57538
1.3264
0.109086
0.987278
0.53652
1.95947
0.153699
0.219422
0.682713
6.95671
9.77943
0.117779
48.7741
1.0753
0.178507
2.42814
0.263295
0.143007
0.689955
0.898443
0.193888
0.119041
0.330981
0.185689
0.93789
0.215379
21.5624
0.255457
0.178142
0.360657
8.46174
0.239792
1.08857
0.291799
0.941945
0.602124
0.206673
1.68211
0.773519
15.1557
0.388529
0.523855
0.406463
1.39661
0.188523
0.170398
0.236279
1.86862
0.914195
0.227794
0.184955
0.431419
0.37323
0.267005
0.155154
0.131529
1.23399
0.237916
0.201028
1.94368
0.405659
21.6011
6.89885
0.216135
0.122367
2.10549
1.22256
0.69449
1.18459
0.482894
0.514089
4.71281
17.5676
0.760555
0.800175
0.10226
2.77981
1.44462
0.244722
9.27714
1.80947
0.115499
0.172726
1.74891
5.89592
2.15234
0.660239
0.198077
0.229733
9.00522
0.119779
4.27384
1.95708
0.242818
0.201601
0.639303
17.8804
0.817505
2.05035
0.177088
0.741337
0.800906
12.6039
0.167813
0.478074
0.634357
2.03683
0.930771
0.832111
0.340446
0.396753
11.084
1.54298
0.33489
5.639
0.219325
0.267554
1.16667
0.32255
0.173649
0.120976
0.171852
0.184883
0.258042
0.409476
5.48987
1.73133
17.1124
2.26777
0.175953
0.186288
0.229701
0.6185
0.733547
0.142362
1.1865
0.414935
1.64991
0.183078
2.4904
0.161569
0.1019
3.70089
0.172524
0.119582
0.250239
0.23954
0.212833
0.369024
0.659654
1.43566
0.400749
5.67299
32.6145
1.22052
0.106957
0.569248
0.138703
0.722813
0.582173
3.81835
0.452942
0.265656
0.102675
0.562828
0.158159
0.24742
1.51582
0.683605
0.104675
1.32156
0.662652
0.212881
0.901815
0.906766
0.139964
0.453281
0.761469
2.01517
0.110577
2.88404
1.41251
0.151707
0.298906
1.82469
0.223139
0.255106
2.43047
0.15902
1.59373
0.281283
0.220596
0.344698
11.7696
0.101367
0.797584
0.215014
0.843029
2.1927
0.107107
0.129871
2.42216
0.834629
0.155002
0.111163
1.09618
5.4747
0.177344
0.279792
0.123454
0.195829
1.461
0.342433
1.43243
1.24275
0.478446
1.10596
1.56784
0.349487
1.29151
3.32281
0.150802
0.218743
0.180789
0.789439
1.49532
1.4231
0.263461
0.42689
6.3737
0.394577
0.213729
0.459501
1.41217
0.129058
0.114393
0.568697
0.660793
1.34811
0.319705
1.1811
0.104946
15.1098
8.00932
0.105116
0.792918
0.322044
2.786
0.118694
1.24043
4.61264
0.999413
0.102712
0.974573
0.119148
0.841169
2.55212
5.36389
0.770052
5.1476
0.299388
0.104847
0.112516
1.4645
2.73178
1.13632
0.254341
0.153245
5.58105
0.481426
0.311532
0.157562
0.116644
0.460819
1.67589
0.896991
25.5169
0.184305
20.1881
4.65927
38.2371
4.7846
0.431558
0.136283
0.181972
0.115691
0.179336
5.73677
0.169025
0.313907
0.169284
0.163366
0.204218
0.141988
9.12926
0.217711
0.224624
2.39051
0.515223
3.6261
0.125941
0.167453
12.4165
0.298987
0.132801
0.797889
0.659266
6.62615
0.117747
0.575644
0.132508
0.136027
0.41677
0.184901
0.246403
0.893537
0.256883
6.76909
0.71408
1.42457
1.32535
0.17932
0.282479
0.390762
3.98803
0.437614
4.60261
0.150358
1.48018
0.172286
0.629881
0.256423
0.249418
4.49933
0.788411
0.135424
9.97961
0.202875
1.44453
1.38695
0.125862
0.172662
0.95658
0.754473
4.02184
5.71569
0.123933
1.61871
5.07927
0.480921
11.2256
1.45107
1.00091
0.94537
3.80521
0.344744
0.421274
1.24099
0.499352
0.374244
2.25762
1.12615
0.140877
0.108722
0.418384
0.460795
0.628362
0.275841
0.214937
22.1027
2.07556
0.201503
0.410109
0.275325
0.272629
0.209893
0.47143
0.209598
1.3874
1.25398
0.188762
1.27137
1.53503
0.305208
0.484067
0.202415
0.148577
2.26789
3.67074
0.614574
0.10156
1.80871
0.202767
0.296976
2.27805
0.595858
0.115788
0.235396
0.268744
14.239
0.638567
0.197553
0.138589
0.179381
0.218242
4.10013
0.186484
7.16833
0.268086
1.70076
0.230015
1.32885
0.139131
0.279724
4.3638
0.199084
0.908405
0.238679
0.520475
0.179153
0.144126
7.9125
0.178294
0.486599
0.428501
4.57412
1.00759
0.282877
0.599881
1.41856
3.37332
0.107786
2.64879
0.168428
1.92762
0.151201
0.49507
0.302313
3.72945
0.127728
0.232832
8.21245
0.826514
5.41736
1.32199
0.627222
1.57191
0.491874
0.225724
0.142148
1.20562
0.305451
0.25049
0.219857
0.365471
5.28002
0.119972
0.163008
0.150009
0.125164
1.30237
3.21018
20.6577
4.02851
1.29851
0.14873
4.69687
0.340251
1.74575
0.237619
0.417552
0.154621
4.18952
0.260371
2.56109
1.12244
0.749725
0.265047
0.13145
0.291956
5.42049
0.118889
0.791082
0.430368
1.85143
0.228931
8.65546
0.18811
0.84433
0.249537
0.107659
2.11632
2.86129
2.2441
0.313878
11.9467
7.73786
1.58484
5.62489
1.51765
0.204332
0.272631
0.112188
0.585757
0.761462
1.27755
0.106126
0.831179
0.181174
11.6543
0.182408
0.506171
1.05026
0.246383
0.137029
0.234114
2.9078
1.37643
1.2367
0.119426
1.87257
0.192031
0.173126
10.2541
0.166886
0.31812
0.260064
13.5919
0.223513
0.22821
1.32561
0.924113
0.792446
4.74113
0.430033
0.144215
0.826595
0.704821
7.45223
1.52905
0.270714
0.136612
3.26215
0.142136
3.96996
0.202991
0.127897
0.156627
0.668676
0.29299
0.178224
7.83611
0.609294
0.365437
1.93609
3.09032
10.9026
2.47366
0.399121
1.08471
0.146882
19.6587
0.500852
0.145127
0.601873
0.222645
0.767334
1.55868
0.125013
1.21296
12.0313
0.754782
15.1304
2.20935
8.89897
10.6707
0.75567
10.9585
0.131409
1.76448
3.33704
0.302817
0.671989
2.08062
0.133853
1.14153
2.1503
0.204192
0.370114
0.221373
6.03644
0.378566
19.702
1.07593
0.601102
1.25929
0.483086
2.77012
1.4935
0.328325
2.52457
0.508586
1.66747
0.379122
0.205449
0.123446
0.403688
0.644891
0.109876
19.9366
0.638098
1.03233
0.728776
0.681635
8.95231
2.07267
1.88884
0.566571
1.50624
0.48535
0.149115
0.571978
0.117394
0.183878
3.14072
13.9527
0.501353
0.60506
0.335788
0.204638
16.415
0.850939
0.361919
0.618768
0.270307
0.281905
0.610296
0.22519
6.0561
0.320762
0.428934
0.260416
0.204956
0.203658
0.335747
14.1851
0.132162
0.302685
0.38155
0.140567
0.115618
1.92237
0.221063
2.44303
0.201801
1.01109
0.527212
0.262554
0.13261
1.04856
0.143096
3.02723
1.15612
1.88688
1.28604
1.61548
0.113277
5.85798
0.605804
0.329121
0.456127
0.670991
0.11112
0.348501
5.11054
4.85925
0.283967
0.114078
0.331073
0.1718
4.00022
0.357853
1.68694
0.103634
1.86185
1.03481
0.181416
5.08391
0.819644
11.4807
0.830401
15.6879
2.05079
0.862941
0.105277
0.288127
0.754357
0.116506
0.708273
0.444439
2.71816
0.521746
0.285201
0.650446
0.293745
1.25851
1.4566
0.616063
0.931503
0.187815
1.44343
0.165508
0.341343
1.06899
0.302118
0.100649
0.670163
0.262747
0.547753
1.2233
0.27716
0.685234
1.88197
0.152022
0.137938
2.98042
2.03356
0.132388
2.94249
0.960466
6.88655
1.2616
3.57222
0.742811
14.8528
0.126637
2.42223
0.104301
0.452797
0.195857
0.147763
2.78955
1.68634
0.888323
0.104474
0.290641
0.102052
1.9731
0.35263
6.61222
0.306629
2.43421
0.134855
0.100195
2.05239
0.343944
1.71943
0.611474
1.3315
0.233327
0.11893
4.5172
0.148009
0.104752
2.63999
2.00486
0.184227
0.224097
0.860826
0.729514
0.91464
9.76921
0.250525
1.37161
6.405
4.37172
0.780857
8.38414
3.13643
0.95747
0.560081
0.208855
0.163609
0.346213
0.126444
0.279943
0.15135
0.178337
1.00982
0.190789
22.2385
0.20966
0.103028
1.05386
0.108535
0.474499
0.117309
0.904171
0.216651
1.04103
0.485433
0.913711
0.195089
0.118207
0.100991
1.71571
0.612131
0.578365
0.24455
1.65085
0.273277
0.111539
1.60436
0.579473
0.157752
0.353422
6.09998
2.36596
0.14712
0.276059
0.622029
0.164972
2.40844
2.12289
1.38965
0.333267
0.595989
8.27286
0.224116
14.0679
0.428812
0.114316
2.63255
0.274904
0.106339
0.110283
0.671899
0.862728
0.778621
16.7361
0.350746
0.126289
0.332563
0.185817
0.454817
7.55884
22.4222
0.215033
0.237702
4.60931
0.182192
1.35767
0.328161
0.285026
0.217943
0.229322
0.632485
5.43283
5.05342
0.166248
0.17117
3.26844
9.19762
3.42614
29.2404
0.165448
1.98626
0.484798
0.836125
0.46385
0.165824
0.940909
0.21455
0.342884
4.21125
1.19279
0.146318
6.81419
0.306207
38.9884
9.81772
0.129678
0.725875
0.352693
0.134302
0.494367
0.442048
2.15757
0.168071
0.28142
0.247877
0.194411
0.280361
0.503488
3.30293
0.914124
0.334679
1.5313
0.52648
9.84464
1.67583
2.75368
5.5823
0.103079
1.08903
10.7417
5.33904
0.617489
1.08302
0.260646
0.329575
2.73678
0.139036
1.75397
1.74204
3.07894
0.931976
2.25353
8.68041
4.17031
3.84369
0.103282
0.505372
1.30163
5.98557
7.20211
0.501472
6.13773
1.74856
0.449238
7.50479
0.29809
0.399923
2.05105
0.402324
4.19379
0.376461
0.320537
0.550444
0.86257
12.6698
0.33318
0.384618
0.125101
3.23924
0.919559
0.308808
0.291596
0.33367
1.06312
0.103873
1.75016
0.235299
1.08666
1.69141
2.91487
0.437905
19.8329
0.280727
3.23321
0.117939
1.66328
0.103793
0.200212
0.184025
0.144696
0.683829
0.156475
1.06256
0.279725
0.369458
0.250575
0.826607
0.597167
26.4171
0.110948
12.6408
1.60117
0.653335
0.21981
0.10971
3.77818
1.11629
0.543698
0.478887
2.1653
0.665898
9.41693
0.602587
0.778669
1.26332
0.14449
6.11148
0.168038
1.17332
1.37044
5.94167
0.191708
0.157661
0.159912
7.77875
3.15735
0.176496
0.133899
2.11675
0.511299
0.14449
0.463912
2.5679
2.77972
0.667389
0.139256
0.160268
0.122591
0.117133
0.246162
0.151328
0.15417
0.748106
1.86042
0.649005
0.100625
1.58506
0.862509
2.29325
0.532226
0.424249
0.311317
1.06475
1.15617
2.9573
0.464441
8.68679
0.14206
0.287663
0.195377
0.77277
0.162446
0.749885
0.925954
0.331626
0.222912
0.552115
0.267195
1.47104
0.369698
6.30159
0.595504
2.91998
0.989571
0.284977
0.427662
0.587432
8.03361
0.126891
0.256204
2.44851
0.866098
0.445954
0.522661
0.149246
1.58067
0.10168
0.131183
1.06895
3.03481
0.332402
1.12126
0.543144
2.19163
3.11686
1.36804
1.65621
0.387048
4.75062
6.60245
0.100036
0.29394
2.95768
0.615188
1.72485
0.282971
1.63008
0.170456
8.97284
0.336865
0.901789
0.157704
0.119828
0.248769
0.443684
0.477863
3.27429
0.344672
0.462709
4.06911
2.86054
1.30133
0.175836
0.120932
0.25535
1.07462
2.15784
0.428759
5.04753
0.680106
0.216635
0.134519
1.58254
0.268795
1.36411
0.192944
0.306474
10.3561
0.107776
1.76329
0.139033
5.98938
9.84462
0.147203
0.138166
0.372649
1.65367
0.705105
0.343203
1.71446
3.02749
0.208202
0.216141
0.604474
0.390434
0.454496
0.437079
3.30191
0.649075
0.186395
3.85294
0.334658
0.866419
0.560625
1.67479
0.183801
2.3939
1.13773
2.36837
0.137715
0.191616
0.721955
0.247817
0.101562
0.112515
0.325608
0.134773
4.25921
1.44846
0.200856
3.12958
1.38724
3.32211
2.44973
33.1534
0.1021
1.94572
0.384687
0.235753
0.177842
1.88709
0.467313
2.69297
0.516115
1.65627
0.593116
0.268306
0.452449
0.133826
0.11202
0.158881
8.65177
0.385288
0.806157
1.52324
0.549217
1.00051
0.115121
0.832505
0.614913
0.549166
1.14721
0.70856
7.79803
0.757045
0.385297
0.788033
0.360656
0.450777
3.83676
1.80382
0.200368
2.89933
1.5502
2.10583
0.604123
0.134442
0.141691
0.59627
21.5513
1.48632
0.65041
0.204624
0.130913
0.185284
0.124937
0.242611
0.111514
0.966118
0.281576
0.438302
2.06882
0.316968
1.92085
0.390036
0.158932
0.523669
0.559612
0.8727
0.231369
2.14025
19.3863
0.212775
0.44768
1.19504
0.104569
51.0428
2.57651
0.629157
9.5613
4.23194
0.265495
0.69284
15.3967
8.05274
0.209033
0.85152
0.150038
0.968297
2.69463
2.07556
1.48184
0.534304
1.34116
1.06364
0.149673
9.28565
13.3888
5.5362
0.685341
14.6645
2.33956
5.39959
1.12653
0.380014
1.72681
1.26683
0.137753
1.49416
0.562674
0.426303
0.261741
0.102202
1.33807
0.219357
31.5961
0.24321
0.355322
0.586352
9.01141
0.791759
0.170615
5.30455
3.51327
0.271021
0.86934
3.76547
2.79229
2.2071
0.33449
0.104258
0.146345
2.21002
0.613606
0.247586
5.25375
0.151327
0.150173
14.2027
0.835924
0.545692
2.02806
0.431156
4.1619
4.36428
0.230221
4.63983
0.316409
0.558939
6.18884
0.513807
3.59772
0.235871
0.1727
0.29516
0.142155
0.729524
2.86705
1.42155
0.860912
2.20438
0.872027
0.457364
0.217906
0.157957
0.728964
2.06571
6.34364
0.460052
0.189259
1.63898
0.530429
0.968881
0.25455
0.258953
2.32583
0.130615
0.604828
0.132698
6.43849
1.73441
1.82425
0.321098
0.142598
1.2068
0.146133
2.91916
0.288296
0.477015
0.116644
1.05348
4.05434
0.673401
0.608511
3.76547
2.98433
0.182505
4.89806
0.662325
0.173607
0.28094
7.53441
0.100589
0.529213
0.112333
0.646272
1.27955
8.15744
2.66496
1.19314
9.29495
4.29992
0.689802
0.576456
1.67999
5.12626
0.114921
0.2709
1.84951
11.8773
1.85798
0.924963
1.39577
0.156238
0.557649
1.08464
0.224452
0.481267
0.461703
0.343844
0.179552
0.769033
0.685685
0.981871
0.212125
1.84041
4.69346
3.80193
0.129887
0.873863
0.105216
0.229881
0.252108
1.78726
0.314569
0.345364
0.122599
5.00391
1.39436
3.8937
0.250198
1.90474
2.22071
0.173543
0.578374
0.421409
8.93844
0.491389
1.90397
0.117644
0.146536
6.66253
0.115422
0.166682
0.156163
0.79997
3.1983
0.446177
0.820314
0.341361
1.40811
0.61341
2.13203
3.24359
0.115728
3.28329
1.95592
0.525064
12.4376
0.156823
0.869328
0.494939
0.340674
2.47819
0.241152
0.226668
0.207897
0.456951
1.27898
0.234387
2.08794
0.450221
0.241418
1.20594
0.580207
2.31477
1.33553
1.9975
1.81985
0.810195
2.41167
0.439884
0.735593
0.124659
0.607569
0.186088
2.9535
11.298
0.199147
0.740573
2.6812
0.103843
1.93408
0.271611
1.9907
0.544729
0.126118
1.83496
0.16388
0.273616
0.576533
0.137185
0.21992
0.810583
0.244537
0.113555
0.187254
2.42767
0.295189
0.330117
0.569103
0.205405
0.23093
24.4781
2.56292
0.42964
1.51792
1.36306
1.42884
0.119505
5.71221
0.708521
1.68431
2.15127
0.31048
0.580199
0.120803
0.621251
2.12649
8.98168
0.13239
0.106815
4.90799
0.94245
0.475084
1.07848
0.103853
2.86886
0.244377
0.362722
5.45539
0.121698
0.915338
4.00347
3.47585
0.180887
0.91308
0.267762
0.112592
0.934596
0.228595
2.31675
1.06653
11.7898
0.330425
0.237709
2.64267
0.390883
3.50742
1.01195
0.316207
0.333546
13.8123
1.06191
3.18278
3.06168
3.90973
0.263204
0.14773
5.47791
7.26086
0.154996
0.466128
0.494353
1.13244
0.127539
1.82768
2.04506
0.574162
9.42404
0.166778
7.92346
0.136172
0.145859
0.156271
0.206888
0.261319
0.293746
1.71069
0.537111
0.302492
3.93544
6.03657
0.110107
0.101531
1.98363
0.16071
0.854433
0.1329
0.131938
0.159516
1.7462
0.773035
0.126358
0.983625
0.135062
0.162129
0.248879
3.78254
0.434921
0.437439
0.240533
0.620349
0.164953
0.398768
0.872444
0.749071
0.213146
0.409574
5.16293
0.687013
0.926102
0.892827
0.207853
0.155306
0.585749
0.523404
3.34593
13.6639
1.05933
0.92977
2.2117
1.20098
1.61294
0.947603
0.30984
2.98393
0.101139
1.536
0.224221
0.114767
1.18905
0.114699
0.69573
0.113481
0.521472
0.283791
0.797632
0.254024
0.253513
3.01947
0.113187
0.523993
0.448661
66.9287
0.763143
0.162783
1.66454
0.102375
4.15112
1.84366
0.771232
0.385519
0.803804
0.899738
0.37138
0.340609
4.94798
0.771337
0.678827
0.317173
0.141885
1.71048
0.110101
0.494689
0.101887
0.202458
0.340192
0.46442
0.262194
0.541969
0.266437
23.8792
0.211469
0.267111
1.35436
4.83784
1.35132
0.858528
0.121597
0.717966
0.255077
0.338748
2.41162
0.124611
0.401788
0.386766
0.772497
0.548266
0.651686
0.798304
0.369083
0.221938
1.0685
7.54838
1.74514
0.139008
0.170651
0.131888
0.474873
0.336452
0.331742
0.771437
4.49928
1.5828
1.40852
0.112672
0.118357
0.184896
0.876569
2.88289
0.319844
0.103969
0.631651
6.94377
0.231358
0.415833
0.508675
1.4886
0.279966
0.721452
0.381716
6.74769
3.08321
1.76242
2.12726
1.46781
5.57
0.22275
0.103004
2.05673
5.86362
0.205211
0.171034
0.838516
0.103416
0.638531
0.47796
6.58012
0.188344
0.204333
1.28596
0.404171
0.298755
0.141421
1.49083
9.76483
5.12155
0.654545
1.0006
0.238741
2.51401
0.118615
1.70114
1.28758
0.268212
0.600152
0.179207
0.837027
0.427038
0.112634
0.554484
0.316713
0.242015
0.155122
1.02686
0.263364
1.33874
2.52497
0.413094
3.99077
0.183187
0.126091
0.66097
0.371238
1.4254
0.127249
0.865325
0.402196
0.316657
1.36897
1.09457
0.102905
0.17056
2.92893
2.23339
11.0871
19.1114
0.235965
0.374139
3.01495
0.887417
0.200709
0.40927
0.421856
0.168459
0.485087
0.337358
0.269811
0.127003
0.134141
0.62001
0.148742
27.6209
2.21905
2.92978
0.202226
7.47741
7.32787
0.417877
0.842949
0.126759
0.447111
0.701085
0.503128
0.538471
5.21439
0.609192
0.26517
0.384506
0.173252
0.125048
1.51039
0.232887
4.12172
0.129105
0.977858
1.16334
0.244587
0.223825
1.12779
0.10158
1.50604
0.13379
1.804
0.555965
30.8619
0.114522
0.191042
0.508147
1.25329
0.59478
0.405433
1.12959
0.35016
0.919303
0.162812
1.7359
0.401445
2.62666
8.80825
0.112354
0.769054
0.381136
0.105324
0.820859
1.78618
0.377023
0.227185
0.217444
13.5793
6.11653
0.691157
2.69503
0.427457
9.12658
0.530745
0.390777
0.359664
1.34162
1.32881
0.233163
0.351649
0.362416
0.128943
4.76481
0.236253
0.42581
0.684546
1.0032
1.84509
0.732329
0.157327
4.48456
0.120173
2.80313
0.414343
0.405606
0.154564
0.134821
0.405885
0.284674
0.12746
0.83917
0.120204
2.86804
1.85933
0.397271
0.535649
1.29208
0.106542
0.130779
0.181488
1.20715
0.710599
0.101388
0.389782
0.245902
0.695071
0.320669
0.513303
0.407128
0.54504
1.33952
0.882205
0.51094
0.170165
2.46871
2.31687
0.201782
1.2275
1.22475
0.128734
0.776646
0.42154
0.146683
0.493008
0.343481
3.29547
0.178342
10.595
0.338502
0.330659
0.882749
0.360012
2.00166
0.253501
0.97652
3.28238
3.00492
0.135906
0.335996
0.449153
3.85754
0.470524
1.60225
0.443726
1.1014
0.115756
1.6504
0.891491
4.24175
7.14228
4.48913
30.4195
0.78939
10.2927
0.175507
0.11585
0.526119
0.824373
0.494133
0.432486
0.897583
1.43305
0.18064
0.839005
0.298224
0.527771
1.86941
0.459614
2.39283
1.25706
0.33239
0.123838
1.36958
0.406737
0.345642
1.85079
0.24003
6.22672
5.74803
1.34341
0.115629
1.04026
0.486541
0.126273
2.19373
0.448285
1.92236
0.273034
2.11491
0.155188
6.8729
0.198285
0.241492
0.174746
0.828864
0.121921
0.376129
0.375432
6.5297
0.249918
0.129611
0.254465
1.64679
0.594533
0.401043
0.631823
0.206181
0.13024
0.305451
0.130332
1.63525
0.250311
1.9556
4.56121
0.394822
0.111139
9.32397
0.182552
0.591431
0.197879
1.12975
0.384947
0.582471
0.379712
4.42463
0.113717
1.71303
0.915512
0.710344
0.322747
0.16468
2.26195
2.15507
0.170866
0.715828
0.176774
0.537444
0.807169
11.3522
1.51457
0.33505
0.257452
0.275276
0.201811
0.216207
0.204043
0.16516
0.316826
0.188976
0.281983
0.439236
0.405076
0.626172
0.317115
0.224564
1.26772
0.718732
15.34
0.201113
0.174029
0.19934
1.85821
1.11959
1.92892
1.75294
1.74178
0.335732
0.505099
12.0261
4.17902
15.0317
6.38046
1.79066
0.102358
0.411921
0.673345
0.867333
0.124751
6.88571
0.202622
1.17382
0.206225
0.314128
7.31252
2.3932
0.244769
1.33057
0.11951
0.865972
0.113014
0.78044
0.355965
0.214136
0.133257
1.13847
4.96415
0.192495
1.98677
0.929016
0.319897
0.780759
0.579693
0.425669
1.12534
0.142492
0.244941
0.216303
0.31763
0.105294
5.36014
0.30213
0.638226
5.86625
0.145025
0.303957
0.110012
1.36309
0.680071
5.17888
0.158737
0.393074
0.443725
2.34672
0.416975
0.250864
3.00212
0.2096
0.16025
2.08551
0.18761
0.865913
0.107756
5.31638
1.13251
0.573355
0.509083
0.361856
0.903583
0.5105
0.330264
0.959011
2.48127
2.14738
0.100657
1.42053
0.162516
0.666729
0.18929
0.26551
0.133817
0.655661
0.598029
1.91835
0.270041
0.330674
1.30211
0.712182
0.836307
10.5088
0.35763
38.6929
0.125667
27.7482
0.16412
1.68054
1.85368
0.175997
0.188578
34.832
0.347106
1.18492
0.873029
1.15458
1.43215
0.210065
0.406539
5.92416
0.383318
0.581159
1.32509
1.05484
0.303613
0.304426
0.107826
8.6077
2.85855
1.53904
1.29614
0.545715
11.9298
0.237779
0.114013
0.261192
0.120982
0.110564
0.130395
0.125288
0.257126
1.53307
0.301127
3.10407
2.71191
0.256901
0.309944
9.85569
0.550102
0.248909
0.127596
0.482229
0.307
0.329168
11.1621
0.104275
0.361108
2.01142
0.140881
0.201682
1.70945
2.29362
38.8187
0.107945
0.162531
0.141629
1.17666
0.42006
0.211441
1.02396
0.152465
0.830658
0.525612
0.234242
0.102765
0.269874
2.86
0.286846
0.887546
10.7164
2.15162
0.180703
0.331453
0.146715
6.83057
0.136333
0.929493
0.91035
0.380303
1.18438
1.10797
0.227165
6.56681
0.30513
1.05219
0.123452
4.50824
0.342203
2.05787
0.12487
1.28317
0.161383
3.1796
0.284593
1.17829
0.468379
0.421086
0.580394
0.216323
1.48781
0.25395
0.135482
5.05319
0.122687
1.56631
2.00618
3.20679
3.02198
5.15383
0.111645
1.33051
0.98761
1.04624
0.282843
0.414183
1.98381
7.1484
15.7019
0.255282
2.11118
3.06212
0.112161
1.8439
2.4276
0.114548
1.62207
0.128613
1.06218
5.53512
0.179358
0.824811
3.24999
1.96397
0.379223
1.54786
0.676164
0.579303
10.0917
7.09397
0.680229
0.146925
0.585343
0.695709
0.40948
0.293056
0.239365
2.56085
0.783863
1.3092
1.00987
0.120406
2.93856
0.131573
0.114919
0.156479
0.651052
0.104009
0.23012
0.206315
0.12654
11.2441
2.87988
0.614481
0.244441
2.64797
2.06826
0.533302
0.583205
8.06331
10.7417
2.87923
2.05429
0.307767
0.246281
0.238249
13.4453
0.155943
0.27596
0.137134
1.08702
1.09561
1.00179
7.78815
0.1564
0.718171
0.399234
0.104205
0.937696
10.8432
0.706885
1.59575
1.04313
0.193484
0.193394
0.583059
6.58022
0.68262
0.145348
0.64557
0.106121
0.206637
0.525429
2.29619
0.175569
0.256181
0.375585
0.217217
0.520564
0.34435
0.317795
7.59383
0.10753
0.193461
2.81408
0.287462
1.08648
2.35297
0.336387
0.398291
3.02706
0.10807
0.381066
10.5319
0.952412
0.171432
0.10011
0.138494
0.485121
7.12599
1.61281
2.63745
0.126071
0.905363
0.637709
0.32097
16.5909
0.140853
0.384543
0.442418
0.208945
8.27496
3.80314
0.83288
7.13812
0.863522
0.124096
1.52333
0.257739
3.35528
2.80058
5.07405
0.256165
1.80267
0.223134
0.508896
1.65134
7.10672
5.33526
3.71495
3.57293
0.358015
15.2458
1.2573
0.312219
0.548903
0.920408
1.36774
6.9849
0.151069
2.19322
0.832068
0.480643
0.63906
0.408572
3.21558
0.75177
0.386876
9.58404
0.523181
2.88641
6.88818
0.155792
2.83916
0.163675
6.16538
0.205023
0.148664
0.762854
0.115309
0.270723
0.137436
0.108358
0.339443
0.211019
11.4185
1.63723
4.45545
0.145169
0.156652
0.211355
0.121693
0.874212
0.955734
3.33275
1.14725
5.92759
8.75948
0.431773
0.208605
0.744982
0.679753
2.9736
5.13231
13.3647
2.38278
7.20801
0.215875
2.68946
0.178883
5.27472
13.0631
0.801733
1.37533
0.769913
31.3728
0.972764
0.751067
0.310591
0.48705
0.220297
2.35395
0.363306
0.7473
0.453254
0.591656
1.6198
0.443471
0.149783
0.807461
0.1099
0.171652
0.146881
0.182034
0.162316
0.740646
0.133789
0.345876
0.351367
1.4482
15.1676
0.6534
0.112076
3.7098
0.120115
0.247661
0.345487
0.225095
5.98505
0.687505
0.210664
0.93436
1.13887
0.905299
0.385619
0.308817
0.131545
0.154011
1.32027
0.13298
1.10011
0.297678
0.143439
0.366878
0.323223
0.234194
0.327649
0.290508
0.656844
8.10396
1.00613
0.221377
1.52625
4.21015
3.53048
0.314023
0.161687
2.14123
0.216351
0.394607
10.0206
0.418853
1.51206
7.89875
1.5946
1.40653
3.3146
0.552389
3.50399
4.39945
3.42017
0.286359
0.436179
1.06674
0.262225
3.36837
0.261148
0.156314
0.117411
2.6921
0.369796
0.187451
0.489091
0.11549
0.254586
0.529461
0.189755
0.840087
0.161831
0.890248
0.127905
6.24555
0.120596
2.10208
0.408001
0.685209
1.27921
0.281991
0.709616
17.4015
1.70737
0.866715
0.439986
0.202015
1.87661
0.595594
0.660398
6.70727
0.13197
25.5312
0.118756
0.228743
0.10871
0.648471
0.989713
0.426052
4.00815
4.01756
4.38677
2.20661
0.115919
0.978372
1.41414
0.219024
2.10312
0.670653
0.14263
0.869948
2.18989
15.5946
0.400945
0.266585
0.434338
1.16106
0.21123
2.98392
1.97711
0.587377
0.121749
0.520641
5.80168
0.34651
1.01843
0.205951
0.180229
0.255561
0.549585
0.69031
1.1121
1.20049
4.59716
0.200594
1.59314
1.34106
0.155044
2.16746
0.224488
0.295825
1.99861
0.204372
0.323312
0.831903
0.234302
0.12168
0.125273
4.85943
0.117009
2.5874
0.347957
0.606182
0.211815
0.375095
2.72167
0.110505
0.282563
0.13886
0.437958
8.87899
0.668999
5.85966
0.108597
0.175951
11.4482
0.433887
0.191814
6.26229
6.46982
26.8175
2.97326
3.37845
2.07917
4.74502
0.75091
1.19471
2.59632
0.497991
0.861392
0.162928
1.07485
0.269782
0.651316
0.280319
1.07013
0.766569
0.681297
0.305727
0.540615
0.131289
3.27056
1.37399
0.236894
1.50776
0.242371
7.87849
5.68991
12.1334
0.228983
1.18924
1.28329
0.103034
0.210184
4.2911
0.349087
1.16532
0.512125
2.7393
5.85434
0.500521
2.05267
0.222639
0.860965
2.67263
2.74546
3.06557
3.11121
3.46189
0.221171
0.180196
0.552738
0.215814
0.504973
0.315392
5.82545
0.522981
0.120838
10.8467
1.64078
0.248222
0.943627
0.330863
9.30345
3.50325
6.77713
5.24409
0.175956
0.330383
0.181599
0.879324
0.345649
2.77137
0.130569
8.38553
0.165703
1.27104
1.29812
0.11636
0.118902
1.72711
0.598688
1.66744
4.12955
0.524232
5.14705
0.126387
10.5973
0.361786
2.24672
0.451872
0.710404
1.78042
15.3096
0.181408
0.673547
0.413084
0.342533
0.600044
0.2629
0.409798
0.765797
0.170626
2.11908
0.339074
0.118218
0.420225
0.39284
4.95811
0.128603
1.57789
0.200409
2.1329
0.40949
1.53319
4.591
4.22637
0.124341
0.232877
2.1459
0.441853
0.393572
1.71112
2.14032
0.295789
0.179954
0.119983
0.108294
0.928046
2.88651
0.11313
0.726938
0.136075
0.151902
0.235598
0.416964
0.162235
1.91714
0.122514
1.90123
0.36899
2.79058
5.41391
0.984708
0.94304
7.48931
0.145031
0.102303
0.168198
0.152353
4.60011
0.185995
0.134761
0.36277
0.986652
29.4178
0.222158
2.55055
0.130953
6.26182
40.2825
0.498055
2.67044
0.124741
1.87589
0.234158
0.515683
0.189713
1.47116
0.307461
0.662276
0.214611
0.185221
0.276138
1.01124
0.882004
1.28511
1.2764
0.467124
0.590189
0.151861
0.894075
0.125669
0.645499
1.93878
1.09488
1.30453
0.14058
0.868547
0.393948
0.625035
8.53175
0.154399
0.170596
0.37966
1.46283
0.125943
0.147934
0.149044
2.34553
0.253109
0.219683
0.14474
1.00206
0.189051
0.221186
0.763941
0.374054
0.483876
0.114922
0.412422
3.33188
7.58232
0.947981
0.268405
13.9415
2.05947
1.81947
0.307082
0.746208
0.699998
0.160437
1.75656
0.275605
1.87643
0.118827
5.25279
0.870592
0.372881
1.76165
0.115039
4.30862
0.103544
0.162902
2.83236
1.64513
0.667908
0.488489
0.595871
0.894903
8.50457
1.08127
0.122779
1.22766
1.00092
3.35764
0.487644
5.08694
10.9088
0.132661
0.542799
2.96254
0.115429
0.2975
0.130347
2.30469
18.4612
2.55703
1.29191
9.9728
0.118465
6.19633
0.641118
0.30198
3.0451
0.766362
3.7623
0.342152
0.280045
0.423297
4.58415
0.44455
10.3439
0.125034
1.97706
0.14743
0.148696
0.181542
0.492307
0.126979
0.312504
0.257999
0.50818
1.548
0.216847
0.243646
2.71042
0.203648
0.101443
1.89996
0.176468
3.73434
0.905191
1.8844
0.372572
0.904521
7.80497
1.25815
0.968468
0.332523
0.955281
2.02037
0.392972
0.147522
14.109
2.10871
0.156576
0.299557
5.966
0.300828
1.01797
0.676204
6.58695
0.278577
0.33733
0.235831
0.202712
1.699
7.58572
0.104535
0.573566
0.958757
5.93181
0.152094
2.57348
0.570692
0.129428
7.72024
4.52516
2.74414
0.147002
0.479875
3.22886
1.34311
0.183695
3.92338
0.260257
2.24614
1.55392
2.57306
2.60088
0.464771
0.839719
4.31426
2.88584
10.4369
0.167036
0.328739
0.658024
0.164841
0.430221
0.103425
2.67759
1.63652
0.244918
7.37742
0.229806
0.452963
0.412863
0.142017
0.156501
3.04236
3.06437
7.69963
1.30081
0.194184
2.48727
0.934515
2.61635
0.191175
1.98884
1.21922
0.111239
2.64799
2.04131
0.902156
0.216385
22.892
3.29177
8.2637
0.369734
0.516553
0.241001
0.836101
0.122501
1.50813
1.36145
0.77446
4.68539
0.506447
0.993272
0.101746
0.427208
5.57578
3.86517
3.10171
0.230276
5.42708
0.123795
0.159741
2.13705
0.668579
1.01915
0.122967
0.41363
0.555924
0.21962
0.161395
0.107383
0.142379
1.96037
2.91938
13.716
0.673922
1.00961
3.25427
1.10301
0.161755
0.396613
0.708861
7.4786
1.43594
0.155835
7.67713
2.24578
0.166737
0.350903
0.116979
1.21459
0.222019
0.190616
1.83183
1.52219
1.4472
0.19427
0.13373
0.347908
0.105224
0.243199
6.41962
0.501577
8.76866
0.376378
8.67358
0.952136
3.07347
2.43149
20.36
0.164434
0.100038
0.23847
0.496232
0.112631
0.104453
0.685975
0.328144
0.100421
0.180876
3.42726
7.55582
0.440606
2.24694
0.346103
0.124521
0.281966
0.121067
1.90418
0.198851
32.7536
1.29718
3.85064
0.349881
0.14267
0.103753
0.102778
0.148624
0.85119
0.695203
0.336153
0.846854
0.437816
0.13447
2.80651
2.19241
0.631045
0.525695
0.120841
0.200835
0.647707
1.07233
0.126401
0.484612
0.144678
2.18128
1.41972
0.471287
5.2696
0.614802
1.53147
0.152685
7.67822
0.553264
0.259919
0.443091
0.130263
1.52667
0.813617
1.2224
0.933015
0.118697
0.714576
0.770098
0.248242
3.53875
1.37195
0.292558
0.116856
0.1084
0.180233
0.178745
0.373777
0.28533
1.00797
0.425693
0.384516
0.201988
0.792313
26.6919
0.225707
0.167816
0.157743
0.21538
2.37672
2.07704
0.142547
0.177976
0.66073
0.399966
4.28273
0.255688
0.273499
0.166649
22.4301
0.154944
0.114015
0.315386
2.9316
0.560829
13.7955
0.242671
0.782867
0.473596
0.363674
2.44907
4.45393
0.193835
0.205809
9.94368
1.0381
1.00049
4.04365
0.191215
0.355823
2.46035
0.458684
0.133299
0.15791
0.209663
0.250023
0.51326
0.874254
0.407754
3.13811
0.117385
0.110281
0.864319
7.23437
5.32678
0.22118
1.97977
2.62782
0.795561
0.11077
0.301824
1.28397
0.152732
0.154105
0.754367
2.27867
0.315403
0.737319
0.372454
0.245086
0.163057
0.221875
0.738677
0.250833
1.84773
4.03026
2.73724
0.323836
0.409523
1.21602
0.17232
3.64267
1.68111
5.92915
1.62187
0.214616
0.12987
0.299861
0.16188
0.114275
0.129048
3.44932
0.213708
0.270975
0.170826
5.80241
0.130882
11.8878
0.433849
0.130691
0.910381
1.74769
6.62253
0.143103
3.82681
0.411749
5.26408
4.70302
0.100974
0.354288
0.939261
0.194134
0.33481
0.426918
0.918292
0.929329
1.33837
1.96015
0.236242
0.205439
0.166441
0.97521
5.89996
0.130402
3.45809
0.64233
0.156807
1.22756
11.9297
1.84545
0.860734
11.2555
0.139126
3.01188
0.551181
0.870216
0.107322
0.110427
0.970304
2.26414
0.225645
0.792645
1.29759
2.93452
1.15493
0.105298
0.597519
0.197404
0.335334
0.528788
0.101606
0.422245
5.27311
1.24672
0.206776
0.348362
0.272817
0.259337
2.08839
2.97872
0.57767
2.20557
5.98638
2.69348
0.395962
0.461425
0.321527
0.489886
2.54611
0.703357
1.85271
0.572941
0.364381
1.21429
3.25583
0.108059
0.237342
0.706293
0.557293
33.1199
0.106094
1.20089
1.82546
1.25755
2.17647
0.422869
5.18726
0.465967
13.5679
7.52311
0.696373
6.19481
0.403697
13.6413
0.108075
7.94236
4.39028
0.75869
0.174919
1.24411
0.508191
0.329575
0.211005
0.268233
13.5203
7.30548
0.106514
3.19252
0.625161
1.21831
0.177747
1.7172
0.178267
5.48997
2.08269
0.438992
2.60437
18.8272
0.284145
0.699042
0.13522
0.256209
0.213884
0.444712
0.612333
1.42672
0.136069
3.25402
0.121964
0.443516
0.836653
2.44027
0.554099
0.187016
2.00159
3.48206
1.40548
0.328929
6.34907
0.251515
0.248352
0.197607
0.435086
0.225694
0.547881
0.802783
0.153001
0.136914
0.933368
0.112156
0.32608
0.188647
0.501859
0.288791
0.820187
1.35263
1.05623
1.83889
0.10779
0.129286
0.101956
0.170735
0.132465
0.34077
1.86751
0.273607
16.2368
0.237611
3.51407
0.210207
0.170018
2.17287
14.9902
8.4872
5.48555
0.209546
0.211452
0.324439
0.101004
0.259875
2.58811
6.87508
1.08822
0.100108
0.506612
2.77371
0.184352
0.99697
0.573144
0.313123
0.105089
2.26654
5.76054
2.43691
8.39811
0.122649
1.50955
0.474394
0.180352
0.132609
2.0629
1.00419
0.167288
0.192067
0.175014
0.116522
0.127625
2.33096
0.106654
4.04002
1.21158
0.677482
0.167135
1.0075
7.78762
4.80645
0.12089
0.123634
1.18733
2.3013
1.77188
0.214424
0.115224
2.44512
1.34346
0.985971
0.315815
0.156244
0.137446
0.271063
0.542429
0.249346
2.15072
0.109958
0.19097
0.216669
0.164941
1.28437
0.338569
2.03185
0.502827
0.203132
0.605713
0.228541
0.256076
3.83287
4.00305
0.611636
0.167417
0.144911
1.34078
11.5839
1.44051
2.03269
8.95407
1.26306
0.173668
0.479718
1.90392
0.126174
0.736439
0.458742
0.487754
0.771115
6.53394
3.80644
0.193222
1.1899
1.06423
2.88242
1.4425
1.63191
0.232121
0.347667
0.60201
4.53655
0.121192
0.123463
0.718357
1.43166
0.207994
0.319854
0.447937
0.197343
8.6082
0.654672
0.638171
0.666111
0.57507
0.99642
4.77859
0.15371
5.31463
0.825601
10.157
0.183319
0.335912
0.835293
4.36242
13.0157
0.165394
5.16994
1.01357
1.025
32.0869
2.97885
0.522118
0.122593
0.471972
0.127335
0.214481
1.54631
0.825777
0.672381
0.39461
1.86307
0.548179
8.10317
0.205891
2.13839
0.148484
0.553605
0.931622
0.350994
1.77819
0.603015
0.226956
0.479935
0.786496
1.88864
0.899173
2.82402
4.67315
0.582047
0.957106
0.115441
0.402507
0.100356
0.73137
5.2712
0.264699
0.458137
6.00605
0.239729
0.213817
0.41239
0.131966
0.30471
0.264075
1.03792
10.5269
3.71652
2.4656
3.60227
2.8526
0.441681
0.245605
0.596299
1.66843
7.05523
1.8029
0.543685
0.836282
0.441389
6.70679
0.515534
0.508556
1.06491
8.29721
0.611214
2.77723
0.319634
5.38902
0.18456
2.84057
3.29773
0.132292
0.17886
0.117557
0.248388
0.309143
0.143462
0.207764
1.77246
1.12164
0.145235
0.113291
0.131254
8.12814
0.180574
0.31363
0.134677
1.94908
2.87893
1.13304
1.38715
2.11483
0.793305
0.419685
0.220733
0.148429
1.41931
4.11495
0.198118
3.77488
6.50985
0.240316
7.42732
0.115396
0.477093
0.169685
16.9254
0.503034
2.36244
0.90138
0.101918
0.208434
0.149464
6.25399
0.198374
7.85213
1.28741
0.13747
0.616405
0.930279
0.10353
0.254943
0.315536
2.85562
2.25931
0.845455
0.29369
0.197159
0.106514
0.676198
2.90954
0.339817
1.71233
0.359017
4.62745
0.120302
5.7254
0.29801
1.23854
0.349282
0.360307
0.61237
2.6068
0.117374
2.03952
2.3987
0.330416
0.632282
0.550254
7.18162
0.218061
8.57014
7.74925
1.07689
15.0648
2.0352
0.284055
0.877627
1.10131
0.273928
0.339518
0.393407
0.909102
0.737255
1.80419
9.18999
0.177924
2.58663
0.673784
0.294998
1.25521
0.216648
1.063
0.398968
0.103944
0.39266
0.401531
11.8953
4.01928
0.200674
1.20777
0.93139
0.675825
0.233201
3.04589
12.3057
1.56921
1.24011
1.08465
1.33987
0.252738
0.288698
0.29195
0.577343
1.45524
0.766779
0.120348
0.116154
0.406418
5.4116
0.191616
0.93675
0.76651
24.3235
0.231397
1.09375
0.416381
0.137123
0.298533
4.99036
1.22197
0.868088
0.265033
0.152982
1.00517
0.209898
0.278427
6.62427
0.25804
0.745239
40.6394
0.185965
0.109357
6.61028
0.383864
3.49116
0.18663
4.93028
0.202322
1.36594
16.0866
3.02847
4.37923
4.15268
0.883817
3.0183
0.164935
0.270763
0.782158
1.27359
0.115963
2.67246
0.623975
1.27482
0.487555
0.185757
0.632136
0.25714
1.53004
0.810487
3.42135
2.79223
0.235495
0.941389
0.106204
0.113194
0.557918
0.231013
1.21274
0.213551
0.813979
2.40199
0.303397
1.92375
0.118214
0.19563
1.64273
0.180607
0.310201
0.265837
8.31109
1.98715
0.372219
0.491536
0.15584
0.425248
2.66642
0.281307
0.541856
3.54843
0.171319
0.192981
0.183534
7.20472
0.814094
0.503723
0.360608
0.697404
0.346967
8.86666
0.562047
1.56504
0.428161
5.83468
2.38946
0.933556
0.437127
0.121118
1.58502
1.59419
0.664388
0.292517
0.591293
0.274095
0.401123
1.83343
2.74088
0.532002
0.201511
7.84255
0.267373
0.264656
2.28326
1.07912
0.517979
0.378967
0.164891
1.06562
0.282268
2.22668
4.01452
0.103824
1.60248
1.05415
4.6662
0.46575
1.89152
0.218629
12.3795
0.240441
0.172383
0.106322
0.318971
0.144935
3.86729
0.143203
0.357997
0.465361
0.653238
5.2246
14.023
0.374719
0.451508
0.161282
4.31451
1.4434
1.56884
1.04639
0.82814
0.966654
3.43844
0.336179
6.54615
1.41057
5.86645
0.197676
1.03983
1.18731
0.109208
2.55177
4.36313
0.808203
1.69712
3.25195
0.157452
0.184737
1.03381
2.1932
0.102161
0.148314
0.423117
2.35926
0.338008
0.786367
0.736803
0.558389
2.12621
10.6141
0.149161
0.39276
2.09198
0.238085
0.245494
4.43993
0.244143
1.80537
3.39743
0.39392
0.304019
0.213936
0.365142
0.220112
0.978856
0.372296
0.267568
9.23347
0.635817
2.23018
5.57789
2.19458
1.41735
0.369907
0.174148
1.18617
0.237283
0.418985
1.33461
0.183448
1.7011
0.304304
0.743016
0.330603
0.267073
0.310295
2.74929
0.321299
0.7955
0.229784
0.285794
0.598089
3.33662
0.148816
0.125185
0.299098
0.452554
2.39537
13.744
0.994301
2.29241
1.83707
17.3021
5.29027
0.206154
4.44214
5.63104
2.16073
0.102294
0.332637
0.34365
0.310905
2.61696
10.4935
9.83102
2.67563
9.94932
0.171031
1.02078
0.318514
0.495308
45.5809
6.36732
0.406629
0.966834
10.0404
0.365546
9.99329
0.234824
0.321488
0.413426
1.70195
0.271707
5.19062
0.344408
0.202162
0.16206
3.20539
8.08225
0.120871
0.406826
0.131524
0.479549
1.21575
3.12807
0.39937
1.96048
0.869376
0.904041
0.412672
1.1194
4.39937
0.723961
0.68785
0.130589
1.45512
0.152911
0.211119
1.23654
4.01574
0.261866
0.497513
1.76554
0.205283
0.273241
3.94106
0.90935
12.932
0.636141
0.182126
6.34267
0.398368
9.30932
2.77055
0.503249
0.120254
0.467961
0.236007
0.116473
0.576312
1.07574
0.156452
0.247582
0.154637
0.121082
0.138668
1.31434
0.100514
1.33245
0.448653
0.154093
2.21927
2.60496
1.56244
41.8214
0.845409
2.43229
2.08683
0.424541
0.396664
0.700048
0.5182
0.122878
0.116081
0.177404
3.58167
0.835388
1.08515
0.938279
0.563578
4.28954
6.17178
1.56642
0.739636
0.485582
0.456823
0.101307
1.49111
0.129682
0.271204
1.35939
0.19377
0.1846
0.440349
0.136634
0.890621
2.36089
0.590986
2.71842
4.71913
1.63972
0.146915
8.73206
0.104684
0.535077
0.120154
0.110204
0.141125
0.824528
4.04887
0.185714
0.422722
0.917726
0.252829
0.144894
2.5331
4.99211
0.192792
0.123361
0.831088
0.137409
4.52841
0.504752
1.58663
0.198545
1.11702
2.15192
8.30752
1.31346
0.599245
2.99573
1.12135
0.601158
0.394016
0.212093
1.90986
1.5975
0.922111
0.197761
1.05511
1.68985
0.129658
0.464588
0.28181
0.111401
0.102286
2.90921
0.245177
1.3149
5.23555
4.48641
0.205568
0.779163
1.20558
0.130466
1.5326
5.45325
2.14814
0.659632
0.408961
0.624296
0.643724
1.54106
0.14857
0.392548
14.538
11.5013
0.334666
0.33193
0.450224
0.100193
0.161775
0.166541
1.25406
3.03212
0.189467
0.152853
3.05533
0.153402
0.638748
0.228731
0.517252
1.74268
0.273107
0.139
0.136557
2.77925
0.662725
0.373681
0.112275
4.5434
0.143441
1.61382
0.117037
0.577659
0.662432
1.43712
0.342697
0.942531
1.01375
0.171468
0.136395
0.802829
0.682828
0.243948
1.05846
0.135965
0.435314
0.11579
0.679103
0.605385
2.46056
0.308785
5.86529
1.69283
0.102212
0.387557
0.111545
3.50437
2.92634
0.337087
0.103757
11.6622
0.495361
2.20243
0.20692
0.243484
1.69516
6.86843
0.361088
37.1227
0.246213
0.395292
1.82717
0.722287
9.42324
0.134552
1.65368
2.4409
0.214773
0.276488
0.371454
0.756433
0.190276
8.99392
2.64807
0.150141
0.132012
1.16582
0.167669
0.696146
0.428085
2.09427
0.138973
1.50256
10.3393
0.131709
0.152453
3.74482
0.138596
0.992687
3.56514
0.323022
0.170406
5.21354
0.114721
1.32513
6.55514
0.591526
0.156787
1.02634
6.16637
3.47877
0.318362
2.47426
0.105236
2.42773
2.59274
0.75223
0.182921
2.02482
2.30912
0.290829
0.121972
0.592223
2.50793
1.46868
0.339601
0.211932
0.22184
0.404574
0.290473
0.136432
0.236517
0.307009
0.187845
21.8782
10.5054
0.101869
0.682391
0.229977
0.103817
4.48759
0.65077
0.31273
0.173808
0.457004
3.29907
0.182928
0.56292
0.260232
0.764663
18.4555
0.634637
0.161472
0.3254
1.09222
2.60275
19.4473
0.832834
10.0233
0.456333
1.90503
0.144138
4.07695
0.235273
1.40841
0.811949
0.343034
0.184876
1.90449
3.00068
14.1885
3.9921
0.405379
0.779194
0.144594
0.596686
0.461535
0.716179
3.00956
0.470872
1.14326
1.00207
2.26166
1.30551
0.143017
2.08421
0.459707
0.686273
5.85135
8.68886
0.212092
11.5127
5.75661
0.784578
0.14929
0.371515
0.119257
0.131549
1.19219
4.50555
8.76505
18.9788
1.40444
0.148441
1.14172
0.30547
3.01804
0.12907
0.28572
1.51577
1.79619
0.73338
0.383145
1.19214
0.34834
3.54427
0.557519
0.548234
0.180165
3.18845
0.42265
0.46533
3.09876
0.404153
0.658594
3.80693
0.223198
0.798417
0.448066
0.204202
0.232337
0.251887
0.115852
0.100312
0.390536
0.351495
1.02235
0.391
0.116407
0.681532
0.932952
0.194914
0.213179
1.88665
0.737625
0.376084
5.32497
1.35304
6.54468
9.22381
8.95149
0.18065
0.283972
0.180247
0.371412
0.383588
17.7685
0.183511
5.40037
0.5529
1.28233
0.205328
0.620652
3.26816
1.44975
0.119924
6.93393
10.1515
0.235676
4.4132
0.130007
1.95191
0.356642
0.109759
0.567908
0.221901
0.331708
0.16558
0.112478
13.2216
0.237551
5.89539
0.355845
3.76521
1.25486
0.282177
0.442535
19.5785
0.435563
21.3131
0.799606
0.185002
0.144722
3.02864
0.254259
0.118043
0.121088
1.27142
1.88952
0.108373
0.868873
0.151769
1.85143
0.512385
0.208273
0.755345
0.117445
5.28722
1.65445
0.499741
0.194127
0.102355
0.432699
0.280934
0.937634
2.27269
0.338388
0.135846
0.983936
0.594266
0.163189
0.291833
1.98994
0.153035
0.404685
0.152808
0.250817
0.797164
4.48081
0.749314
3.73545
0.222096
0.179355
2.39165
0.163606
2.97508
1.11777
1.92582
0.314717
0.155212
5.10623
0.128125
0.121706
18.192
0.208051
1.01944
0.263352
0.148025
7.15746
3.88933
0.158968
0.435832
1.53049
0.532366
1.48185
0.117713
13.3352
0.630524
0.173947
0.288343
0.156081
0.253084
3.65491
1.44361
16.8496
0.925871
1.89376
2.30245
0.252862
5.15473
4.17499
0.442422
0.451059
0.15177
0.120878
0.184961
1.32712
0.184213
0.220937
0.21954
0.106809
0.120186
0.57466
0.109227
0.42301
0.588538
0.176012
0.520702
0.755296
0.629955
0.131842
10.1159
2.51579
0.102078
0.629412
8.51126
4.88027
4.30802
0.165146
0.139135
0.308129
0.239157
3.55412
1.71755
1.03305
3.85917
1.99239
0.208728
0.10383
0.470398
0.593542
0.23083
2.21359
2.87528
0.146449
0.365795
0.363354
8.70672
0.104301
0.249722
0.29129
8.26465
10.492
0.432246
0.12982
3.77347
8.81096
1.5068
0.539063
0.185244
1.18512
0.428754
0.184452
0.391678
2.31614
0.168218
2.07472
0.106351
1.92563
0.924699
0.204039
1.14304
3.11218
1.31442
0.157774
0.456617
0.757596
5.12273
0.620411
0.197035
0.191397
0.485813
4.03587
0.198928
0.462624
2.75304
0.103297
0.455089
1.43414
0.116262
0.12467
0.136141
5.28502
2.53428
2.18244
1.51847
0.394192
10.7346
16.565
0.165409
1.2132
0.661959
0.170247
1.276
10.1882
1.21692
0.15439
0.148366
0.161242
0.400307
0.827487
0.172699
0.129473
0.487587
0.765316
0.123038
3.58401
0.317855
1.33149
0.24485
1.0105
11.3039
3.53848
0.194317
1.06701
0.127995
9.03988
0.238297
2.11791
0.105787
2.38696
0.221066
0.11209
0.24145
1.94293
0.319907
0.373261
0.202195
1.12043
1.28031
0.309986
0.408155
1.50042
21.7727
0.282418
6.18609
1.66795
17.1909
0.246789
0.129753
0.601412
0.763334
3.24565
0.401477
0.152101
0.180919
0.212584
0.13054
0.393213
0.124081
1.54189
0.775502
1.35584
4.16827
2.11694
0.841237
1.75853
15.4421
1.47119
0.253891
0.381006
0.160065
4.5996
0.39362
2.82882
0.770831
2.55431
7.64004
0.127149
1.11445
0.213806
0.90828
0.124993
0.723625
0.229486
0.282317
14.4984
0.106428
5.66632
0.291385
1.53882
1.32531
0.34887
2.38393
20.3676
0.257277
0.343489
0.320066
0.211773
2.79052
0.184624
0.112498
0.33078
0.220204
0.336948
1.73027
0.285438
0.190117
3.3134
1.00727
2.85044
0.109239
0.279336
0.165865
0.125769
0.382226
0.617713
0.140888
0.12688
0.571461
0.411411
1.56597
7.27162
0.297118
0.174338
5.51831
0.738961
4.93732
0.331173
0.904489
1.75253
0.682497
0.231242
0.394351
1.63996
0.420891
8.44936
3.37948
0.69277
0.425651
0.129495
3.40286
0.194541
0.450312
0.634327
1.13986
2.73191
11.986
0.333559
0.293629
0.6042
0.246368
0.13069
0.238648
0.894193
1.70124
5.72041
0.270949
0.460343
0.116973
0.826295
0.104792
0.116161
0.397112
7.51182
0.570226
2.28814
0.187078
2.03739
5.56826
0.259306
0.104866
0.420087
1.60502
0.411242
14.2608
0.136386
0.28375
1.60705
0.16482
0.385406
0.795089
0.639814
1.15898
0.319504
0.803298
0.134471
0.179732
0.140161
6.83531
0.386115
3.98919
2.14589
19.204
0.77696
1.30782
6.25643
0.29357
11.4797
3.6889
0.35094
1.26901
25.4627
0.349569
0.882283
0.137138
2.69817
5.55202
0.458777
18.2358
3.22644
13.063
0.43926
0.227318
2.08395
14.0333
0.416737
0.322952
0.221049
2.30349
2.33777
0.192898
0.115459
0.786259
2.24438
0.142613
0.221946
0.463094
2.54157
0.141525
0.40928
0.866654
0.184169
0.15732
0.472383
0.318332
1.08476
1.94961
1.58553
0.937908
0.381023
0.177048
2.1883
0.960445
0.499202
0.48289
7.31872
0.224201
0.320153
0.33376
0.298667
0.442919
0.496448
0.15759
3.02573
0.180018
0.100186
0.142932
0.144264
0.423147
0.112274
0.430448
3.00016
3.90223
1.75032
15.6438
1.16066
1.71642
0.103319
0.204381
0.116014
4.86891
0.348064
0.196282
0.220048
0.648497
0.10435
4.12302
0.359501
0.651386
0.14207
0.731077
0.320182
0.154369
0.596695
0.525281
0.373047
0.538437
0.4831
3.97886
12.9238
2.68559
3.9858
0.343159
2.33438
0.365369
2.38554
0.98899
0.229143
6.6443
0.32199
1.40011
1.9103
0.167291
2.15514
4.22055
0.79226
0.844069
1.025
1.76755
0.36872
0.298813
2.89587
0.386247
0.514699
0.109774
0.535223
0.109441
4.54127
0.205763
0.109582
1.12718
0.184402
0.459975
0.106451
2.15939
0.751038
0.1694
0.10619
0.297963
0.176969
0.442829
0.493182
16.0953
0.343806
1.72084
1.84126
0.842966
1.04552
0.10572
0.622414
0.252485
0.179997
0.428339
1.10436
0.134462
0.113107
3.02009
0.887273
0.275008
1.92754
0.465308
0.147585
2.62697
0.313995
1.01313
1.9755
8.6944
0.417303
0.110658
1.1461
0.161732
0.239449
0.176893
2.11714
0.616603
2.1203
4.76353
0.316588
0.158786
0.531701
0.173156
5.51902
0.301122
0.36237
2.27537
0.648047
0.51377
0.147566
0.578722
5.75307
0.551319
6.37929
0.149825
0.12126
0.131731
0.214503
1.32533
0.813422
0.19783
2.0239
0.10747
0.13914
0.104417
0.273654
0.841221
0.600526
0.512541
0.249656
0.211908
0.157532
0.459329
0.227327
0.160669
4.02178
0.572636
0.708792
0.144138
2.30188
1.10381
1.95962
0.390093
0.191345
5.82907
0.278142
1.25895
5.00343
0.173893
1.59671
0.406029
1.90209
1.23685
0.108166
0.219108
0.47239
1.30637
0.132757
4.41672
1.21337
0.101089
1.28933
0.22421
0.220124
19.2428
2.49333
0.599544
0.160799
5.28055
0.16054
0.176401
0.161378
1.89764
0.411806
0.30797
0.56531
0.240567
0.518741
0.101284
5.34898
0.111356
0.398491
1.92102
1.03676
2.15274
0.141456
0.200289
3.22639
0.103124
0.143347
6.93814
0.236678
0.139835
4.50646
0.191622
1.22847
0.445515
7.46668
4.70234
0.147248
0.188744
22.3717
0.831645
0.689951
8.45276
0.182309
0.462342
0.383062
5.35258
1.14603
0.15313
2.33718
0.621979
0.82705
1.00708
8.33401
0.49952
0.343044
1.58349
0.105703
0.140716
2.09869
0.117854
0.669789
19.5688
1.83301
0.324816
11.6039
4.17271
0.111492
0.926321
0.611686
0.141052
0.521444
0.535119
37.3727
3.10182
0.142758
1.02874
0.153479
0.178034
0.985494
2.19511
0.154715
12.4743
0.747864
0.141592
1.44021
1.98484
4.54363
0.214231
1.09509
0.243318
0.246584
0.147822
0.104657
0.404781
0.737385
0.137033
0.875653
0.457195
1.37053
0.20268
0.327408
0.820659
0.488515
1.51502
0.18357
0.206597
0.197285
0.19889
0.339336
18.3186
0.138035
0.326202
0.389806
1.43404
0.121445
3.73152
0.109066
2.52083
0.392822
0.454274
0.472465
2.92455
0.167392
5.1232
0.126755
1.66168
0.854108
0.186408
1.50143
0.560592
1.46853
4.70683
0.55461
5.06199
0.151396
1.02647
2.54772
0.75257
1.44512
0.807635
0.132464
0.170198
2.01667
5.74103
2.55852
0.182638
4.55401
2.50613
4.19688
0.126525
0.199882
1.05556
0.392669
1.4351
1.86051
0.676812
6.53301
0.739838
0.710889
0.365984
11.786
0.512982
0.512498
0.127245
0.271601
1.68743
0.915966
0.217334
0.589183
0.135352
0.259875
2.25549
0.177588
0.120549
1.16214
0.191332
1.89321
0.270944
0.64236
0.145588
0.220863
0.147321
0.232769
2.93557
8.59238
0.113902
0.397103
0.149714
4.41544
0.141967
2.38317
3.77788
0.359412
2.0177
0.275406
10.0246
1.05619
0.72471
0.407091
1.38378
3.13776
0.209595
1.42068
0.767699
0.216292
0.248816
0.252329
0.119832
0.116698
0.117152
0.264662
0.328162
17.5669
0.146859
0.152518
0.173993
0.129402
0.101884
1.08929
0.424328
1.28162
5.98747
1.75084
5.86028
0.559528
0.39988
6.91727
0.605885
0.127985
0.585129
5.13769
1.07984
6.30699
3.65818
0.133965
1.40268
0.104004
0.174648
6.40196
1.01071
0.116596
0.809101
0.507561
0.842775
1.99022
0.209938
0.142684
0.826289
0.213049
0.154291
0.110275
0.1455
0.190099
0.475656
3.2538
3.73604
1.36733
4.12722
1.3
0.317772
0.128312
7.32719
2.15487
0.508267
0.113887
11.5345
0.35733
0.177484
5.06126
0.112062
0.132377
0.133742
3.22975
0.364252
0.117109
1.6037
1.4216
2.76393
0.266328
8.93883
0.149918
1.09352
0.141843
23.5741
0.145659
4.69225
1.6947
0.891645
1.58404
0.30877
0.112432
0.534825
2.29823
5.14815
0.13726
1.37686
0.697455
1.85702
0.202534
0.113631
3.27247
0.319527
0.182358
0.222013
0.848774
0.669942
2.0326
0.29762
0.746771
0.244004
6.64393
0.20671
0.169092
0.492351
0.134596
2.52007
5.15826
0.193411
0.125866
1.74717
0.285439
1.12722
0.521675
2.3975
0.331023
0.211373
0.390314
3.11859
0.245545
1.85607
6.29596
1.64568
5.15454
0.516456
0.482962
0.438279
0.100926
1.4208
0.8742
0.551096
0.146354
1.22955
10.6582
0.524978
0.334798
0.2005
0.471637
0.135131
0.571595
1.03073
4.44164
0.13106
5.92353
1.31737
7.11738
2.53805
10.3278
2.03181
0.265618
0.709042
1.70495
2.3383
0.979541
0.2679
3.19002
0.273536
6.48343
1.13942
0.247857
0.322007
0.212773
0.124059
0.220562
0.134144
8.52269
1.01877
19.5967
1.31744
0.900322
0.120976
1.1661
2.66343
0.310743
3.49508
0.126275
0.516466
12.1691
3.82451
0.501252
0.240597
0.273166
0.188015
0.920868
1.67504
0.132544
0.461171
1.26109
1.20872
0.568077
0.110442
5.41518
0.395641
0.122835
0.333004
1.39364
2.37935
3.80082
0.395786
0.504927
12.3788
0.455967
0.173077
0.314913
0.282184
4.19444
0.518227
0.141165
0.723144
0.41216
0.452492
0.325691
1.55587
0.989697
0.117404
0.547014
0.313847
0.169863
0.310306
0.792983
1.77055
1.35764
0.180486
0.30689
0.310383
0.104654
0.306151
0.367817
0.191107
0.417155
0.20418
0.266642
0.113517
3.19006
0.26365
1.11802
0.786426
4.72034
0.214648
0.142599
0.282904
0.57708
7.59246
0.353289
0.225044
3.83182
0.295257
0.228199
1.09969
0.292599
0.160406
0.971874
1.04789
2.42013
3.895
0.801266
0.683794
1.45337
0.813583
0.730692
3.68038
0.151794
0.101658
0.111954
9.68726
3.34324
0.143729
0.113086
20.5993
10.465
1.04768
0.325371
6.12395
0.83016
13.1062
0.283453
1.639
0.419044
0.18796
0.687895
8.46242
2.26871
0.558687
1.26176
1.49273
0.476368
0.720539
0.339063
0.170785
0.788752
0.146352
0.129676
0.39126
0.255577
2.15806
0.566887
1.42514
0.404141
0.114924
1.16053
0.157174
0.425212
0.638499
0.205704
1.29423
0.372857
0.391251
0.110413
4.54381
0.3419
0.259311
5.52932
0.38139
0.226816
1.68356
19.8024
0.765968
0.729606
0.273531
0.66423
0.323738
0.584164
0.151141
0.186138
0.247525
8.61716
0.198277
0.110673
0.394131
0.152738
0.141133
2.04121
4.38152
0.560808
0.305866
1.21086
0.859838
0.149989
0.168557
23.5777
1.1603
2.25774
14.8057
1.95986
0.125573
0.50181
0.159949
0.992917
1.86578
0.77919
0.340748
1.204
0.465714
0.151521
0.262235
2.47884
0.107972
1.70644
0.560332
0.329188
0.145728
0.607898
4.78985
10.26
0.203938
0.481778
0.670489
0.337529
0.392782
1.73278
4.72242
0.187915
0.329227
0.691369
0.143158
0.198836
1.50256
0.248214
2.85313
0.208495
1.70156
10.31
7.30803
0.279255
0.420549
0.198959
0.661195
0.160984
0.115719
2.73967
0.128223
0.545134
0.840273
11.6125
0.792033
1.9247
1.23068
2.58903
0.226459
0.564021
0.131242
0.223798
0.123713
1.72
0.144151
0.159542
1.86744
4.91389
0.310522
0.471552
0.828637
0.859706
0.36371
1.36471
9.76562
0.926481
0.252176
1.0637
6.38537
18.8373
0.899745
1.10043
0.10886
0.166726
0.14833
0.165286
1.99946
0.44652
0.393457
0.60659
1.69678
0.58085
3.08683
0.83815
0.776725
6.05246
0.748557
0.133809
1.72482
0.100268
0.203111
1.16323
1.13505
2.72113
0.179275
0.679748
10.7872
0.270422
0.889531
0.155486
0.758633
0.186162
0.363795
3.15017
0.469516
0.111716
1.36551
0.33113
0.112675
1.06384
9.70069
4.05421
0.28029
3.64537
14.7319
0.174794
0.111075
0.158945
4.20883
1.38234
0.703945
3.14698
1.19529
1.17069
1.79756
1.16259
0.344179
7.26705
0.980788
0.13422
0.692703
1.17836
0.245069
0.418725
0.901599
1.09543
0.133069
0.125733
0.214384
0.169147
0.127787
0.230268
0.580334
0.222492
0.124044
0.134005
0.699298
13.2892
0.211793
0.418048
4.02613
0.769112
1.04185
0.141335
0.366536
9.31497
0.146381
0.110753
0.886486
0.191859
0.415466
0.500588
0.73148
0.208332
0.17815
0.107119
4.82203
16.6259
3.22377
0.930781
0.717805
1.31442
0.177764
0.198686
0.107576
0.668407
1.20761
0.481129
5.71331
1.63851
0.255605
0.304946
4.95917
0.699378
0.238825
1.47506
0.105534
2.34455
0.283207
0.12187
11.7494
0.26235
1.7529
0.256058
4.21069
5.73019
0.408453
0.241454
24.913
1.83372
0.650439
7.47479
0.393328
0.135142
0.243206
0.160525
0.711685
0.574181
0.178389
2.53313
0.171528
0.125912
0.305886
3.03413
0.352443
0.359982
0.618864
0.554425
13.1047
0.463493
0.820278
0.277959
0.732771
11.8003
0.209641
3.71339
0.359019
0.669485
0.34733
1.79249
0.115995
0.205278
0.371751
0.486491
1.07223
0.293928
1.47403
0.210719
1.21529
1.47074
0.21005
0.277514
4.51796
8.3861
2.30757
0.304139
0.168986
3.82371
5.05707
3.62242
0.173211
0.17943
3.69374
0.818605
1.96431
0.505914
2.83657
3.60915
0.434236
0.545544
0.273623
0.101272
0.27374
0.164679
0.137281
0.484379
3.28758
1.71948
0.146872
2.12387
7.9513
0.146286
0.197185
1.68559
4.57965
0.416382
0.361904
0.184436
12.3021
1.86901
1.04063
0.177732
1.03706
0.235991
1.91499
2.51203
0.35416
0.120836
1.7521
0.31934
0.377001
4.17466
0.388903
0.945234
13.7291
0.494122
0.306621
1.76277
0.662477
0.168736
0.541185
2.12561
4.02081
0.293801
0.128715
2.38618
0.225737
5.6622
0.543131
0.376747
19.0705
0.378738
0.774154
1.50518
0.788883
0.545072
0.284559
0.192833
0.264784
0.136287
0.19664
0.406666
0.260507
2.30154
0.157233
0.238432
0.779964
0.133259
14.2392
0.81034
0.317665
0.512217
0.241319
2.96748
3.37404
0.940598
0.439995
0.194171
0.394271
0.731647
12.5339
0.107968
0.487108
0.159519
8.32682
1.90108
0.128779
0.157754
0.382265
0.645752
2.48141
2.92623
0.698148
0.494367
0.707425
0.112201
3.30779
1.1164
5.51637
0.309732
0.374756
0.226713
4.51143
0.442946
1.26504
0.225663
0.860787
5.65485
0.589464
1.3774
0.704013
2.73158
0.162539
0.120248
0.97727
0.262063
0.136846
0.611463
0.567936
1.99423
0.471215
0.378012
1.56119
9.51348
0.540328
0.101293
0.118133
4.07688
0.540763
0.202712
5.58973
0.246171
3.82664
0.29787
2.6146
0.117287
0.135474
0.836176
0.211991
1.56435
0.12556
0.154272
0.115818
0.135588
1.89763
0.351763
0.100771
1.63424
2.02804
0.213091
0.284889
0.414396
12.8492
0.161414
9.1792
1.16853
0.135395
2.32787
1.41613
1.14393
8.01316
0.107076
0.842765
0.102728
0.431596
0.346696
1.82895
0.300013
0.116493
0.28768
0.671511
0.283352
22.8414
0.343513
0.106831
1.76215
1.71368
2.63267
0.161426
0.234287
3.29592
0.834798
2.45725
0.543554
19.6051
0.183729
0.429488
0.143838
0.144133
0.461702
0.199731
0.182234
0.20382
0.259995
3.97532
0.320543
0.976628
1.13018
0.423635
0.289149
0.924627
1.27256
1.93783
5.2789
0.152454
0.687383
0.329428
0.268219
0.56546
0.102556
4.45624
1.36823
3.28198
0.167476
0.618847
0.377178
0.374473
0.674039
1.78642
0.27866
0.101328
1.3342
0.525821
3.89219
0.307794
1.40019
0.12653
1.25764
0.39923
1.85551
0.297363
1.3295
0.62543
1.00274
0.808097
0.532679
0.1746
0.706739
0.724141
8.05431
0.375781
0.50481
1.06024
0.927676
4.96099
0.165129
0.146615
0.896027
8.24701
0.244763
0.101877
0.1611
1.78458
1.42534
0.369776
0.401348
0.689527
5.58277
1.00437
1.54611
4.06433
2.08479
0.353361
1.86722
21.9315
0.910824
7.86229
0.205145
9.0471
4.29618
0.653782
1.16533
1.30025
0.143979
1.34016
0.47708
0.193513
0.636095
0.30029
0.816701
0.78821
0.440026
0.157337
0.373939
0.178965
0.100762
0.191014
1.73855
0.217488
0.126642
0.287139
0.123933
1.87209
0.440635
2.45623
0.110737
1.07897
0.516466
4.15977
0.337438
0.311448
4.9434
0.130395
0.331527
0.121171
0.164707
5.19406
29.8193
0.219096
0.141039
0.773622
8.87125
0.126789
0.170514
4.54932
0.446595
0.155338
1.27755
0.185206
0.225279
20.6568
5.67173
0.556691
8.58205
0.513464
0.810396
0.465952
10.0675
2.38311
2.24695
8.27674
2.84908
0.434714
0.186019
7.91679
0.181878
16.8732
0.179081
0.558877
0.129779
6.66786
0.35047
0.76787
1.73255
0.421762
10.3918
5.83428
0.161668
0.870995
0.193928
0.135194
0.120707
0.532692
0.301251
0.167996
6.32179
1.22328
2.94559
13.7426
1.44044
0.999276
0.23312
0.215074
0.413516
0.149029
0.965641
3.69993
1.78914
0.463991
0.279209
0.791494
0.416367
17.9045
0.325054
0.334425
3.09276
1.75386
4.12136
0.464786
2.13278
0.527458
27.0061
1.93397
6.29138
0.262832
1.40883
12.9903
0.190747
0.376642
1.23747
0.552509
0.30299
0.311758
4.08133
0.1569
0.676509
0.366848
0.73377
3.2917
0.555741
0.516911
3.33815
0.176278
1.15563
0.34069
0.304048
0.205918
0.157619
7.67265
7.5509
7.17017
18.0332
1.16531
6.14491
0.160627
0.774813
1.74179
1.99646
0.462901
7.79105
3.56887
2.87266
0.376462
0.17225
27.0685
0.228433
0.157618
6.85218
1.06987
0.18114
3.46304
0.408923
1.94886
0.201381
0.279258
0.116475
0.202393
5.30461
7.52003
0.875923
0.488291
0.258832
0.170586
0.288028
0.244178
0.125018
2.42273
0.319205
0.278978
0.177125
0.548534
0.129304
0.52525
4.76603
0.480594
1.10425
0.329906
0.382432
4.18613
1.15497
1.64378
0.131847
5.41741
8.9466
0.440364
3.3186
0.188396
1.44682
0.953002
1.0692
6.40708
0.768304
1.89769
0.450911
1.52345
0.133865
3.10012
0.677608
0.952189
5.64932
0.238705
6.98029
34.213
1.38237
0.152877
0.345122
1.61138
1.56673
6.03138
0.683894
0.126735
0.394463
1.19198
0.671336
0.498061
0.234908
2.57592
0.126408
2.32059
1.47703
0.134953
0.481342
1.14018
0.626214
21.6228
1.18198
1.0654
0.121284
2.14978
0.413555
1.45555
0.113565
0.276825
0.520277
0.114741
0.424069
1.23688
20.9119
0.175567
0.125826
0.309633
1.1263
0.172605
0.679451
0.441601
1.34795
0.131258
0.244376
0.238858
0.174813
4.59948
0.368933
1.47368
0.203802
0.396162
2.82689
2.71456
2.69661
0.247501
0.924997
21.6645
0.431251
0.195192
0.482807
1.09048
2.14666
0.207553
0.13358
2.98334
1.047
9.18499
0.140114
3.45441
5.19944
1.67185
1.42299
9.45959
0.581067
0.525198
0.379241
0.165642
0.763141
0.77461
7.07233
1.67528
0.324881
1.0444
0.230935
1.28247
4.0328
0.141317
1.03042
0.110397
0.109485
0.17977
0.117159
0.605437
2.44428
0.47204
0.234589
0.161245
1.56528
0.331427
2.79328
0.600647
0.198715
0.214641
0.355638
0.161591
0.21767
17.5881
0.584264
3.66053
4.07282
1.17064
2.55545
2.37427
0.166805
0.496856
0.225095
0.105123
4.35973
6.76311
2.90979
0.227609
0.345257
1.74594
0.503232
0.164837
0.710918
0.783138
0.331828
1.31419
0.21382
3.35795
50.0591
12.427
31.0461
0.138536
0.292219
0.135275
0.286651
0.19448
0.102829
0.227179
0.623908
0.17
3.97223
0.292183
0.191963
0.177386
2.04929
1.53082
4.29603
0.150576
0.116546
1.61128
0.399835
2.60153
1.63808
0.553377
4.10198
1.56952
6.87884
0.344172
5.44934
1.27714
2.5399
1.77925
0.111047
4.73315
0.391598
5.08037
0.648982
1.7516
0.146615
1.88524
0.219356
0.16103
0.176567
1.06402
0.299573
0.40869
0.120316
0.327615
0.24244
0.396521
0.82039
0.504111
14.7487
1.38767
0.164931
0.750686
0.303076
0.111602
2.03761
1.93955
0.402812
10.4663
0.257369
0.260095
0.239518
14.0671
0.161037
0.498832
0.142219
0.183172
2.69405
0.391795
1.94081
1.5495
1.4639
0.140248
0.627478
0.852561
0.605149
0.820109
0.242837
0.668579
19.5673
0.123695
0.195502
0.132164
0.186317
0.217403
0.359609
0.167156
0.444002
0.118158
0.134807
4.51007
0.399123
0.392251
0.158597
1.2414
0.104678
1.06521
0.359812
0.185581
1.95468
0.51948
1.7272
1.21912
7.45155
0.729629
1.5334
1.75028
1.32912
0.340856
2.18151
27.9314
4.14825
0.612359
0.621968
0.386905
0.144476
1.27374
0.327845
0.529759
0.200831
2.48031
0.708381
11.2162
2.81655
0.182223
0.177434
0.461758
0.490373
0.690887
3.09855
0.254322
0.404587
0.159152
0.187842
3.77885
0.919058
0.114934
0.902624
0.13138
0.633019
0.373577
4.98862
0.729508
1.49465
0.223574
0.97819
0.182738
0.393653
0.521357
0.777193
0.390119
0.207784
0.572532
0.146848
0.968994
2.17553
0.167046
0.152693
1.06311
0.225947
0.733956
4.99167
0.639912
1.66619
0.993032
0.269062
0.410699
0.560422
8.89622
1.22559
0.530433
0.426503
0.268055
0.925806
0.56878
1.90451
0.213762
0.590274
0.136911
0.217564
3.98716
12.061
0.246428
0.610275
7.89627
1.92484
8.78948
0.277885
0.165481
5.13007
1.40496
0.675088
0.177769
0.179719
1.22061
3.35754
0.356038
0.186709
0.726729
1.3263
2.29531
0.404383
0.129096
0.177229
1.22902
0.133293
6.18367
3.31083
7.9518
1.75514
0.8789
0.124677
0.128625
0.532072
0.135283
7.14212
0.744684
3.06127
2.53956
0.248088
1.36014
0.270542
0.178349
0.384962
1.83015
0.122895
0.103653
0.145922
0.147138
3.11371
1.34133
1.39183
0.903514
0.705896
0.866444
0.536348
0.639901
0.147541
1.08164
0.17762
0.225709
17.6249
1.20767
6.20514
0.552794
1.86611
0.34165
5.84141
6.79147
0.212753
0.399954
0.100425
1.13446
0.111286
0.587776
0.282454
2.45843
0.302985
0.117983
0.385281
0.690043
0.470458
0.302195
0.703529
5.10866
0.134193
0.157862
1.62337
0.173249
0.231755
1.06997
0.102987
0.209699
0.225947
0.222283
0.288048
0.282517
0.107938
0.147487
0.147406
7.13848
0.118991
0.408874
0.367834
1.84406
0.166686
1.44519
0.172009
0.13979
7.12291
16.791
1.49149
1.84745
0.757237
0.457229
0.144404
3.45227
0.454332
4.74292
0.181553
4.27607
3.1014
0.470691
0.199865
0.59477
0.196623
0.556317
0.198091
1.78213
0.420159
0.959131
0.224889
0.212829
3.56731
0.632468
0.203464
1.16772
4.32957
2.02984
0.115966
0.158884
0.783922
7.23905
0.169195
2.51425
0.430296
1.0255
8.68492
1.44965
0.344336
0.18437
0.280822
0.152667
0.311867
1.48795
0.214586
7.90311
0.316577
1.86654
3.04269
0.238796
5.97062
0.236822
6.79779
0.814629
1.75736
15.6095
0.238495
0.178042
0.175611
0.558098
0.154219
0.105145
17.1106
1.21229
0.163662
2.12293
1.38001
2.75242
0.496412
3.25947
4.16192
0.420707
0.104295
0.965418
8.13617
0.13502
0.134343
0.272302
0.147762
0.153483
11.5693
0.136747
1.86642
6.17967
1.24568
5.52
5.09146
9.30343
1.5397
0.397903
0.730741
0.348836
0.584438
2.0552
0.119197
0.208423
0.342928
8.65507
0.108536
0.89742
11.6655
0.330001
0.255126
0.313422
1.52469
0.64634
2.78224
0.590336
0.952354
0.360728
0.296936
0.860798
0.115206
0.311547
1.6842
1.29659
0.255027
3.71879
0.634983
0.160615
0.132228
0.394011
2.02866
7.77528
0.13666
0.114916
1.45899
2.02478
5.24892
0.608061
0.112161
1.2862
0.107861
1.79242
0.114701
1.82041
0.210969
0.119698
0.50452
0.68684
1.1687
0.220012
10.2614
0.390562
17.5392
0.474554
0.595633
2.09063
0.22806
0.268114
0.388464
1.42733
0.491512
2.07364
9.3285
2.37279
0.652629
0.27195
1.14514
0.235166
1.52977
1.22912
2.53713
0.127491
0.192355
0.153522
0.242899
0.137291
0.167342
0.267389
0.147006
5.65919
0.154709
0.392991
0.288737
0.743092
8.76032
0.362855
2.49152
6.26239
3.20048
0.527096
0.283968
0.485225
3.43865
0.272327
0.129441
0.150609
0.215658
0.165108
2.2153
1.59514
0.979651
1.84735
0.513634
1.6341
0.391634
0.248994
0.19601
0.491087
2.74275
0.140685
2.67623
3.45449
2.28515
1.28354
6.44203
0.174938
4.36524
0.484382
2.25551
0.761272
0.313832
0.146684
0.295092
2.1616
0.777359
0.145175
2.33527
3.67873
0.141864
1.67987
1.15198
0.132144
4.35918
1.05738
0.295261
4.32854
0.468968
0.261809
0.148772
15.5553
0.562606
20.4643
0.1346
0.775292
6.8246
6.20536
0.144236
1.5225
2.06108
1.03736
0.235405
0.274419
4.30439
0.180085
1.24988
0.120692
0.758851
0.224549
4.52807
0.344803
1.05032
1.41701
0.188897
1.13549
0.192008
0.85011
0.74605
14.3877
0.437419
0.119993
0.627985
2.14984
2.8443
4.47671
27.2006
0.164614
0.118761
0.143492
0.273755
3.66592
3.74841
0.290467
2.50515
19.8652
0.559369
0.352068
0.101385
0.222243
4.39648
1.11344
0.168902
0.280368
0.166009
0.103673
15.3338
0.248619
0.511769
0.530598
0.167034
0.783805
0.114823
0.506566
16.5381
1.4648
4.65943
0.929266
6.56662
0.363283
0.620307
0.475613
0.301365
0.496571
1.94998
5.75203
1.06322
0.372689
0.525646
0.285534
0.263502
0.240927
2.78297
1.79539
18.6613
0.501363
0.15389
2.43167
1.01919
0.11487
0.174278
0.284731
0.396159
0.137851
0.105844
9.24151
0.213277
0.215568
0.658365
3.49968
13.0397
0.37177
0.645305
6.74238
0.302731
0.679835
3.36338
26.3936
0.208948
0.32974
0.418215
0.133905
0.202354
0.149576
0.166821
0.134251
0.111211
1.20037
0.162719
0.141793
0.210413
2.31601
5.12094
0.19068
0.441785
0.231155
1.95242
0.393539
0.806819
1.82019
1.42626
0.776964
2.92414
4.97676
0.162443
0.638031
0.155841
4.00138
0.293349
0.675969
0.362253
0.491395
0.217691
6.23407
0.325642
1.08531
0.155769
5.65601
3.0702
0.116167
0.44126
1.11504
0.527127
0.395466
6.19015
0.603136
13.1971
0.251172
2.89265
0.250219
0.174415
0.130267
17.2413
0.212797
1.76726
0.111618
0.30951
7.15123
0.124202
1.25817
1.34853
0.485185
1.63159
4.02504
0.125431
4.31657
3.19891
0.487867
2.44286
0.117258
1.3567
7.13417
1.01241
2.06618
0.677901
1.77806
0.415085
0.538819
0.414699
10.1937
0.296179
0.213818
46.256
1.57953
0.169867
0.285378
0.116243
0.316769
9.40796
0.152831
0.399608
7.46958
5.37849
0.405075
1.92325
0.203977
0.845213
0.171876
0.39046
5.22181
0.32684
0.162268
2.20972
0.187294
1.46163
0.428776
3.86499
0.191564
0.435316
0.815725
2.07719
0.49949
0.22524
0.113949
5.97723
0.287149
0.110532
0.126674
0.116631
8.56264
0.542477
0.986497
0.241409
0.458613
0.205752
2.01192
0.116844
4.8462
0.243754
2.00385
0.169271
0.421087
1.25881
3.87276
3.06349
0.272548
0.220574
0.264961
0.395506
0.483373
25.4308
0.110888
0.312788
1.75924
3.81041
0.242446
1.51698
0.75052
0.31615
4.24391
1.41854
0.103853
0.153457
5.31175
0.507708
0.220386
0.180264
1.28429
0.665647
0.112351
0.195521
0.120671
0.21029
2.38663
2.02444
1.02794
2.43533
0.401942
0.979384
0.284416
0.408583
0.938055
4.73088
0.174568
5.60732
1.23308
0.104664
1.58568
0.266077
0.102276
0.286984
0.334291
0.137342
0.332411
0.155978
0.729508
3.46397
1.97289
5.81447
0.161985
0.587027
1.47455
1.3876
0.165096
0.129221
0.352706
0.627601
11.6851
0.430007
6.68254
2.01522
0.813657
8.65437
2.16447
18.4331
1.94085
0.146188
0.276764
0.893131
3.37835
0.449705
0.448391
0.151602
0.451931
6.98519
1.24726
5.77909
3.0203
2.97044
0.648531
0.375109
5.48666
3.33632
2.32164
0.138872
5.9179
1.12074
0.373801
0.335702
0.340816
2.35651
0.393133
0.879082
0.78571
0.111629
0.205671
0.482541
0.185555
0.205011
0.134738
0.278601
1.13855
1.14244
1.36504
0.945627
6.64345
0.571457
0.630412
0.204135
0.323531
0.22231
0.140698
4.3268
1.89976
0.528901
0.598669
0.729728
0.157286
0.156302
0.267288
2.39279
0.114454
0.154281
1.4329
1.75276
0.137941
2.33303
0.177459
0.191246
10.2342
1.16057
0.301139
0.14319
9.05968
3.87375
0.116465
0.728519
1.33412
3.36867
0.516124
7.44073
3.52141
0.150913
19.172
1.73555
0.194311
0.198301
0.145253
1.32318
0.246572
8.21128
0.113713
0.167572
0.823674
0.174334
0.347236
0.118809
8.21469
0.304163
0.459099
2.37346
0.118326
0.298063
0.161883
0.27737
0.652497
0.386804
0.210835
0.204459
2.89407
0.517242
4.59946
0.284719
13.5412
2.49249
0.135217
0.107889
0.243315
5.40842
0.627135
0.25269
2.69914
0.490128
0.147346
4.17002
11.0709
16.2002
1.78096
0.125856
0.157605
0.427682
0.540304
0.912566
10.5193
0.201316
7.21514
14.6562
0.932238
0.749005
0.265452
9.24533
0.92119
0.205768
0.119984
2.26217
0.371528
0.210801
4.48988
1.86768
0.795561
0.139706
0.562574
2.69965
0.600405
1.22934
0.821763
0.939813
0.653846
1.66361
0.488129
0.496128
1.67011
1.21581
10.1595
0.99787
0.10978
0.665776
13.323
0.62798
0.148816
0.231641
2.1667
0.186071
0.101128
0.103449
1.73689
0.17726
0.379696
3.13507
0.153651
0.1021
0.280607
0.962869
1.79398
0.368892
2.01084
0.782598
0.434677
0.891037
2.25461
0.566884
1.34317
3.27335
0.387299
0.225509
0.150685
0.381392
0.445722
0.598961
4.03419
0.157842
1.01537
13.2839
0.148957
6.17093
0.134442
0.105933
0.910021
7.7667
1.35938
1.06093
0.322278
0.853321
0.228814
0.319947
0.188861
0.757967
7.48447
2.28931
0.177179
19.1788
3.81924
0.143653
0.120925
0.527908
0.486248
1.44657
0.136121
1.98764
0.52671
1.14284
0.110094
0.143915
0.284438
0.154171
1.12789
0.351805
0.991368
1.2779
0.637182
0.480759
0.596308
0.106364
0.108794
0.895087
1.03651
1.04066
0.217266
0.242969
0.994486
0.412594
0.310246
0.238004
6.23733
0.861389
0.251103
0.295015
1.26989
0.283008
0.951696
3.6708
2.38327
0.115626
0.998551
0.155213
0.234974
2.49343
0.32381
0.139111
0.129199
1.3662
0.175354
0.785606
1.67298
6.95297
0.733504
0.161864
0.29341
0.923429
1.86705
1.10975
0.208825
0.452839
0.588901
1.0032
0.22649
0.121589
0.117883
1.18622
0.506527
13.9904
0.410537
0.31894
0.445863
2.95231
0.119413
0.493107
0.891383
0.385836
1.20695
0.868792
0.167815
0.128599
0.151622
1.7563
1.57691
0.111346
1.13536
1.50952
35.8292
0.598682
2.22816
0.182265
3.47047
2.67032
10.4482
2.6006
0.279456
0.108646
6.74163
0.526927
0.122486
0.479945
0.611646
1.80821
0.118
0.103744
9.32648
1.68785
13.0914
0.78079
6.38672
0.193391
9.19734
0.193187
0.659092
1.15284
2.65248
0.110908
0.895864
0.957096
0.133129
5.14875
0.118063
0.108861
0.102476
0.694148
4.0427
8.07585
0.266829
3.18861
2.45698
0.122081
0.42009
9.6622
2.16449
0.477806
1.7318
1.30643
0.390437
1.03477
7.02757
42.8263
0.105556
1.16056
1.53261
31.151
0.451475
0.534955
4.64108
0.364441
0.468489
0.393432
6.99478
0.229162
11.8904
1.39957
1.09676
3.18929
1.21628
15.9785
0.605495
3.56457
0.774655
11.7544
0.174296
0.317068
0.138283
0.750063
5.56369
1.67976
0.834214
6.09956
0.234759
1.4913
0.10515
2.67591
0.285275
0.410307
0.104643
1.50085
0.1666
49.765
0.678928
14.0728
0.305202
9.01406
0.295268
2.66278
0.567095
1.01912
0.214013
0.380567
5.46237
0.347699
0.703218
0.148928
0.33884
3.94142
0.190744
2.24198
0.142612
0.146659
0.159763
0.181051
0.115563
0.448318
1.29345
9.84748
7.8921
1.22067
1.45552
2.64116
0.412134
0.969891
1.8017
2.60556
0.120802
0.170093
0.165989
0.981248
3.77
1.71911
0.685243
0.885835
3.83256
0.577177
0.380532
2.56014
0.950327
0.11746
6.81949
3.33284
2.42029
0.213801
0.997288
1.0047
0.235047
0.526193
0.506066
0.225398
0.525613
0.126476
0.356589
0.241428
1.9917
8.50181
0.700539
1.32693
0.403536
0.263371
2.94365
0.764675
5.51261
2.49158
0.189875
1.24845
0.336246
0.257913
0.663369
1.7841
7.38893
0.347524
0.105293
0.35412
0.250346
0.236634
0.65635
0.224842
0.92316
0.389975
1.71618
0.4675
0.367153
0.228747
0.407225
0.619694
2.09454
0.173899
0.936202
15.9974
1.04529
0.757633
0.114246
0.436413
0.348259
0.791211
0.245235
0.235717
0.103935
3.04191
0.746856
0.146825
0.803925
0.678801
0.859457
0.810008
0.220085
6.89435
0.100178
10.5547
5.09999
0.100238
5.31179
0.313492
0.482697
0.257268
0.971405
0.313819
1.13568
0.274314
1.02926
1.26509
0.368499
1.3677
0.901417
0.363671
0.144956
0.230053
1.01386
1.84879
7.16952
5.93322
0.307024
0.190055
0.257467
0.91998
0.238844
0.455723
0.253892
0.132296
2.57146
4.83458
0.627039
0.235907
0.208045
1.05393
6.8552
0.354551
1.32195
0.174641
1.02742
0.632414
0.185763
0.257304
0.129586
0.374416
1.23885
0.155914
0.249569
0.18077
0.573499
0.359392
0.40626
9.79133
0.232507
0.435539
15.7333
0.636409
0.630495
0.110513
2.6586
0.703499
0.417181
0.231652
0.16135
0.192499
0.545336
0.252961
0.87631
5.16557
7.96914
0.215861
0.170401
1.24131
0.490159
2.21559
1.1617
6.49197
0.711131
0.242492
0.822405
10.1679
0.118869
6.59407
0.160252
0.356399
1.2983
0.14544
0.59661
0.164437
8.22612
1.86797
0.25134
1.64995
10.3376
4.29675
6.41468
0.104939
0.162938
1.95516
5.75835
6.4957
0.996035
0.216479
1.93137
2.11384
3.19686
0.123175
0.108214
0.649566
5.58059
0.801482
0.117196
0.108937
0.201899
1.81046
3.50546
0.363305
10.388
4.43427
0.148926
0.179496
0.111442
11.1734
0.251856
1.16901
0.397457
0.421886
1.92423
0.220364
3.15352
0.323806
2.20387
0.11222
0.523166
0.113548
0.110087
0.153543
0.17158
0.377638
0.145289
6.62174
11.5783
4.05137
0.532031
0.162822
0.507988
1.13249
1.23455
0.223058
0.149294
0.15361
0.643053
0.251152
8.071
0.527671
1.09885
5.29154
0.412806
0.540752
0.420409
0.120371
0.112689
0.171882
0.349719
0.459304
4.96092
0.253229
0.138497
7.89146
0.728801
0.407235
0.163953
0.128508
9.09695
0.806184
7.35067
0.740855
1.31506
0.105049
0.20151
0.616843
5.64793
0.493956
0.534317
0.105265
0.17547
2.61448
0.304402
0.256341
0.475139
0.960569
3.56088
1.57044
0.123738
2.08588
1.05844
0.602793
0.130859
3.51854
0.353437
1.80911
2.26933
1.21829
0.569039
0.136828
0.877912
0.120758
0.495886
0.331844
0.319603
0.135074
0.202579
1.57891
1.41455
0.763812
0.228925
0.15281
1.09283
1.93116
3.39772
1.12815
0.107137
0.29027
1.15756
0.154394
3.93085
5.68257
1.05174
0.145151
3.93986
0.325737
0.673102
0.558546
0.118597
0.477124
20.2081
2.87298
4.54286
0.359155
0.176373
0.307185
1.19131
0.600195
0.17424
2.13894
0.349445
0.147448
16.0967
0.376735
0.174886
5.12707
0.281894
0.631912
1.28281
0.2454
0.881556
0.295782
2.82718
0.445051
2.84855
3.75733
0.361736
0.149337
0.296593
1.73881
0.224975
1.4291
0.150146
1.18363
1.26198
0.101327
0.930876
0.708454
0.278501
1.53716
1.40865
0.941768
0.106953
1.41207
0.114195
5.65001
4.36566
0.707489
1.48728
0.30425
0.214882
0.514871
1.40972
1.01478
0.304887
0.146677
0.133076
0.166118
0.16974
0.851483
1.32314
5.14785
0.427796
0.149048
0.593465
20.8898
0.284056
1.18578
0.143795
0.183634
0.101144
1.01443
2.26586
0.177412
0.888067
1.41308
0.338061
0.110706
0.320432
0.134973
0.174121
0.140486
5.13185
0.74411
0.363793
3.32571
0.120321
1.64958
0.585346
0.540759
0.342915
0.153143
12.5241
0.378524
0.570581
0.283795
0.570478
2.77701
0.19324
0.709495
11.3052
23.0204
0.888856
0.10362
0.198437
3.88907
0.151406
0.13351
1.15254
0.124898
1.21235
0.321592
2.88885
0.600363
0.482053
3.8524
2.6008
0.221224
0.434328
0.111766
8.62653
0.248242
0.251111
0.180106
0.424523
0.237913
0.470531
0.205283
0.636345
0.176132
0.154622
0.784883
1.55902
0.157953
0.897662
1.88403
0.703434
0.173169
5.56709
0.182655
0.151887
0.92379
0.418429
0.437058
0.401468
0.127919
0.142153
0.898877
11.6279
4.0101
2.31354
1.06352
0.182154
0.617502
0.239468
0.146598
3.34723
0.260587
0.110065
0.317606
0.909793
0.318869
8.40348
0.321704
0.33949
0.389498
7.37417
0.778333
0.5775
0.234377
0.402453
0.152627
0.270591
18.6887
0.792576
46.9469
0.265457
0.275303
2.48301
0.258985
14.1259
0.252532
4.76476
0.30093
0.105311
0.336498
0.314351
6.63772
0.133582
0.762463
2.2984
0.202898
0.122709
0.195743
0.34667
0.831047
1.9554
0.212287
0.602088
0.233037
1.06074
0.23283
0.211391
0.994965
42.6369
0.363311
16.726
0.456646
0.94336
24.0888
0.127443
0.265652
0.227612
0.249234
0.53077
0.412539
7.26467
0.354251
0.183289
3.09407
1.69014
0.837719
0.552963
0.58469
2.74274
0.137685
3.65761
18.9175
0.350125
7.23296
3.69157
0.151099
22.1261
0.15463
5.35167
1.81389
0.514285
5.88063
2.62843
1.31537
4.00161
0.238961
3.76032
0.159326
1.04617
1.7182
14.9422
0.506262
0.365047
3.94223
4.02966
0.232596
0.30053
0.151397
3.29337
0.19321
0.105671
0.176153
0.533624
6.14415
0.838395
0.317994
4.49798
0.300052
9.86144
0.928517
0.11865
0.227075
0.133985
5.98659
0.589608
0.898449
0.230359
18.163
1.60098
0.125857
0.299713
0.755836
0.61422
0.423872
17.9826
2.58947
0.185073
1.55481
0.191741
0.445423
2.39641
9.06167
0.172944
0.201115
0.268308
0.332886
0.471461
9.73783
0.382476
1.51678
10.6603
5.44965
0.244349
0.728713
0.124581
0.256749
2.25758
0.152235
0.212346
4.00902
0.675338
0.283615
0.398272
0.275387
3.68031
30.373
0.557947
3.04102
5.28499
4.47294
0.145186
0.15456
1.32328
0.530057
0.252294
1.23472
1.26222
0.14596
0.759332
0.320882
0.345555
2.07785
0.26083
0.42918
0.824788
0.282688
0.235817
0.485555
0.156717
0.427592
1.74846
0.612113
0.258983
0.314097
0.106953
2.02715
0.398458
0.237874
1.16118
0.28517
1.17245
0.260837
2.79281
1.50227
17.838
0.937113
0.332239
0.569827
4.02998
0.160138
1.40369
0.144874
1.6696
0.139211
0.386871
0.398653
0.850083
0.373661
4.54734
0.135064
0.194393
0.346818
0.100977
0.80781
0.295531
1.31411
0.188023
0.687978
1.37321
1.37244
0.255521
0.52968
0.275089
1.75274
0.387741
0.271507
0.217319
0.154962
0.367583
0.115315
0.47462
6.22699
0.222094
0.126034
0.334752
4.54892
0.459613
0.650906
0.194122
6.61852
1.03171
0.339949
0.152072
0.273645
0.196435
0.171684
6.28992
0.945594
0.118153
0.549257
0.248454
23.9096
0.52611
2.03958
0.156286
3.36407
5.80973
0.235847
0.130218
4.0231
1.19072
0.927284
2.95534
13.7754
0.11321
0.354394
0.332059
0.409829
0.143223
0.631225
0.13982
0.379186
1.01818
0.334097
0.219739
0.357253
0.68912
0.42941
6.42423
2.31906
1.07064
44.5928
1.29469
0.227417
0.611195
0.141758
16.8048
0.6766
0.151476
1.17124
4.16503
1.53641
1.52636
0.109106
1.86931
8.48868
2.22901
0.148206
0.506674
0.10422
1.35901
0.562935
8.10978
0.106109
2.60956
0.254046
0.850678
0.405219
0.283795
0.398038
2.74814
19.2615
0.675871
0.135363
0.37806
0.243329
12.984
9.01532
0.123973
1.66935
0.953012
0.174513
0.31354
0.279896
8.34752
0.112729
1.50302
0.332427
0.208518
0.122311
0.31772
0.173252
1.83414
0.54454
0.26975
0.483634
9.26743
2.7467
2.19209
0.223838
2.62214
0.230985
0.906826
0.65348
0.240554
0.121807
0.132317
0.162044
0.232541
0.248598
0.7258
6.04832
2.51253
1.98492
7.20105
0.102101
0.273659
6.08644
0.157954
22.0681
0.326699
0.930928
0.241278
0.162042
0.116199
7.87525
0.362363
1.78036
1.02288
1.98118
0.677591
0.299342
1.58851
1.52858
0.75555
0.123894
0.192717
1.78331
0.968315
8.98949
0.407901
0.804148
0.286621
0.315731
0.1875
0.459054
4.56655
0.685228
3.94861
0.10318
22.2497
2.08261
2.93169
4.72071
1.22579
1.78581
0.817224
4.11547
0.281097
2.70521
0.715924
0.130644
0.779393
0.933777
12.1266
0.14917
0.903611
0.234462
0.630255
7.93671
0.427373
1.07611
0.133727
0.131184
0.261441
3.1836
0.926963
0.621095
0.356442
0.155742
4.21546
0.21772
1.93602
0.142161
0.547228
0.312387
2.95552
0.143717
0.363531
0.170706
8.14255
3.58761
0.447589
0.110259
0.416232
1.89933
0.290069
0.114171
0.230504
0.377774
0.324245
1.99371
0.809797
0.222596
0.289751
2.20768
0.662083
0.319011
0.30602
0.516621
0.53122
0.351406
0.964633
0.394195
0.13043
4.86248
0.142979
5.6242
11.3121
7.05888
1.152
0.124197
0.291896
0.121614
0.360291
0.154447
1.93699
3.01138
0.963249
8.73859
0.268484
17.0004
1.18709
0.887547
1.00527
1.48219
1.75535
4.44608
2.13597
3.78159
0.535375
16.5365
0.461536
0.101635
0.490417
0.529893
0.504579
0.579721
0.233853
4.14392
0.328915
0.251403
1.18047
0.499178
3.56878
0.306505
2.25213
4.37404
0.423057
0.132979
0.388309
1.79128
0.102741
1.68925
7.15529
0.140097
0.810272
0.772136
0.132496
19.7885
0.858899
0.858878
0.392949
1.71291
2.88834
7.39276
10.5005
0.1205
9.31736
0.169019
3.25021
0.149598
0.159065
0.328562
2.84251
0.977143
0.229298
0.40025
0.189982
0.391518
0.399006
1.96538
1.04295
1.31252
0.15763
0.23752
2.00495
0.103119
0.795344
0.723926
1.50185
0.643569
0.509133
0.471625
0.403449
0.49272
0.255525
5.46568
0.559336
0.688836
0.119395
0.230264
11.6134
1.12139
0.215183
0.870648
1.87522
0.325362
0.511304
3.92661
1.01557
6.12297
1.22663
0.255872
4.62644
1.02691
11.5651
15.7877
0.28697
0.147023
2.59114
0.191584
1.43295
0.47545
3.81601
0.194584
0.750993
0.11653
0.194116
0.390001
4.10291
4.31162
1.72172
2.73912
0.271533
0.139202
0.493273
9.37796
0.43757
0.149615
0.630036
0.208548
1.1435
2.10337
0.230675
2.55355
0.161905
2.10032
0.104492
5.93184
0.113695
0.201194
1.30512
1.88415
3.91159
0.329858
1.85542
0.983667
6.161
0.402568
0.214962
0.113053
0.15542
0.104646
0.441552
0.300038
1.29979
0.462793
0.861261
0.350019
1.3018
0.229646
0.535753
0.861505
0.266185
0.294202
0.241779
0.826283
0.869602
4.129
1.18315
0.107759
2.03734
0.119174
0.309321
4.71318
0.203174
0.269753
1.53453
4.94798
1.87775
0.23455
0.231128
10.1459
1.46108
0.134311
1.71876
0.191292
4.94304
0.773804
3.18632
0.927364
2.51391
0.305048
0.35814
0.29572
0.159455
2.44255
3.69649
0.100572
5.599
0.132387
0.9362
5.41879
0.234849
1.91053
2.35478
0.987808
0.187792
0.156321
1.05987
0.942655
3.08349
0.12267
7.03388
0.269092
1.59377
0.328407
0.186754
0.473716
0.567358
0.50478
0.56384
0.232646
0.422864
0.280379
0.349894
0.359452
3.56
0.893222
1.34207
7.2076
6.42003
0.909267
0.207838
0.22241
0.797302
0.153622
0.265392
0.449931
0.205957
3.34159
4.16772
0.125759
1.28069
0.106173
1.03695
0.198781
0.329343
0.479919
0.194278
0.265137
0.118635
0.120842
1.61841
1.76249
0.172671
0.849419
0.125372
2.9911
0.836638
3.35237
0.124645
14.579
1.08938
0.759606
0.286492
0.600074
4.09127
0.215858
3.77381
1.19847
0.284017
1.04859
0.176578
38.9896
0.235982
1.03026
0.542182
0.370603
1.28163
0.287541
0.368416
2.59516
0.161183
1.23026
7.49271
2.55671
0.123559
0.822411
1.59606
0.606956
0.266885
1.08422
0.27652
0.200933
2.95536
0.614832
0.47186
2.58222
0.151217
4.627
2.2903
0.843578
0.80198
0.220587
0.338115
7.02111
1.18681
1.75257
6.3042
4.13501
0.989023
0.357208
0.455542
0.766511
2.88941
0.531424
2.06139
0.122126
4.20892
0.41822
1.39175
0.122598
5.38474
0.880289
8.50452
3.17469
0.853717
1.14366
0.912318
6.15444
0.242068
0.537849
12.7359
0.162388
0.531135
0.224389
0.662992
0.334095
0.105991
0.901816
0.324868
2.27004
0.198589
0.188259
0.127658
0.464768
0.321814
0.297354
0.7802
0.688955
0.109921
0.123458
0.29222
0.122794
0.314666
0.705404
0.368648
0.149976
6.76819
0.215677
0.274825
0.107833
9.11097
0.322558
1.91222
0.167104
0.33264
0.14854
0.688122
0.317889
0.235305
3.57418
18.9315
0.285719
3.089
1.65799
0.770878
4.25503
1.2514
0.641296
11.8111
0.147442
0.177292
0.104828
0.554195
0.859423
0.73056
0.216132
0.494732
4.18936
0.105477
1.41476
0.671476
0.135543
0.113528
0.143125
0.778142
0.337472
0.856924
0.274235
1.01477
0.139834
2.01494
1.18161
0.10849
0.393714
0.108348
0.470704
3.53469
0.188544
1.62868
1.11516
15.3273
0.337723
1.08679
0.373884
0.110074
0.211789
1.39057
0.541639
0.220196
1.44904
0.417413
0.615673
0.27649
1.68794
0.326249
3.93155
0.924367
0.773823
4.54186
2.85084
0.135191
4.47868
0.350276
0.565603
8.24083
0.313908
0.218883
27.0629
0.205323
12.5007
15.8392
0.21883
1.18884
0.113384
0.594827
0.328954
7.47103
8.92572
2.94821
0.819902
0.106308
0.49204
5.27019
1.05405
2.01281
0.247056
0.206701
0.247565
2.84635
5.27903
1.38967
2.32709
0.97802
0.527538
0.242457
0.348988
0.328347
0.497589
1.36843
0.10583
0.298506
4.45988
30.4747
0.180227
0.14267
0.115692
5.63743
2.629
16.687
0.89294
0.115212
0.357184
0.110247
0.607066
3.40959
0.300577
1.21041
0.621014
4.90521
0.261261
0.139205
0.144627
0.425277
0.122132
1.61216
10.384
11.5805
0.319329
0.354166
5.40556
11.4778
0.620113
0.20091
1.42027
1.04628
0.111459
0.468973
0.123392
3.79389
0.759616
0.342443
0.207772
0.277631
0.622906
0.528785
0.522717
0.43463
0.101111
1.58437
2.02667
0.223142
19.6649
0.216178
0.297228
1.05457
0.25435
4.20692
0.322986
28.7375
10.7389
1.49613
0.113316
0.153285
0.217321
0.125936
0.346945
0.111601
0.5481
0.179311
0.964353
18.3981
0.112249
8.39991
0.179571
7.67155
1.10478
0.242034
0.361589
12.2856
0.316272
0.139713
4.64996
0.249047
0.543468
11.6873
7.82067
0.10207
6.32388
1.5626
0.504017
0.265851
0.333609
3.5921
4.15023
0.197488
1.0106
0.296355
0.342349
5.28751
0.882075
4.62188
1.8714
3.11824
0.586837
0.258934
1.25257
0.121884
6.20306
0.24729
0.266512
0.301612
1.45953
3.18687
0.938667
39.8286
1.70903
1.79655
1.57022
0.15941
0.755303
0.798744
0.844104
0.286557
0.949159
2.24262
0.136162
0.175281
4.07575
5.85718
0.338052
0.129829
0.357513
0.134227
0.690914
0.576019
0.428732
0.694176
1.39101
3.80768
0.420333
0.560721
0.340992
0.708039
1.56625
0.104626
0.222723
0.105249
1.53746
4.59658
0.121512
1.76426
0.599578
0.118929
0.145943
0.125626
21.4808
0.701048
0.53321
0.768466
0.237425
2.14877
3.34205
0.182224
0.107958
2.93145
0.185573
3.60306
0.206397
0.419259
1.10756
22.438
0.145405
5.84584
0.231067
1.00562
1.43338
2.0522
0.429683
2.62588
15.6827
0.685207
0.217011
0.930621
0.677672
6.93022
0.232903
0.129375
0.396205
0.113934
33.0401
0.256831
0.663986
1.24617
0.487779
1.00577
0.153997
4.41872
0.327697
0.114006
0.129826
1.68971
0.202117
3.37545
10.9342
0.772803
0.38403
0.229953
3.45266
0.125026
0.333072
0.437875
2.21584
1.51634
3.48983
3.59062
0.731744
1.25436
3.56628
0.338319
0.558643
1.69864
0.617346
0.48935
3.59872
0.208163
0.641764
2.5819
0.878812
0.465611
0.188725
0.238918
0.360072
2.38277
0.264015
1.54591
2.71732
2.48832
0.129058
0.118398
0.224021
0.119291
7.97137
3.7001
0.726961
0.10135
0.156859
2.66338
0.580742
0.472422
2.28264
0.87358
0.978081
0.107636
3.64694
0.18953
3.70647
0.918549
6.78666
6.5822
10.5907
0.99687
0.721325
0.263461
0.308095
0.336103
0.313093
1.43233
0.418042
3.32002
0.361275
1.11473
0.174034
0.684873
1.30444
7.37587
0.593093
1.50081
2.59274
0.12656
1.98768
0.241723
2.0224
0.470297
0.856685
1.74579
0.420192
2.59095
0.161021
1.2771
9.97066
0.487614
0.956146
0.525949
0.394104
0.156505
0.278408
0.404584
2.46639
2.19391
1.44245
0.687849
0.708151
0.5312
5.38701
0.773666
7.44589
0.145527
2.20721
0.819432
0.14733
0.106274
7.06396
0.221385
0.135729
0.835602
0.555566
0.308457
9.58512
0.14384
7.25913
0.337324
1.92228
1.04801
2.40426
0.172573
0.268878
1.1729
0.305703
8.22497
0.296645
1.17418
1.90396
8.69629
0.16158
0.180994
0.230779
0.555087
31.2349
0.343821
0.327492
6.91358
2.83778
1.13316
1.2997
0.172231
3.61341
1.22934
0.250753
0.212244
10.8734
0.569028
2.03303
1.41453
1.14193
0.372126
0.619644
0.657742
0.767614
0.184046
12.7415
0.250048
5.84453
0.551303
0.129445
3.09071
2.21901
0.168689
2.08538
0.140395
0.166462
2.95664
2.69016
8.82183
0.130566
1.03492
11.9568
0.187555
0.261671
1.01728
2.99544
0.208961
0.804612
0.10339
0.244184
1.24939
0.380191
0.227094
0.158588
0.482603
4.81724
0.30248
2.03303
7.11295
4.22168
0.218202
0.728582
0.669802
0.715809
0.129024
0.315412
0.733011
0.900401
0.679003
0.167081
21.4334
1.1285
1.11882
0.283382
6.44549
0.135063
0.852413
0.392011
0.120152
0.652732
0.193549
2.928
14.1006
5.36545
0.141295
0.552097
0.756984
0.232681
1.80873
0.106713
0.222994
0.110436
1.23907
1.62732
0.386913
0.208819
5.04417
0.141553
0.244084
0.735885
3.61656
0.135508
1.05914
10.8762
2.78064
0.331146
1.41906
0.280521
0.106273
31.3938
0.168138
0.102964
1.22052
0.269605
0.487582
0.704755
0.158172
3.51933
1.39352
24.7759
0.195311
0.476674
3.88983
0.413521
3.94236
0.621085
1.34011
0.602534
0.984269
5.02677
0.439891
0.128238
0.389642
0.128711
0.265863
2.47351
0.167537
0.149786
0.725128
0.148222
0.467683
2.74188
0.12079
1.37697
0.673358
0.222316
0.230501
0.171407
0.677006
0.241493
0.132027
0.337194
0.418654
0.154056
22.9556
0.390671
0.776955
0.112547
0.43164
4.83815
0.602864
0.930406
0.947458
2.03066
0.250157
0.269395
0.111006
0.112673
0.191381
0.917152
0.192487
0.440576
0.193148
0.171319
5.69159
0.211667
2.57111
0.338119
0.210554
0.467934
0.209332
0.153795
0.721344
0.823199
0.212662
0.965491
1.90365
0.368557
0.146719
1.80728
0.661522
0.190081
0.696988
0.16287
0.871461
0.178552
0.511758
1.73911
0.258233
2.03223
3.10457
1.4701
1.21228
1.05211
6.65072
0.104492
0.207059
0.118289
0.679962
5.56101
8.38886
0.584241
0.618727
0.84963
7.93657
0.254793
0.100731
0.106624
0.122929
0.30998
0.227435
0.162848
0.377215
8.08292
1.21508
0.586407
0.111769
28.4822
12.3316
0.131553
1.19105
0.334779
0.313739
0.139788
0.19559
3.58055
1.25721
12.1615
1.60325
0.360368
0.138814
1.89581
0.205136
6.24206
0.189369
0.909655
2.23329
0.207815
0.36277
9.49409
0.197945
0.257055
18.5171
0.216097
0.741729
2.52789
0.135237
0.586144
0.175761
0.122461
0.572865
