0.345104 
0.447529 
0.0569382 
0.3143 
0.742199 
0.888456 
0.308844 
0.586606 
0.186896 
0.858496 
0.985092 
0.408826 
0.313608 
0.497374 
0.452874 
0.523039 
0.270327 
0.387253 
0.651252 
0.37174 
0.442625 
0.484165 
0.348236 
0.986776 
0.668806 
0.322662 
0.651335 
0.490181 
0.206412 
0.195678 
0.0852502 
0.613168 
0.76154 
0.424683 
0.5842 
0.0712965 
0.644081 
0.530223 
0.227017 
0.551705 
0.251527 
0.332354 
0.242706 
0.180867 
0.401425 
0.157123 
0.316366 
0.507276 
0.336358 
0.178035 
0.229365 
0.437591 
0.668611 
0.671977 
0.392416 
0.440986 
0.338299 
0.945779 
0.844795 
0.919077 
-0.672288 
0.0597394 
0.242037 
0.395658 
0.705801 
0.609702 
0.201313 
0.155593 
0.618873 
0.39683 
0.539471 
0.255146 
0.688967 
0.382603 
0.305075 
0.394291 
0.277342 
0.653763 
0.637621 
0.3889 
0.453996 
0.525041 
-0.132882 
0.426087 
