-306.896
-289.969
-179.067
5.29251
-62.2914
-288.137
-230.116
-103.418
-97.4243
-83.0766
-79.0316
34.1317
115.631
180.974
220.668
229.053
272.763
276.185
280.07
285.816
306.189
334.898
349.051
304.439
-183.383
136.018
-212.346
-142.166
-126.008
-119.814
-91.3947
-55.8298
-54.9255
-51.5841
-49.6746
-6.77063
1.9003
31.3542
34.0319
102.882
148.69
168.372
175.34
271.715
281.37
-291.005
-183.683
-141.295
-108.407
-56.03
-25.4689
97.9023
153.451
172.352
192.503
219.004
271.893
-59.8516
331.229
-36.118
-295.901
-269.558
-226.145
-206.06
-193.599
-134.16
-131.223
-45.4697
27.9024
86.8398
108.162
109.446
118.881
142.979
153.255
178.225
204.734
213.288
257.31
275.808
337.131
-213.518
-301.339
-125.772
