0.122571
0.260309
0.420472
0.157019
0.303701
0.481631
0.147744
0.192994
0.124004
3.06733
11.1833
0.142927
0.102928
0.200037
0.118198
0.37954
0.101533
0.156262
0.987603
0.116118
0.177245
0.360448
0.12677
4.34404
0.270452
0.206126
0.231161
0.138673
0.191916
0.121023
0.164655
0.204745
1.53549
0.145849
1.52031
0.105381
0.265181
0.265428
0.121199
0.232209
0.128816
0.140226
0.14825
0.164115
0.442787
0.219784
0.443985
0.366705
0.107017
0.19222
0.243683
0.149929
0.511991
0.291572
0.56263
0.187489
0.117749
1.19431
0.938978
0.255419
0.138809
0.417494
0.436078
0.281489
0.217921
0.263367
0.19862
0.208806
0.783988
0.225618
0.285468
0.120508
0.579098
0.264793
0.133439
0.102302
0.152883
1.0571
0.526417
0.146989
0.27311
0.213713
0.333242
0.222214
