0.254963 
0.671244 
0.519001 
0.538689 
0.597101 
0.546794 
0.653893 
0.479856 
0.382615 
0.372944 
0.345404 
0.36661 
0.299391 
0.54456 
0.35405 
0.415113 
0.312799 
0.842687 
-0.379238 
0.0989252 
-0.176778 
-0.404871 
-0.413211 
-0.816452 
0.152158 
0.418961 
0.512534 
0.411675 
0.842096 
0.270449 
0.665476 
0.471677 
0.369622 
0.834734 
0.298935 
0.389348 
0.481205 
0.484277 
0.445735 
0.744639 
0.73351 
0.079207 
0.519441 
0.450161 
0.458772 
0.701398 
0.227624 
0.748801 
0.550164 
0.307129 
0.478725 
0.267726 
0.498607 
0.382358 
0.758762 
0.511405 
0.240751 
0.721352 
0.296222 
0.382634 
0.341946 
0.291446 
0.579286 
0.848752 
0.346972 
0.336761 
0.724182 
0.315555 
0.284774 
0.439969 
0.663186 
0.38734 
0.481443 
0.980564 
0.515686 
-0.149808 
0.273035 
0.998067 
-0.0560894 
0.951545 
0.295152 
0.579925 
0.468539 
0.209483 
0.467106 
0.594021 
0.508388 
0.350287 
0.519835 
0.690227 
0.395609 
0.526228 
0.412792 
0.317795 
0.691487 
0.705014 
0.535394 
0.401005 
0.547501 
0.367504 
0.389089 
0.745505 
0.305748 
0.369513 
0.389218 
0.869515 
-0.439351 
-0.607105 
0.285579 
0.737924 
0.573243 
0.413789 
0.357508 
0.488429 
0.406475 
0.784905 
0.382983 
0.357484 
0.916842 
-0.162811 
0.961863 
0.50255 
0.321189 
0.244077 
0.300366 
0.514062 
0.561538 
0.29543 
0.466001 
0.481449 
0.623588 
0.399494 
0.274425 
0.996629 
0.85352 
-0.552964 
0.000125044 
0.440219 
0.419604 
0.521679 
0.151322 
0.37356 
0.576809 
0.657926 
0.383492 
0.430528 
0.560723 
0.843945 
0.482545 
0.427876 
0.343937 
0.236386 
0.302356 
0.384395 
0.342576 
0.746683 
0.322183 
0.370081 
0.568468 
0.350339 
0.6588 
0.427407 
0.518357 
0.28208 
0.348335 
0.24931 
0.336806 
0.35381 
0.558286 
0.287483 
0.454536 
0.52115 
0.275894 
0.835771 
0.399499 
0.471334 
0.228528 
0.511716 
0.318896 
0.521089 
0.44352 
0.997651 
0.36129 
0.476783 
0.267371 
0.252338 
0.350059 
0.737778 
0.58735 
0.470369 
0.391535 
0.316402 
0.383503 
0.413861 
0.62377 
0.604683 
0.315823 
0.483227 
0.298889 
0.28063 
0.427433 
0.431682 
0.588785 
0.456647 
0.508694 
0.930169 
0.0325568 
0.587581 
-0.408291 
-0.525834 
0.827372 
0.431389 
0.626572 
0.444902 
0.329161 
0.864941 
0.245537 
0.496716 
0.30247 
0.435465 
0.737163 
0.676876 
0.256723 
0.562353 
0.374655 
0.729974 
0.159152 
0.324763 
0.535796 
0.446791 
0.311142 
0.283741 
0.433533 
0.583935 
0.364607 
0.767816 
0.32292 
0.306173 
0.309572 
0.745828 
0.31367 
0.46747 
0.487096 
0.279467 
0.404758 
0.271115 
0.442011 
0.339704 
0.374725 
0.368366 
0.605049 
0.409435 
0.324684 
0.427046 
0.970893 
0.639905 
0.677728 
0.256482 
0.572373 
0.391205 
0.488692 
0.354608 
0.292831 
0.443806 
0.300484 
0.372264 
0.712774 
0.310823 
0.389949 
0.644108 
0.340795 
0.53547 
0.299351 
0.633075 
0.357754 
0.844342 
0.658642 
0.685672 
0.515949 
0.220693 
0.283149 
0.363781 
0.752657 
0.380651 
0.677381 
-0.0864907 
0.167809 
0.352065 
0.453029 
0.558908 
0.536288 
0.572382 
0.776297 
0.353104 
0.621074 
0.426918 
0.884693 
0.344251 
0.441647 
0.868946 
0.996095 
0.896524 
0.40637 
0.794203 
0.471183 
0.327975 
0.332769 
0.284052 
0.395041 
0.325401 
0.804923 
0.349929 
0.291128 
0.303082 
0.314735 
0.324945 
0.346375 
0.980225 
0.207523 
0.294844 
0.333261 
0.387743 
0.33921 
0.457636 
0.347172 
0.297729 
0.413524 
0.529008 
0.564578 
