0.293811
1.18773
0.372223
0.277805
0.553201
0.282971
0.818496
0.235925
0.180263
0.140848
0.11969
0.14815
0.10346
0.41975
0.153515
0.22932
0.108097
0.995737
0.155279
0.345955
0.133758
0.167398
0.240752
1.10698
0.269148
0.126331
0.233379
0.12687
1.57905
0.160276
1.08789
0.20707
0.183586
2.13476
0.12619
0.184308
0.298528
0.296759
0.284042
1.2138
0.385516
0.115424
0.11548
0.13158
0.283003
1.05684
0.251318
0.927941
0.246565
0.259379
0.242132
0.183517
0.411606
0.177814
1.74959
0.29393
0.117572
1.19554
0.130889
0.177932
0.123577
0.142931
0.593068
1.83656
0.136652
0.105185
0.875649
0.171681
0.118514
0.261275
0.686039
0.154167
0.337679
1.64057
0.228412
0.115252
0.312382
14.1993
0.107142
1.21854
0.17515
0.621632
0.11259
0.115339
0.262038
0.476873
0.324976
0.124757
0.337862
0.753582
0.202824
0.3606
0.173832
0.106817
0.895393
0.928895
0.646735
0.127823
0.494516
0.125747
0.13007
1.19943
0.103723
0.186233
0.165579
1.07125
0.10106
0.174903
0.209937
1.11245
0.602794
0.18961
0.151017
0.262523
0.130006
1.3322
0.122192
0.109465
0.181044
0.507592
0.293697
0.10321
0.153328
0.102752
0.149347
0.201805
0.37244
0.104176
0.301121
0.261349
0.475459
0.221711
0.108804
13.7023
1.30593
0.100454
0.328138
0.115744
0.104217
0.445638
0.211915
0.157756
0.51865
0.15241
0.152117
0.358687
0.774876
1.50344
0.402858
0.139691
0.155969
0.127659
0.135531
0.214057
0.107222
1.28451
0.143966
0.100594
0.10934
0.300231
0.896444
0.154905
0.37663
0.154603
0.106527
0.115041
0.106409
0.139992
0.400992
0.114131
0.227991
0.279518
0.128667
1.94957
0.125926
0.156272
0.14126
0.172237
0.257781
0.396523
0.171607
18.4934
0.396074
0.141708
0.218528
0.109342
0.306807
0.626353
0.539117
0.169837
0.169986
0.127107
0.180289
0.190134
0.614081
0.528991
0.108079
0.303869
0.106436
0.125145
0.138722
0.140212
0.410692
0.352195
0.336923
0.614172
0.217841
0.158464
0.177861
0.1217
1.22895
0.318419
1.07266
0.219724
0.145292
3.39705
0.103862
0.320139
0.111068
0.300493
1.41741
0.565414
0.151837
0.37957
0.1729
0.746235
0.116817
0.102084
0.537155
0.171577
0.156842
0.130625
0.19717
0.489256
0.143693
1.39968
0.124335
0.108894
0.12055
0.255508
0.235765
0.297109
0.248942
0.113849
0.127232
0.109926
0.188022
0.12322
0.18239
0.151303
0.548876
0.207659
0.115346
0.288089
0.233751
0.697856
1.37117
0.108081
0.464915
0.172908
0.415941
0.182051
0.125556
0.200411
0.120488
0.159138
0.988509
0.142769
0.225464
0.80837
0.124988
0.473386
0.116711
0.640312
0.117176
2.99502
0.136313
0.112389
0.281527
0.123418
0.109902
0.222935
0.267827
0.124931
0.191153
0.133174
0.13807
0.104146
0.159915
0.15019
0.279673
0.752206
0.999812
0.110486
0.771501
0.25752
4.6788
0.149301
0.245197
2.9171
75.7035
0.471993
0.165122
1.56376
0.230058
0.104974
0.189349
0.120112
0.154386
0.109313
1.52222
0.103436
0.106001
0.110442
0.166211
0.151017
0.12461
0.859293
0.209637
0.213045
0.125656
0.108347
0.267206
0.268633
0.117812
0.167081
0.29411
0.329419
0.530149
