-232.672
-231.124
-215.832
-189.321
-112.118
-57.0182
14.8371
16.7578
89.8345
100.333
102.496
113.225
123.888
178.228
206.182
241.39
248.488
211.64
-229.27
-248.888
-216.843
-238.726
-248.79
-249.287
-216.976
-166.858
-163.431
-159.162
-154.152
-148.439
-130.31
-85.9686
-66.0036
16.988
18.9053
74.682
125.908
186.062
211.642
247.431
-200.008
-197.426
-170.59
-167.33
-158.213
-155.456
-118.494
-90.9053
-77.3592
-48.8028
-26.4953
-14.7745
10.6283
25.4616
33.7964
34.0689
71.8257
142.937
200.213
218.851
220.269
-129.128
-96.0362
-85.6337
-12.3877
43.5704
59.3407
59.4425
123.545
147.497
211.606
213.791
233.12
38.7792
-117.216
-249.067
-221.299
-207.502
-202.065
-197.966
-167.54
-161.622
-148.408
-145.896
-79.3349
-69.8587
-41.4998
-23.4975
68.5484
83.3336
153.115
237.456
-178.953
-142.15
-127.415
-86.5074
-75.598
-57.1294
-5.15257
0.547816
5.43868
28.4405
52.0409
129.899
139.167
235.173
-241.392
-249.975
-122.066
-91.0943
-31.6738
23.0817
38.9832
72.3596
88.0132
151.306
221.219
246.446
181.233
-210.642
-208.609
-125.474
-76.441
-60.3907
-53.7321
-3.08889
70.7199
90.6293
110.304
132.438
143.901
144.077
161.731
184.407
80.4025
-3.95167
-249.75
-208.183
-147.21
-89.7974
-176.839
-167.812
-236.187
-233.979
-213.839
-204.259
-137.011
-88.9588
-81.8938
-42.4436
-37.103
-32.0148
83.8952
90.6644
155.685
179.877
232.918
93.3005
-237.768
-226.354
-175.041
-153.493
-152.075
-131.154
-96.8205
-69.8572
-25.7007
-24.8154
-21.8743
-14.6379
58.3721
68.4956
73.4143
103.344
108.889
196.574
208.389
211.042
211.22
216.479
233.046
3.06963
6.81335
-235.879
-219.542
-135.153
-112.106
-111.625
-109.695
-42.9246
-34.9683
-27.4781
-26.459
-14.8007
2.14058
4.8228
9.22678
38.6445
73.8541
93.9039
143.688
144.46
147.944
167.026
7.74914
127.85
139.316
-198.725
-247.081
-190.39
-230.588
-214.077
-207.113
-143.003
-116.229
-72.2801
-41.8126
42.7666
170.538
171.084
198.812
93.8055
-212.129
-199.528
-159.137
-99.74
-90.4315
-59.1684
23.4268
24.507
43.8845
56.902
86.1541
107.313
120.848
129.837
178.276
207.302
232.03
-202.607
-212.608
-167.781
-122.061
-108.066
-76.8934
-65.5644
-58.6057
34.5942
52.1085
69.6613
134.885
172.951
194.124
215.151
39.3707
-215.592
-166.487
-130.294
-44.9422
-1.73613
60.0811
61.5376
63.962
64.6837
82.2469
104.736
106.295
127.285
135.482
154.296
175.22
193.891
196.174
196.414
212.413
216.916
119.734
-232.139
43.4024
156.356
205.644
222.101
147.691
177.001
221.424
-247.335
5.09141
-241.041
-232.93
-216.272
-190.416
-182.043
-176.834
-150.271
-65.4749
-33.888
-6.31203
-1.19864
127.767
146.742
184.515
59.9069
-226.972
-191.979
-173.279
-145.413
-114.047
-106.71
-54.8926
-49.364
6.20997
7.65874
17.5064
91.5139
94.156
173.456
236.226
-22.5171
-217.619
-163.007
-100.168
-32.7793
86.6429
128.415
136.461
141.194
177.478
179.017
220.522
