-83.4979
-160.577
-151.139
-143.314
-125.191
-116.318
-107.271
-99.0818
-89.8279
-70.351
-22.0066
79.373
131.997
150.147
154.197
167.312
195.763
204.071
217.289
234.973
64.2069
60.711
68.2112
-215.518
-199.391
-150.289
-112.466
-74.4207
-72.7782
-25.4117
13.3679
25.6175
56.4182
63.6954
111.786
116.024
125.537
157.904
195.906
226.114
226.311
230.989
-223.027
-171.446
-84.143
-10.0519
23.2674
35.7762
52.547
54.8014
76.2223
147.59
178.144
184.447
243.873
-239.344
-163.317
-109.026
-84.1158
-81.3275
-69.9298
-66.9772
-34.0777
-27.7645
-27.269
6.37237
114.187
121.132
146.08
146.194
161.612
211.511
218.958
249.275
211.452
123.149
-250
-212.97
-181.057
-180.55
-179.972
-47.9506
-15.8304
4.27908
44.0698
91.7548
104.944
114.694
150.333
-234.933
-116.441
-193.202
-143.877
-134.547
-131.582
-123.104
-43.8025
11.1443
31
34.1379
79.4648
98.0494
103.766
138.324
190.353
123.737
131.433
167.864
178.317
178.745
206.307
222.065
237.954
245.1
-246.573
-214.407
-220.412
-171.492
-170.606
-104.139
-75.1047
-73.4099
-28.7148
-20.3794
9.37092
39.1085
95.4885
96.2648
176.527
179.546
186.414
201.496
205.178
219.137
233.996
208.385
4.27658
-197.236
-124.467
-124.213
-104.431
-1.88445
12.0931
99.5686
127.301
178.766
203.245
204.687
206.626
-177.276
-174.918
-170
-134.399
-106.578
-71.3067
-67.2839
-61.5187
-59.8712
-54.911
12.2443
64.1395
72.2463
224.707
-4.69983
-232.269
-207.966
-199.187
-191.603
-189.8
-108.226
-52.235
-42.8408
-22.3603
6.60835
70.1242
99.501
141.224
143.286
143.325
161.042
203.855
221.896
232.727
239.313
241.872
130.11
54.0255
9.8544
-206.475
-220.352
-151.85
-116.108
-34.1394
18.2004
78.7776
82.084
90.5087
109.412
130.803
201.6
210.509
241.555
-201.178
-196.164
-171.131
-156.909
-156.204
-140.834
-140.073
-136.27
-123.844
2.12925
16.0471
57.4094
70.4527
113.487
120.113
153.249
179.021
188.88
219.275
244.633
-147.493
-133.103
-121.88
-45.5176
-11.7022
5.49909
74.566
122.92
129.783
138.356
168.78
190.317
226.735
165.892
-235.924
-182.844
-164.023
-92.0265
-71.4039
17.0411
47.0241
49.3995
50.0138
64.199
97.1491
139.24
162.345
165.896
169.342
186.72
200.24
205.952
-205.531
-172.708
-161.038
-138.602
-126.648
-116.293
-32.8104
98.9974
125.084
134.784
190.309
235.533
152.713
214.906
-240.582
-193.127
-123.791
-72.1077
-51.9924
16.1809
50.0106
78.872
90.5199
92.617
102.719
106.478
107.229
110.67
121.985
132.253
164.171
224.928
-249.296
-218.933
-141.162
-120.5
-112.323
-18.5146
14.2028
29.1389
68.3063
86.3758
144.799
220.708
230.307
241.248
243.15
13.9528
168.931
-1.07157
-97.9876
6.16959
21.2988
22.1568
47.9507
56.0146
70.4318
86.8638
149.33
223.51
20.2181
25.7512
77.7968
79.5751
105.509
112.912
131.419
135.44
150.496
203.3
204.997
233.83
58.8262
80.0753
145.587
223.725
229.229
215.032
6.45074
50.4579
90.098
106.648
167.896
190.4
218.894
-12.708
128.694
106.568
-232.828
