0.401418 
0.318888 
0.439936 
0.316686 
0.455541 
0.317937 
0.373302 
0.480605 
0.336475 
0.489006 
0.382508 
0.848203 
0.381854 
0.46903 
0.617582 
0.326468 
0.358418 
0.603229 
0.702844 
0.384359 
0.988732 
0.167778 
0.971859 
0.422421 
0.525527 
0.481344 
0.437477 
0.397449 
0.336567 
0.638807 
0.991757 
0.373053 
0.706334 
0.310416 
0.345613 
0.760304 
0.551017 
0.428128 
0.462622 
0.314377 
0.388316 
0.313468 
0.356992 
0.398503 
0.463514 
0.578436 
0.502868 
0.618571 
0.582021 
0.388592 
0.395979 
0.456851 
0.311846 
0.336658 
0.419995 
0.343934 
0.660607 
0.445399 
0.47447 
0.442999 
0.381604 
0.661145 
0.495087 
0.936906 
0.456462 
0.554715 
0.506352 
0.457126 
0.509587 
0.522297 
0.281301 
0.514921 
0.635577 
0.463127 
0.997951 
0.924542 
-0.534367 
0.691933 
0.350437 
0.511072 
0.584034 
0.96151 
0.577491 
0.608771 
0.534354 
0.382557 
0.349596 
0.293529 
0.828264 
0.530428 
0.6307 
0.361445 
0.533554 
0.634352 
0.432674 
0.563175 
0.5013 
0.745734 
0.266603 
0.533684 
0.325841 
0.285699 
0.299196 
0.346232 
0.32612 
0.9882 
0.0157728 
0.45095 
0.321694 
0.52461 
0.37283 
0.376243 
0.396294 
0.283264 
-0.192088 
-0.610607 
-0.769642 
0.392104 
0.296036 
0.204186 
0.508805 
0.504428 
0.606647 
0.695625 
0.479009 
0.549158 
0.351444 
0.866308 
0.413725 
0.478213 
0.445222 
0.336633 
0.613434 
0.440543 
0.664999 
0.96742 
-0.180195 
0.474802 
0.484058 
0.332601 
0.378926 
0.359579 
0.355885 
0.414607 
0.344572 
0.407224 
0.988926 
0.219082 
0.468569 
0.269147 
0.295499 
0.368582 
0.578592 
0.285576 
0.766605 
0.401386 
0.441426 
0.408722 
0.493492 
0.562085 
0.539925 
0.415567 
0.489478 
0.82351 
0.480896 
0.163915 
0.370206 
0.210525 
0.561174 
0.597163 
0.427987 
0.340655 
0.835019 
0.682509 
0.411951 
0.611135 
0.376228 
0.320907 
0.41805 
0.398943 
0.505316 
0.292575 
0.36721 
0.461296 
0.304227 
0.995822 
0.975726 
0.988035 
0.963046 
0.525055 
0.566133 
0.299883 
0.378077 
0.400715 
0.342146 
0.357033 
0.349187 
0.517014 
0.358273 
0.364187 
0.381574 
0.322613 
0.371173 
0.466247 
0.567089 
0.351026 
0.974333 
0.593446 
0.452149 
0.397706 
0.577056 
0.308746 
0.45855 
0.407875 
0.480828 
0.499149 
0.485875 
0.343553 
0.591471 
0.505329 
0.387957 
0.533954 
0.389475 
0.270004 
0.389413 
0.625664 
0.615805 
0.436355 
0.421092 
0.416157 
0.535483 
0.503431 
0.856926 
0.333973 
0.305725 
0.731575 
0.283982 
0.970385 
0.543975 
0.26879 
0.514136 
0.303209 
0.439378 
0.828909 
0.532407 
0.273628 
0.378495 
0.804251 
0.392377 
0.31709 
0.632091 
0.333175 
0.133592 
0.0831211 
-0.233247 
0.692658 
0.423249 
0.397338 
0.875407 
0.294273 
0.188692 
0.309726 
0.573351 
0.369599 
0.267068 
0.630523 
0.45007 
0.859671 
-0.693617 
0.22953 
0.8676 
0.415438 
0.323599 
0.588908 
0.494101 
0.305112 
0.436953 
0.43691 
0.378671 
0.670766 
0.397464 
0.254865 
0.244307 
0.474787 
0.75945 
0.349474 
-0.451364 
0.128073 
0.375851 
0.679934 
0.31976 
0.272543 
0.358893 
0.503329 
0.546416 
0.338595 
0.606213 
0.792994 
0.423542 
0.468662 
0.49067 
-0.340867 
0.508072 
0.363535 
-0.933219 
0.389487 
0.744228 
0.763373 
0.116138 
0.963153 
0.495364 
0.403409 
0.368349 
0.410297 
0.819725 
0.397026 
0.189916 
0.196058 
0.520882 
0.585066 
0.416647 
0.417876 
0.296885 
0.492554 
0.349192 
0.250774 
0.627289 
0.283773 
0.481896 
0.43528 
0.359447 
0.345785 
0.829573 
0.260522 
0.242839 
0.532561 
0.330712 
0.318184 
0.517245 
-0.648986 
0.94657 
0.753197 
-0.658012 
