0.156707
0.111164
0.296943
0.113793
0.194705
0.102199
0.115559
0.288794
0.142428
0.30086
0.17402
2.94919
0.17961
0.280749
0.642437
0.143269
0.144759
0.56227
1.0026
0.190156
1.7434
0.135893
1.40243
0.12954
0.334074
0.175178
0.212017
0.242186
0.12091
0.77313
36.1557
0.157066
0.826867
0.144813
0.146841
1.27155
0.384288
0.182267
0.325861
0.124882
0.194911
0.110961
0.138432
0.227818
0.128882
0.532154
0.345316
1.06214
0.672935
0.149705
0.228569
0.20404
0.121523
0.131017
0.216017
0.3037
1.44715
0.218306
0.120361
0.481403
0.181006
0.374429
0.399014
3.54404
0.135314
0.238836
0.222151
0.150288
0.18581
0.231988
0.108191
0.377351
0.591876
0.158393
5.61061
0.157438
0.136573
0.24939
0.146027
0.200214
0.601374
23.4165
0.371983
0.59892
0.439429
0.110428
0.128013
0.103847
2.54384
1.44649
0.148417
0.196749
0.227976
0.463617
0.117713
0.238166
0.626397
1.00567
0.133009
0.584108
0.109434
0.117168
0.108201
0.153384
0.123288
10.153
0.188148
0.139771
0.133298
0.552428
0.242892
0.158867
0.197198
0.125872
0.161377
0.109836
0.103313
0.106918
0.240152
0.134976
0.288667
0.25096
0.669637
1.20745
0.27336
0.562787
0.158793
2.81026
0.224635
0.286774
0.269836
0.129691
0.588186
0.259565
0.792761
0.231167
0.201714
0.256581
0.304378
0.101858
0.246994
0.22793
0.111855
0.185201
0.151916
0.137373
37.3726
0.110186
0.27321
0.110129
0.11036
0.178235
0.36243
0.137224
1.36145
0.18733
0.205875
0.14839
0.271031
0.402052
0.277658
0.298234
0.343325
0.116027
0.120635
0.121223
0.202478
0.11868
0.214325
0.713851
0.169439
0.162681
2.07503
0.559344
0.316172
0.482863
0.231489
0.174835
0.20817
0.124992
0.352298
0.135618
0.185675
0.197813
0.17157
13.7484
1.6708
0.289416
1.20833
0.124655
0.367666
0.156995
0.173907
0.121215
0.125081
0.155019
0.117173
0.404492
0.178569
0.17146
0.176307
0.107301
0.143804
0.19567
0.28964
0.229921
9.75008
0.334768
0.564692
0.186527
0.395883
0.142856
0.21426
0.302486
0.322818
0.401501
0.370636
0.1507
0.454814
0.284147
0.194834
0.286081
0.112543
0.160341
0.19036
0.451414
0.481504
0.325633
0.147346
0.148578
0.318257
0.239444
3.0511
0.16982
0.149086
0.343305
0.17578
4.28795
0.53048
0.102349
0.347819
0.123174
0.211225
2.24823
0.401626
0.112066
0.130218
1.28972
0.107576
0.192111
0.487243
0.142622
0.122196
0.102363
0.120953
0.480917
0.134981
0.135931
2.37975
0.149283
0.125299
0.207445
0.577184
0.107201
0.104058
0.433604
0.138494
0.400675
0.39007
0.115384
1.65868
0.104063
0.140726
0.476852
0.391369
0.127466
0.13041
0.339259
0.135787
0.543152
0.107606
0.119062
0.106242
0.242655
1.76908
0.106274
0.135685
0.113483
0.102575
0.583683
0.121369
0.104803
0.138199
0.484095
0.435315
0.101938
0.385702
1.61305
0.125922
0.175477
0.233791
0.150337
0.166896
0.14566
0.160488
0.158523
0.209847
0.127013
0.119904
5.09302
0.131542
0.14738
0.224175
0.187075
0.214528
0.196343
0.111044
0.134495
0.244553
0.657455
0.129662
0.276239
0.137097
0.574233
0.180902
0.105076
0.770293
0.149107
0.369781
0.176243
0.104645
0.145767
0.142261
0.138686
0.102842
0.188962
0.134716
0.108012
0.344641
0.339339
0.180665
0.328958
0.16338
