0.519629
0.128315
1.15336
1.1106
0.209562
0.290694
2.99273
1.12639
0.196086
0.161463
0.404197
0.152909
0.101777
0.153905
0.131123
0.204802
0.224705
0.128318
0.186308
0.1873
0.280365
0.459392
0.14915
2.53075
0.603454
0.11807
0.189326
0.382946
0.124913
0.222076
0.140553
0.117161
7.31361
0.10249
0.240718
0.202891
0.19871
0.228646
0.135595
0.440116
0.119853
0.288829
0.155075
0.223774
0.133141
0.364064
0.335179
0.100038
0.209129
0.105034
0.209733
0.225361
0.582661
0.102483
0.186487
0.185706
0.189847
0.100934
0.293498
0.135659
0.104942
0.229535
