-0.428757 
-0.954192 
0.647296 
0.78982 
0.412432 
0.398369 
0.830806 
0.613505 
0.453492 
0.312792 
0.535709 
0.292824 
0.343071 
0.494226 
0.303703 
0.348692 
0.415463 
0.333584 
0.347631 
0.392593 
0.782468 
0.575277 
0.618892 
0.9622 
0.301909 
0.524846 
0.41779 
0.347885 
0.416169 
0.297416 
0.382012 
0.381961 
0.973331 
0.404341 
0.611751 
0.499778 
0.38656 
0.19507 
0.10055 
0.324423 
0.0755115 
0.666867 
0.141059 
-0.387606 
0.383541 
0.686832 
0.30448 
0.318745 
0.584208 
0.450019 
0.316669 
0.527643 
0.65089 
0.192272 
-0.713038 
-0.532369 
0.480476 
-0.76436 
-0.101566 
0.798559 
0.696223 
0.438474 
