-280.444
-283.619
-209.107
-144.901
-82.1197
-44.5238
63.1392
76.6793
107.107
115.363
121.719
126.249
156.218
182.14
211.61
229.326
292.266
293.928
344.119
344.658
303.002
319.423
341.118
-38.1197
167.808
222.279
-2.60988
-193.722
-81.7183
-50.949
13.1092
14.8947
52.6476
146.164
173.713
242.656
307.386
-295.859
-291.891
-273.41
-251.871
-208.624
-202.896
-200.671
-177.758
-165.474
-100.203
-99.5898
-95.3772
-51.1128
142.033
145.957
214.698
346.44
-308.76
-274.451
-302.339
-248.711
-329.972
-189.637
-197.981
-78.497
