3.08773
5.57784
0.216121
11.4327
5.95859
1.32439
0.371059
2.65553
0.500993
3.44802
0.289596
10.717
0.623656
28.8829
7.08628
2.99275
0.254279
0.136616
3.5411
2.94406
0.345095
6.57357
1.7644
3.36562
0.507838
1.47152
2.5205
2.6777
0.799685
0.561581
4.94657
9.64662
1.79105
0.102192
0.727161
4.27344
1.71391
6.00214
4.90595
4.02046
18.1216
1.94226
15.4241
4.30568
1.05348
4.52586
1.89437
3.48216
7.18124
3.12331
0.818196
0.993771
10.3117
0.432914
1.72076
1.6946
5.34731
14.1975
0.646522
9.70827
0.675758
1.4623
0.281129
1.82774
1.91987
8.47803
0.491846
12.4128
0.695572
0.294892
