-0.94857
-0.9212
-0.801094
-0.999932
-0.93534
-0.995885
0.28903
-0.902046
-0.859529
-0.94261
-0.894666
-0.992653
-0.983692
-0.989212
-0.991742
-0.729013
-0.192841
0.723425
-0.923942
-0.930901
-0.923378
-0.938081
-0.849576
-0.988754
-0.999745
-0.984867
-0.895357
-0.760469
-0.659956
-0.972885
-0.996519
-0.97985
-0.914047
-0.104614
0.962732
-0.912784
-0.94266
-0.918679
-0.984511
-0.967058
-0.985714
-0.947969
-0.95442
-0.95179
-0.470213
-0.867745
-0.980966
-0.986278
-0.995782
-0.928139
-0.942071
-0.950031
-0.966844
-0.862997
-0.571909
0.303062
-0.837589
-0.931388
-0.839411
-0.972672
-0.474895
-0.946649
-0.671579
-0.470082
-0.988546
0.0464768
-0.252882
-0.935074
0.057865
0.0486631
