-186.463
-298.385
-262.978
-268.756
-140.034
-267.428
-295.233
-244.025
-255.377
32.0695
-296.601
-279.883
-26.1414
-272.248
-201.338
-261.165
-278.238
-292.881
-125.73
-46.6658
-92.2862
-253.915
-268.907
-177.161
-169.053
-251.292
-205.283
-283.222
-135.682
-213.51
-246.251
-227.47
-159.078
-282.276
-181.017
-298.518
-151.688
-277.696
-147.814
-262.136
-264.186
-248.747
-177.08
-296.657
-261.693
-269.403
-291.722
-236.136
-208.448
-245.558
-176.47
-173.816
-297.892
-208.618
-292.498
-294.74
-144.457
-153.368
-294.08
-246.02
-257.645
-11.6229
-236.148
-297.125
-201.832
-288.375
-209.171
-288.685
-239.984
-251.532
