-0.883337
-0.977282
-0.998187
-0.997061
-0.901487
-0.667671
-0.931002
-0.992075
-0.988864
-0.953021
-0.942029
-0.926294
-0.890055
-0.860946
-0.798963
-0.857086
-0.89835
-0.39294
-0.988604
-0.9885
-0.935115
-0.916817
-0.746161
-0.814272
-0.892622
-0.739965
-0.977749
-0.991803
-0.90963
-0.905171
-0.972902
-0.999246
-0.969301
-0.974396
-0.991559
-0.898305
-0.99896
-0.797249
-0.835847
-0.94445
-0.106537
-0.719733
-0.978011
-0.992149
-0.990696
-0.986851
-0.97624
-0.891757
-0.351756
-0.930302
-0.997985
-0.818066
-0.999487
-0.941792
-0.998684
-0.885446
-0.945255
-0.948807
-0.968215
-0.993661
-0.923613
-0.150109
-0.132351
-0.97274
-0.95901
-0.975224
-0.856867
-0.94258
-0.128488
-0.898004
-0.802705
-0.8803
-0.953653
-0.998248
-0.952549
-0.873869
-0.66595
-0.975795
-0.978384
-0.798439
-0.992768
-0.941373
-0.683736
-0.787733
-0.751145
-0.985834
-0.973983
-0.998876
-0.844011
-0.918872
-0.884117
-0.992839
-0.978667
-0.946393
-0.889263
