2.07667
4.29559
20.1951
21.5505
2.06465
7.80322
1.73792
3.85328
4.92681
2.8316
3.33405
3.7509
4.28837
5.00379
1.03252
1.01926
0.218544
0.620319
2.85912
4.02653
3.4611
1.00599
1.02267
3.14977
1.25538
5.73263
0.929229
10.9647
1.85452
0.635678
2.92721
4.4521
1.04892
1.4145
1.99189
1.16475
3.68069
3.67469
0.567443
3.25402
11.4536
1.71802
3.60503
6.13387
7.43004
7.00384
7.43584
1.44604
1.63373
3.2533
4.71025
0.459109
18.0452
11.1925
13.0852
4.13197
13.1037
4.24377
13.0782
13.8732
2.62388
0.837955
0.729825
14.5006
1.42191
2.26653
0.926629
5.06613
0.388676
2.13179
0.167399
5.48312
3.55088
16.0247
2.07412
0.397689
0.487353
2.68209
16.5493
0.353005
3.51061
2.04124
0.524879
2.32755
2.93909
6.36996
5.19326
9.56852
4.35181
1.55599
1.04428
2.37988
4.61194
5.61159
0.293222
