-302.146
-259.647
-322.159
-239.207
-289.174
-316.733
-295.578
-269.603
-293.139
-323.76
-235.419
-259.132
-304.263
-317.636
-203.191
-242.84
-244.004
-149.565
-287.424
-217.345
-315
-303.384
-331.025
-332.656
-210.425
-220.107
-308.16
-199.121
-252.134
-273.989
-251.707
-264.107
-132.341
-334.724
-240.886
-229.46
-254.515
-164.806
-218.479
-314.042
-273.364
-271.838
-319.043
-214.788
-288.993
-56.9714
-229.644
-303.12
-333
-206.581
-142.342
-237.269
-280.966
-144.448
-330.637
-308.811
-333.033
-271.937
-327.979
-266.363
-292.438
-171.722
-326.476
-318.398
-266.122
-284.289
-292.637
-130.304
-321.589
-274.188
-191.335
-241.48
-239.361
-328.749
-325.78
-284.641
-261.528
-328.776
-217.366
-310.817
-252.411
-169.899
-261.375
-173.313
-333.733
-295.075
-286.247
-327.288
-195.206
-242.841
-252.566
-309.275
-194.823
-323.934
-266.48
