0.317877
0.311363
0.203884
0.138502
0.135342
0.67315
0.712156
0.208764
0.209619
0.426284
0.105518
0.347278
0.206081
0.287052
0.723889
0.167293
0.196168
0.226586
6.08737
0.419436
0.322625
1.18762
2.6653
0.179018
0.143731
0.58872
0.172289
0.276946
0.187486
0.105496
0.232396
0.136997
0.874163
0.369143
0.286737
0.261597
0.177537
0.127747
1.88225
0.10639
0.128352
0.335533
0.215576
0.202555
0.149051
0.245125
0.105909
0.429457
0.176429
0.464779
0.154014
0.202027
0.165603
0.220332
0.125902
0.196477
0.223532
0.519469
0.176471
0.51328
0.612342
0.144161
5.91877
12.5688
0.181657
0.216277
0.334642
0.527716
0.127207
1.48207
0.168156
0.226526
0.114279
0.218626
0.10276
0.530843
0.107455
0.153377
0.199596
0.108803
0.347115
0.149819
1.15284
0.208113
0.270424
0.246964
0.276367
0.475143
0.2413
0.17356
0.105015
0.211086
1.27982
0.312429
0.345908
0.159195
0.144718
0.308418
0.345684
0.111316
0.293548
0.128024
0.260991
0.145167
0.16346
0.159461
0.149091
0.133949
0.460698
0.141639
0.269042
0.896972
0.489459
0.1226
7.12858
0.231867
0.561226
0.127148
0.159982
0.215438
0.102624
0.387545
0.115459
0.255708
0.394978
0.176364
0.461362
0.155432
0.127337
13.8151
0.180658
1.05308
0.825126
3.0429
0.129015
0.182844
0.144114
0.879637
0.146386
0.118417
0.54576
0.198193
0.156986
0.226251
0.482334
0.44713
0.1136
0.646878
0.219221
0.52324
0.154262
0.151492
0.131236
1.21327
0.105554
0.28981
0.228125
0.158583
0.358051
0.288053
0.156905
0.163979
0.194534
0.12491
0.774147
0.204904
0.175413
0.209688
0.282438
0.191959
0.179092
0.345404
2.62512
0.104421
0.10906
0.260327
0.128653
0.181921
0.412973
0.250858
0.916168
0.409613
0.378326
0.176876
0.215667
0.107121
0.860376
0.188068
0.138483
0.391025
0.182324
0.192223
0.25073
0.245734
2.75287
0.103531
0.113815
0.14946
0.136634
0.10368
0.103792
1.27345
0.13687
0.138185
0.468527
0.179381
0.23536
0.248074
0.204161
0.119539
0.249067
0.103227
0.169266
0.351143
0.168652
0.47292
24.758
0.117048
0.526439
0.134185
0.618491
0.234982
13.028
1.45801
7.42717
0.159549
1.44455
0.330338
0.100025
0.129967
0.174111
0.151456
0.109831
0.117539
0.360151
0.118341
0.368611
0.22622
0.103945
0.477114
0.277427
0.714127
0.208682
0.612555
0.183879
0.429829
0.421095
0.915336
0.178213
0.191441
0.149431
0.266315
0.189977
0.101392
0.123591
4.94885
1.21544
0.108106
0.361489
0.144523
0.163174
0.174149
0.151227
0.398286
0.51731
0.326794
0.150858
1.35912
0.185956
0.108099
0.310832
0.106752
0.213083
0.241299
0.191529
0.198746
1.52127
0.147183
0.171907
0.327197
0.183245
0.138334
0.128391
0.62028
0.221544
0.20855
0.280755
0.239862
0.157222
0.102188
0.185495
0.151876
0.290672
0.16747
0.101434
1.0757
0.170473
0.128459
0.33089
0.109314
0.190278
0.58703
3.17841
0.638589
0.163864
0.502723
0.150395
0.13674
0.144472
0.108874
1.93143
0.152353
0.162416
0.515105
0.702988
0.807932
0.298652
0.101242
0.209078
1.77463
0.116604
2.72096
0.10952
0.149385
0.18955
0.11367
0.104681
0.349003
0.123115
1.30192
0.11059
0.155777
0.271529
0.131515
0.11774
0.14538
0.11969
0.238762
0.200359
0.161712
0.579521
0.637121
0.356976
0.14308
0.101351
0.474089
0.119604
0.242633
5.21067
0.24495
0.10756
0.107575
0.127614
0.230825
1.40454
0.259147
0.203243
0.27955
2.25283
0.13856
0.113661
0.18707
0.126824
0.192851
0.132613
1.17195
0.191963
0.230905
0.230552
0.107797
0.190605
0.300841
0.738822
0.125503
10.8968
2.16727
4.98449
6.88139
0.767195
0.214549
0.562677
0.113077
0.368719
0.112033
0.322185
0.208429
0.15002
0.130905
0.11605
0.118395
0.416915
1.03771
0.121307
0.233557
0.206024
3.31119
0.676149
0.135784
0.285892
0.174092
0.113314
0.206318
0.128267
0.156644
0.254147
0.143863
0.923804
0.166171
0.150856
0.175834
22.0165
1.57733
0.133648
0.111036
0.138379
0.795789
0.29695
0.142373
0.267015
0.300349
0.377327
0.152235
0.202268
0.103877
0.196029
0.237936
0.285713
0.120853
0.108878
0.171311
0.199234
0.287158
0.287245
0.421714
0.221377
0.169826
0.165044
0.11622
0.592765
0.106662
0.286922
0.133082
0.121009
0.44028
0.273812
0.115282
0.127545
0.108446
0.275296
0.179996
0.173038
0.123761
0.128521
0.106854
0.142031
0.260798
0.172825
0.602097
0.784179
0.175142
0.28438
0.306605
0.587714
0.146981
0.163155
0.154347
0.334807
0.28507
0.14159
0.109154
0.102285
2.65194
0.155689
0.1294
0.138059
1.71287
1.35019
0.119945
0.146906
0.141532
0.187328
1.75654
0.357675
0.341077
0.474866
0.300772
0.237942
0.911161
0.442223
0.181704
0.122529
0.229893
0.117667
0.128244
0.328446
0.182041
0.1497
0.105781
0.104649
0.100098
0.139551
1.49875
0.16047
0.152331
0.239673
0.122915
1.18121
0.21066
0.110364
0.101229
0.238279
0.145834
0.158049
0.101138
1.02728
0.258012
0.130695
0.1137
0.902351
0.154
0.172609
0.171248
2.06284
0.123255
0.855711
0.205363
0.172419
0.103463
1.3558
0.117201
0.309287
0.1912
0.124997
1.08591
0.139817
0.212201
1.09005
0.129851
0.223134
0.214376
0.141004
1.35166
0.332272
0.317171
0.14626
0.105629
0.327511
0.345904
0.131308
0.153448
10.9625
0.277276
0.146552
9.88361
5.49842
0.982353
0.250522
0.197019
