-474.083
-70.3155
-386.039
-372.08
-301.747
-289.518
-284.714
-252.291
-237.997
-232.772
-154.494
-80.7259
-67.8959
-41.5406
-24.6572
-17.6799
79.0112
97.4415
125.74
128.656
168.73
185.216
208.613
224.996
225.11
234.08
324.982
387.005
446.558
485
334.643
-67.7534
87.4416
193.599
299.494
-161.363
-403.944
-352.147
-319.967
-197.788
-161.449
-133.318
-75.1365
-69.7947
-22.5534
-4.39104
37.6139
67.4513
122.458
147.697
247.782
254.56
256.204
283.598
310.971
344.919
358.862
430.005
445.872
474.424
477.44
388.922
366.323
400.347
-105.222
-446.664
-387.86
-384.246
-363.155
-326.714
-253.141
-251.306
-228.606
-211.163
-209.272
-202.929
-180.521
-145.754
-142.009
-110.377
-83.8135
-64.0724
-45.0686
-4.02079
34.5709
49.5835
79.3175
92.9897
108.87
130.806
195.615
251.232
262.458
358.09
407.899
439.077
492.618
223.851
97.8488
-476.949
-457.9
-491.668
-448.818
-412.901
-365.413
-327.02
-303.059
-278.565
-234.576
-211.743
-202.872
-84.6371
-83.2075
-48.9019
-33.0487
-3.92399
2.45573
17.9448
71.4847
79.896
100.204
155.024
174.558
194.138
269.721
277.993
326.143
341.895
427.113
375.845
414.409
-64.3792
163.633
137.421
390.482
403.901
438.547
459.659
489.995
499.275
-219.958
-270.17
-148.111
-247.987
-472.427
-470.717
-442.673
-397.621
-394.272
-327.084
-314.727
-237.153
-223.243
-151.085
-150.141
-149.813
-112.277
-101.209
-83.6233
-80.9449
-70.0057
-0.221223
56.0117
57.831
63.2933
89.5602
156.573
190.572
241.296
313.759
360.903
369.795
397.973
429.583
458.574
475.961
477.784
484.952
147.397
384.131
-40.2032
-194.726
-87.5074
-30.9824
-287.439
-264.993
-433.481
-386.354
-349.979
-287.572
-262.522
-247.336
-225.468
-189.141
-179.186
-178.85
-165.533
-156.286
-146.256
-135.171
-103.59
-6.11087
-4.34862
8.44338
13.0787
45.4916
77.456
84.6138
122.625
130.841
153.045
169.42
238.909
323.868
333.675
339.192
376.841
378.527
384.9
414.295
456.807
468.484
281.612
402.699
231.981
234.305
254.489
286.839
288.498
293.003
357.172
373.116
382.501
423.353
432.542
438.578
460.346
470.168
-414.932
-406.438
-377.159
-355.962
-353.089
-276.227
-251.15
-229.486
-156.09
-71.304
-30.4228
22.8703
109.536
139.049
264.552
267.051
273.32
299.685
328.633
349.671
359.207
398.241
461.581
461.864
481.198
495.774
356.353
468.517
299.752
197.499
-251.267
-462.857
-255.958
-337.461
-357.059
-473.757
-482.613
-363.259
-258.678
-229.866
-189.783
-39.6437
-26.7186
49.3747
64.0905
106.467
137.387
207.76
224.615
357.739
359.825
439.98
443.942
446.409
454.548
464.035
-80.0538
276.993
-474.128
-452.045
-474.166
-219.857
-407.792
-145.095
-237.141
-161.723
-404.563
-404.059
-399.276
-390.066
-382.092
-270.907
-267.223
-244.206
-214.43
-150.889
-144.278
-136.419
-96.3716
-60.6917
-39.768
-38.9527
91.6236
120.481
262.025
291.508
292.56
358.972
376.879
379.134
415.337
495.421
238.269
218.453
79.2663
-490.34
-473.333
-456.631
-443.28
-354.816
-349.648
-340.388
-329.812
-311.913
-258.215
-253.242
-230.362
-142.59
-114.472
-108.027
-103.389
-89.9509
-88.2417
-14.4997
9.51646
16.5869
79.1737
81.5036
83.4869
127.169
127.469
139.618
152.133
259.458
327.873
358.017
363.562
395.869
412.877
427.766
433.976
453.205
473.257
472.329
362.287
463.33
6.58786
70.5609
191.456
208.708
382.819
174.036
-70.2876
-172.171
-353.96
-356.83
-452.475
-474.784
-439.548
-413.866
-412.572
-410.693
-363.304
-327.398
-287.405
-236.998
-200.319
-175.468
-140.455
-128.294
-124.067
-118.873
-105.16
-102.75
-81.1423
-79.3599
4.95004
27.1246
32.8472
81.265
85.0768
168.269
212.949
229.495
231.503
301.47
306.332
322.539
332.68
373.075
413.833
479.422
490.662
-471.377
-388.133
-300.237
-219.864
-212.848
-168.097
-112.325
-49.8427
74.9306
86.5291
156.702
164.701
240.763
241.182
244.577
331.272
376.632
437.932
410.363
-369.853
-202.711
-38.2102
-476.288
-376.058
-239.379
-240.53
-238
-219.666
-195.219
-183.261
-182.529
-169.1
-156.79
-106.742
-41.5507
-31.771
-16.0957
10.5995
29.9672
43.937
95.8214
162.135
218.41
218.586
225.616
245.684
298.405
300.168
334.343
347.693
358.129
365.739
389.569
399.234
422.482
435.309
457.205
494.789
497.58
329.102
269.171
315.49
-371.092
-410.111
-454.01
-360.99
-339.534
-184.913
-156.868
-151.378
-140.39
-117.311
-111.045
-143.452
-359.715
-474.852
-451.194
-316.771
-306.266
-270.347
-195.611
-104.319
-83.674
-4.61419
8.38868
109.084
172.47
181.403
184.264
227.798
264.862
213.294
30.2338
-465.701
-461.338
-453.629
-448.161
-414.102
-380.676
-377.996
-306.127
-261.77
-236.633
-222.087
-205.763
-193.741
-183.504
-155.848
-126.718
-110.929
-110.256
-32.8342
-24.0274
-3.45364
21.478
34.4873
123.084
185.971
202.13
229.149
235.715
244.109
291.26
297.354
324.469
348.674
350.516
371.144
462.972
205.887
237.319
189.381
287.354
26.133
-315.212
293.268
426
