-0.584167 
0.627241 
0.496513 
-0.0235136 
0.144557 
0.671892 
0.433812 
0.401332 
0.553037 
0.362521 
0.0586016 
0.435914 
0.358354 
0.432887 
0.662828 
0.437359 
0.339478 
0.491527 
0.906406 
0.703698 
0.640292 
0.833791 
0.802895 
0.48277 
0.22754 
0.592045 
0.40825 
0.369025 
0.425982 
0.2592 
0.670341 
0.433099 
0.712443 
0.407114 
0.946689 
0.845321 
-0.635942 
0.608242 
0.938737 
0.478072 
0.0947392 
0.56917 
0.516401 
0.410804 
0.347452 
0.436142 
0.351347 
0.501012 
0.515618 
0.528494 
0.430277 
0.309521 
0.386728 
0.357714 
0.365276 
0.446369 
0.458169 
0.581866 
0.36703 
0.597308 
0.626534 
0.630883 
0.984108 
0.996716 
0.386761 
0.325255 
0.638466 
0.680619 
0.218137 
0.803175 
0.372237 
0.430086 
0.386047 
0.359034 
0.129821 
0.414576 
0.263877 
0.443196 
0.322957 
0.327885 
0.447716 
0.331449 
0.750861 
0.531136 
0.322551 
0.386389 
0.370367 
0.617153 
0.539257 
0.293399 
0.262467 
0.329425 
0.738339 
0.44593 
0.548491 
0.387133 
0.395945 
0.835879 
0.847014 
-0.461198 
0.119028 
-0.500137 
0.525534 
0.399013 
0.061527 
0.532602 
0.127471 
0.532276 
0.740141 
0.607495 
0.567464 
0.738772 
0.471106 
0.242526 
0.949752 
0.522269 
0.653801 
0.48662 
0.388232 
0.352405 
0.440115 
0.675397 
0.179857 
0.587868 
0.370623 
0.463379 
0.580241 
0.361965 
0.433549 
0.985988 
0.840636 
0.831218 
0.810406 
0.923968 
0.354401 
0.268264 
0.24729 
0.707044 
0.380049 
0.376041 
-0.261922 
0.145649 
0.45624 
0.855354 
0.932157 
0.290363 
0.0387452 
0.367796 
0.612457 
0.586061 
0.342234 
0.283059 
0.319019 
0.835029 
0.0137939 
0.730136 
0.206964 
0.467615 
0.340709 
0.405654 
0.466201 
0.310582 
0.442864 
0.317463 
0.68417 
0.419491 
0.371888 
0.408428 
0.404504 
0.404482 
0.318402 
0.523374 
0.82447 
0.371448 
0.348298 
0.389188 
0.395169 
0.385133 
0.797345 
0.535832 
0.841501 
0.644135 
0.608975 
0.951061 
-0.834329 
0.640648 
0.608835 
0.758699 
0.339165 
0.432267 
0.375205 
0.269345 
0.438872 
0.520283 
0.935673 
0.242998 
0.586402 
0.11266 
0.249968 
0.667442 
0.262838 
0.555891 
0.190907 
0.502503 
0.388846 
0.297916 
0.400589 
0.379696 
0.572351 
0.137889 
0.402352 
0.353383 
0.224107 
0.662199 
0.24358 
0.396073 
0.931167 
0.360634 
0.62703 
0.330932 
0.602626 
0.366666 
0.992485 
0.670997 
0.977585 
0.673502 
0.30477 
0.40339 
0.45366 
0.513774 
0.364076 
0.477366 
0.333 
0.393796 
0.628516 
0.450435 
0.259281 
0.173362 
0.554279 
0.425596 
0.326111 
0.582568 
0.421444 
0.648656 
0.46612 
0.591559 
0.638682 
0.795518 
0.557912 
0.406189 
0.412549 
0.372997 
0.317084 
0.21286 
0.342194 
0.899018 
0.667832 
0.366266 
0.579774 
0.313558 
0.377471 
0.353243 
0.353636 
0.565585 
0.88388 
0.744151 
0.535301 
0.978649 
0.981933 
0.394588 
0.84747 
0.703311 
-0.412835 
-0.507987 
-0.395611 
0.565195 
0.54275 
0.346253 
0.251115 
0.167244 
0.673731 
0.595612 
0.295937 
0.604041 
0.262193 
0.484988 
0.519162 
0.532853 
0.314269 
0.209547 
0.459653 
0.251091 
0.353578 
0.431637 
0.919174 
0.834841 
-0.546878 
0.0840237 
0.0594913 
-0.42564 
-0.309841 
0.540755 
0.972513 
0.458181 
0.139037 
0.958512 
-0.321158 
0.0142471 
0.54725 
0.48442 
0.7032 
0.528691 
0.482018 
0.734703 
0.495605 
0.827615 
0.293441 
0.109664 
0.3781 
0.964452 
0.390423 
0.787789 
0.302491 
0.4166 
0.458855 
0.364082 
0.209188 
0.56676 
0.39779 
0.949009 
0.55063 
0.938527 
0.706843 
0.37539 
0.284571 
0.40035 
0.828574 
0.136296 
0.488837 
0.450326 
0.474521 
0.627293 
0.500048 
0.392928 
0.330431 
0.613729 
0.238007 
0.519166 
0.945398 
0.332627 
0.235863 
0.343788 
0.133546 
0.434818 
0.971789 
0.823895 
0.791928 
0.680974 
0.948868 
0.544691 
0.0953589 
0.407113 
0.299872 
0.257028 
0.471278 
0.819254 
0.537711 
0.328135 
0.57142 
0.467906 
0.391698 
0.969621 
0.856305 
0.0158767 
0.93741 
0.938081 
0.871572 
0.960277 
0.888133 
-0.349472 
0.973187 
-0.671414 
0.959658 
-0.572328 
0.316607 
-0.445699 
0.0845136 
0.377944 
0.375143 
0.247115 
0.763973 
0.852803 
0.135812 
0.239898 
0.526173 
0.846227 
0.637195 
0.418316 
0.536993 
0.286668 
0.177874 
0.563606 
0.531939 
0.332748 
0.418858 
0.194802 
0.522385 
0.370266 
0.497556 
0.326195 
0.978089 
0.801178 
0.487048 
0.128832 
0.125582 
0.561525 
0.39836 
0.448685 
0.513785 
0.544692 
0.513443 
0.128534 
0.159251 
0.675582 
0.336894 
0.518652 
0.464406 
0.508594 
0.407083 
0.458372 
0.515063 
0.414295 
0.463045 
0.618601 
0.508639 
0.24586 
0.407601 
0.304748 
0.562529 
0.940962 
-0.864931 
0.920765 
0.873208 
-0.575913 
-0.390113 
-0.865624 
-0.527832 
-0.311826 
0.573869 
0.601716 
-0.0331262 
0.0610582 
0.295258 
0.213956 
0.257833 
0.496961 
0.273185 
0.72463 
0.604274 
0.280376 
0.403034 
0.540015 
0.688556 
0.336252 
0.372996 
0.419946 
0.523645 
0.391376 
0.399248 
0.356507 
0.316013 
0.852082 
0.431348 
0.315307 
0.353517 
0.788732 
0.759195 
0.299344 
0.345587 
0.372967 
0.979868 
0.894758 
0.617594 
0.571891 
0.322357 
-0.13505 
0.629023 
0.634587 
0.596823 
0.424551 
0.616178 
0.0891009 
0.449549 
0.410343 
0.681717 
0.973309 
-0.467539 
0.801928 
0.634504 
0.200864 
0.293088 
0.697296 
0.424898 
0.319441 
0.550633 
0.240764 
0.686013 
0.369434 
0.20894 
0.264556 
0.495367 
0.444389 
0.030663 
0.894108 
0.184271 
0.640942 
0.897259 
0.340818 
0.663605 
0.116461 
0.407883 
0.416825 
0.635248 
0.0268987 
0.734924 
0.297321 
0.428689 
0.295416 
0.794115 
0.282528 
0.659103 
0.289534 
0.293741 
0.697988 
0.238448 
0.449221 
0.822101 
0.396637 
0.424369 
0.419668 
0.440941 
0.714597 
0.568572 
0.483534 
0.347224 
0.242469 
0.379512 
0.424302 
0.378096 
0.415666 
0.994305 
0.510648 
-0.367119 
0.99518 
0.994237 
0.966998 
0.580672 
0.382051 
