5.415
0.130485
3.8938
0.236326
0.193888
0.188223
0.548369
1.27047
0.132125
1.6855
1.27217
0.383446
0.352826
0.573795
7.79842
1.08501
0.150466
8.39184
0.15381
0.658032
3.25726
5.92638
0.584733
0.165953
0.372244
1.18116
0.513093
0.107912
0.190508
1.7647
0.184709
0.258267
0.261739
2.09881
5.52603
0.110418
1.89109
0.262491
1.3543
4.05963
0.557852
0.147449
0.297589
0.154103
0.176948
0.228909
1.8375
2.29063
4.7772
4.30797
0.352801
0.152109
8.86995
0.16152
2.67685
1.08628
0.6999
0.141478
0.113104
0.460941
0.172987
2.71674
0.535414
1.88847
1.41789
2.44825
0.325226
0.12103
2.19884
0.758853
0.510839
0.234542
1.02148
0.128572
7.04767
1.99839
0.185515
0.171293
0.335061
1.20236
0.131721
0.134417
1.91533
0.207756
0.148027
7.6688
3.92852
0.532559
0.800243
1.07011
0.326371
5.16764
0.244293
0.21679
8.58759
0.103589
0.207908
8.56694
0.657106
1.2715
0.101887
0.289506
0.37958
1.08321
3.82296
0.32568
0.176593
1.01191
0.28297
0.277538
0.726351
5.82516
0.482673
12.1028
0.218804
3.12614
5.72036
0.896507
0.658803
0.186925
0.179508
0.246308
0.639677
0.240096
0.656157
0.174165
0.907438
1.29063
0.288925
0.5753
18.7551
0.113554
2.33426
1.86656
16.3853
3.87705
0.162676
2.55118
6.11423
2.0566
0.767793
0.271834
0.156576
0.105699
0.257226
0.270642
0.437546
0.152587
3.05722
4.06771
0.906382
11.3843
1.01147
0.116429
0.251127
0.532587
4.42519
3.12764
0.506957
0.146061
1.28705
0.679925
0.418869
1.85094
0.108648
0.202785
0.100433
0.652412
0.866644
0.515322
0.514721
1.16212
0.714443
0.212793
0.435338
0.843591
0.413211
0.3797
13.2553
2.14617
0.852908
1.46987
3.09597
0.278357
0.194052
11.6078
2.0926
14.111
0.349454
1.78513
3.31415
0.142973
0.23384
0.979365
0.305539
1.47361
0.343763
0.907194
2.19109
3.08584
18.6622
3.91635
4.32451
0.107759
0.297029
2.25418
0.482427
0.497945
0.720234
0.171571
0.10938
0.298126
2.42906
1.79114
4.7953
2.26983
0.126228
1.18842
2.67154
0.221224
3.00988
13.8783
2.90256
0.199941
0.325683
1.6442
0.373532
6.73283
8.51806
1.72541
0.74057
0.249138
1.76406
0.221901
0.240699
0.103218
0.169079
0.14876
3.67836
1.30793
0.122627
0.101779
0.525485
1.0093
4.50452
0.742125
1.02466
0.109944
0.741661
9.40352
0.132505
0.361803
0.517403
3.79567
1.7557
1.15647
2.57153
2.01324
6.86686
1.15053
0.311833
0.136536
0.105958
0.161096
43.8922
0.226094
4.85171
0.104123
2.61874
0.226538
4.00708
2.64794
0.245479
0.714232
0.129106
5.162
1.03221
0.246043
3.93781
0.149511
4.1457
0.116095
0.362143
0.281187
1.4433
1.01306
0.114476
0.164323
0.684936
0.294953
3.57784
0.20516
0.202004
1.5081
1.33038
0.10548
0.426471
0.166174
0.59484
2.78574
0.165643
0.140988
1.66262
0.436168
0.210707
20.5867
3.2337
8.81743
4.00522
26.4061
0.547271
0.544869
0.384429
0.561381
0.309694
0.357984
4.79218
0.119958
1.68327
0.146573
0.998323
0.157426
0.64973
3.68659
0.121909
3.24289
0.593523
0.223108
2.29508
0.56095
0.123448
0.956637
0.125195
11.8521
6.21666
0.110868
0.380284
0.690581
8.04372
1.17522
0.320769
19.6224
0.389197
1.56388
2.66071
0.544819
0.25504
0.626089
2.51007
0.82297
0.278344
0.633818
0.530817
1.47663
0.284585
0.75392
1.07305
0.159337
0.137191
1.14072
0.926811
0.589779
1.39843
0.236282
0.306603
0.858958
1.36221
1.43987
1.90361
0.143607
0.288265
0.10302
0.217489
5.88847
2.08765
0.399614
0.734912
0.885771
0.748172
1.47686
0.241745
0.271922
1.41177
0.294148
0.164958
0.228558
0.220796
0.143407
0.205373
0.173327
0.115875
0.26916
0.970031
0.338814
2.27827
6.9219
0.144645
0.249865
0.328414
0.713379
3.54761
0.946937
0.158411
1.45172
0.210871
1.41877
0.761336
6.48267
0.271525
1.75538
0.185165
0.540239
4.38066
2.09577
0.159919
0.217273
0.196954
0.997651
0.290994
3.82629
0.253889
1.9309
1.10483
0.687466
9.07791
0.127868
0.141243
0.285142
44.1813
0.17364
0.174607
0.242262
0.590325
2.81853
0.324719
2.54958
13.912
5.30705
1.00372
3.50424
2.73082
0.398148
0.173016
0.197796
0.371429
0.392957
0.104682
11.7605
0.842413
0.860084
0.125916
0.135782
11.1688
0.2235
0.636004
0.109568
1.07375
0.211519
0.144681
0.357119
1.03619
2.3268
9.23071
0.411843
0.678591
0.596827
14.0138
0.187053
3.89103
0.571137
0.751134
0.581892
3.60907
0.101318
0.85045
0.876184
0.37255
1.32396
0.650128
7.20065
2.14079
15.0209
0.505128
1.1151
0.179713
0.627496
0.118875
9.17519
1.90279
0.290465
0.109854
0.434774
3.71948
0.364904
43.4868
3.19027
0.157689
0.852123
0.218857
0.845024
1.14943
0.256839
0.100935
5.24733
18.2005
1.65102
0.103518
0.954519
1.8909
0.343046
0.502896
4.90978
0.171727
0.139195
0.125998
0.313244
0.679353
0.888284
0.272544
2.32827
0.578286
0.558739
0.165071
0.462854
0.912011
0.1498
3.3569
15.9919
3.6805
0.218177
0.277525
0.685843
4.17375
0.417087
1.51734
0.200027
0.123234
0.430297
0.181932
8.32565
0.164107
3.26766
5.17028
0.364783
0.52232
0.20588
0.365373
0.217704
0.205583
3.12557
0.315477
0.369583
0.366559
0.350009
0.998994
2.73778
3.64823
0.133331
6.87572
2.3747
0.39787
3.80384
0.124557
0.799811
2.65297
1.03167
1.95552
0.585037
8.83816
0.538506
1.56963
1.22446
0.147319
15.9643
1.19249
6.87077
0.577929
0.195067
2.04691
1.67241
1.13589
1.05983
27.2057
0.143783
1.00614
0.124091
0.405191
3.76337
0.102138
0.703519
0.640181
1.56579
1.87767
0.330673
0.174581
0.997644
0.11984
0.131692
2.70005
7.70437
0.394165
0.209277
0.187456
0.697528
0.308002
0.871571
17.4721
0.126341
3.14779
0.117063
5.47371
1.1319
0.11531
4.95849
2.60628
0.717728
0.176846
0.192252
0.139789
0.715742
26.831
0.138715
0.11555
0.115775
1.55005
0.162949
0.110211
0.175918
0.194053
0.950749
0.208558
0.101583
0.381406
38.3468
0.131527
3.81202
0.17949
0.102042
4.25886
0.833933
0.341381
0.110343
0.185652
0.385719
0.426631
0.183566
0.18653
0.212291
0.195195
1.47646
0.196924
10.1171
1.14189
0.266784
1.10792
6.72036
0.38455
0.182186
0.296028
0.406331
0.462783
0.522677
0.636399
0.422554
0.100215
0.993582
1.75869
0.174194
0.439933
0.491766
0.170674
5.24766
0.41221
1.7339
0.547584
0.133363
7.7656
0.287117
0.24716
1.1728
6.97323
1.65226
10.5476
0.843362
0.850177
0.98468
0.110614
5.61826
0.77706
0.14709
4.12665
0.396966
2.18719
0.173468
2.81614
1.06392
0.842614
0.225648
0.416574
0.304858
0.530031
0.379002
0.572853
1.55893
7.63564
2.71251
0.518431
0.266887
5.13432
0.249154
0.11872
0.321859
0.234514
0.113074
0.645527
0.844533
0.533169
1.36117
0.934383
0.108908
0.959123
0.110876
2.47423
0.358036
0.120108
0.140207
2.26043
0.376778
0.111891
0.118417
1.96292
2.18071
0.289228
1.58461
4.88024
0.588082
0.145389
1.81685
0.323787
0.125746
9.78226
0.181301
0.370141
0.546947
0.257737
0.103737
1.16746
27.4499
0.597135
3.56022
0.209913
0.17473
4.79888
0.434851
0.405872
0.13922
0.98627
0.15652
0.203302
0.168688
32.9133
1.88246
0.774486
1.25965
0.339517
0.201782
5.40689
0.472248
2.80274
0.337335
1.09847
2.4117
0.574563
0.124539
0.621885
0.240814
0.767475
2.70568
1.97819
1.26082
0.532821
1.84188
1.80881
1.07337
1.19209
0.746568
0.291787
3.33177
0.217356
0.155444
0.112085
0.498598
0.298476
0.201954
0.254609
0.194256
1.86598
0.232964
0.2758
0.220829
0.428652
0.198294
3.64431
1.67575
0.225566
4.04615
1.79617
2.43183
14.3926
0.773983
6.24928
0.909169
6.26674
0.149632
0.132106
0.85316
0.334839
0.656006
0.121271
21.3736
0.150349
2.41227
9.01889
0.152206
6.42734
0.639037
1.20153
3.02821
5.35432
5.03248
0.30954
0.213343
0.57297
8.19887
0.137199
3.8226
4.95002
4.42805
2.00368
6.59707
8.35737
0.636084
0.131475
0.934695
1.74038
0.136054
0.966373
2.91626
0.143075
0.261562
9.46651
8.05331
0.345883
0.226201
3.03644
0.123539
0.409061
4.52477
0.647418
4.52787
1.46051
1.80096
0.302814
0.119247
0.277714
0.956072
0.530224
0.524736
0.294537
4.96565
0.697247
4.38872
1.14401
0.565442
0.238851
1.61968
1.59223
3.81361
0.414109
17.8811
2.46123
1.43177
0.122683
0.124595
6.12304
0.86748
0.180519
0.753953
2.04003
1.87442
0.314358
0.912482
0.439208
0.236463
0.1338
8.35716
1.92505
0.750439
0.317479
0.793624
0.45379
0.214409
0.394805
0.207511
1.12503
0.641814
5.07253
0.128181
1.18719
2.29655
0.573268
0.606253
1.73798
0.17713
0.491804
7.35518
0.152099
0.360966
0.121499
0.692636
0.597028
0.375261
3.66141
0.662695
0.192195
0.104156
1.09127
0.442146
0.101389
1.02772
3.23891
8.32755
0.819841
0.321084
0.747159
0.403388
1.6101
0.196489
0.433122
0.174398
0.354666
0.394957
0.241225
9.00746
0.166502
4.65114
0.337827
0.257322
0.116841
0.143445
1.80161
1.08081
0.962928
0.463612
0.314004
0.531017
1.44196
0.176787
0.137017
0.100975
2.03523
0.483288
0.67209
0.586879
0.899782
0.319799
0.141716
0.198952
2.19623
0.738585
0.108136
0.329519
3.11039
0.162191
0.742365
0.231618
0.34445
0.11153
2.57071
2.06253
0.103065
0.158775
0.513957
3.46266
2.44259
0.135628
0.328756
1.29152
1.35798
0.266215
0.568745
0.113228
0.868233
2.55414
0.120981
0.207778
0.139806
0.651616
0.162682
0.560291
0.246371
1.10174
1.37642
0.365951
2.19222
0.950143
1.98892
3.60044
0.131959
0.192579
2.04237
0.197099
0.309504
3.31974
0.268994
5.06904
0.223279
1.91066
0.122735
0.766915
1.97147
0.134957
0.109451
0.267528
0.806493
0.407194
7.37698
0.20763
0.415557
3.54392
0.189761
0.127294
1.53783
0.24145
1.51932
1.00781
0.128452
0.231284
0.538995
0.654609
4.15996
0.200596
1.38439
3.19581
0.143979
1.83076
0.105117
3.51043
5.05408
1.07981
3.91499
0.484082
1.32698
1.50469
0.123701
0.301422
0.272258
0.571807
0.179523
0.261157
4.11488
2.17699
4.92887
0.189118
5.10576
0.285688
1.76
1.41305
0.958944
0.602326
0.168684
0.154884
6.55037
6.87283
0.47192
0.199075
0.683578
2.75158
0.985492
0.485493
0.202462
0.13556
1.06645
0.483536
1.18343
0.144559
0.585272
0.234914
0.186751
1.80277
1.37205
6.29071
0.271396
0.21781
5.81993
5.24115
0.127179
1.68354
0.317378
0.172657
0.780912
0.153999
0.237406
1.3583
0.110132
2.38146
0.375205
0.239951
4.96489
0.317351
0.829908
0.412379
1.55138
0.167557
19.5545
0.271204
10.8433
2.0077
0.411005
0.371535
3.90499
5.09215
0.351389
0.311709
0.254292
0.151239
0.107791
5.12153
0.378662
3.4326
0.23105
0.138356
0.490824
0.175262
0.211843
2.47944
0.126072
1.17064
0.409975
0.283577
0.335041
0.103991
0.123623
1.04347
0.255775
7.90661
1.71149
0.655003
0.189964
7.12237
0.124427
0.348171
0.117935
13.4058
0.108953
0.681202
0.315894
3.4932
7.37083
9.28837
2.19926
0.811761
10.7355
0.196654
0.690871
0.251941
0.185257
0.480044
2.1437
0.242758
0.964391
0.131646
7.43648
0.543355
1.64458
0.44891
1.5227
0.146409
1.84002
0.210459
4.04559
0.974537
0.269256
0.290937
0.154857
0.569262
0.915731
3.09724
1.27603
1.69343
5.94557
0.243859
0.123893
0.213652
2.58257
0.3064
0.10201
3.27695
0.224063
3.58829
1.22636
5.94912
0.376827
11.0175
0.62308
5.9438
0.302693
0.401669
0.198794
8.5903
0.288335
0.303781
1.46295
0.87202
14.156
0.150702
0.900243
0.822036
0.459034
3.66277
11.9359
0.130705
0.226523
0.162992
23.7181
1.44515
1.3161
2.63877
0.366386
0.379439
10.7957
1.26281
0.119735
0.327351
0.228483
1.08918
9.84343
0.919519
0.601857
0.179316
0.877851
0.210349
6.6501
2.93602
1.4571
0.570148
6.3542
9.35869
0.426317
2.01794
0.629981
0.952233
1.70076
3.30651
0.157481
0.512575
0.426722
23.7121
0.406131
0.154553
0.427558
0.665561
2.01276
0.147842
0.338716
0.568535
0.13475
0.412472
24.1607
1.50957
0.108279
10.3316
0.123163
0.300321
0.163277
0.773361
9.61962
0.229539
0.155723
0.359423
0.4949
1.70227
0.130072
1.27023
0.200343
5.73294
0.552323
0.372694
0.210009
0.747167
0.485304
1.06278
1.23803
0.159504
0.126948
0.23016
0.10727
0.177431
1.36041
1.5327
0.122691
1.95622
0.130739
0.192915
3.00701
0.181445
0.23017
0.203538
0.186358
0.352693
4.15481
3.66683
0.400876
0.204675
0.425625
0.191138
2.13204
6.8868
0.236272
0.502529
0.165486
10.5521
5.06561
1.31418
0.235399
0.126488
0.406139
1.40484
0.382008
9.80418
0.372444
0.154955
0.253221
0.107135
3.05973
0.178895
0.817857
0.520407
1.40709
6.79327
0.540504
3.18064
1.98833
0.109417
0.364985
2.73509
1.51371
0.926159
0.283567
1.26383
1.4214
10.7427
0.220561
0.565339
0.108272
0.131643
0.322141
0.1333
0.180649
3.46674
20.2154
0.11878
12.1091
5.61938
0.295977
2.43539
0.218257
0.156866
0.173268
13.9474
0.435256
0.26253
0.114178
0.16571
0.392112
1.14889
0.450193
4.90646
0.986324
3.84122
0.14972
0.119108
2.53912
8.33796
0.700817
0.582665
1.43543
0.185951
3.55488
0.165817
0.849746
0.314671
0.818014
11.4795
0.444789
0.127845
3.57091
0.205459
19.8015
0.119597
0.107272
0.557934
0.328678
0.321237
0.264793
0.296278
5.58327
0.560794
4.26695
0.105641
0.408322
2.18249
1.06371
0.891927
0.131178
0.169587
3.67217
0.276396
8.68944
0.137712
2.53854
1.58216
0.461508
3.07269
0.46375
0.274196
0.802717
1.52453
3.14126
3.88613
10.8408
0.411283
7.72574
0.574837
6.71445
0.304925
0.843377
2.80142
0.103453
0.451082
4.35737
0.757463
0.155779
0.440876
5.27141
0.417516
0.180719
0.140278
0.196014
1.45595
0.104378
0.214543
0.273764
0.462426
0.338533
0.304484
1.4113
7.35354
0.18551
1.06677
0.172203
1.56683
1.12462
5.10747
0.484922
0.3612
0.740752
3.94834
1.11046
0.605946
1.36287
0.887347
0.595471
0.354038
20.6399
0.363536
3.06836
0.143594
0.149793
0.832197
0.115953
2.89681
7.2035
4.99338
0.308542
0.347651
0.168194
0.210006
12.7851
0.22245
0.124843
6.78275
1.77421
0.439128
7.73069
0.172194
0.831452
1.57298
1.65179
0.54097
0.291477
0.235063
0.233284
0.856675
1.6035
5.89172
0.37059
1.27455
1.82753
1.11976
0.404983
0.159775
0.452865
0.182461
13.7998
2.615
9.81319
1.27565
0.110621
0.129586
0.537071
0.294982
9.20175
8.34371
0.106607
0.173246
24.7555
3.15986
0.162569
0.138567
7.45404
0.505905
4.64386
0.662624
0.131721
2.83648
0.88321
0.252308
0.130326
0.295123
1.49322
0.326531
2.21907
5.19777
0.568299
0.108656
0.646817
5.71526
0.126782
0.436941
1.76471
1.2306
0.304696
62.6878
0.229828
0.895484
0.302212
0.186537
2.81127
1.13265
0.106147
0.225658
0.349852
0.425159
0.154419
0.456847
0.411188
0.107119
0.634319
0.44854
0.499684
0.134043
1.13029
3.80175
0.348035
0.316917
0.21614
3.09324
0.80142
2.97564
17.361
0.374778
0.451547
1.61799
0.424817
0.160266
0.706166
1.8372
0.818797
0.197543
0.847417
0.175506
0.102518
2.32457
0.288581
0.133086
0.101954
0.413129
1.82426
2.11101
0.149354
0.813656
1.28184
1.73264
0.245979
0.697309
1.58022
0.592111
0.596033
6.37056
0.326755
0.637657
0.881178
9.55182
0.119597
5.94116
0.445205
0.127087
8.64438
1.35245
0.178699
0.451176
1.9818
17.6007
0.814381
0.151897
0.782594
0.668221
0.121718
0.604763
2.1139
4.28549
0.201956
0.182446
2.11168
0.367677
0.471286
0.164414
0.135638
1.13809
1.81344
7.61862
0.868423
0.53365
0.49301
0.183704
1.63975
3.26316
18.6294
0.156947
0.114262
0.160689
0.10552
0.248704
0.213457
0.401039
0.511798
0.231909
0.376592
0.689836
1.30584
7.55689
0.514529
0.395866
0.903505
0.450057
0.570901
0.283745
0.806649
0.298191
3.75655
20.4278
0.113634
0.619411
0.390932
0.272802
11.4747
0.187486
0.321617
1.10995
11.2427
0.249938
0.164768
4.34971
2.75544
0.188473
0.515574
0.410503
0.491092
5.51451
0.393595
1.77297
0.124903
1.71219
0.482843
0.123731
0.393045
0.105584
0.211571
0.334223
0.547803
0.350863
0.449646
4.3
2.51434
1.14253
0.104719
0.53142
2.89838
4.30324
0.166132
0.220126
0.207669
0.108331
0.269933
1.83028
0.174454
0.130252
0.100834
0.175843
1.44363
0.406945
8.47137
2.73432
0.399422
0.198547
0.58067
6.99592
0.13988
0.311686
0.70016
0.100619
1.53172
2.63455
0.151759
0.630539
0.669966
0.666568
6.07865
0.166283
3.93617
0.481398
0.216362
2.85322
0.668184
1.68243
0.215816
8.48558
0.800373
7.55251
0.184662
0.26942
0.708874
0.32241
3.37646
0.611298
0.259677
5.82159
1.01269
0.375905
0.147395
3.45143
0.146555
0.40634
0.233553
0.537517
0.13462
0.1544
1.87874
0.248745
0.220056
0.115151
0.126976
0.125185
0.848754
1.12969
0.795413
0.345955
6.55792
2.12022
0.43045
0.116927
0.135118
0.336881
0.229873
1.0079
1.86045
0.109529
0.383951
0.713683
4.42477
2.1542
0.282554
0.779886
1.28194
2.11457
0.212791
0.10945
0.245631
1.33505
0.131776
1.07371
7.59479
1.38606
6.34767
0.174227
0.148907
0.150445
0.163417
0.192224
0.44953
0.722386
13.9033
2.41658
0.179351
0.232655
2.95771
0.564681
0.140909
0.770457
0.112615
0.200637
4.24386
0.615404
0.740586
0.540465
0.200274
0.177356
2.11923
0.691005
8.46031
20.3768
0.14217
3.56945
0.123898
0.501713
0.126865
1.0161
8.35278
0.484383
0.198586
3.23389
0.372925
3.66587
0.370147
3.9667
0.55612
1.30401
10.1738
0.738774
3.55332
0.7342
0.161381
0.208438
0.11328
0.241554
12.2119
0.145908
0.598832
0.75576
0.235281
0.453699
0.456583
0.175298
2.52717
3.74546
0.375267
0.421313
43.2308
1.57575
0.313813
0.291155
0.695994
0.38299
0.137177
22.9672
0.206064
1.87511
1.44626
0.151396
1.65219
0.34317
1.39335
4.62906
0.198362
0.64629
0.104278
0.730921
17.1661
0.180177
2.58511
0.110917
0.260792
9.24136
10.1764
0.117739
0.367741
0.309987
0.199973
1.65219
2.54211
1.40686
0.20042
0.194614
0.120083
12.3754
1.87924
0.110441
1.28283
0.787537
0.428969
0.125086
5.30389
0.127115
0.244871
0.122425
2.97022
0.154228
0.21786
5.17818
3.90108
0.208558
7.78385
1.88171
0.336428
11.0677
8.07879
1.19732
0.171333
2.75199
0.21875
0.147472
2.292
0.111249
1.20626
1.30414
4.40715
0.985103
1.14661
0.264732
0.34171
0.270566
6.85208
0.565064
0.285954
0.152207
0.889703
2.20887
0.717347
1.11556
0.908286
0.171922
0.559281
0.818364
0.235345
0.110812
0.524893
0.612174
0.885264
2.63198
2.57213
16.0071
0.204993
0.129196
0.350065
0.206511
2.53566
0.235257
0.124351
5.29262
0.680326
1.16764
0.381512
7.52136
0.197677
0.210048
0.108752
0.959193
0.431051
1.33579
0.108178
1.45412
4.47503
5.13992
1.49724
3.56812
5.90555
2.47687
1.2171
0.781196
0.126369
4.2087
0.145327
0.336203
23.9393
0.85229
17.9789
0.119112
35.5015
0.317284
0.145081
0.387388
8.26331
0.234673
11.8367
4.30914
0.361382
0.37144
4.32196
0.466556
0.161213
1.66147
6.09131
2.03929
0.400845
1.31995
0.585345
0.786316
0.933762
0.147887
0.495769
0.635572
0.711752
0.702209
15.2573
2.36651
9.71866
0.314138
2.0041
0.785845
9.79754
0.136526
0.127871
0.197334
0.334192
0.18186
0.516704
3.47663
34.0941
0.916709
0.315583
12.1694
3.4731
0.164113
0.397793
0.969862
0.164757
0.122072
0.148348
0.170361
0.21234
0.714899
0.106476
0.828778
0.239373
0.545099
0.196248
0.363191
1.60568
0.149583
1.20656
0.139715
0.148797
0.449465
0.556995
0.512124
0.161044
2.98836
0.169552
0.349644
0.758712
0.986441
2.96064
3.21432
0.427102
5.62038
1.52135
3.36731
0.286143
0.169601
2.83535
0.295465
12.2001
0.165812
3.6604
0.168336
0.106045
0.100338
0.161592
0.640266
1.44987
7.60245
1.64574
2.57632
0.182683
0.141683
4.33874
0.255687
0.561962
0.572086
0.290133
0.211862
1.72109
2.93954
0.156906
8.61567
4.11212
10.5658
0.200039
3.29505
4.11753
0.29504
4.48435
0.226649
1.3477
0.351681
0.317429
2.06146
3.12511
0.67157
2.96924
1.11043
2.28357
1.78555
1.59822
0.157239
0.955318
0.120492
0.435239
15.6238
1.75491
21.6397
0.708978
0.847482
1.47643
0.151593
0.393058
29.5411
0.337257
0.26535
1.13216
0.208717
4.04721
3.20947
1.73267
4.33141
0.547866
0.906437
0.180257
0.110435
0.217256
5.47188
1.08324
0.364468
0.904115
0.41376
2.44109
20.0887
2.5617
0.712832
0.101892
0.157758
0.747441
0.115276
4.48603
0.505346
2.45127
0.372421
0.168091
0.898566
0.850256
0.248814
0.634258
0.397205
0.525274
0.12665
0.204889
3.486
4.08408
0.154201
0.553456
0.521498
5.31733
0.586351
2.63604
0.31318
0.882512
11.2704
0.376639
0.133462
0.157253
2.71282
0.399705
0.107194
3.33541
0.109318
1.42527
0.169767
0.120051
4.60939
31.2172
11.0214
0.293532
4.32083
9.14953
0.419076
3.83042
0.314256
0.692568
0.868338
0.10845
5.05695
0.990377
5.85515
6.13605
0.108365
2.58293
0.349826
0.593005
0.218848
0.721999
0.145377
0.328094
0.110324
0.657275
1.9645
9.56839
0.109795
0.275609
0.220684
0.192389
0.726562
0.133577
1.27606
0.636651
0.13526
0.525875
1.91131
0.746189
0.423414
0.472456
1.24186
0.326691
0.152737
1.39954
0.204605
1.25303
0.313066
0.221037
1.0364
0.234556
0.88454
0.237902
0.124259
0.203463
0.944745
0.122753
0.215331
0.131315
0.18782
0.148822
1.06949
0.184942
1.6845
0.17229
4.80085
19.2594
0.376734
23.9356
0.196823
0.140005
0.949421
4.43436
1.67281
0.588819
0.422047
0.547823
0.114242
0.40967
13.0559
1.78497
0.255838
0.313832
0.238461
0.132163
0.223647
2.90123
0.483912
0.117446
0.130794
0.195
0.101495
1.19162
0.457308
7.00321
0.217078
0.142916
2.85241
0.222626
0.204687
0.42985
0.488594
0.517913
0.954005
0.320095
0.115869
0.740983
1.41826
8.66198
0.356014
0.140549
1.36443
0.323673
17.0729
1.05989
0.540897
0.422485
0.212789
0.191505
2.19886
0.900525
0.173941
0.359715
1.24868
0.83805
3.11684
0.197959
0.168639
5.08288
0.157706
2.4256
0.172308
0.217651
0.372488
0.291411
0.141152
0.22705
2.13775
1.07158
0.734793
1.44695
4.56225
8.46354
1.41782
0.482072
5.02654
0.126467
0.10226
0.194204
0.316192
0.10287
0.498852
1.52597
1.04151
0.447634
0.10261
0.149059
0.263715
0.102169
3.3364
0.785117
0.30764
0.475378
0.508402
1.60599
0.37027
6.4048
0.12868
0.166155
3.32334
0.956863
0.330487
1.5348
1.50308
0.859827
0.554703
23.3971
13.4021
0.986236
0.471457
1.14431
1.4181
3.16903
0.691787
1.02636
1.70194
7.48275
0.665959
1.92171
0.12451
0.289607
0.217985
0.134185
0.677188
2.73417
0.957128
3.39393
0.263748
3.82012
0.102777
0.395831
0.131373
0.11093
0.682056
0.389312
0.93894
3.16773
7.82182
13.0916
0.432993
0.599063
4.29524
0.885726
5.64806
0.148197
2.78955
0.181533
7.55569
0.51618
0.710015
0.739828
0.150763
8.36724
0.373962
1.81236
0.202128
0.480026
0.698235
0.130106
0.847379
0.213807
6.25719
1.1246
0.520693
0.192137
0.354913
4.43854
0.161698
0.237152
1.40148
0.405377
0.368722
0.386567
0.669952
0.289907
2.94661
2.85907
0.314093
1.70859
0.360189
1.82595
1.9349
4.00142
0.388539
10.6883
2.37583
0.347579
0.100695
1.36092
0.592653
0.254211
7.10202
0.15673
1.50177
0.730147
0.451737
0.265714
0.295648
0.169466
0.383549
1.31978
0.410801
8.21977
0.879378
0.230961
1.34264
0.9585
18.8758
1.47686
2.99361
2.14265
2.03744
1.24649
0.191043
1.7826
0.1185
0.217705
4.3608
0.282662
0.642379
0.297545
1.03697
0.110904
5.01455
1.72879
0.219159
1.31706
0.117454
0.247278
0.642312
0.110235
0.670626
3.56092
0.300599
0.108468
0.102514
0.23261
0.272928
0.117109
0.167576
0.156608
0.149462
0.714197
1.92057
0.334162
0.240476
0.205621
0.122497
0.902604
1.53302
0.350916
0.328236
0.900334
1.63028
0.103463
0.123977
9.27676
0.116216
13.6884
0.164876
0.464092
1.25298
6.92054
21.4647
0.232729
1.04712
0.891935
0.630048
4.48987
1.10382
0.852079
0.350283
20.4013
0.845776
0.150004
0.173446
1.61659
0.549353
3.2386
0.987747
0.86243
1.25641
0.138927
0.249075
10.3439
0.173668
0.530528
0.230952
0.147835
0.227994
0.141257
0.184181
2.29127
6.99204
1.12492
1.14092
0.760236
8.20619
0.916936
1.71502
3.69606
0.334616
8.9051
0.312583
1.36874
0.163043
0.539313
0.485191
0.110368
2.4498
2.53748
31.9313
0.159647
1.62548
0.327771
2.49756
0.537904
1.5724
0.24356
0.611053
0.14205
22.6959
1.15941
0.280485
2.28346
0.311062
0.133236
3.69304
0.153567
1.36278
2.63789
1.10382
0.805324
0.589684
0.855058
4.4289
1.85565
0.477742
0.379823
0.543689
0.287526
0.20625
0.681388
0.222762
0.123902
0.121333
0.24018
2.07369
0.107589
2.46584
0.680415
0.229747
1.68942
14.7992
5.57
0.36355
0.307996
3.98255
1.58591
0.111057
4.4922
0.581423
4.82841
0.945649
3.25107
11.4343
3.18639
0.119135
2.64129
0.873224
0.10005
0.227639
0.153837
0.159588
0.168733
0.231861
1.48971
0.190877
0.723837
0.106624
2.28624
0.177612
10.9562
1.05141
1.36749
0.111544
0.142116
12.0798
0.156943
1.41312
0.410548
0.17266
0.343166
3.07584
0.75515
1.65061
2.21135
0.122922
2.87977
0.425652
0.164024
3.34793
2.03242
0.404453
8.69746
1.72267
0.84775
1.43213
0.721866
0.519075
1.01987
0.319172
2.84692
0.298317
0.117231
0.77947
0.519972
8.75136
0.254748
3.84153
0.415024
2.39462
0.371239
0.147455
0.838052
1.24808
0.224598
1.40494
0.451246
0.236505
3.00868
0.844711
13.94
0.107322
0.133762
0.561196
0.417257
9.95527
2.79951
0.121024
0.150442
5.76221
0.607208
0.767021
0.198647
1.47829
2.88895
12.3627
0.201586
0.251305
0.553522
0.903336
1.0296
9.71796
1.09708
0.267005
1.50588
0.27657
0.33858
0.871673
6.36186
0.233379
1.46411
10.8269
0.114961
0.530516
0.371632
1.45707
0.240523
0.132037
1.42488
0.262505
10.9129
0.672854
1.7172
0.17585
0.102845
0.993981
0.347705
0.429331
0.937248
1.11342
2.99181
0.320242
0.22673
0.751168
4.29572
0.104476
0.165428
0.126286
0.262604
1.12946
1.90764
0.82429
7.26478
2.64668
0.204174
0.323345
0.574252
0.681214
0.755991
20.6866
0.190618
0.802126
0.444459
0.43712
0.160306
0.580423
3.18493
0.259204
0.206781
0.367615
0.800233
2.69913
0.926638
1.50138
0.767662
0.13439
0.158948
1.00562
0.143409
0.224144
0.25315
0.198095
2.40864
0.721933
0.787894
1.46054
0.532376
0.658293
4.79681
0.567603
0.109906
0.211117
0.430911
1.26452
1.13408
0.170278
0.209823
0.263402
7.10536
1.01433
1.32467
0.286504
0.439558
0.254549
0.3359
0.25502
1.01045
0.610376
0.14342
0.311494
0.952744
6.82914
0.368054
0.215597
23.0169
0.182132
0.896802
0.220561
0.625898
0.130121
0.234146
13.3823
1.82358
2.30667
11.8382
0.240349
0.616227
0.30748
2.2877
0.410815
0.138588
0.585458
0.77805
14.8738
0.387359
4.19511
0.214235
0.111902
3.27462
0.629329
0.460809
0.143428
0.288945
2.87105
0.351928
0.146684
0.19396
0.250254
0.294293
1.68537
4.04088
0.100104
2.24385
0.274939
0.285073
0.132357
0.790715
0.100068
1.32092
0.31825
3.07426
0.514213
0.570779
5.37095
0.729429
0.156793
0.280317
0.501366
2.39093
3.2159
0.253396
13.7877
1.74717
1.88937
0.653528
0.677001
0.624112
0.276777
1.46398
8.46042
2.40152
0.51584
2.33011
1.23654
20.5578
0.683476
0.273266
0.286317
0.244315
0.178987
0.652689
5.63081
1.70209
14.0044
21.9876
0.772978
0.198214
7.57134
4.52943
1.57006
7.85583
0.184288
0.188419
0.466732
0.370501
0.344812
8.01346
4.16779
0.121349
7.11698
1.27588
3.00908
0.17915
1.46981
0.336969
0.174804
8.82268
0.111047
0.440606
0.318802
0.581302
0.343385
4.36373
0.294769
12.2498
1.8427
1.67949
0.168925
10.079
1.57593
2.4987
0.74987
6.79557
1.68603
0.218546
0.169544
0.967586
0.95675
2.99221
0.30845
10.8728
0.111391
0.113622
1.35443
0.381844
0.11253
0.459639
5.66454
1.53888
0.118461
0.471756
0.199811
0.689219
0.177776
0.362762
2.31066
0.265359
1.49442
2.90595
1.32619
0.150747
42.5903
3.30461
0.1806
0.390687
0.230788
0.10218
10.9627
0.364216
27.1626
0.966041
0.122241
0.136302
0.203367
0.560507
0.294015
0.238365
0.228468
0.414058
26.3189
1.75982
0.691611
0.368137
13.6048
0.68026
0.404713
4.41671
3.13979
0.105641
0.851842
0.614931
0.113893
9.12434
2.19967
0.248139
0.727337
1.07223
1.32702
0.781298
2.07329
0.122021
2.52043
0.223199
0.186506
0.303394
1.12526
0.161986
5.08689
0.898334
0.502907
0.173032
1.02031
2.26504
0.132753
0.242335
0.200803
0.125028
0.594249
0.108166
1.69771
2.22182
3.704
0.46263
0.204529
0.141818
1.15642
0.108666
1.12287
0.278873
0.124463
0.254379
0.778239
10.7024
0.108747
0.181227
0.172644
0.603435
0.860396
3.33597
0.11895
0.196148
1.42897
0.28719
0.316139
0.112316
0.365253
0.424792
6.13451
0.515182
0.311744
0.334226
2.40961
0.317325
2.04864
0.666976
0.248428
3.07174
0.211155
1.55463
0.25735
0.647144
0.496018
0.142531
0.671049
0.223465
0.177353
0.616207
3.07743
0.50993
1.08647
0.504486
3.14849
0.163438
0.282423
0.129491
0.15032
0.271733
15.7258
1.05798
1.18671
2.74162
0.30389
0.351311
1.62311
0.133831
1.18643
0.318481
0.357889
7.23963
4.65833
0.378314
8.64861
0.325301
0.177358
0.194568
2.37911
0.788725
4.46942
0.130981
1.23052
0.405538
0.795237
0.18054
3.91935
0.205438
0.184625
0.351296
0.131418
0.409736
0.101003
0.181777
3.59486
0.142498
0.197136
9.98062
0.28149
4.06549
0.124455
0.54586
0.811831
0.352585
1.12273
0.138467
0.409553
0.182847
0.125978
0.657527
0.280051
0.155537
4.13123
0.420537
0.543182
16.7119
0.567521
0.172767
0.163169
0.145366
0.348561
0.4139
0.183947
1.27164
0.69912
0.175189
0.318372
3.89221
0.105218
0.506665
0.138567
1.45139
0.532875
2.34014
1.11933
0.210575
0.102221
0.839645
0.151529
1.35114
0.119312
0.38866
0.408103
2.98181
1.61641
0.396748
0.361399
0.300302
2.42099
1.38027
0.413333
0.927627
0.111828
3.40084
8.21294
0.308779
0.579387
0.392402
0.352412
0.724465
0.146593
0.435976
0.345841
0.234234
0.127813
0.162576
5.06549
3.09708
0.170537
0.189685
2.26096
0.106611
1.94376
0.332987
0.994716
0.285358
8.37321
21.6035
0.588912
0.155081
0.274576
0.261801
4.4118
0.183869
2.69664
0.189897
0.530575
0.592652
0.185634
0.413984
0.141117
1.45634
0.212978
4.31167
1.51778
0.533141
0.25396
1.31354
2.66918
0.746899
7.06201
0.246968
10.891
15.5058
0.202258
5.14797
4.10241
0.257093
0.180548
0.393879
0.435568
1.29961
6.0591
0.137322
0.22291
0.23238
0.330985
0.124846
1.95661
0.565343
0.210503
5.08928
1.21937
8.59136
0.421855
1.74609
0.318953
0.182871
0.578603
2.89669
1.89611
0.253687
0.400187
0.779885
2.07248
1.99143
0.606261
0.783355
29.778
0.443602
3.55796
0.296022
0.365046
1.02202
1.03034
0.242746
0.110464
8.91685
0.418358
1.76713
0.744539
1.03902
0.167958
1.90213
7.97849
0.273326
0.128273
6.80504
0.725427
0.431286
3.08347
0.189978
1.91291
0.152213
0.199242
0.107283
1.57824
0.345364
6.13446
1.21791
1.3351
0.890624
1.01948
0.159995
3.5348
1.05513
1.03803
0.112698
2.5952
0.246947
0.191582
0.112756
0.853957
0.516633
0.133222
9.8979
3.20049
0.168441
0.104178
0.274177
7.10587
0.812419
1.6734
5.52816
2.87925
4.8861
0.624305
1.70078
0.393101
7.59956
0.364798
0.215393
1.51589
0.297544
0.469672
1.7704
2.00706
0.777187
0.316124
0.113762
0.266045
0.521668
10.3361
8.68701
0.266383
5.2179
0.88255
0.153528
7.5067
0.10955
0.276432
1.45764
1.89525
0.617095
0.615298
0.239186
1.4451
0.234056
0.210481
0.162757
1.27296
5.58638
1.30956
0.144795
26.4938
30.2846
1.35444
0.365519
0.120194
1.37806
1.89121
1.18615
0.367848
0.212296
0.725676
0.122527
0.163424
3.80683
9.13711
0.161812
0.226004
2.65875
0.218697
0.856393
1.39826
0.231594
5.6947
0.108466
1.64179
0.368803
3.89748
0.405485
0.525415
0.278314
0.159349
0.117636
1.36704
35.8539
3.94649
8.69362
17.3312
2.53473
0.27265
0.103312
0.150467
0.132613
0.225932
1.4226
0.534069
0.197808
0.677228
0.584686
0.332108
0.435776
12.5831
0.134497
0.960662
2.83135
0.155824
3.37406
5.75398
2.76011
0.968947
1.19514
2.87198
2.5885
1.65988
0.131241
0.231573
0.585555
0.343723
11.3309
0.426854
0.132292
2.86739
0.54909
6.79158
5.07397
1.73884
2.82353
0.455204
0.263926
0.331217
0.11886
1.49088
0.138784
1.13659
1.27582
1.22777
0.307417
0.130155
0.203003
2.94209
0.313704
0.100983
4.19642
0.31766
6.67488
0.501885
2.77248
1.11944
13.9296
0.27706
0.515819
16.66
3.63091
0.121362
1.36565
0.210824
2.59252
3.52754
0.230033
4.2104
0.428186
0.13203
0.85373
0.209417
0.216172
1.24757
0.166084
0.178014
0.337037
0.404702
1.00346
1.63086
1.80171
0.282706
0.386178
0.329132
1.20226
0.106075
1.89522
0.227505
0.104778
0.322524
0.392532
2.99901
1.56007
0.52945
3.49914
12.9226
0.276391
2.15189
0.547265
6.3408
0.109223
0.245162
0.437625
0.199275
0.100178
0.21493
0.363984
0.31532
0.756454
21.8116
0.170523
0.152157
0.963633
6.83078
0.295212
2.45245
1.77645
0.384672
7.55522
0.166922
0.947421
0.348087
0.567796
8.0719
0.34136
1.62398
0.896729
10.4885
0.270574
0.547964
2.38943
2.98522
3.2242
1.95007
0.122085
0.942593
4.24567
12.2637
0.100163
0.186126
1.13364
1.75591
0.25534
3.99293
28.7137
2.94758
0.818557
0.205539
0.483295
0.198495
0.143196
0.435789
0.119067
0.330714
0.120863
5.25257
2.71068
0.142989
1.2956
0.251225
3.79759
0.106184
2.54136
38.4879
8.45201
0.124459
0.366042
0.102122
0.127312
1.13109
0.353675
3.11627
0.141327
0.525611
0.229924
0.211552
0.107347
0.336419
0.82289
15.0572
2.08581
1.04747
0.100712
0.126406
0.319534
0.333703
33.656
0.153364
0.323504
2.75646
2.53548
2.54539
0.139181
0.288771
0.345901
1.39119
1.50425
0.126445
0.567165
1.42637
0.890856
0.41342
8.75885
0.144837
0.119762
0.117244
5.20544
0.539031
0.977336
0.371796
0.524119
1.22901
2.38916
0.133594
0.935374
0.120326
0.12302
0.239812
0.714936
27.7477
19.2837
2.71373
0.335778
0.154727
0.971707
1.53487
0.390651
6.54823
2.10202
0.787988
8.5185
0.240586
0.545116
0.22545
0.282035
0.663029
0.530139
0.1506
0.277803
0.350343
0.338379
0.14983
2.28203
8.51288
1.12799
0.116273
0.369003
0.148305
0.111436
0.824102
1.65016
0.223838
0.631838
1.4542
0.15935
0.14026
0.764549
2.89675
0.107866
0.122112
0.940315
0.918521
1.87958
0.589992
2.04023
0.509741
0.33342
0.115921
0.989747
6.69453
3.46134
1.04601
0.248901
2.04112
0.147294
0.857147
1.85376
0.447597
0.672344
1.01979
0.134168
2.95956
0.664531
0.600352
0.989633
3.70899
0.11668
0.205518
0.17721
7.8628
0.437119
3.5468
0.851344
0.134873
0.113332
0.188721
4.36243
0.165062
4.87871
0.938096
0.196134
0.961671
0.271379
2.39336
0.326259
0.378832
0.703759
0.163038
0.359402
11.5788
1.69669
4.22766
4.2836
0.245298
0.132972
0.116019
1.39225
0.17484
1.22536
0.186941
0.102907
0.328785
0.488564
0.154795
25.6378
0.575002
1.13081
0.28652
1.60477
6.16538
1.32314
0.614484
1.00924
0.216941
0.774913
0.101933
7.1589
0.272678
0.223347
0.199161
0.358942
0.287503
7.39832
0.384593
1.16085
0.637373
0.713458
0.178995
1.00089
2.27851
0.285334
0.111182
1.94854
2.70321
0.144413
0.449894
0.131585
0.105712
0.733031
0.331817
4.75395
0.481649
0.199821
0.201341
0.142417
1.04984
3.90592
0.208808
0.599239
0.398183
0.130537
1.85221
0.113198
6.45854
0.205748
0.548205
0.594878
0.441372
1.05541
7.52436
2.51541
0.135282
0.10076
2.92956
0.11473
1.60027
8.11167
7.19439
1.7509
0.185415
2.19743
0.384447
0.248116
2.49669
8.93424
1.72703
4.55358
13.1788
1.8383
12.47
2.0531
0.246492
0.775621
2.14119
0.397441
0.945091
1.33942
3.46043
1.18597
0.12086
3.849
0.562021
1.32481
0.202855
0.357242
1.2209
0.479989
3.93295
0.109612
0.213772
0.183182
0.132417
0.438282
0.624533
0.751991
0.179104
8.70115
1.43162
0.359549
1.24608
3.13119
3.7395
0.420392
1.19905
1.68939
0.649721
6.01423
1.40541
1.14784
0.199689
0.834416
11.4211
0.850222
0.612766
0.250931
2.05314
0.894263
1.08445
1.22345
4.67973
0.4998
0.543859
0.207852
0.192878
2.31512
0.61569
25.8598
0.153478
1.87303
3.6501
8.41796
0.787561
0.73178
0.131761
6.8058
9.76082
0.57094
6.2098
0.40628
0.134499
3.75604
1.6685
0.739923
0.940911
1.0359
1.19013
1.45986
12.6568
0.451541
8.54773
4.02146
0.326908
0.580072
0.168512
0.151817
0.373937
3.59611
0.886105
0.308765
10.4182
33.4443
0.120859
0.449293
0.108469
0.123197
2.03768
0.146409
1.0823
0.249178
0.115731
1.76352
25.1041
0.996906
0.603721
0.113087
1.67702
0.146498
0.180297
2.79318
0.146311
0.444709
0.232302
0.409409
0.313832
0.202798
0.488497
7.95943
0.348787
2.36152
0.10771
0.147496
0.184338
1.20792
1.01016
0.432769
0.394747
4.47015
1.16268
7.75995
0.129977
1.35665
1.8756
1.55551
11.0958
0.280275
0.277551
6.03662
6.89941
4.93156
0.114532
0.361147
0.166485
0.877151
1.53128
2.77209
2.93369
0.359135
0.451198
0.372527
0.138239
3.20413
0.304296
3.72949
0.488508
0.173658
0.224002
0.508814
1.06388
1.12136
6.22747
1.74339
0.617359
0.156666
0.307015
0.151007
0.48947
0.113138
0.210708
1.92751
1.58309
0.884112
0.25927
4.3308
0.357306
0.112798
0.113042
10.7541
0.123521
1.57433
0.562833
1.82515
0.934745
0.108425
0.202225
1.22424
3.43104
32.6788
0.527347
1.471
0.150212
1.35285
0.397142
2.09219
0.892623
1.5663
0.441427
1.48816
0.545808
7.33864
0.699527
6.39498
0.401541
15.3154
0.142189
12.7482
0.586831
0.255385
0.288745
1.88844
0.143992
0.29906
0.417307
0.778188
7.28191
0.108897
1.68261
1.25257
0.317442
1.49585
2.6429
0.82934
0.106077
1.32896
0.167817
0.375223
0.282165
0.572934
0.598958
0.986864
5.47641
1.23958
0.187591
4.10468
5.17338
1.91891
0.583336
0.265426
0.155181
0.629436
0.220033
0.282973
2.36415
1.19418
1.44602
43.1844
13.7677
0.117302
0.429161
0.171362
0.924391
0.234446
0.408729
0.933505
0.220885
0.380749
1.3499
0.515266
0.161781
3.33362
4.60199
6.2652
0.302224
1.37645
1.16153
1.53279
0.153989
1.29856
0.141865
0.557158
0.117962
0.185534
0.115044
0.244028
0.482575
1.43822
0.240535
0.556494
0.595391
0.185322
0.438026
1.75109
1.34777
5.09989
5.39051
0.178638
0.101784
0.648806
1.06794
0.335807
17.9248
7.1136
1.32881
0.920368
1.21732
2.8775
1.09225
0.112974
0.328807
1.16784
1.14749
9.25852
0.229004
0.272737
0.370565
0.434826
0.671139
0.148529
1.61322
2.8623
0.720526
1.05382
0.235276
0.782917
0.235913
0.620233
2.33146
1.60221
1.1509
0.868445
1.25674
1.51196
2.77661
6.37235
0.744407
0.115795
4.47284
1.06463
0.243885
0.153671
5.74533
1.14193
0.17456
2.74403
0.10591
38.4117
1.47517
7.33115
7.00412
0.25464
0.308605
3.17395
0.872922
1.35628
0.106481
0.362409
1.99316
0.101151
1.89804
0.557982
0.102033
1.12258
0.177807
0.260304
0.164119
0.298273
0.396666
3.06979
37.3138
0.54699
0.111845
0.20629
0.259261
0.120187
0.872388
0.191308
0.370758
2.89334
0.229547
0.218358
12.3887
0.475793
2.42253
0.145345
1.14514
0.105658
8.35745
0.200924
2.33071
1.15849
2.3205
0.338789
0.187264
0.120709
6.03758
0.839216
0.330383
0.34752
0.905606
3.50291
1.00688
0.937263
11.3876
0.250535
1.52266
0.197145
0.227097
4.67803
0.721112
4.95982
12.9743
0.688946
1.09068
0.325811
14.5776
0.284354
7.68359
1.53555
0.981323
9.63581
0.354314
4.18927
0.224221
0.165543
2.84039
0.510565
2.2449
0.359626
0.544758
0.62318
0.174253
0.341809
0.208585
0.567174
0.1088
6.46102
0.667842
3.44535
6.07973
1.10198
1.63584
0.113293
0.716053
0.537836
0.173905
1.71672
0.424396
0.114424
0.202511
6.02961
0.191586
0.122665
0.11844
0.264529
0.398811
1.45146
1.536
0.194381
0.113646
0.841755
0.20369
2.01995
0.103577
0.333142
1.9437
0.362311
1.04559
0.804396
1.7583
0.286451
0.121745
1.94913
3.3134
0.305166
0.105961
16.3461
10.5916
14.2502
0.148306
1.86873
4.82047
0.708005
0.694102
0.322783
0.43523
0.162094
0.371337
0.135696
1.68857
0.379217
4.37246
5.01051
1.07952
0.322756
4.08887
0.403933
0.167871
0.856811
0.798672
0.151164
0.124999
0.13803
2.16645
0.867127
0.300376
1.4711
6.40445
0.239251
2.18611
0.400682
0.231489
0.493959
0.207064
2.80461
5.74715
5.00629
0.12626
5.29562
2.29403
0.266844
0.15491
0.622885
0.167284
1.29372
6.13146
0.158101
0.70524
0.389815
0.524137
1.28049
0.165538
0.149908
0.171537
1.25059
0.384884
1.42963
6.29535
0.253598
2.7344
7.72929
2.22994
0.224685
1.37952
16.7653
0.18222
0.190153
4.36824
0.344025
0.463112
1.39497
0.197106
2.58377
0.330809
5.79657
0.112375
0.561392
2.59034
0.114429
0.535306
0.747373
0.16793
0.372608
11.4158
4.12253
1.76507
1.28169
2.21437
1.80397
0.388734
2.77606
4.25376
0.216009
3.5497
0.159073
0.419868
1.39154
3.81086
2.64243
0.356867
0.889696
0.159692
0.93643
0.725362
0.441393
0.194604
0.244419
0.994725
0.188751
0.296798
0.789168
0.153178
0.257102
4.2774
0.36202
0.272767
4.51245
0.104602
0.140281
0.255162
0.455845
0.513362
0.137255
0.218345
4.67819
0.432826
0.102581
0.65891
0.341278
0.211108
1.38148
0.145061
0.118317
0.595536
0.473438
0.100933
0.36908
0.106356
0.300074
0.980371
0.283868
1.02446
6.32936
0.193411
3.51369
1.84086
0.112717
2.63064
9.62762
0.250275
0.277711
0.277551
0.263628
2.45581
0.773418
6.71469
8.59816
0.339625
0.462851
0.121253
0.121784
0.314479
0.172336
0.374771
2.63666
0.200229
0.439426
0.547684
0.277168
0.499505
0.943182
1.58218
0.846374
0.104335
1.11341
0.10476
0.181938
2.73184
0.204732
4.59277
0.320749
1.94821
0.975726
0.381682
0.41651
2.28531
0.21118
0.375477
1.69041
0.762999
0.6179
2.00274
0.1429
2.34161
1.40695
9.35692
0.157902
0.343123
3.47071
2.98837
9.48725
1.14582
0.411453
0.304636
3.32568
0.22161
0.160858
0.23268
2.27742
0.216566
5.90168
0.772826
1.83139
0.39923
1.40402
1.2072
0.176127
0.260234
2.10354
0.325861
3.8099
0.493936
1.43813
2.6235
0.21379
0.427721
2.47755
3.98488
0.100821
0.168686
3.47867
3.08539
0.861207
0.487437
0.763691
0.493179
3.33038
0.452174
9.53317
9.51792
0.761363
0.132071
0.437195
0.919719
0.129423
0.254378
0.377035
0.19338
1.10445
0.926653
2.30236
1.82501
1.18712
1.2725
1.24112
1.99219
5.6186
18.7657
0.124283
1.30481
1.48285
8.70319
1.16179
0.285493
1.84131
0.170894
31.8519
0.459637
3.70609
0.914473
0.67584
2.2554
2.9422
0.227127
3.47414
0.254845
5.30576
0.344234
0.383059
3.14505
0.133115
0.314514
0.878914
0.192855
0.113008
0.820266
0.117072
1.24535
2.93521
0.347479
10.6268
2.01491
6.21793
0.152605
0.199264
1.3124
0.145297
2.25558
3.78757
3.37287
0.1079
2.75773
1.29269
0.146649
0.519121
0.431491
0.939299
4.26844
0.489115
0.247493
0.108235
5.55784
0.121325
0.132147
0.575203
1.50681
1.07465
2.92334
0.120782
0.232323
0.353222
4.55937
1.26204
0.395162
1.8387
2.8689
4.92371
0.182597
0.224278
0.649652
0.57852
0.112914
0.592877
9.71653
0.13806
1.48945
0.248906
4.59557
7.74328
0.438925
6.07453
0.884403
3.34373
0.706337
0.810813
0.628566
0.138395
15.495
2.15081
1.22855
0.222602
0.147729
18.5681
0.276671
0.676907
0.400902
2.68775
0.517187
0.561818
1.22116
0.746499
1.74833
0.157004
1.46611
0.753067
0.82508
0.453128
0.267657
0.215857
1.56795
2.68372
12.1018
3.43769
28.3933
3.39092
5.80418
6.88091
0.305262
0.11269
0.46572
0.16189
12.0103
0.360639
0.242429
0.558789
0.477978
0.431919
0.227894
0.192362
2.57005
0.210103
0.196569
2.45581
0.226383
0.131406
0.909477
0.220616
1.0394
2.79152
0.56165
1.57692
0.272199
0.403354
0.866961
0.258199
0.126687
0.157797
0.166677
0.159464
0.178725
0.604107
0.241613
2.69873
0.372973
0.921389
0.121071
6.54532
0.584844
0.1641
0.166007
0.401212
0.469515
0.123816
2.42371
0.132693
0.169268
1.25029
0.295679
0.977789
0.205171
0.222608
0.124949
1.97457
0.726867
0.446097
0.489432
4.98051
1.65225
2.13738
0.372365
1.36609
0.331267
1.45107
1.84179
0.193732
1.66667
4.84177
0.322491
7.96048
1.16481
1.73383
2.38593
0.301766
10.449
2.26378
0.181472
0.268868
6.75713
3.09248
0.134915
0.116161
0.192371
3.09964
2.13289
0.198187
0.381885
0.334286
0.314126
0.837342
0.148063
3.44748
1.09436
0.336032
1.84934
0.248968
1.26693
2.14314
0.17525
3.07658
9.58523
10.2365
0.661096
0.290632
0.407659
1.31738
2.24089
0.163337
0.561676
0.271217
0.107663
1.1319
0.114121
10.6395
0.515173
0.111922
1.24669
0.188318
0.170711
0.391831
0.70719
1.46087
1.043
0.107837
1.58367
0.29528
0.518388
0.157632
0.124259
0.192456
0.132922
1.01062
11.8902
0.865061
0.331058
0.175892
14.7902
3.2802
2.34031
0.12609
1.91999
0.202483
0.152059
1.42306
2.19311
2.43577
1.52804
0.65171
0.162216
19.0156
4.559
0.309446
0.743458
0.228162
19.7076
27.9095
0.216332
0.152015
1.25224
1.95413
1.20007
0.442288
1.78013
3.01917
0.450503
0.979878
0.776727
2.51926
0.259128
0.100418
4.79373
0.103968
0.169692
0.142202
0.123151
0.402623
3.08256
0.188545
0.164753
12.7155
1.45995
0.298858
0.222656
0.175989
0.187817
0.100309
2.21851
0.178755
0.517336
2.23239
0.113003
1.97749
0.534124
0.12335
3.76517
2.74473
2.21469
0.113072
0.214614
0.74666
1.29775
1.40867
0.115889
0.161895
1.25189
0.186251
0.563335
0.288156
0.308866
1.95565
0.332316
1.11876
0.154814
7.07132
0.349451
0.132933
0.168145
1.07449
0.194211
0.848469
1.24698
5.47984
0.898549
3.55691
0.11422
19.8026
0.506605
43.1833
4.04181
7.11706
0.410779
0.530193
1.788
3.80911
0.178279
1.01552
0.226913
0.239501
0.443348
0.273453
0.540023
0.606892
0.307601
0.170567
8.44328
9.76157
1.36974
1.61767
0.223047
1.32067
0.33375
1.26248
8.36648
0.616665
1.07001
0.100839
1.45657
0.717637
0.246172
0.155181
0.135402
0.100384
3.06416
1.49085
0.219028
0.500166
0.954632
0.128363
0.364934
5.4252
0.545787
0.177165
0.25139
0.614151
0.895841
1.02225
0.169397
1.52543
0.778844
1.03157
0.636176
3.22151
0.123468
0.746776
1.87047
0.114415
0.430066
20.5036
0.273472
0.656671
0.276338
0.968767
0.614611
1.86019
3.83202
0.251698
13.3768
0.154261
0.592274
0.767838
0.503347
9.10605
17.0458
0.130974
0.314066
1.82844
1.22964
0.140908
0.510435
0.837229
0.129364
0.24599
5.11143
0.534361
0.390802
0.250207
0.599795
0.975382
0.146939
1.16282
0.13517
0.364546
0.102065
1.87333
1.02685
0.232816
0.203496
0.936463
0.117595
0.418254
0.942089
0.64703
0.12596
0.723346
0.153777
12.7069
3.77994
1.26607
2.59945
3.61725
0.303185
0.918268
0.29939
0.602181
0.101832
0.244195
0.237863
1.14789
0.290217
6.29482
13.5085
0.620806
1.1341
2.38932
0.163078
0.814174
0.111909
0.139987
0.13628
0.179506
0.119491
0.583566
0.293846
0.204421
1.15139
0.728043
0.157756
0.460975
1.92555
2.39306
0.357051
1.29307
0.423007
0.326781
0.67541
2.91518
0.118641
0.4864
3.81141
10.2979
0.770947
0.41845
0.20148
1.10289
0.789434
0.366671
0.778983
0.124909
5.52219
0.230058
0.179545
13.8504
0.448254
4.68644
0.158083
1.71305
1.00852
0.168851
1.2681
9.96323
0.703856
11.5666
0.120996
1.6879
0.14834
0.17033
1.83491
0.355621
2.86246
1.23139
0.304672
4.66443
1.99326
0.691135
1.7225
5.68805
1.26894
6.90416
1.32449
10.5908
0.275597
0.347688
2.18194
0.130303
1.10824
0.173572
27.8946
0.182822
0.438322
0.236353
0.529131
0.109355
0.17163
0.44093
0.552717
0.141476
21.4844
1.29706
0.400885
0.225327
0.155155
1.73224
2.68243
0.243211
1.27441
4.11313
0.713142
0.403865
7.77508
0.486339
0.715577
5.90617
0.131214
2.30259
0.122124
2.90069
0.465305
0.172066
6.44568
1.05832
0.813092
0.408202
0.111313
0.506443
0.30361
0.346702
0.257191
12.1078
0.57966
11.1294
0.184966
0.333603
0.658778
0.309515
0.173845
0.220176
1.75327
0.460298
0.118399
9.51081
0.70058
2.2043
0.111782
4.13324
0.30434
4.12469
1.35113
0.143249
2.81562
0.170255
1.07423
0.287921
1.09463
0.93438
0.155298
0.73155
0.399792
0.182362
0.187456
0.802724
1.27894
0.137042
0.382365
1.98178
0.861362
11.588
0.989868
0.621897
0.272916
25.5543
0.379341
0.120897
0.407488
4.7105
0.120857
6.92461
1.54437
0.53647
0.26536
0.319382
0.653368
0.44888
1.07161
11.5133
0.178636
1.8308
0.590052
1.0208
0.621452
0.3988
2.76403
0.932137
17.1316
0.304656
1.49191
0.257646
0.839783
1.24151
0.195613
0.177913
0.442832
1.58478
0.407227
0.140009
2.46692
0.229951
2.64967
4.47733
0.20925
0.118682
1.01394
0.211085
1.04106
0.134204
1.49416
0.112682
0.540558
1.9576
0.305325
1.48112
0.121696
0.274188
2.65081
0.369319
3.29096
1.67184
1.54012
0.296229
0.159849
0.865746
0.551603
0.24731
0.320133
0.172084
0.256979
1.13676
0.198653
0.56505
1.2136
0.327804
0.361011
12.9715
0.466194
0.218928
0.56744
0.996379
0.125298
0.22946
0.136147
11.8771
0.82672
0.60805
3.4617
0.38081
0.328908
1.42843
2.99783
0.557459
0.113494
1.33033
1.60302
1.24544
1.9876
0.170983
0.110791
1.062
6.48822
0.337026
0.628956
0.314636
0.135532
5.39107
0.352395
9.21373
2.68832
0.458997
0.122156
21.4633
0.464781
0.925819
0.280468
5.18783
0.868003
1.28793
0.871557
0.104422
0.108341
0.697738
0.600149
0.462437
0.203312
0.122721
0.231661
0.102641
15.6805
0.288864
0.26033
0.254344
0.243497
4.79573
0.507429
1.44087
0.267871
0.150185
0.146865
25.2087
0.1494
0.746503
0.114643
0.135675
6.43842
0.17005
7.41289
0.186839
0.158435
0.753912
1.33201
0.143281
0.324904
0.132106
1.20003
3.39728
5.37803
13.0397
0.130209
0.364257
0.127395
0.186054
3.65696
0.769294
0.277366
1.86459
1.21755
0.232412
1.14082
3.05935
0.101093
0.179015
0.275923
1.0346
0.313855
0.110469
0.13612
4.35508
0.378187
0.366871
0.265833
2.26426
0.395473
0.390634
0.125442
0.185113
0.805554
2.12965
0.108203
2.63457
0.250642
3.20166
0.764053
3.4473
3.40824
0.745159
0.250487
1.59038
6.52506
0.155495
0.182278
0.891082
0.946264
1.29854
0.385474
0.197655
3.04002
0.400794
0.264131
0.359071
0.978343
2.55655
0.13209
6.80856
0.470931
0.575494
0.118813
0.744813
5.82858
2.56416
0.206288
0.341511
0.392483
0.887091
6.14283
0.100888
0.20086
1.55368
0.361216
0.150414
0.218104
8.51474
0.800072
0.458033
19.4938
11.7629
0.112948
0.837957
0.2098
1.10535
0.172922
1.40651
0.418512
1.67671
0.540176
0.692039
0.838713
3.31765
0.426361
4.26614
0.410276
0.485265
0.168367
0.635599
0.827613
0.812457
0.687684
1.56964
2.69508
0.120659
0.138848
4.39409
1.99191
0.409596
0.446318
19.9442
0.360671
0.227445
0.331094
0.695357
1.31716
0.529693
0.581451
1.70316
1.06827
0.876566
5.82123
0.176548
1.8399
0.112722
0.323829
2.07507
0.205337
0.110694
0.39512
0.974205
7.49196
0.154981
0.118951
1.57607
0.589333
0.323405
0.417124
0.111394
0.543178
0.38763
0.194212
3.21641
0.336608
0.440756
0.433217
0.156541
5.0141
2.95875
3.74607
0.750463
0.223897
0.445739
0.159441
0.432579
0.845425
0.149179
1.76647
0.103477
0.714991
0.444557
0.998012
0.188927
1.86032
0.294522
0.187507
0.694137
0.125424
0.221621
8.66289
0.193533
0.427662
0.734394
0.131125
0.251827
0.256159
5.73568
0.199255
0.107342
0.342831
1.00814
0.727056
0.194182
1.64789
1.46876
1.721
1.7576
2.45337
0.225439
0.193964
0.361397
0.212868
0.123367
0.122948
0.10383
2.44733
3.25806
0.321599
1.48111
0.178292
2.00138
1.31402
0.153847
12.2297
5.51943
15.0715
0.101859
0.650193
0.286017
2.2449
0.743373
2.65051
0.146885
0.104172
0.329236
6.97168
1.45981
0.361088
0.570077
3.80739
0.217647
0.403369
1.00028
6.91607
1.73307
0.820002
0.902736
0.797163
20.0961
0.867144
0.722029
2.6501
0.497664
0.220383
0.951197
0.248541
0.621045
12.081
0.24063
0.383154
3.76447
0.326268
0.351468
0.191349
0.627432
0.834935
0.149235
2.78378
4.44386
0.280938
0.108276
0.200642
0.166614
2.32356
0.246516
0.247848
0.108817
4.22969
5.27832
3.73989
0.31819
2.12179
0.302533
7.16092
1.07685
0.110368
2.59669
0.822631
1.27018
0.350243
3.95785
0.382314
0.625023
0.17323
1.14157
4.41032
2.54309
0.76638
0.93909
0.883768
0.583552
3.24751
0.142336
0.188016
0.563137
1.75634
0.323873
0.68917
0.511764
0.164809
2.23954
2.61455
0.945052
11.8851
0.251267
0.247518
0.81209
1.61318
2.10342
1.85218
0.340199
0.291177
5.6333
0.186576
0.238586
0.416683
1.10369
0.517685
0.802895
0.535978
0.343804
29.9985
10.8078
0.168003
0.710344
0.118564
0.723243
0.680838
3.39734
1.49038
1.45635
0.507337
0.714018
0.362315
0.125718
0.891872
0.285676
0.182856
1.00057
8.83975
0.361141
1.73452
1.58216
0.139458
0.159328
0.201218
0.264623
7.49207
1.86595
0.104166
1.14318
0.562685
0.496297
0.314192
0.64739
0.580131
1.2274
0.391244
42.9964
37.187
0.584723
0.742989
0.352899
0.441574
1.98486
0.219873
0.988766
2.1776
1.10381
0.173591
0.204325
0.862238
0.698591
0.133551
0.562542
0.119284
0.328039
0.101739
0.601058
0.330339
0.132036
0.292902
4.72298
0.261785
1.3243
0.125828
0.104086
3.78406
2.92108
3.61096
0.102728
0.165963
2.62695
0.341088
9.31867
1.91657
1.53685
0.145104
3.3021
0.482417
0.219913
0.531459
5.20037
6.24863
0.702253
1.29133
0.471608
3.53597
0.105305
3.58216
8.21976
0.223633
2.89471
0.320427
0.291626
0.138891
16.959
2.23425
2.11164
0.143455
0.211926
0.189118
20.984
0.35825
0.1202
0.667288
0.178076
4.16763
0.241986
0.594522
0.489896
0.133654
9.96378
1.53908
0.970371
0.456516
0.236637
0.267926
0.321317
0.447104
1.15238
0.391715
0.142443
0.113036
0.42075
49.9828
6.66476
0.652359
0.434145
2.8877
0.222018
0.11964
0.309245
0.724056
0.627723
0.483917
0.223095
0.157451
3.43068
1.90383
0.281606
0.458552
0.35511
0.174738
0.7705
3.18318
0.232945
8.94718
11.5354
0.281851
0.374565
0.649075
0.468301
0.427658
0.165369
0.381491
0.728371
3.53395
0.146174
0.3075
1.183
0.397817
0.428252
0.18271
0.102587
1.34563
0.186057
1.52431
1.63948
0.597322
1.26486
2.64417
0.103014
0.180062
1.86349
0.187875
0.178874
2.0355
0.131597
2.38329
0.220711
0.185612
5.27234
0.189144
0.529741
0.173813
0.678991
0.298252
1.95538
0.217461
0.25961
9.3648
1.46477
1.66628
1.83849
0.171565
1.72627
0.456789
2.6503
0.831698
0.143815
2.54519
0.985938
0.125907
0.405503
3.55416
0.374889
0.248787
0.375953
0.13397
1.96691
0.45609
0.303668
0.218829
10.3352
3.14583
0.504157
0.103623
0.567547
0.171246
1.12188
0.713449
2.95763
1.07484
0.190554
0.185223
0.543009
3.62863
0.391691
2.62164
0.199916
0.121104
0.207836
4.4806
0.664651
2.16754
0.262918
0.206225
2.50991
0.552064
0.281369
0.143711
1.4742
0.931374
0.282711
0.108723
0.159647
0.341364
2.83347
0.196078
0.598644
0.165276
0.117766
0.427168
0.112407
0.451437
1.29358
13.9145
4.19389
2.17354
0.34656
0.546743
0.833965
14.5635
10.2938
0.556261
1.94163
0.13105
0.307455
0.233148
0.264529
0.132626
1.02285
0.310099
3.25432
0.117158
1.1047
0.12326
3.63446
0.341512
0.517541
1.6271
11.4035
0.126838
0.176862
0.542491
0.183011
0.124243
1.8015
2.75151
0.121212
1.32716
8.37458
0.21455
7.4064
25.3022
11.46
0.35227
0.112597
1.60331
7.62348
0.465695
5.36736
1.10586
2.44512
0.188063
1.64388
0.721194
0.57549
0.132465
0.353797
1.87585
0.129603
10.5279
4.25133
0.131536
0.561774
0.112525
0.177036
0.109716
0.454066
1.71913
3.49969
5.41833
0.304986
4.55497
2.41873
9.49233
0.307034
0.108063
0.211196
2.63656
0.870473
0.296187
0.13126
0.11073
0.422473
0.467646
0.1406
1.27443
0.146025
5.01676
3.44032
3.40043
0.245231
20.5105
29.336
5.73126
0.767034
0.524546
0.420324
0.519758
1.22267
8.18537
0.209044
0.115557
0.219869
4.78046
1.15552
15.6052
0.273227
0.222479
0.37829
0.145393
12.7741
0.247718
0.142679
0.54054
0.852825
0.17239
0.334978
0.275279
0.269033
0.140338
0.592994
0.107295
4.2251
6.9089
0.112181
0.555476
0.493348
1.11924
1.31304
0.86687
0.219689
0.204981
3.29159
0.869671
0.13203
1.10596
0.427132
28.3618
0.158136
6.89511
0.137716
0.241813
0.42779
1.36716
0.130986
0.136765
0.249097
4.61193
0.716529
1.58913
0.348087
0.627356
0.294329
0.507076
1.99436
0.217494
0.128622
0.243567
2.89803
0.138929
0.473162
0.372421
0.155938
0.104112
1.29553
0.691525
0.306188
9.61612
0.577324
3.55682
0.24891
0.970034
0.145028
0.703095
2.33688
0.474959
0.382655
0.14819
12.7826
5.84437
4.5964
0.864756
1.30502
21.1874
0.235361
7.905
8.20868
0.192436
0.109366
2.1014
0.701091
2.81053
5.96708
0.568039
4.92109
0.631524
0.231219
0.252454
0.504646
0.367034
4.79111
2.96765
0.765841
1.68032
0.115924
0.291336
0.184638
0.695609
1.93168
0.114104
5.55689
0.168462
1.52562
0.20099
9.07173
3.57638
0.618307
0.151447
3.65662
34.1658
5.08774
0.620495
0.517659
0.229854
9.3647
0.17747
0.291312
2.18083
0.511516
0.327379
0.115766
1.19657
0.670066
0.329336
0.630631
1.24317
0.256256
2.42672
0.282156
0.426988
0.191514
2.0504
2.83303
0.305297
0.20056
0.296682
0.702897
4.58435
0.721726
0.140366
5.06058
0.37605
0.125952
0.120948
0.233708
2.97972
0.240259
0.167076
27.7987
0.148482
0.177803
0.146765
29.7503
0.239953
1.09257
0.452965
0.236351
0.584212
1.22327
1.6334
0.335329
4.09525
2.0234
6.9853
0.387307
0.327151
0.210205
3.96538
0.726507
1.58089
5.80254
0.116846
0.694103
0.792859
0.118314
4.25507
6.60273
0.292241
0.322686
1.18408
1.18633
0.26818
0.195369
8.21993
0.163797
2.82422
0.11499
0.873335
0.187622
0.841915
0.209075
0.441254
0.668527
1.98193
1.85447
0.106925
0.391081
2.96511
1.6231
0.173104
0.515309
0.129112
0.127695
0.139153
0.136292
0.241349
0.367043
0.161003
0.310783
2.30168
2.02401
0.777989
0.356895
1.83591
0.270333
0.108628
0.566023
2.50472
2.49064
0.140444
1.19099
2.09514
2.43211
0.573061
0.40776
0.318893
0.191557
0.260108
1.19512
0.218933
0.331263
6.87112
2.59538
0.177115
0.347669
12.9816
0.460229
1.18121
0.284526
0.122888
0.492413
0.183753
0.103551
1.45557
0.17661
0.875151
0.316295
0.62665
4.65572
0.106201
0.563504
0.125976
2.00314
0.106243
2.58586
3.05553
2.15354
0.4805
0.567563
0.210287
0.9232
0.938668
0.498923
0.625114
0.699382
0.504865
1.01458
1.68879
0.652128
1.12914
0.988125
4.86284
0.146564
0.666264
6.61309
3.13567
0.34173
0.834344
0.201407
1.21196
0.164781
0.545254
0.43333
9.34625
0.909746
25.5549
0.131227
0.499829
0.144892
0.304922
0.141301
12.6489
0.149663
0.903309
0.926563
0.567848
0.117237
1.04653
3.02716
0.562805
1.02675
0.118742
3.19482
0.452958
0.161651
0.144639
2.38573
2.9801
0.392847
0.103769
1.05993
0.178667
1.63673
3.59049
0.546131
0.311175
0.249749
1.13299
0.175747
0.637856
1.37857
0.336314
17.1927
1.08702
0.773183
0.554452
3.48757
3.92674
1.3538
0.24214
2.54814
0.188234
0.373025
3.55972
0.313182
1.94816
0.474226
4.94242
1.5126
0.147932
0.868878
0.153081
10.2274
0.936483
6.86957
0.352807
0.976106
0.344887
0.216243
0.434195
0.323737
0.11811
0.175871
0.106077
0.180325
0.782167
1.64996
0.21591
0.628312
1.26571
2.38303
0.154837
0.159682
3.68911
11.8268
23.4865
0.230547
16.092
0.527479
0.700827
0.506245
16.6163
1.77173
0.292681
0.100888
2.37823
1.63747
4.46761
0.104618
0.34753
0.490862
0.644784
3.10054
1.48323
4.89964
3.15141
0.742133
0.396467
0.134613
10.5957
0.139228
0.194048
0.22541
0.78885
1.46416
0.289386
1.05521
0.891456
0.526209
1.70593
0.566487
0.117534
4.15006
0.258484
13.3785
0.208421
2.84884
0.356103
0.568111
0.315401
0.265313
1.07973
0.34918
0.404887
1.00874
13.5998
2.25557
0.636527
0.153351
12.8409
0.17204
1.46117
0.131186
0.317057
0.367016
0.19088
0.721671
7.4127
1.36883
0.10315
3.60324
0.314649
0.101094
0.198098
0.107819
18.502
0.15169
6.99613
0.579243
0.11787
0.1098
0.941392
0.183186
0.462906
0.104519
0.291237
0.269815
0.111981
0.212631
0.102618
1.61013
2.38647
0.100066
0.172629
0.264108
22.1602
0.3796
14.4863
0.520006
0.1261
0.406922
7.48063
1.57202
0.133759
1.09515
0.140436
1.15825
1.25032
0.127492
0.226089
1.4923
0.272469
15.655
0.217574
7.86377
0.581462
0.240626
0.125967
1.52089
3.74459
0.610082
0.211888
0.17268
0.619354
6.61221
0.219686
0.148288
5.00683
5.1285
0.693157
0.86491
0.27022
0.14475
0.255226
0.866825
0.159883
0.27409
4.97915
0.121917
0.485207
0.146052
0.552639
2.0928
1.48167
1.06614
1.83848
0.192915
0.235712
0.138372
0.815766
1.23835
1.49333
0.150854
5.32674
2.39271
10.7952
0.219682
1.43698
0.17603
0.37561
0.58707
7.71543
0.431074
1.11748
0.121277
2.58148
0.331343
2.73253
0.890513
0.484147
0.456222
0.502919
0.425063
4.29801
0.533186
0.315928
0.592067
5.82446
1.06408
0.739933
0.577029
3.61423
0.183359
0.244867
0.272332
1.74263
0.163718
1.28808
4.76578
8.73569
0.400723
0.841492
16.2918
5.63131
0.18158
0.5218
0.103753
5.16723
10.3344
1.68533
2.31579
0.105376
0.742737
1.9019
19.3032
0.401033
0.559253
9.03441
0.310083
5.07898
1.02906
0.100585
0.785895
0.257208
1.79109
3.4758
0.36087
1.72798
5.53989
0.131852
0.214378
1.29628
0.22897
1.8652
0.146263
1.13049
0.925453
0.143457
0.388345
1.11888
1.18885
0.602309
1.45652
1.39681
0.544008
0.138545
0.403223
0.132808
4.60234
2.39591
0.340183
1.67866
1.56497
0.338089
2.46974
0.229565
0.137506
5.29288
0.10446
0.257776
1.28449
0.685177
0.108247
0.295032
0.360385
0.820769
0.146172
0.429168
11.653
0.241652
6.08422
0.143536
4.70308
0.528693
1.15928
0.126674
0.263935
7.67695
0.442335
9.10982
2.62481
0.24294
0.123144
0.282018
0.470245
0.430143
1.10118
1.24942
0.192785
4.6394
0.114276
5.79598
0.136834
0.102168
0.843224
0.67246
2.76818
0.149269
0.253529
0.313652
0.159042
0.78862
0.620429
0.211894
0.199241
0.800418
1.00883
0.611515
0.132499
0.800883
0.218754
0.908535
0.181494
0.212397
0.8295
0.157201
0.320566
0.140138
0.588517
7.05859
0.198027
0.166651
0.314475
0.199915
0.402931
3.18883
1.60798
0.422669
6.75127
9.25439
0.134907
2.22353
0.208878
1.89847
6.90265
0.184685
0.186086
1.89439
4.17612
0.501126
1.00249
0.1291
0.731315
0.990117
0.715362
1.6308
1.09149
0.101875
0.129206
0.333424
0.296655
0.119865
0.174428
8.4878
0.121142
0.266944
1.12625
0.16028
1.40336
46.1423
0.57594
0.71394
0.723571
0.145841
0.33153
0.331251
0.343303
0.400502
0.106541
0.878465
0.45849
0.166141
0.127304
0.216115
2.15629
2.1924
0.168675
0.600476
0.48307
0.431781
14.1728
0.935249
0.121407
2.21585
1.14095
0.286769
0.441224
0.751839
0.174726
1.26641
1.04072
0.183438
0.381833
1.94894
2.23984
2.80931
0.286271
0.993406
4.08515
0.208186
3.89718
21.3147
3.54033
2.40094
7.43362
3.68609
2.00538
12.8423
0.689492
1.57994
13.6598
0.741262
0.257457
0.143813
0.197499
3.22745
5.5172
0.122742
0.141393
0.134688
0.333732
0.152202
1.29159
15.5567
0.105105
0.117344
0.227819
0.108112
0.655856
0.358356
7.93912
1.75436
0.288184
0.138968
0.387493
0.227373
0.186825
0.672389
5.67799
8.67486
3.40776
0.111073
0.591329
0.109104
0.179685
7.18907
2.45678
0.133539
0.512433
0.158633
0.110864
11.0601
11.01
0.333727
0.195737
0.150573
0.348782
7.26786
4.64004
0.231184
0.193399
7.98159
0.168644
0.233852
1.74532
0.102483
2.31464
1.07473
0.142169
0.155844
2.80089
6.99758
0.185484
0.14984
14.274
0.339568
1.03303
0.109063
0.448446
0.14396
0.210845
0.509243
0.119738
0.771467
6.86676
1.32513
3.46219
0.337738
0.158104
0.569722
0.237816
0.661708
1.2898
0.100882
1.5414
0.119527
0.908263
2.86556
1.03803
1.8741
0.148967
7.53018
0.224076
0.72578
0.164151
0.100564
1.31048
0.122161
0.416896
1.33885
7.09976
0.398217
0.41217
0.807941
0.66623
0.830608
0.611966
15.6457
1.34522
1.3583
1.0351
4.81033
1.658
3.33594
0.894108
2.14307
0.505394
1.63722
0.195723
0.946114
0.635764
0.133436
7.59052
0.112382
0.951
0.365453
0.593766
6.10908
3.08248
0.536424
0.170211
0.119665
0.11619
0.228644
6.51864
0.726358
0.183507
0.718193
7.16066
0.176401
0.672366
1.55946
0.146687
5.88558
0.167691
0.167758
0.105573
0.796156
0.973481
14.1667
0.228634
0.237082
0.153305
1.84685
12.1411
2.63915
2.68817
1.00064
1.98132
0.928386
0.226025
4.95882
0.161005
0.134962
0.115899
3.38836
0.131967
0.115345
2.31613
6.22439
0.131935
0.44291
3.08157
0.224437
0.824729
0.297708
2.83937
5.20161
1.29526
1.6007
0.11491
5.84777
0.297306
2.06706
1.53925
0.200442
0.486417
10.865
0.100872
0.388992
0.777513
0.167224
0.273239
0.182254
0.408253
0.145717
6.5283
2.93257
2.50277
0.207233
0.199908
0.232806
1.92858
5.9212
0.112624
0.216273
1.07863
0.61457
0.617309
0.226435
3.75097
11.6259
4.3357
2.01055
0.122493
0.511667
0.201601
1.32795
0.184942
0.943919
0.918612
4.12044
3.69998
0.208587
0.110714
0.382658
1.47693
0.269999
0.591872
12.6655
1.6005
5.6199
3.13649
0.105164
0.327018
4.46983
0.147915
8.79413
18.1515
0.202393
0.172219
0.102092
1.60483
7.78257
1.23839
7.48937
0.398682
0.122556
0.385802
0.218313
0.164733
0.48251
0.351766
0.107682
0.73288
15.5742
0.100772
0.130905
0.139803
0.477974
2.70042
0.429873
3.23634
0.747221
0.554777
0.232105
42.9084
0.258259
0.938117
0.132763
0.504271
0.548093
0.280967
0.859723
0.383503
0.171989
1.40117
2.27046
2.16452
8.27322
0.997534
0.139461
0.70122
0.184745
0.116772
0.104898
2.68706
0.113484
0.355866
5.56831
0.135844
0.985914
2.64432
0.612878
1.90672
0.118581
0.225991
0.33015
3.58251
2.13953
7.84531
2.02553
2.39553
1.02179
0.744992
0.668344
0.112621
0.43582
0.201893
0.887408
0.329889
0.144123
0.270833
1.87961
2.83319
3.92041
0.150859
3.10815
0.386276
1.25711
0.131419
0.470923
0.201322
2.47977
0.930732
0.481194
6.06364
2.12387
0.125566
2.63001
0.818243
0.133973
0.107564
2.72419
3.05408
1.99565
0.975894
0.721303
0.568016
5.49575
0.576415
0.91966
0.272364
4.53178
0.337116
16.2555
0.44503
0.21163
2.05335
5.83998
0.162709
0.105368
2.92095
4.49722
0.927727
0.207271
2.26197
0.707491
0.339583
2.11916
1.91121
19.6023
0.329789
0.117183
0.242605
2.29752
9.10531
0.156916
0.939748
4.48532
0.247156
0.276672
0.657676
2.22415
0.280207
0.601172
5.31217
1.86229
0.9136
0.153366
3.48179
39.1176
0.683001
0.581273
0.1424
0.117206
0.151122
0.103893
0.250067
5.9905
0.399694
0.859942
0.330147
1.696
0.159561
0.260855
0.170665
0.245334
0.220113
0.344214
0.113159
5.03682
0.558257
0.15139
3.22054
0.101299
0.868068
0.168809
0.17654
1.07203
3.89435
0.412189
1.06693
22.3546
3.06838
0.173453
0.259701
0.199871
2.21022
0.192748
22.4022
8.18733
0.745316
1.7308
0.145295
0.941595
6.91224
1.66671
0.173664
0.526651
0.420163
1.04742
1.97975
1.88362
0.130497
0.679388
2.82836
2.25307
0.480204
0.600409
0.120678
0.103131
5.17798
2.55609
0.115491
0.61837
2.53346
0.117666
0.21147
0.107179
0.13834
14.1389
0.747674
0.30205
0.375262
0.664785
2.51227
0.833278
0.240804
0.689609
6.76414
19.2473
1.71128
10.6071
1.31785
12.211
0.697742
1.57374
0.235897
0.809291
0.897448
0.105705
3.51176
0.149789
0.26369
0.378573
0.461214
0.122281
0.117869
0.152578
3.81471
0.265715
0.243241
1.49006
0.394106
0.191723
5.2054
0.974915
0.424556
0.560704
0.198078
0.520091
0.113617
0.723956
0.128788
0.121303
0.233607
0.174847
0.607118
3.48634
0.762511
0.453391
0.210331
0.186525
0.117501
0.748485
2.40838
0.178968
0.4508
0.142395
0.817274
0.212787
2.25304
0.244486
0.745279
0.549145
0.432429
0.111116
1.74852
9.90782
0.179188
0.104229
0.454579
0.353529
0.256159
0.217658
0.112553
0.277405
0.112931
0.755401
0.600947
0.36589
0.286983
9.83358
0.329415
0.147072
0.4646
0.755347
9.22074
5.44573
0.173312
2.05018
1.54786
3.04402
1.41552
0.737669
1.01245
0.989687
1.39065
0.958257
2.36735
0.722487
9.53623
0.300569
2.52492
0.100625
3.77669
5.48534
2.52071
0.138143
0.146523
0.112441
0.141825
1.60158
0.82935
4.00854
4.97354
0.366794
0.138795
0.19192
0.489028
0.106844
0.141739
0.111504
0.124567
27.0539
0.458261
0.374773
0.104922
2.95078
0.153297
0.779749
0.114097
18.9993
0.191449
0.542324
0.27645
6.72094
0.103993
0.166658
0.532545
2.83782
1.10197
1.06063
0.238849
5.40092
0.182772
3.62163
0.160071
1.76939
0.156027
1.55357
1.29875
0.157174
0.125223
0.109946
0.349946
0.23113
1.3273
0.315478
4.28032
0.231559
1.07185
0.826473
1.02638
0.557203
6.76639
0.310527
0.131703
0.153026
0.78376
0.148826
0.84212
0.158197
1.91538
0.205447
10.128
0.695544
0.582367
5.63106
0.400965
0.618898
0.573083
0.83807
1.03996
0.133205
1.5336
0.641754
0.205248
0.165416
1.63482
0.739947
1.76589
0.484001
10.4675
0.27051
0.921288
0.711455
19.1006
1.71011
0.13196
0.769137
0.198725
0.851387
0.498745
24.6065
6.99253
1.1662
0.499856
0.157063
0.397588
4.8688
0.554576
0.128573
0.736626
7.50998
2.09806
0.436045
0.516459
0.729814
1.9629
6.55606
0.187809
0.103067
0.313525
0.135203
0.351389
0.15695
1.49061
0.200591
24.1856
0.273054
5.8217
3.44903
2.27962
0.439672
1.52232
0.309598
0.121104
0.976798
2.3292
0.120514
2.69188
6.38926
0.417193
0.421664
6.61924
0.478124
0.155336
0.470291
0.210377
6.68186
0.167854
0.23638
3.16179
0.149394
6.16755
0.228276
1.89106
2.41801
0.112489
1.37378
4.32086
0.117372
3.61309
3.34287
3.25801
0.222504
0.639611
0.552393
0.143835
0.666148
0.288886
0.272003
0.453904
2.71002
2.14134
0.397191
1.44246
0.191139
2.36344
0.8947
0.379104
0.111507
3.4383
1.1299
0.182613
0.651222
0.165495
0.45614
0.152401
0.161695
0.811196
1.00786
0.128817
0.201518
0.173353
1.57572
0.341084
0.192775
0.118794
2.75859
0.127732
0.194358
0.191497
0.135639
0.102717
0.12507
0.718966
3.75002
0.357592
0.693615
0.444489
0.277719
0.351953
11.9937
0.59671
2.66473
0.18209
4.54061
0.328885
3.39623
0.696221
2.93208
0.318221
12.1754
3.07942
0.200524
0.466972
0.171644
1.30718
0.205482
0.167517
0.327736
0.137312
0.129936
0.103151
0.567749
0.321484
0.400872
10.281
0.466758
0.151844
1.18438
4.22477
0.141493
2.22446
8.37184
1.96162
0.806865
2.78027
0.149618
0.609838
0.738626
0.522318
0.42229
1.17999
0.380739
0.118146
1.95866
15.8961
0.387887
0.188766
5.29302
0.310841
2.42905
0.672278
3.95862
0.578461
0.188434
0.159266
1.5273
1.97288
0.261663
0.231043
1.66765
1.00495
0.308616
1.69249
0.169716
1.84351
0.150112
1.61651
2.47317
5.57487
0.390315
0.30393
3.73036
2.49431
0.141946
0.874794
2.85205
0.596274
0.254809
0.923431
5.87794
0.792402
1.50002
0.107453
1.81559
1.10679
0.155431
0.935226
11.6778
3.4025
0.189728
0.289537
0.164839
0.10285
9.69941
0.291025
1.38422
0.798263
17.8876
12.285
21.9498
8.23024
0.349133
0.549177
0.300626
0.983009
0.358663
0.800313
4.73559
0.50319
0.117754
7.71538
0.173217
0.262835
13.1069
0.6292
0.359813
1.24693
0.27467
4.80604
0.193423
0.323602
0.281354
9.49618
7.53175
0.243407
0.634791
7.82481
0.273634
0.161268
1.29685
0.470989
0.903087
0.991113
0.736057
0.786476
0.333867
0.138319
3.76023
0.1498
0.624991
5.54763
3.38686
1.3355
0.267387
3.07205
1.58195
0.187235
1.35339
3.54403
5.90153
0.654068
0.106925
0.61155
0.165862
0.10026
0.289459
0.214286
0.578721
0.410357
0.432679
0.315374
0.226088
0.269039
0.681057
1.13615
0.290313
0.176563
3.87656
0.14443
0.538094
0.581072
4.09142
13.0532
0.116648
1.89134
1.13706
0.123071
3.32714
0.637012
3.59196
0.182264
2.64901
1.03823
0.184338
0.107506
0.491197
1.9927
3.64038
0.76589
0.120348
0.12146
0.110435
0.437069
0.146054
0.113021
1.18683
0.261136
0.236506
0.52115
0.264202
0.260405
0.225661
4.85534
0.927802
0.194235
1.93647
0.137878
3.20397
0.700111
0.101137
0.24437
10.1509
2.83242
0.410295
0.142658
3.72495
0.295535
0.427526
0.303946
4.91208
6.98934
2.65092
0.111921
4.19769
0.145891
0.724614
2.33272
4.50334
3.00263
26.4905
0.875961
1.25252
0.100891
0.347978
4.40314
0.205212
0.372057
0.522814
0.201842
1.10657
0.826349
0.119395
0.408366
0.681333
0.156352
1.64717
1.00794
4.66295
1.68346
0.189425
0.117429
0.129919
0.235535
8.69116
0.176091
0.18043
0.174309
0.213771
3.33902
0.661943
0.123975
0.51757
10.9448
44.6735
0.49445
0.171001
2.99752
0.383061
1.24981
1.37209
0.349883
0.481809
1.09132
2.56521
2.4591
2.70088
4.72944
0.210224
0.487212
0.114435
0.519256
0.174917
4.67873
0.186642
1.13092
9.5364
1.02604
3.99601
0.876027
1.7398
0.137732
11.56
0.294665
3.3955
0.652867
0.280823
1.25029
0.236268
4.07643
37.5873
0.722427
0.214434
0.185816
13.685
0.473868
0.142239
2.52776
0.416945
0.16134
1.56506
1.05973
4.14187
0.146064
1.74575
0.561658
0.279853
0.105496
0.160527
0.29224
1.35686
0.153202
0.811066
5.07133
0.151112
5.98207
16.3297
1.49828
0.947882
0.636627
10.5551
0.526941
0.151783
1.16255
0.18728
0.97792
0.953009
24.9296
0.583231
3.51165
0.13283
1.24987
0.339516
3.25622
0.321263
1.90439
0.396275
0.226534
14.1474
0.253753
0.53435
0.112435
3.16123
10.1033
0.323262
0.863696
0.508523
0.66378
3.4911
3.85907
0.197048
2.12641
0.11175
6.19653
0.151886
0.25419
3.47532
15.3966
0.265867
0.326277
0.136601
0.190337
6.8496
0.691564
0.14744
0.706686
0.511549
28.5263
0.181768
0.307318
0.663516
5.49749
0.138309
2.97601
0.20903
0.197323
1.4764
0.105662
0.818833
0.14767
0.221383
0.19235
0.131791
0.162477
0.425608
0.790262
0.202274
0.903427
7.019
0.420269
1.47656
0.105023
0.202519
0.196942
0.266383
3.43342
0.288119
0.151434
2.51175
1.99528
0.895842
0.237201
0.709215
0.129138
0.574651
0.109885
0.602757
1.76066
0.115085
20.7446
0.133928
0.459777
0.12695
2.14439
6.64644
0.911551
0.312151
0.180243
0.845945
11.6462
0.384022
0.351159
0.229566
0.752869
0.114553
0.901848
1.17371
0.126636
2.39217
0.837217
0.540497
2.29748
1.15825
0.386133
0.14146
4.87712
1.18421
0.129238
7.1086
2.93956
0.118599
0.187313
0.258593
2.83949
3.11219
0.254431
0.530088
0.470549
8.75721
2.45545
1.82746
0.447029
0.103337
2.53675
5.67867
5.83163
0.150567
0.553041
0.206466
0.152515
0.161393
14.7322
0.549922
14.8707
0.246183
1.70558
3.68255
2.48852
0.181968
1.85596
2.07434
0.112726
1.9194
0.412349
0.386569
2.28656
2.55379
5.54924
10.3986
0.227682
0.105823
0.121736
0.137573
44.9114
1.94737
17.5551
0.200115
0.299781
0.249311
0.210911
0.177181
0.140659
8.12616
0.239336
4.0442
0.381064
5.67089
3.30176
0.185484
1.7435
2.34236
2.73474
0.301617
0.106256
7.16433
5.14278
0.468168
0.682977
0.283341
0.170516
1.22091
0.362602
0.352865
6.42999
0.586084
0.381427
0.282675
0.490644
1.41565
1.58054
0.497969
0.178729
0.170571
0.705305
4.25783
0.190152
1.1627
6.35921
0.203961
0.115202
0.746134
0.196233
4.32631
0.323788
0.187474
0.225388
1.08966
0.521979
0.330215
0.144914
62.8135
0.113795
0.178622
48.987
0.509299
30.1845
0.517345
5.67224
1.5755
3.24423
0.423132
1.14164
2.93248
6.96024
0.169565
7.37188
0.357382
1.12488
0.187106
0.190664
0.125283
4.33475
10.5828
1.04597
7.17545
0.433515
0.164642
0.492998
2.50943
1.40655
0.122283
0.511437
0.597259
1.36884
6.60639
0.678339
0.710363
1.2136
0.953456
0.997996
0.383558
0.387063
0.111971
0.180303
0.287329
0.105037
0.133358
5.8354
1.6846
0.196843
2.02558
4.34936
0.733411
1.68112
0.234123
0.461226
0.443208
0.558171
3.3318
8.08445
0.321084
1.17974
0.857053
0.107098
0.380801
0.157657
1.59656
0.345899
3.92846
0.691896
0.171918
0.218735
1.82795
0.42105
0.217062
0.267618
0.589129
0.277722
0.591917
2.45817
0.97649
0.11103
16.0944
5.35791
5.55583
0.22326
1.09304
2.83975
4.79915
0.301944
0.276559
0.154606
0.503171
0.132985
7.61251
1.4097
7.67038
0.646426
3.4531
0.283032
0.648194
0.554014
0.10565
1.25569
0.784691
0.208282
14.5177
0.471551
0.392505
0.231881
0.321905
0.193466
0.382065
0.199837
0.885643
0.186498
4.30415
0.981463
13.0584
0.199949
0.445197
0.175013
0.129886
0.231367
0.364937
0.950919
3.69975
0.101924
4.20556
0.104255
1.2255
0.560374
11.4822
1.74597
0.181043
0.360123
1.77357
0.196628
1.17226
1.24633
0.328617
8.53798
0.163632
0.20632
0.105185
7.18831
0.815238
0.199426
2.2367
0.297472
1.27013
0.150766
0.160098
27.2799
2.89412
0.999572
0.396083
0.847534
0.228545
2.78811
1.43386
0.134046
2.70168
0.116211
0.106534
0.163234
0.170897
0.408058
0.679684
1.20477
0.666699
4.88741
0.146876
4.86437
4.08852
0.107138
3.06936
0.100976
0.104743
0.119309
0.252741
4.98862
0.109489
1.24436
1.92452
0.683842
0.141101
1.6511
0.170935
0.121258
0.349139
5.75702
1.40602
0.211873
2.49353
0.602271
0.374227
2.70102
0.178525
12.0673
0.556467
2.98665
0.658032
10.1921
1.11012
3.30837
0.207335
7.90705
0.592361
0.282476
0.815425
6.11036
0.146824
0.290318
0.223793
0.719151
3.5088
1.76265
0.27472
2.6685
0.107558
0.47292
7.96722
0.590418
0.161041
0.130764
2.00729
3.22119
3.70706
1.48599
0.139128
0.14972
0.824107
1.86838
0.330726
0.130485
0.405249
1.78995
0.943832
0.12162
5.74538
0.122854
0.227506
0.158744
0.112256
30.011
0.280965
0.951764
1.47073
3.2225
0.988934
0.210937
0.801682
0.100083
0.14425
1.87405
0.544631
4.33893
0.138771
0.233294
0.291897
3.35971
2.10462
0.711123
0.389958
0.899614
7.48936
0.219642
0.344605
68.804
0.436799
1.45846
0.656704
1.83047
1.56273
0.191362
1.86902
0.316405
2.96611
0.865254
18.5527
1.61762
0.175844
0.632028
0.254893
1.45591
4.62447
0.242815
0.121169
0.280619
0.423899
0.182692
1.92451
0.147654
0.301121
0.617599
4.42752
0.127598
0.286988
0.417671
0.242993
0.864228
0.428407
0.171405
2.18585
0.288814
1.07194
6.08594
1.3977
0.572227
0.125369
0.370907
2.85737
0.179898
2.51243
1.1654
0.156962
0.420006
3.02176
1.6313
2.09334
1.39155
1.59869
3.81485
3.80578
0.112609
12.1296
0.976371
0.154335
0.792943
0.166107
0.703073
11.016
6.81643
17.2272
0.121171
0.208192
0.108834
0.348422
0.547582
0.371243
5.71993
0.208042
0.524522
0.114982
0.514648
1.06915
0.950689
4.28882
5.98825
3.89169
25.4127
0.415905
0.104316
0.495068
0.176668
1.48993
0.121147
0.193101
13.0855
0.235957
0.614073
2.81087
18.397
0.283001
11.722
0.407396
16.9307
1.53939
0.151245
0.701293
0.28075
7.54841
2.53976
5.89955
0.211398
0.566315
0.197054
0.142062
0.109456
0.112956
0.151098
0.21461
0.126647
0.607963
0.784248
0.144938
0.523408
0.719588
0.177685
0.469979
1.11878
1.59708
0.240236
0.285365
0.336605
0.106349
2.43483
6.64802
2.0907
0.174957
0.199595
2.31804
0.27751
2.26574
0.145523
0.266507
0.370313
0.581227
9.21148
0.8363
0.168147
0.140972
8.12802
11.0141
0.197961
1.18512
2.10278
8.90273
2.29113
5.43171
17.5984
0.582955
0.532601
5.14503
0.336803
0.493063
13.2736
0.152702
0.201713
0.174899
0.714962
12.6952
0.39
1.29867
1.45903
9.61184
0.834422
0.113089
0.198082
2.93182
2.07185
0.132231
0.325933
8.20601
0.690655
7.13368
7.48626
5.42927
3.05504
0.356243
0.14771
1.48726
0.993769
0.113888
2.16723
0.18481
0.325908
0.673329
0.892909
3.62081
1.26395
0.40612
1.66202
1.53576
0.212744
0.519652
0.90458
1.53668
1.41675
0.288575
2.54517
0.154671
0.581101
9.97867
0.565346
2.96605
0.404192
29.9676
0.550473
0.497156
0.981835
1.43944
2.46944
0.193916
0.748472
0.201494
0.134158
1.28353
0.115793
0.242858
6.92391
3.63472
0.496042
0.108414
1.4896
1.05028
3.12149
2.10271
0.216269
0.133038
1.07758
0.405298
25.0172
0.530357
2.49469
12.6889
0.252821
0.372965
0.158883
2.23322
0.129995
1.69709
2.29435
0.441402
0.11821
1.39564
3.82359
7.28914
8.07773
0.388132
0.817122
3.14114
1.20038
4.56067
2.10328
0.120676
1.0766
0.129255
6.60171
0.393425
1.81732
0.556931
0.327664
1.66875
2.05178
1.03902
1.21775
0.19735
0.820502
0.105285
0.113248
1.90309
0.280968
2.83419
5.74696
0.219516
0.441809
0.114158
4.41181
0.590675
1.1775
0.925894
0.545209
1.02619
0.486299
0.654765
3.86517
1.03171
1.2095
1.21226
0.50224
0.349125
1.52656
1.06553
0.801
0.585101
0.472574
3.88729
2.09773
0.668243
0.359735
0.264504
1.10088
0.102693
0.241369
2.00355
0.111158
3.77951
0.146886
2.52428
0.129688
0.133283
0.829057
3.62359
1.5505
0.187395
8.49506
1.21588
0.244799
0.60897
0.899148
0.174073
1.74661
2.86527
0.228861
0.467089
31.9406
1.81188
0.124096
6.25628
0.918513
1.26441
2.0668
8.15538
0.59399
1.49763
0.329382
0.246643
12.1547
0.124712
0.20124
0.13316
0.228474
0.493728
0.796522
6.3793
0.161709
0.205312
0.188656
1.49096
0.441887
0.183075
0.29796
0.172181
2.39558
2.71353
0.516743
0.1601
1.37722
0.85426
0.188908
0.14295
0.527575
0.150842
0.531282
0.741713
0.610835
3.36049
2.46727
2.00824
0.217446
1.16956
0.814405
0.550762
3.44558
2.35012
1.26538
24.112
0.667109
0.129547
0.19631
0.685765
0.283399
7.40901
0.822246
1.04429
0.163981
3.63425
1.64823
0.566981
0.320171
1.16623
0.451494
4.54212
0.113208
0.160958
6.1928
0.140187
0.132534
0.44772
0.678343
0.181618
0.284566
0.467904
0.642653
3.06849
1.30511
0.524065
0.199414
0.480763
0.199682
2.36843
0.714033
1.29772
0.19922
0.137954
0.531319
0.110489
0.325875
1.98061
0.227122
2.51577
0.425454
11.4129
0.23039
0.101985
0.491358
14.8222
2.02634
0.863016
8.82082
0.666013
2.99148
2.22895
0.488895
0.141556
0.127651
4.29782
5.83213
7.05946
0.175139
2.06346
6.99217
2.41431
0.903402
0.263122
0.251142
0.588169
16.9823
0.341745
0.789764
0.915406
0.285954
7.31942
0.459839
0.909958
0.464202
6.92387
0.484244
0.821944
3.60069
1.02004
2.00563
0.727709
0.109572
7.34612
0.108371
0.387228
2.51976
0.570022
0.289575
0.278806
0.196749
0.424944
0.769224
0.40394
12.0243
0.171923
0.112381
0.184406
0.166043
1.02439
1.92258
5.96264
0.507204
0.168217
1.41248
0.876742
0.264309
0.278698
0.230142
3.06545
0.463144
9.76284
5.51631
4.7975
0.243596
0.161759
0.898395
0.16243
3.24312
2.6493
6.7467
1.56269
0.578945
17.9404
1.29429
5.45514
0.158699
1.22395
0.900259
0.801711
0.815906
6.00322
0.640966
2.17846
0.71058
1.77616
7.33571
0.181876
0.252784
0.17263
0.718767
0.128041
0.297901
2.21045
5.67795
0.129165
0.218443
1.20812
0.308674
10.6844
0.541925
0.117355
0.298071
0.157041
0.255154
0.473987
0.176089
0.296269
0.371914
7.93468
0.129762
0.37374
0.213822
0.418373
0.106983
0.758214
0.102673
1.35784
6.73847
0.771059
0.662255
3.11695
0.225324
0.138428
0.155585
1.71476
0.144113
0.149403
0.7958
2.54026
2.35339
0.109277
0.32473
0.455165
1.63001
0.369764
0.107381
0.165684
0.190077
0.248889
9.55139
1.50257
0.194104
1.04185
0.194945
0.780215
3.6869
0.202434
5.33441
6.50639
1.07682
0.217207
0.2535
0.640013
2.59551
0.196841
0.644859
0.90701
0.16494
0.127152
1.10471
25.5937
1.841
3.28892
1.08898
0.602081
23.1448
0.667902
0.830459
0.246849
0.458022
0.712242
0.614055
0.457406
0.919275
20.982
1.22163
0.328271
0.433691
0.276471
3.6024
0.478641
0.208053
0.17575
0.307981
0.116869
8.34876
1.97992
0.16272
0.142478
0.367876
0.418602
0.68621
1.98915
0.432402
21.5068
0.403459
0.428619
0.185349
0.277548
0.23402
0.346816
0.140573
1.55613
1.06681
14.1171
4.08092
0.152119
0.296656
1.89183
0.664746
23.0109
0.24191
0.573183
1.4136
0.44034
0.861022
0.13999
0.143989
0.572967
0.167813
0.117228
5.35046
0.137586
4.43852
1.04899
0.174708
2.0465
0.536556
1.74337
5.32382
1.89487
0.179458
2.07241
2.40199
0.113832
0.178331
0.460343
1.31749
0.274343
2.38461
0.655141
2.4294
0.619987
2.52267
0.716405
30.5671
12.1008
4.42144
2.1098
0.281283
0.36436
0.152238
0.152955
0.417182
15.5588
0.118635
4.02184
3.37104
0.805109
9.7954
0.100525
1.45682
0.740303
0.384519
1.1775
0.4493
0.587838
2.64344
0.145958
0.194702
0.194469
15.4151
1.48246
0.364741
0.100694
0.103322
0.117725
0.151177
10.1128
0.395199
0.867414
0.352022
1.6205
0.224167
0.53725
0.222618
1.20953
0.10166
0.811218
0.984711
0.53236
0.120878
0.153284
0.255856
1.54318
0.298577
7.33925
0.329914
0.11101
0.214197
1.11288
0.920259
0.428807
0.145464
0.381861
1.07766
0.929235
0.461594
0.940085
0.109118
0.500435
0.640569
0.226004
0.114718
0.374741
1.24444
0.775241
11.8841
0.167207
8.92798
0.701132
0.167172
0.103467
1.04493
4.87658
0.700051
1.11412
0.281002
2.69925
0.452095
0.100966
0.962899
8.11679
0.106826
4.71526
2.22207
0.401916
1.12777
1.11691
0.860767
1.13009
4.96311
0.240466
6.31708
1.95848
2.24295
4.71132
2.31044
1.96193
0.331677
0.983817
0.304439
0.480082
0.916018
0.628307
1.11544
0.182454
0.462858
1.12555
0.323219
0.123312
1.20086
0.143601
0.460986
1.46442
1.09739
0.194597
0.311207
0.47044
0.129924
0.198472
0.574836
0.527034
0.409415
1.00956
0.163729
1.04608
0.683232
4.63285
0.534625
0.232903
3.34974
0.10902
0.284296
2.05142
1.14489
0.144891
0.563768
0.499822
0.141823
0.151073
0.147325
0.608743
0.123786
0.646005
0.120271
5.35352
0.198361
0.931895
1.10607
1.29132
1.09806
0.220827
1.34979
1.12188
0.368625
0.130351
3.82341
0.789044
28.1957
0.123696
0.247925
1.6779
5.72026
12.5734
2.37406
1.62819
0.452621
0.261313
27.0502
0.50295
13.7208
0.1063
0.116069
2.7287
7.52351
0.526208
7.81092
0.742847
1.80258
0.673203
2.66555
12.1401
0.414345
0.820307
0.130987
4.58587
0.809325
1.52727
0.628979
0.159483
0.951978
12.9262
0.358428
0.718531
0.119836
1.72241
2.59535
0.103237
0.160199
0.114474
52.9729
0.714362
1.14907
3.22761
0.385994
0.637785
0.147015
3.28455
1.1005
0.104192
0.118675
0.344884
1.23125
11.2704
1.84588
0.315202
0.182061
0.255618
14.762
24.598
2.35607
0.191583
18.9362
1.47907
0.326523
0.158437
0.49137
2.95718
0.105616
1.09597
0.217145
17.8662
3.57986
1.23372
1.98981
0.151272
0.145376
1.09197
4.90503
0.83683
0.365446
1.83889
14.7532
0.487645
1.38159
0.2352
0.128653
0.44005
0.195939
0.719776
1.22401
2.87366
0.857016
2.20099
16.9245
1.36359
1.6286
0.193495
0.164422
0.125495
0.237839
0.284515
2.81812
4.63395
0.934723
0.314188
4.01079
1.08488
0.14508
0.460083
0.181718
0.925581
0.137021
0.174546
0.539105
0.855349
0.20847
0.149433
0.100836
0.112461
1.20965
2.98662
10.4961
0.464566
0.280232
0.157311
1.94727
2.52563
1.88876
3.15594
0.457512
2.97166
0.289291
0.507274
7.63306
0.291881
1.15269
0.548428
2.39841
0.110662
3.84489
0.145703
0.673769
1.21744
0.206525
1.71927
0.424532
14.5596
0.203346
0.671873
0.4769
0.145544
0.137742
1.28175
1.592
0.550969
0.114
0.89478
0.103426
3.38882
2.74923
2.92162
0.407847
2.44726
2.64741
0.668455
0.113148
1.47785
2.43173
0.165813
1.73701
6.33101
0.138795
0.743873
0.21767
0.13066
0.325678
1.59613
0.278438
0.138634
1.87566
0.242689
1.18351
0.786686
3.22572
0.709802
0.243544
1.80524
0.577176
20.0881
0.250864
12.977
0.214872
0.40089
1.12382
0.603068
0.766388
1.34682
3.46306
0.19053
0.985015
12.7673
0.239901
1.41598
13.0299
0.362331
0.162729
9.56875
0.636121
5.37195
0.470876
0.269971
0.131636
0.433188
1.76068
5.02291
0.889549
0.177781
0.10139
5.99354
0.165108
1.49155
0.627688
7.88436
0.339905
2.78855
2.23222
2.74077
3.24605
0.176852
0.141405
0.204903
0.282185
0.51772
0.452283
0.599194
3.23324
0.309414
3.07414
0.441406
0.165747
1.07544
1.11829
0.386614
0.22454
0.438702
0.29854
0.183941
0.228932
0.116486
0.392784
6.56748
0.464991
3.61645
0.145254
0.356978
0.262675
1.30555
3.3695
0.326119
0.560846
1.78041
1.07711
3.98586
0.211829
2.2836
2.01432
2.4556
0.326012
0.153095
0.421643
0.839374
0.559108
0.129243
1.9008
0.440477
1.79857
0.608629
19.2009
0.48377
0.971648
0.192591
3.36528
0.64809
0.105297
0.756625
0.237393
2.38338
0.205874
23.1364
0.336592
0.492262
9.61035
1.12196
1.45442
1.28654
2.15507
14.6359
0.302735
1.62813
0.611446
1.4733
0.37357
0.16657
0.928919
0.350006
2.79111
1.98631
0.714964
1.06918
0.254768
15.5899
1.39441
2.09732
0.280378
0.659846
0.522396
10.0604
0.419052
0.317709
0.821156
7.90418
0.410714
1.35286
0.364411
24.9129
1.67507
1.22431
3.34313
0.132737
1.34125
1.04064
0.107695
0.610204
0.290241
0.190028
1.83937
2.3705
2.42976
0.280998
0.597009
1.88051
8.80171
5.08265
4.04511
2.05643
0.238811
0.201516
0.569236
3.07663
0.538643
0.615066
0.625322
5.08919
0.282585
0.389592
0.233218
5.52887
10.3827
18.6506
0.537069
0.634432
0.448149
0.238045
0.683684
0.225329
0.201157
0.27113
0.120747
7.09787
1.58233
0.31287
0.112459
2.22878
6.5255
1.37492
6.17844
0.705456
0.321236
4.3399
0.117419
0.358084
1.47685
0.356558
0.386771
3.15653
0.69832
0.169983
0.106376
8.25654
0.558622
0.196773
0.537994
4.06586
0.25269
0.274492
15.6888
0.970635
0.435226
0.396007
0.6262
0.491877
10.7852
0.637891
0.367741
5.27581
1.97124
0.126779
0.120706
0.22661
0.144989
0.284579
0.342786
7.29283
2.10042
7.04827
0.225904
1.78026
0.158501
0.103806
0.190015
0.16817
1.93597
0.119521
0.17688
0.613457
0.478521
2.13787
1.36913
0.149501
0.530713
0.642679
0.232184
0.118994
2.27592
0.440335
2.05168
0.208182
6.90603
0.100433
0.546377
0.329524
0.570906
0.20904
0.376017
0.329571
0.715893
2.7936
0.370337
0.581182
3.08558
0.104309
3.51454
0.24207
4.20654
0.272568
2.82754
3.45726
11.4682
0.467222
1.16149
1.33515
0.829736
0.754379
0.318721
0.500544
3.57464
1.82563
0.234591
2.02912
0.177554
0.232607
2.17004
2.55872
0.134311
0.897393
0.121399
0.202381
0.115622
0.278327
3.42999
0.233773
4.5933
0.270976
1.18243
0.126074
2.37844
0.842394
0.308013
0.101803
0.146249
0.934893
0.795636
6.03739
0.12472
0.276394
1.45166
0.413541
0.108597
0.356371
4.22979
0.587494
0.502958
4.18377
0.62958
0.140611
0.187868
0.830407
0.490941
0.197705
0.148132
0.669223
0.211852
0.289057
0.211147
0.158514
0.120854
0.880152
0.795521
3.46629
3.3326
1.66143
0.315
0.174574
0.166659
9.59509
1.08142
1.28814
0.168659
0.319608
1.26441
0.159999
2.58082
3.82694
0.517681
3.57118
0.608691
1.25753
0.419151
0.112866
2.21013
1.93351
0.130237
0.144958
0.162549
8.67498
9.89475
0.117123
0.751168
1.89937
7.25588
1.24655
0.184727
0.114786
0.393544
0.121315
0.468676
0.128989
9.53727
0.292146
0.80965
0.140415
0.374354
12.1541
0.221011
0.576092
0.105678
0.635114
0.113747
0.10664
2.23551
0.10948
0.883181
0.120272
0.832659
1.39467
0.842532
1.7075
0.113952
0.171131
0.122145
0.112885
4.47108
1.76657
0.154559
26.3301
1.72889
0.624993
0.279935
1.15766
0.402777
0.658746
2.51787
0.557782
1.30779
0.16034
0.368663
0.126996
0.930716
5.25099
3.9003
0.632499
0.332908
0.49447
3.22808
6.98058
0.201528
0.240945
2.74582
0.100378
0.729953
0.253628
0.968714
0.606605
0.53771
0.149902
0.803575
0.212226
1.00977
0.363197
0.234748
4.79543
0.131666
0.207365
0.272597
0.98548
0.120776
2.58677
10.1843
0.626898
0.108371
11.687
2.07987
1.10534
0.560827
0.181576
0.104294
3.03459
0.147743
0.180942
1.46269
0.104981
0.138923
2.69504
0.349375
0.613343
0.225728
14.8116
0.123548
0.163811
0.101387
0.556656
0.733355
0.145407
5.58774
5.29374
1.13099
0.877635
20.5939
3.82766
0.312288
2.33561
0.37504
2.1101
8.64835
0.149157
3.57067
0.145123
0.310206
0.366507
0.123904
0.441011
0.166044
2.6946
8.10192
0.237761
0.46752
0.153836
0.847494
0.247504
0.141296
1.01878
0.443933
1.93032
1.46038
0.22933
3.85116
0.470476
0.302354
1.10358
0.342993
0.275886
8.04759
0.388896
0.739823
0.125909
2.23108
0.51362
7.07097
0.311047
1.64071
1.62749
0.366055
0.117377
0.346259
0.124055
0.821491
0.650313
32.7379
2.39315
0.124951
0.394821
0.535235
0.475809
0.274804
0.677628
0.255713
0.589653
1.77559
0.199477
0.173603
5.33773
0.223479
2.26747
0.176697
0.328405
2.99482
2.9011
0.174881
1.51246
13.4888
0.162669
0.152143
0.257313
0.20715
0.190159
0.505929
8.01795
0.505778
0.409996
0.106544
0.149757
0.383126
6.72129
0.120192
0.136366
0.304407
0.509944
0.277047
2.31185
0.631527
1.00357
4.3583
0.273094
0.181463
8.44166
0.203042
0.344228
0.442105
13.056
4.19368
0.138771
0.965661
0.260312
0.441008
4.10782
0.393298
4.68575
0.282165
0.128306
0.377039
0.136882
2.34599
10.9827
0.140982
1.1325
0.626369
1.06133
0.11027
0.981195
1.73528
2.35275
0.446745
5.32574
0.560853
2.02084
0.47323
0.26696
0.154597
0.609026
0.455062
0.180805
1.5701
0.139786
0.109053
1.07102
14.7822
8.77312
0.157242
0.871553
15.8068
0.145665
0.297072
0.113423
1.49914
0.205859
1.32284
0.12449
2.3096
1.54289
0.224473
0.431451
0.269275
0.122249
0.798895
0.11601
0.241106
1.7249
13.7046
8.64628
0.784927
0.118987
0.18683
0.206681
0.246375
3.53956
0.954384
0.691513
0.298213
0.34136
4.54817
0.66447
0.124416
0.151696
2.22915
0.780529
0.530856
8.90527
4.67145
0.519272
0.251742
1.3031
0.956932
4.26725
0.1947
5.29023
0.533358
0.78128
0.209641
1.29191
0.36668
0.239918
0.104285
3.38536
2.77343
4.51432
0.243178
1.19427
0.594034
0.130333
0.950235
0.688707
8.7335
2.17133
0.620293
0.140273
0.488021
4.27922
0.144024
0.898667
3.86249
5.7766
0.170598
2.72276
0.11476
2.48069
0.595823
0.10233
0.102059
0.921501
0.512184
1.97887
0.344311
35.4019
0.118114
0.119522
2.22072
0.307265
0.128288
0.19522
0.190924
0.569999
0.165517
0.11449
0.450779
3.90638
3.05936
1.90187
0.985066
0.751692
0.431528
0.137125
0.231644
1.73199
0.480279
0.105656
3.60753
1.37897
10.1613
3.53928
1.57997
0.136513
0.20816
1.47557
0.10944
0.107401
0.245965
1.23572
0.242984
0.223109
2.05667
0.239504
0.766637
0.834176
0.17609
0.18018
0.627211
11.8205
2.35548
0.387234
4.56586
0.886715
0.50035
2.76578
0.237365
2.61285
0.532537
1.72933
2.20422
0.393521
1.2163
1.26034
2.67567
0.358401
1.99488
0.360403
0.179142
0.114218
0.160887
3.57546
0.243951
0.155168
0.793806
5.5667
0.110288
0.379154
0.118325
11.274
1.08592
0.129366
0.370026
0.42588
1.23682
2.3649
0.104559
1.28078
0.873949
6.57003
0.210993
1.14992
0.617213
0.350589
0.738121
0.265142
0.169848
0.211755
0.765533
0.198774
4.02693
0.104363
2.51874
0.502508
0.260822
1.14009
0.327898
2.6603
0.566319
0.315894
0.484463
0.123809
13.3966
0.13639
0.16587
0.267165
0.296966
0.739359
0.154073
0.249965
0.128727
1.15248
0.143508
0.485097
4.95817
0.101024
4.00158
1.42599
0.163135
1.16549
0.108744
0.450133
21.273
0.156246
0.212556
0.206651
1.28636
0.175013
4.42462
0.242634
5.49962
0.237879
0.594321
2.3371
1.87923
1.50577
1.22747
0.503064
0.595261
0.163167
0.301216
0.322765
4.13612
4.67191
0.147025
3.62119
0.131536
0.172504
1.30015
3.65234
2.96307
1.54409
11.6988
0.945771
0.275573
9.99212
6.66866
5.83645
0.182584
2.24441
9.43457
21.67
0.119988
0.182474
0.903809
0.316938
0.262005
0.3756
0.576669
0.480871
0.110394
3.72779
4.04783
2.80223
5.1473
2.47498
5.33254
0.107284
2.28527
0.138387
0.521926
0.2262
1.94546
0.106266
0.131574
7.84564
18.1071
0.165126
0.115322
4.79782
0.108166
0.196433
0.207191
0.314204
1.90048
0.276524
6.99464
0.131963
0.15637
0.850735
10.7666
0.450911
0.462667
8.10269
2.07395
0.120396
0.143549
1.37781
0.126963
3.09059
0.477055
0.745948
0.236999
0.151137
0.90086
0.142188
0.836387
3.44792
0.103182
0.722328
1.19168
0.359278
12.8431
0.25982
3.65481
2.94486
0.634509
0.826489
3.48315
0.467518
0.241886
0.106037
1.11592
0.307226
0.934607
9.96543
0.785495
0.313448
0.389881
0.126266
0.100307
0.193644
0.684081
0.971156
2.7545
0.417891
0.669076
2.20193
0.816887
0.304599
3.1223
0.139499
6.0921
0.716844
0.168746
0.13107
0.114694
21.6933
0.371659
0.734975
7.3931
1.2671
4.53179
0.666452
29.1505
0.226075
1.46013
0.643208
0.956368
0.624317
0.514365
0.327776
1.11097
4.73669
1.68937
0.218724
6.11728
1.17562
0.18729
7.0632
0.207681
0.130907
0.413092
1.16712
0.328893
6.10263
0.11022
0.262379
0.101505
2.07504
0.110884
4.66393
1.38795
0.147799
0.417714
0.156623
0.278833
0.174988
8.03341
0.179748
3.73893
0.310702
0.201133
2.2167
13.0375
1.15391
0.660514
0.132479
0.120079
0.884397
8.97506
0.19487
0.124509
0.374486
0.147965
1.05383
0.230523
0.480207
0.136831
1.43068
0.608549
3.40968
0.120801
0.891784
0.801702
0.627123
5.78389
0.181133
0.577411
22.5383
0.133395
0.183322
4.40052
0.134637
0.123212
11.5894
0.140036
0.44888
0.952475
0.141248
0.39887
0.812213
1.27397
0.293854
1.49081
0.165006
7.41406
0.329326
0.447841
0.123298
0.118606
0.768224
2.90723
0.202854
0.278827
0.138651
1.01845
0.228351
0.105329
40.2217
1.24007
0.416559
0.739414
0.155073
2.15682
0.186244
0.854653
0.268743
0.10533
0.129783
0.893919
0.140137
1.7866
5.01792
1.26263
1.96916
0.182194
0.312416
4.0642
0.182043
0.119885
0.557038
1.93418
9.04067
0.71037
0.211175
0.287602
0.594132
0.424748
12.5706
5.81858
4.54286
0.123917
2.01532
4.17836
0.160409
1.1131
4.473
0.867116
0.730592
6.79769
0.188584
0.436158
0.299894
1.34846
1.03793
5.72686
0.552158
3.38604
0.323234
3.35699
0.103386
9.9454
1.03542
0.163052
1.07011
0.156286
0.495232
0.284286
3.16968
0.814031
4.11267
0.640728
1.12443
0.45104
2.20037
4.33087
4.51704
1.40574
0.254803
0.130245
0.856683
0.868278
0.116698
0.114435
3.14244
2.76516
1.54567
0.43818
0.278349
1.22091
0.767884
3.69009
1.29237
19.4446
4.17889
0.17758
4.21309
10.2087
4.65779
1.54477
3.1939
1.30177
2.38924
0.522323
2.15262
0.122156
0.137401
0.801647
0.133512
0.189596
2.14575
0.270085
0.291168
2.85178
0.248779
18.6675
0.336228
0.410297
0.227246
0.489226
0.893066
1.91162
0.555468
0.100624
7.78266
0.122207
0.195917
1.56436
3.81698
0.311348
0.451141
0.371152
0.317426
0.24601
1.25646
0.146012
0.11488
10.6966
1.4208
0.256289
0.470913
0.213128
0.139112
0.137028
0.209807
0.571614
0.124385
0.991328
9.52617
1.35847
0.938326
0.364635
0.820867
0.243603
5.99917
0.132445
0.23534
0.175434
0.209938
2.13722
0.29657
0.491773
0.30905
6.91245
1.02595
0.481362
2.17252
0.715444
2.11685
0.232832
11.8749
0.75655
3.98672
10.4556
0.254676
0.162414
0.838273
28.0697
0.769015
0.26395
0.487665
4.60476
0.154599
6.41093
0.25487
0.48181
12.0887
0.101688
0.140629
0.61588
0.143692
0.930152
0.681555
1.44921
15.2548
2.58015
0.389797
5.38879
6.09697
1.68959
0.385627
0.146074
6.68025
0.854394
0.212116
1.11819
0.972644
0.832724
0.186511
0.158091
3.48112
0.103155
0.749568
0.173336
0.539024
0.793646
0.175848
0.103218
3.07509
0.350888
0.376002
0.184119
0.144186
15.2424
0.510125
0.159501
0.122809
0.787053
0.722744
7.89815
0.206072
24.9413
0.235315
0.125215
0.123851
2.26441
1.07872
3.77176
6.32919
3.66521
0.223573
20.6061
4.74814
6.45787
0.306909
0.381139
0.165076
1.19767
0.967561
0.374627
0.987774
1.99251
4.79414
2.32523
1.5115
15.8479
10.7948
2.90994
2.24723
0.514535
13.661
1.66139
0.758358
0.741685
1.61047
0.116103
7.60607
0.107457
0.444591
0.511353
0.185948
0.889849
0.220583
0.634382
3.98079
1.15885
0.794455
7.52931
2.44198
9.68896
0.304906
0.325794
0.163958
0.122278
0.412291
0.178674
0.535612
0.234422
4.26303
0.178366
2.4385
0.108204
0.204415
4.67945
0.108502
0.16142
4.86915
0.191012
9.07341
0.269422
0.819905
2.6361
0.537714
0.280213
0.22463
0.104768
0.394383
0.104518
0.755103
19.4284
0.172052
5.04287
12.6222
1.6057
0.567057
0.118499
7.27955
0.28038
8.34496
0.12373
1.97629
0.871112
0.907791
4.2182
0.41736
0.215482
0.237105
9.18953
3.23117
1.27674
0.808162
1.14836
1.51224
7.28798
0.681055
0.751508
11.997
0.20004
0.188966
7.36948
0.397321
0.427747
0.175596
0.185945
0.438566
0.257743
0.142504
0.169043
0.22332
0.335679
0.989264
0.137525
12.0422
0.105714
0.104456
2.01274
0.563369
0.738724
0.415775
0.123591
2.65727
1.89074
0.648361
0.243917
11.4165
1.94088
0.46446
0.193936
1.82491
0.114508
0.276461
0.602387
1.01983
0.535361
2.00129
0.437299
1.3908
0.524013
0.177387
0.147717
1.1856
12.7728
0.268935
1.68081
6.83712
1.83147
0.78475
0.315006
0.27389
0.443321
0.439084
0.198865
1.43036
0.348622
0.821396
0.247635
0.70057
0.410129
1.52116
0.206328
0.373341
0.541849
1.51222
0.185099
0.110385
0.309883
0.113622
2.7796
0.150257
0.274924
1.33045
4.29175
1.48301
0.408831
0.117064
0.386667
2.05106
0.165638
0.820224
0.636921
3.93353
0.333794
2.10467
1.45027
0.200081
0.818421
5.42643
4.83543
0.427254
1.42946
0.127145
0.104165
4.44118
0.222319
0.414243
6.09533
0.284117
5.39377
0.158785
0.120971
0.248515
0.27387
3.4675
0.773974
0.531961
2.62054
0.182157
0.151869
1.52703
0.479302
0.124003
0.143685
33.1355
5.36378
0.807362
0.485416
0.114646
0.129437
3.37721
0.121578
1.70545
4.44279
1.57326
0.2552
0.349709
0.23587
0.120475
5.30803
12.9614
1.55676
4.54362
0.528811
0.212606
0.189796
0.152643
1.34279
1.03852
0.241219
2.0021
0.227871
0.164884
0.989244
3.42816
0.443398
0.498721
1.04659
0.343192
2.51561
3.25061
34.7707
0.238165
0.768271
6.92258
4.57804
1.40447
2.31854
1.27317
0.53002
0.171592
1.72785
0.107355
1.94133
0.151365
0.183542
5.96441
0.581836
1.46196
2.5678
0.265664
10.4431
0.696893
3.57787
1.77536
17.5202
2.83682
0.562333
2.08561
0.201491
1.53967
0.129819
1.92275
0.875506
0.324554
2.91569
0.221526
0.176534
0.105505
0.391675
0.308203
1.4193
0.804545
0.138929
0.276886
0.30949
0.298709
0.548931
22.4678
0.322942
1.65358
0.212681
0.201606
0.669752
0.151796
4.48034
2.5645
0.140768
2.93323
0.228833
0.650531
0.315044
3.70635
0.324672
1.25247
29.6909
0.162817
0.122365
2.33188
1.35932
1.88376
0.251063
0.123975
1.03977
0.335785
0.335576
18.0413
15.9434
10.6048
0.894324
0.141933
2.84143
6.06376
0.932793
0.141206
1.40867
0.410249
1.20041
0.163326
0.938686
0.155539
6.2586
1.98505
1.00247
0.691303
0.100277
6.81551
0.64732
0.177153
0.779452
1.10048
7.60437
4.90831
0.743145
0.315332
0.116552
0.210876
0.245591
0.66264
2.85932
0.281567
0.227138
0.624661
1.73354
0.149183
0.770427
2.99383
0.498643
0.965015
3.58019
2.78718
0.173098
0.137091
0.357971
0.11121
0.650979
6.37528
0.541997
0.777342
0.543923
2.7087
24.4551
2.86656
1.61106
0.544553
0.114782
1.55859
0.225201
0.161982
0.358502
0.523221
0.62777
0.233314
1.41538
0.142394
0.153927
0.268417
0.659046
2.38812
0.175156
0.161419
1.40176
0.3265
0.128239
0.131771
0.432862
2.28472
0.344754
0.630129
0.37231
0.692174
1.71221
2.42431
0.657358
6.37597
0.357702
4.14747
0.357134
0.179323
0.112012
0.433375
0.245113
0.858502
0.181205
0.266277
2.17719
0.589537
1.18643
0.33254
0.286219
2.5278
0.378207
0.380972
0.139034
1.21447
0.176385
2.19539
1.70947
0.193784
1.44689
1.06724
0.265076
2.2372
0.155649
0.315292
1.24096
1.07651
0.148812
2.51335
1.51736
1.22649
0.77819
0.392789
0.701898
0.100915
0.19073
1.22467
0.390441
0.124403
0.133504
1.52555
0.941876
1.48217
0.198634
0.259316
3.66349
2.46296
0.854298
6.51801
0.25475
1.11105
15.5961
0.112957
0.203927
1.0102
0.695365
0.174209
0.525067
0.244453
0.539624
0.981934
0.299295
20.2691
0.140385
0.333539
4.63167
0.112061
0.747669
0.282229
0.239546
0.200289
0.179048
0.186118
0.698078
1.58947
5.90664
0.885999
0.254261
6.76907
0.147241
0.485802
5.21577
0.767121
0.140604
7.92096
1.64136
6.96734
0.847996
0.219325
0.260906
1.14825
0.872823
0.423989
1.08665
0.108671
1.08382
0.250304
1.70442
1.22148
0.25892
1.25581
0.12297
0.268377
0.750898
0.316728
2.90019
0.157296
0.202345
0.472357
7.37349
0.49148
1.76982
8.94435
2.3157
1.66698
1.4057
3.52752
2.10572
45.9948
0.141701
0.100703
1.1656
0.480269
2.38763
0.968345
5.27354
0.156303
9.08658
0.640009
2.87572
1.61934
2.42223
0.123123
0.460117
0.715925
0.623703
0.105582
3.07255
3.3792
0.149303
0.808092
3.49501
0.26633
0.109139
0.179399
1.07577
2.22817
0.207134
0.124687
9.4558
0.314437
0.914773
6.22774
0.775956
0.460995
0.380189
2.14103
31.9887
0.231897
0.696499
18.0915
12.8561
2.24359
0.54096
0.679694
7.85174
3.70671
0.625671
1.18664
2.98494
6.71101
0.182102
0.483461
0.355144
3.16197
0.365146
0.390987
1.38907
1.69303
0.361362
