-139.023
-8.3323
36.3304
-14.4883
-261.569
-255.007
-218.139
-217.703
-255.644
-187.562
-123.761
-237.091
-209.931
-143.192
-125.603
-122.568
-49.9708
-3.45833
45.4069
59.3603
177.794
242.514
-8.28328
71.823
217.016
-241.886
-214.813
-170.375
-163.996
-162.245
-92.8259
-91.9014
-72.4572
-51.9636
-7.7433
18.7777
28.8702
99.9032
104.644
110.764
159.447
248.63
251.341
-97.4842
-239.786
-216.479
-147.433
-124.571
-81.1747
-48.541
-33.8447
-31.1916
20.0941
23.2882
84.5823
98.1791
108.466
166.9
174.026
257.813
-3.51569
8.11273
24.168
30.1761
40.336
61.0826
70.2419
75.3212
87.2523
126.992
128.59
150.004
178.503
180.581
202.062
272.262
273.118
-193.874
-168
-133.436
-186.783
-181.738
-170.246
-167.801
-105.641
6.15426
18.6123
134.794
140.217
164.377
175.035
178.133
217.273
-74.4897
-24.6556
-272.865
-154.806
-166.645
-32.3092
-74.7588
-78.7686
-83.4445
-53.406
-23.0055
-11.2182
-3.67826
110.348
154.758
183.175
219.323
219.626
226.779
265.204
-265.517
-162.81
-157.639
-269.52
-196.255
-174.385
-154.699
-76.8735
-51.1806
-37.7097
50.0579
50.7522
59.4066
72.5123
114.503
171.585
193.806
-258.358
-242.107
-226.441
-212.882
-130.198
-105.43
-80.4322
-74.8847
-36.0132
-13.4923
-12.7742
31.9306
90.5288
126.054
178.802
247.933
-22.701
145.715
211.212
108.845
-83.8575
-201.355
-58.3291
-54.6996
-42.0538
2.4087
5.95631
15.4213
38.9324
44.5019
63.7745
72.8723
94.8735
114.482
138.997
162.57
212.006
256.137
-26.4359
-56.3476
92.7709
113.273
121.821
136.088
143.353
155.895
188.005
208.424
270.691
-159.459
-162.608
-251.461
-234.779
-218.392
-171.293
-133.915
-89.0121
-13.177
-9.2677
-1.80383
88.6486
148.04
153.538
192.715
193.379
210.082
238.78
261.089
265.284
88.4998
-140.205
-136.308
-16.8466
16.4596
24.593
37.9604
70.7857
71.0965
172.883
-254.968
-248.017
-241.298
-221.091
-182.571
128.197
-223.866
-155.328
245.092
-246.298
-225.219
-190.69
-170.683
-144.809
-138.371
-105.589
-97.3898
-95.9519
-71.1717
-48.3755
-19.9368
-15.657
71.05
71.58
74.808
94.1721
175.272
239.579
260.964
-142.189
-244.427
-272.115
162.322
-95.6174
-87.5075
-50.2868
-26.8859
-10.607
49.3973
163.193
-118.417
-91.2694
-46.7075
-39.4697
-37.1339
13.1339
155.657
178.322
266.401
