0.847746 
-0.204423 
-0.463607 
0.107046 
-0.684949 
0.918698 
0.592295 
0.421958 
0.0249994 
-0.232305 
0.947367 
0.0746046 
0.538402 
0.606564 
0.387741 
0.226297 
0.324721 
0.328827 
0.496138 
0.440151 
0.825094 
0.219113 
0.786223 
0.822831 
0.752268 
-0.943061 
0.336544 
0.445328 
0.458099 
0.445373 
0.484217 
0.586408 
0.464144 
0.368735 
0.411064 
0.615479 
0.581469 
0.186265 
0.715249 
0.71426 
0.303807 
0.634871 
0.135494 
-0.742814 
0.174991 
0.421304 
0.49209 
0.310725 
0.298609 
0.29733 
0.513962 
0.408157 
0.307712 
0.629164 
0.474734 
0.192237 
0.66135 
0.263229 
0.610877 
0.926945 
-0.581764 
0.610313 
0.705676 
-0.149019 
0.557581 
0.730112 
0.693174 
0.572082 
0.248402 
0.620389 
0.46327 
0.33323 
0.508357 
0.698361 
0.474796 
0.354269 
0.278039 
-0.958237 
-0.126005 
0.714177 
-0.328158 
0.707874 
0.0392862 
0.937235 
0.964195 
-0.117293 
0.0983412 
0.482065 
0.301606 
0.556891 
0.198793 
0.192104 
0.481984 
0.0864575 
0.981721 
-0.191948 
-0.705751 
-0.52077 
-0.634179 
-0.827537 
-0.604447 
-0.978604 
0.807226 
0.730638 
0.857349 
0.419674 
0.760904 
0.642229 
0.328625 
0.241793 
0.51802 
0.374513 
0.146385 
-0.306297 
-0.145407 
0.974504 
-0.367855 
0.944963 
0.812435 
0.288786 
0.792816 
0.354435 
0.446275 
0.177993 
0.507947 
0.463704 
0.576945 
0.362529 
0.63099 
0.384995 
-0.280817 
0.912272 
0.433505 
0.176822 
0.293412 
0.469351 
0.354833 
0.474372 
0.490084 
0.644276 
0.780669 
0.535176 
0.0936656 
0.544861 
0.539933 
0.471894 
0.90694 
0.407502 
0.871626 
-0.820443 
0.392991 
-0.137904 
0.544609 
0.534679 
0.632069 
0.676457 
0.347265 
0.66202 
0.424711 
0.257524 
0.362324 
0.302147 
0.340446 
0.544367 
0.134458 
0.362087 
0.365515 
0.293292 
0.323783 
-0.0129118 
0.716891 
0.450609 
0.195442 
0.194114 
0.492758 
0.854283 
0.341615 
0.679349 
0.559157 
-0.501313 
-0.0720056 
-0.391486 
-0.771847 
-0.104336 
0.614119 
0.811411 
0.33764 
0.396181 
0.480127 
0.451103 
0.673654 
0.320411 
0.655324 
0.839918 
0.329274 
0.496241 
0.40483 
0.217383 
0.435515 
0.500633 
0.817018 
0.239644 
0.747866 
0.299123 
0.407753 
0.375857 
0.341368 
0.227758 
0.379659 
0.844203 
0.804703 
0.632551 
0.325352 
0.50067 
0.67714 
0.559986 
0.107015 
0.963532 
0.532053 
0.0700705 
0.454161 
0.959723 
0.720438 
0.300562 
0.56929 
0.553008 
0.491564 
0.7726 
0.395405 
0.34146 
0.345574 
0.285349 
0.331621 
0.70469 
0.319755 
0.504424 
0.421233 
0.433993 
-0.444144 
-0.533574 
-0.414607 
0.850448 
0.205392 
0.417664 
0.413698 
0.357991 
0.208719 
0.332417 
0.56625 
0.434089 
0.728302 
0.607209 
0.62003 
0.747944 
0.0994315 
0.959523 
0.0536023 
0.231763 
