0.312745
0.124734
0.111273
0.397835
0.198119
0.873514
0.139588
0.17498
0.199738
0.127395
0.314015
0.159353
0.204078
0.71429
0.195684
0.115421
0.133664
0.16812
0.69826
0.181222
1.26681
0.157329
1.60602
1.28962
0.398649
1.09431
0.205541
0.147237
0.131995
0.229931
0.187302
0.318299
0.14089
0.158715
0.129869
0.310357
0.131471
0.172186
0.489628
0.503006
0.154425
0.592265
0.108237
0.102328
0.1458
0.104962
0.152577
0.15077
0.181813
0.100008
0.468649
0.122394
0.244591
0.125118
0.115905
0.137354
0.378844
0.109301
0.789133
8.1193
0.203731
0.206631
0.12672
0.109155
0.269721
1.25335
0.699256
0.189025
0.134638
0.475868
0.382834
0.119926
0.187882
0.259463
0.138893
0.230878
0.112251
0.250724
0.105668
0.208447
0.328557
0.155012
0.10604
1.6284
0.914655
0.104512
0.248355
0.17839
0.131544
0.103521
0.248709
0.117285
0.103394
0.206275
0.293332
0.155022
0.428245
0.127244
0.708034
0.144315
0.184442
0.162178
1.22163
0.239027
0.140639
0.355147
1.78578
0.45167
0.337701
0.249085
0.151971
0.358734
0.134967
0.191778
0.470726
0.251398
0.308408
0.128656
0.132448
0.148385
0.34826
0.478403
0.396971
0.116171
0.145404
0.248367
0.763463
0.138609
0.523874
0.126322
0.127698
0.971761
0.219804
0.217343
0.160508
0.279964
0.298104
0.159363
0.518711
0.279627
1.91811
0.331867
0.105741
0.205545
0.229732
0.563837
1.07438
0.539212
0.100403
0.17897
0.185958
0.210261
0.134149
0.244776
0.224631
0.471718
0.162787
0.286213
0.163896
0.189296
0.397677
0.186295
0.154558
0.154652
0.159871
0.136568
0.177239
0.133643
0.138448
0.179904
0.462869
0.158301
0.152665
0.223568
0.18598
1.23141
0.190717
0.14028
0.200611
0.134602
0.14893
0.135108
0.241586
0.213814
0.10878
0.999967
0.231239
0.176623
0.101791
0.104088
0.391166
0.137802
0.692354
1.72714
0.20194
0.467106
0.104313
0.104789
0.173436
0.333544
0.71052
0.273852
0.550738
0.246367
0.137432
0.151265
0.125659
0.102682
0.110301
0.266382
0.159529
0.194545
0.490776
0.224619
1.07039
0.346519
0.167758
0.432228
0.214152
0.115355
0.209292
6.20471
0.309438
0.107981
0.156775
0.846871
0.20907
1.62382
0.191326
0.148201
0.122751
0.123006
0.105924
0.819127
0.109551
0.128734
0.114684
0.281558
0.105177
0.256644
0.122197
0.111326
0.317556
0.723447
0.155724
0.249549
0.111272
0.110765
0.142855
0.124424
0.470407
0.215082
0.150492
0.447936
0.116808
18.0616
0.108698
0.213853
