0.667368 
0.28992 
0.981766 
0.302366 
0.57737 
0.0663059 
0.468039 
0.417482 
0.583464 
0.722333 
0.746616 
0.495655 
0.156741 
0.463406 
0.198454 
0.424596 
0.525001 
0.393054 
0.488713 
0.280758 
0.442497 
0.817355 
-0.473668 
-0.227639 
0.915712 
0.670164 
0.729979 
0.361304 
0.355956 
0.532492 
0.502157 
0.71923 
0.840982 
0.12908 
0.25809 
0.629251 
0.374751 
0.405451 
0.689165 
0.32798 
0.977195 
0.738854 
0.985954 
0.0792665 
0.286329 
-0.853043 
-0.211726 
0.745701 
0.836663 
-0.480793 
0.914955 
0.289826 
0.580189 
0.591593 
0.31722 
0.440837 
0.241785 
0.952661 
0.252123 
0.409359 
0.609921 
0.389824 
0.556828 
0.449423 
0.491098 
0.403373 
0.690762 
0.688799 
0.00198306 
-0.897549 
0.740988 
0.232545 
0.258325 
-0.0271508 
-0.71009 
0.486967 
-0.366076 
0.841922 
0.450423 
0.564787 
0.44128 
0.390129 
0.685765 
0.518485 
0.442733 
0.419598 
0.425543 
0.261387 
0.961614 
-0.984243 
0.404078 
-0.48665 
0.410142 
0.724964 
-0.00424869 
0.435743 
0.790525 
0.141297 
0.326374 
0.314958 
0.383708 
0.646345 
0.297803 
0.347415 
0.397601 
0.254609 
0.358355 
0.454558 
0.443899 
0.45253 
0.250171 
0.273194 
0.297141 
0.708671 
0.138883 
0.998515 
0.176523 
0.0820561 
0.584401 
0.592679 
0.523388 
0.300157 
0.388293 
0.607872 
0.548682 
0.371737 
0.297224 
0.80395 
0.223151 
0.444681 
0.175124 
0.896894 
0.129848 
0.507011 
0.76504 
0.804161 
0.349301 
0.910113 
0.0178586 
0.697602 
0.668946 
0.250825 
0.808586 
0.229722 
0.814584 
0.711798 
0.203816 
0.604756 
0.25521 
0.628283 
0.728004 
0.393613 
0.508112 
0.22014 
0.516416 
0.309992 
0.539326 
0.624937 
0.34709 
0.0978304 
0.473797 
0.36442 
0.432459 
0.974769 
0.725126 
0.0839795 
0.519581 
0.62916 
-0.916065 
0.90659 
0.419716 
0.971439 
0.278453 
0.561651 
0.71069 
0.776136 
0.0789034 
0.295718 
0.600985 
0.547932 
0.609972 
0.778092 
0.408666 
0.620816 
0.297643 
0.293225 
0.95311 
0.413421 
0.309251 
0.338363 
0.427433 
0.502159 
0.55061 
0.353554 
0.277831 
0.598042 
0.634956 
0.565148 
0.488507 
0.540879 
0.232467 
0.534775 
0.680591 
0.599196 
0.0028401 
0.143755 
0.189815 
0.64888 
0.350003 
0.592933 
0.425837 
0.948723 
0.988497 
-0.488773 
0.428683 
0.714922 
0.772172 
0.519677 
0.783074 
0.520267 
0.826254 
0.664821 
0.542713 
0.343109 
0.306225 
0.659137 
0.671621 
0.524041 
0.878508 
0.251316 
0.248669 
0.490734 
0.283126 
0.480853 
0.688686 
0.399148 
-0.474127 
0.0984388 
0.407074 
0.791688 
0.413875 
0.134443 
0.407428 
0.526825 
0.285289 
0.651494 
0.458792 
0.526623 
0.17089 
0.349761 
0.510401 
0.342667 
0.332879 
0.66534 
0.878 
0.264223 
0.479739 
0.539559 
-0.48006 
-0.236164 
-0.667563 
0.330931 
0.411433 
0.809418 
0.448843 
0.693935 
0.438244 
0.360631 
0.222761 
0.292961 
0.805822 
0.492852 
0.431267 
0.358258 
0.28587 
0.394569 
0.268707 
0.320307 
0.94191 
-0.715839 
0.519719 
0.531328 
0.0976076 
0.609661 
0.165458 
0.204539 
0.89615 
0.442217 
0.314082 
0.710223 
0.0387131 
0.50778 
0.23374 
0.618862 
0.822695 
0.330818 
0.691799 
0.515724 
0.235621 
0.465224 
0.297318 
0.152894 
0.292446 
0.119776 
0.937777 
0.18435 
0.161173 
0.264753 
0.569671 
0.783463 
0.774867 
0.344189 
0.738188 
0.253789 
0.630766 
0.459329 
0.297886 
0.742794 
0.348062 
0.675118 
0.751229 
0.609777 
0.625097 
0.536738 
0.988878 
0.824237 
0.0998976 
0.121083 
-0.549088 
-0.518897 
-0.707641 
0.655707 
0.924575 
-0.814973 
0.608695 
0.369576 
0.547461 
0.51652 
0.940763 
0.378218 
0.714181 
0.404313 
0.203855 
0.705453 
0.897466 
0.422894 
0.784087 
0.258062 
0.301754 
0.27436 
0.265641 
0.479035 
0.658087 
0.530665 
0.488964 
0.653598 
0.900954 
0.370907 
0.351522 
0.862437 
0.997349 
-0.118565 
0.619092 
0.710645 
-0.0240113 
0.775232 
0.404039 
0.571429 
0.675619 
0.659071 
0.965232 
0.661773 
0.0375071 
0.510511 
0.399379 
0.343833 
0.360577 
0.18254 
0.693928 
0.122503 
0.129534 
0.277167 
0.717403 
0.527257 
0.953961 
-0.0680911 
0.30915 
0.60822 
0.326696 
0.148712 
0.444972 
0.340426 
0.473885 
0.264851 
0.649157 
0.689574 
0.333567 
0.25501 
0.584403 
0.393173 
0.359428 
0.989288 
-0.0473878 
0.835856 
0.150192 
-0.00523963 
0.654446 
-0.014217 
-0.168625 
-0.368311 
0.13561 
0.325601 
0.354847 
0.59843 
0.501676 
0.240085 
0.237243 
0.385818 
0.314527 
0.873173 
0.511913 
0.382239 
0.398716 
0.444304 
0.45178 
0.305337 
0.371538 
0.608057 
0.387651 
0.397878 
0.24408 
0.982367 
0.928827 
-0.210644 
0.290976 
-0.93962 
-0.40841 
0.137913 
0.461049 
0.364616 
0.590669 
0.290168 
0.462595 
0.200409 
0.670607 
0.804754 
0.341509 
0.206012 
0.342222 
0.878905 
0.566708 
0.576387 
0.494607 
0.138543 
0.566612 
0.54397 
0.80617 
0.358749 
-0.0520218 
-0.431065 
0.648816 
0.450172 
0.372393 
0.385065 
0.357876 
0.466671 
0.313816 
0.478396 
0.57077 
0.894742 
0.424071 
0.713248 
0.418988 
0.328593 
0.382612 
0.485346 
0.284514 
0.667759 
0.87542 
-0.328924 
-0.92674 
0.0765116 
0.36607 
0.717361 
0.665633 
0.598246 
0.355718 
0.531364 
0.937626 
0.23306 
0.332334 
0.249523 
0.500496 
0.532747 
0.580897 
0.413027 
0.53117 
0.41926 
0.304087 
0.447754 
0.408253 
0.249255 
0.979474 
0.819506 
0.818119 
0.234413 
0.251843 
0.438529 
0.554285 
0.907373 
0.239943 
0.443615 
0.570312 
0.954744 
0.108818 
0.521519 
0.293108 
0.324431 
0.48433 
0.484506 
0.34356 
0.440401 
0.363222 
0.427368 
0.237979 
0.217094 
0.729531 
0.810133 
-0.673294 
0.821942 
0.544468 
-0.727979 
0.226598 
0.112363 
0.384871 
0.368207 
0.690699 
0.622632 
0.664629 
0.408928 
0.732768 
0.590102 
0.475031 
0.3738 
0.75943 
0.693273 
0.867501 
-0.453847 
0.930849 
0.754376 
0.588418 
0.257333 
0.47492 
0.54322 
0.0913876 
0.42487 
0.269985 
0.42608 
0.313911 
0.817281 
0.208082 
0.738373 
0.302988 
0.417881 
0.456107 
0.193194 
0.573755 
-0.69947 
-0.12843 
0.79059 
0.459703 
0.746406 
0.500134 
0.296324 
0.263412 
0.568407 
0.800097 
0.261438 
0.73861 
0.494022 
0.881809 
0.532276 
0.510277 
0.521562 
0.986299 
0.978341 
0.890056 
-0.821457 
0.925906 
-0.0443089 
0.249937 
0.244054 
0.473223 
0.240905 
0.426207 
0.365502 
0.603493 
0.568014 
0.152343 
0.202932 
0.278753 
0.282268 
0.546103 
0.35833 
0.426864 
0.348973 
0.739321 
0.51063 
0.449746 
0.297153 
0.711608 
0.749097 
0.637898 
0.923096 
-0.825927 
0.514941 
-0.311925 
0.43334 
0.849444 
0.741818 
0.70834 
0.335569 
0.122687 
-0.101771 
0.661279 
0.527627 
-0.0361914 
0.509104 
0.618456 
0.687705 
0.550005 
0.179299 
0.744081 
0.337884 
0.627785 
0.48065 
0.328421 
0.986437 
0.163757 
0.674678 
-0.433696 
0.152907 
-0.464307 
0.629025 
0.529294 
0.362957 
0.497465 
0.666381 
0.590086 
0.51715 
0.258173 
0.256054 
0.476355 
0.392102 
0.4116 
0.569794 
0.962111 
-0.466112 
0.974224 
0.619329 
0.445504 
0.300726 
0.287818 
-0.590774 
0.913989 
0.89038 
0.491122 
-0.334745 
-0.454503 
-0.875782 
0.498663 
0.343605 
0.154056 
0.453817 
0.324779 
0.318022 
0.469225 
0.643868 
0.401294 
0.371507 
0.657881 
0.310061 
0.440505 
0.449277 
0.368688 
0.315609 
0.561634 
0.27701 
0.46755 
0.294791 
0.173309 
0.997526 
0.156198 
0.390896 
-0.63241 
0.13729 
0.958857 
0.0771608 
0.0347226 
0.511255 
0.472256 
0.132685 
0.560929 
0.528215 
0.608933 
0.596938 
0.224329 
0.405742 
0.484411 
0.340668 
0.592161 
0.709584 
-0.650989 
0.247846 
0.262778 
0.246572 
0.923007 
0.0767497 
0.676578 
0.377552 
0.267872 
0.478537 
0.804017 
0.373498 
0.306026 
0.501916 
0.610285 
0.274029 
0.255085 
0.339146 
0.49665 
0.325231 
0.908969 
0.51845 
0.711879 
0.239636 
0.167379 
0.495379 
0.308007 
0.302103 
0.526701 
0.848275 
0.58979 
0.703827 
0.778466 
0.210371 
0.699402 
0.389684 
0.380292 
0.451675 
0.410578 
0.366641 
0.514948 
0.693481 
0.60516 
0.333547 
0.699732 
0.595899 
0.823926 
0.512862 
0.726231 
0.665248 
0.538665 
0.103161 
0.621497 
0.515683 
0.424236 
0.448428 
0.432954 
0.664235 
0.549545 
0.49199 
0.41109 
0.5379 
0.480545 
0.497247 
0.49614 
0.532616 
0.0902434 
0.505491 
0.66961 
0.944012 
0.95883 
0.924322 
-0.0444349 
0.62804 
0.32018 
0.952538 
0.189449 
-0.945312 
0.839421 
0.120459 
0.503682 
0.438451 
0.567139 
0.267428 
0.259968 
0.519444 
0.978539 
-0.0709019 
0.707342 
0.545293 
0.604573 
0.314962 
0.674183 
0.594848 
0.279747 
0.935602 
0.132478 
0.551451 
0.898775 
0.307437 
-0.0376163 
0.775903 
0.130296 
0.560764 
0.234455 
0.881913 
0.360727 
0.278847 
0.068811 
0.295625 
0.575956 
0.490748 
0.0731249 
0.3212 
0.562734 
0.802636 
0.465243 
0.519314 
0.276102 
0.588174 
0.221878 
0.698867 
0.187975 
0.155699 
0.330111 
0.309066 
0.468254 
0.503134 
0.446647 
0.312925 
0.303836 
0.378605 
0.207586 
0.495668 
0.653109 
0.539758 
0.333535 
0.477111 
0.327414 
0.314346 
0.232782 
0.843172 
0.584092 
0.487587 
0.450811 
0.459557 
0.912909 
0.854439 
-0.896362 
0.91174 
-0.489063 
0.607975 
0.549081 
0.147223 
-0.976338 
0.215835 
0.381801 
0.560089 
0.403673 
0.337842 
0.249111 
0.783311 
0.353113 
0.547412 
0.477434 
0.517542 
0.52178 
0.417523 
0.502087 
0.313776 
0.553808 
0.774279 
0.442921 
0.229736 
0.463527 
0.561465 
0.932496 
0.960321 
-0.278195 
0.787749 
0.218568 
0.259326 
0.104079 
0.414386 
0.630272 
0.558869 
0.305469 
0.523832 
0.368707 
0.440926 
0.309259 
0.166501 
0.982306 
0.531407 
0.587236 
0.505299 
0.711458 
0.993894 
0.647581 
0.974469 
0.521385 
0.0113496 
0.266802 
0.301742 
0.366909 
0.601526 
0.228178 
0.40391 
0.411611 
0.380876 
0.393995 
0.988437 
0.305366 
0.124586 
0.0493797 
0.526493 
0.235227 
0.794805 
0.419338 
0.32101 
0.397212 
0.260279 
0.529579 
0.995322 
-0.734734 
-0.165429 
0.879317 
-0.183514 
-0.0724989 
0.454462 
0.332977 
0.158505 
0.651373 
0.453787 
0.421002 
0.872739 
0.303517 
0.433652 
0.646081 
0.202437 
0.340373 
0.261533 
0.251116 
0.319546 
0.875598 
0.837711 
0.679081 
0.859127 
0.14014 
0.286632 
0.358244 
0.297158 
0.570864 
0.432601 
0.635892 
0.407061 
0.219533 
0.272608 
0.292337 
0.349631 
0.548803 
0.494935 
0.24162 
0.257276 
0.61071 
0.38917 
0.318377 
0.959858 
0.287223 
0.256282 
0.00760764 
