3.06547
0.200239
0.566436
0.112019
0.109184
0.180573
0.14268
0.188194
0.287518
0.906462
1.74772
0.709327
0.137842
0.165008
0.102538
0.103815
0.405473
0.20091
0.32544
0.214064
0.157483
1.8395
0.387685
0.154974
0.102089
0.29315
1.4168
0.172738
0.16124
0.344572
0.175989
1.17486
1.5527
0.113195
0.18277
0.550509
0.111129
0.105699
1.8747
0.263286
4.43027
0.141229
1.164
0.102748
0.186292
0.591216
0.10328
0.363095
0.369304
0.131771
6.30051
0.161074
0.663417
0.337606
0.118391
0.316959
0.102828
9.1855
0.114216
0.382895
0.359322
0.220611
0.239437
0.122634
0.399786
0.247652
0.306037
0.302155
0.13942
0.148496
0.128218
0.122428
0.256871
0.166797
0.144617
0.230307
0.330097
0.850731
1.21784
0.137363
0.104359
0.114967
0.38622
0.712654
0.188241
0.140334
0.190222
0.107332
1.21885
0.123843
0.212123
0.904543
0.108008
0.119576
0.232284
0.117237
0.336661
0.161114
0.272755
0.230039
0.190218
0.688126
0.249211
0.21871
0.117104
0.127289
0.210279
0.291257
0.119115
0.524218
0.216318
0.137492
0.167511
1.10172
0.116302
0.307093
0.177337
0.159706
0.141942
0.11936
0.1137
0.404767
0.740443
0.783681
0.122686
0.152912
0.151684
3.02188
0.118184
0.313966
0.11413
0.15032
0.17936
0.116918
0.108618
0.194771
0.222098
0.176412
0.136509
0.236033
0.237596
0.131375
0.316101
1.1912
0.134768
0.54956
0.118893
0.158022
0.33382
1.36587
1.5597
0.202863
0.409574
0.101585
0.352568
0.237005
0.570011
0.300587
0.110406
0.135438
0.224086
0.115359
0.328367
10.491
0.712106
0.239121
0.71331
0.675919
0.142788
0.437862
0.121644
12.8971
0.751098
0.363466
0.271998
0.26417
0.139506
0.158271
0.114876
0.181986
0.239792
3.03059
0.350026
1.04048
0.104079
0.134938
0.281229
0.228848
0.108739
0.115875
0.244479
0.1518
0.325631
0.104714
0.139493
0.309561
0.343647
0.308424
0.13617
0.205079
0.192383
0.155522
0.460091
0.207637
0.132263
0.118927
0.145848
0.305598
0.101588
0.403084
0.14536
0.30726
5.03835
0.168955
0.143483
0.141666
0.14803
0.18545
1.2702
0.1643
1.41226
0.668867
0.306384
0.114732
0.134281
0.719985
0.703857
0.490469
3.5596
0.1622
0.106651
0.212099
0.112134
0.184407
1.37745
0.164096
0.314056
0.203852
0.137109
0.778093
0.104936
0.111244
0.115827
0.16699
0.15354
0.303351
0.212109
0.458834
0.202021
0.202602
0.120088
0.124776
0.230656
0.296615
2.38876
0.150544
0.167069
0.146964
0.191952
0.189479
0.100015
0.143623
0.186695
2.44983
0.201771
0.576339
0.17559
0.122764
0.149631
0.404464
1.08881
0.232414
0.318045
0.113279
0.123593
0.132957
0.133397
0.125722
2.2916
0.155175
0.211159
0.113278
0.165824
0.107536
0.144685
0.19496
0.859072
0.48248
0.145925
1.08619
0.126907
0.240898
0.107703
0.422934
1.1148
0.294033
0.422338
0.340398
0.127046
0.196606
0.230147
0.174887
0.17113
0.158568
1.09016
0.124035
0.1181
0.117641
0.359013
1.28853
1.0389
0.393431
1.76872
0.218079
0.851889
0.219987
0.130675
0.919919
0.12892
0.418508
0.675441
0.264214
0.116846
0.155904
1.36332
0.105524
0.334222
0.153713
0.327857
0.182968
0.215549
0.144391
2.85284
0.148168
0.104884
0.681617
0.470213
0.635138
4.75779
0.271223
0.161287
0.732261
0.168634
1.18007
1.9922
0.112811
1.57269
0.2264
0.255731
0.285028
0.187936
0.104958
0.603138
0.182699
0.298871
0.323611
1.22038
0.426313
0.10763
0.636118
2.78715
0.144157
0.112595
0.160112
0.109415
1.01826
0.140864
0.441296
0.25688
0.159318
2.44339
0.378062
0.141813
0.128655
0.103054
0.192961
0.223823
0.171435
0.47621
0.130229
0.125172
0.108118
0.90907
0.45602
0.548706
0.174049
0.20197
0.285004
0.147157
0.108912
0.238115
0.162912
0.317974
0.186073
1.02582
1.05826
0.186918
0.107925
0.489844
0.190836
0.179309
7.89785
1.25401
0.148162
0.163133
0.330451
0.285822
0.10242
0.131908
0.132236
0.106319
0.103286
0.112718
0.386899
0.495705
0.104193
0.129831
0.108048
0.135898
2.55661
0.227641
0.157956
0.180391
0.280904
0.173332
0.108566
0.193896
0.4569
0.213417
0.17707
0.118675
0.108286
1.05919
0.175902
0.132641
0.239158
0.429945
0.644445
0.232246
0.137124
0.47603
0.139408
0.15759
0.141515
0.844218
1.80715
0.137819
0.113971
0.168967
3.35591
0.82514
0.264719
0.162001
0.111917
0.343605
0.276183
2.30531
0.104464
0.114383
0.217773
0.102594
0.124537
0.103663
0.131273
0.126229
0.516058
0.106653
0.217816
0.343689
4.40132
0.219877
0.912401
0.210253
0.111511
0.120206
0.291906
0.117549
0.115491
1.17964
0.201296
0.150168
0.269859
0.104637
0.664088
0.127027
0.130878
0.113316
0.586877
6.67083
0.10286
0.316441
0.149843
0.352488
0.376336
0.379819
0.127996
0.53866
0.152464
0.11525
0.358392
0.245492
0.147201
0.131508
0.235885
0.55021
0.284756
0.130363
0.246566
0.135869
1.72519
0.132733
0.239899
0.538632
18.2844
0.157956
0.127499
0.107241
0.367307
0.119921
0.265267
0.134101
0.131013
0.23008
0.105414
0.176891
0.129096
0.114192
0.114325
0.190251
0.115638
0.275955
0.14925
0.10876
0.243493
0.121003
0.119684
0.394371
0.174526
0.682916
0.246596
0.36863
0.143007
0.462927
0.531181
0.767883
0.381795
0.189641
0.100425
0.312133
0.129197
0.164901
0.143891
0.168669
0.387163
0.175317
0.142364
0.109678
0.168639
0.144804
2.04667
0.142897
1.3707
0.144807
0.140406
0.326171
0.120253
0.118645
0.137689
0.122089
0.102619
0.12877
0.216319
0.292363
0.200794
0.153326
0.311619
1.33614
0.108804
1.52245
0.113623
1.91636
0.159745
0.165303
0.176683
0.207719
0.364393
1.04218
0.481502
2.06946
0.156455
0.109291
0.144374
0.352121
0.108541
0.352249
0.168796
0.611266
0.126518
0.149404
0.106028
0.127017
0.128864
0.386076
0.171079
0.151476
0.108867
1.55861
0.287332
0.185997
0.115181
0.344935
0.133562
0.207636
0.633252
0.110056
0.276679
0.329194
0.104528
0.181975
0.126128
0.428082
0.101626
0.125612
0.102535
0.126762
0.105113
0.12495
1.02279
0.1167
0.192489
0.139264
0.272687
1.62449
0.133331
0.616743
0.158737
0.124512
4.62665
0.152566
0.123899
0.114627
0.269198
0.105696
0.148812
0.424427
0.109704
0.131267
0.301981
0.283833
0.677082
0.115723
0.17636
0.136267
0.10936
0.130519
0.128805
0.932894
0.126971
0.143333
0.207364
0.257813
0.175682
0.143355
0.124893
0.332288
0.770896
0.302272
0.126504
0.231311
5.53096
0.760755
0.118142
0.209612
0.336597
0.187018
0.103652
0.11735
0.449186
0.147962
0.108188
0.615038
0.110295
0.32323
0.352741
0.163448
0.171278
0.228585
0.237247
0.133974
0.274247
0.102172
9.95357
0.474691
0.255519
0.193774
0.150182
0.205525
0.138394
0.100251
0.106824
0.13576
0.137312
0.394688
0.293577
0.601301
0.364937
0.131638
0.256735
0.125774
0.127704
0.601877
0.43965
0.235279
0.16708
0.213894
0.144984
2.7925
0.10373
0.360655
0.113996
0.11007
0.136401
2.05423
0.161249
0.152607
0.130449
0.107442
0.17272
0.113805
0.200989
0.213777
0.121416
3.24753
0.18545
0.471739
0.169122
0.124989
0.253363
0.118307
0.10108
0.35552
0.893085
0.169773
0.13673
0.371738
0.104355
0.545108
0.111476
0.130179
0.374996
0.253934
0.111797
0.374578
1.00825
0.153494
0.1319
0.424798
0.489908
1.25997
0.149963
0.935002
1.95343
0.101662
0.164558
0.304084
0.115005
0.395045
0.103846
0.186666
0.754971
0.72189
0.195815
0.277178
0.239429
0.103334
0.141747
0.121072
0.256264
0.121911
0.190568
1.57238
1.05317
0.15593
0.611012
0.145316
2.00088
0.227604
0.118777
0.101062
0.484085
1.6328
0.149747
0.510692
0.301805
0.166883
0.246715
0.137843
0.107909
2.58764
0.11017
0.17248
0.150002
0.195436
0.117339
0.712668
0.284273
0.17737
0.744146
0.110816
0.361129
0.180464
0.164625
0.153334
0.102646
0.178476
0.118187
0.240371
3.31135
0.198846
0.120561
0.105653
0.320322
0.205418
0.101685
0.11508
0.114639
0.949159
1.44928
0.176183
0.471222
0.156729
0.443886
0.197728
0.112047
0.14049
0.216557
0.110619
0.241537
0.132459
0.160809
0.129162
0.197556
0.108118
0.107136
0.154198
0.143692
0.328618
0.414051
0.175101
0.497182
0.102841
0.155215
0.103705
1.05851
0.174447
0.222615
0.542242
0.133597
0.263256
0.286364
0.216575
0.11089
0.173033
0.116821
0.331707
0.119882
0.271185
0.125598
0.140036
0.235958
0.145464
0.100202
0.100147
1.37063
0.1528
0.363941
0.253633
0.230496
0.757718
0.383777
0.213049
0.109433
0.289337
1.42483
0.1736
0.105036
0.114836
0.799924
3.44203
0.246419
0.11394
0.174028
0.66203
0.276364
0.227974
0.104742
0.138891
0.128054
0.100143
0.229405
0.300091
0.255652
0.223629
0.107702
18.9812
0.618304
0.306273
0.15933
0.707478
1.4798
0.456485
0.824811
0.273667
0.107421
0.365972
0.182651
0.210045
1.12043
0.146579
0.163583
0.130168
0.358946
0.313119
5.02612
0.113051
0.245268
0.151553
0.101753
0.124313
3.54058
0.411387
0.10285
0.170798
0.235894
0.229715
4.66212
0.200924
0.114884
0.211415
0.237505
0.155111
0.14891
0.137198
0.225346
0.45052
0.209924
1.11265
0.679319
0.313585
0.185445
0.401213
0.10138
0.224612
0.112132
0.100215
0.117974
4.44254
0.203847
0.137732
1.93502
0.174906
0.731285
0.157506
0.126911
0.342001
0.67792
0.2433
0.114746
0.155568
0.172
0.10336
0.215667
0.389254
0.179978
0.104901
0.124494
0.415641
0.132151
0.223163
2.6049
0.133349
0.177617
0.155668
