-300.05
-294.497
-288.747
-257.555
-223.015
-214.336
-195.494
-195.45
-155.359
-125.557
-75.58
-73.9927
-60.5213
35.6767
95.5207
97.6149
131.406
160.914
176.467
219.848
234.563
318.29
-299.23
-301.002
-296.945
-212.821
-135.431
-57.1596
33.5569
48.3272
93.1125
122.863
131.922
150.422
153.361
231.252
254.626
255.172
296.981
304.848
346.243
180.745
208.815
-155.427
-165.592
-342.108
-303.163
-36.2991
33.5966
21.2126
-274.101
-272.233
-77.6384
23.3658
67.1749
107.53
171.07
181.679
242.454
307.119
317.059
327.103
330.913
337.107
339.074
-329.345
-151.45
-210.197
-176.701
-314.927
258.236
261.613
267.069
333.503
-305.228
-289.427
-334.481
-147.773
-140.495
-108.181
-23.2811
-11.1244
26.6666
78.5921
117.446
191.941
294.7
298.664
205.81
175.891
-347.061
-347.456
-342.285
-338.357
-296.086
-258.897
-198.623
-168.735
-166.179
-101.506
-82.953
-46.417
10.7233
16.063
71.4172
95.6529
97.6804
129.071
132.172
132.221
143.932
212.235
251.48
260.131
282.838
125.438
-133.444
-133.406
-104.792
-97.9753
-87.9633
-83.908
-71.9249
-33.3043
8.99716
139.266
150.943
203.307
208.433
229.811
258.279
186.46
240.614
336.628
-283.19
-280.664
-240.487
-212.347
-184.043
-94.8833
-64.7478
-55.9712
-53.0276
-48.2437
-40.6501
23.885
31.406
73.027
74.1395
92.4617
118.623
121.798
154.253
210.677
213.273
272.335
282.067
288.097
-283.088
-221.022
-167.215
-141.795
-121.486
-121.321
-108.585
-65.3115
-35.7493
42.7914
55.764
-88.2449
-334.537
-72.5412
-65.1099
-36.5205
-8.18312
8.57201
71.9268
86.2666
126.481
195.588
200.811
212.555
220.408
293.958
297.578
302.648
-12.1034
-204.412
-189.653
-183.108
-136.263
-131.426
-96.0853
-89.1922
-62.6455
-62.3368
-57.875
-11.3584
-3.31798
96.6661
98.2697
135.412
174.483
191.073
201.563
208.298
208.987
229.567
268.86
277.794
333.788
126.905
-63.6885
-267.931
-313.607
-295.034
-259.139
-227.839
-173.036
-138.419
-127.551
-63.1326
-21.2485
-1.37197
35.0191
38.1162
41.8162
51.4044
51.4714
81.8167
97.1667
117.562
148.053
153.914
160.762
213.099
-295.055
-227.484
-220.644
-215.26
-206.429
-32.4717
-14.4645
0.991927
2.01579
34.9384
61.0787
91.9132
113.419
175.935
193.932
220.445
220.97
238.106
248.567
272.87
276.951
299.394
-316.125
-319.835
-331.534
-247.691
-215.218
-163.884
-117.785
-75.8223
-69.7965
-33.5665
5.43905
6.86275
63.5403
221.374
247.313
253.437
256.762
278.406
319.546
328.198
311.102
-243.448
-238.609
-157.591
-114.508
-62.1215
-59.3081
-44.5128
-0.673933
26.5535
39.7837
69.5987
110.997
116.281
134.497
164.229
176.981
200.262
212.987
225.69
233.748
-276.879
-202.305
-194.492
-193.394
-183.922
-161.601
-150.078
-147.075
-40.4602
-32.0072
-19.5448
0.150279
34.637
53.5737
88.8698
130.346
154.398
166.36
232.273
290.984
312.238
312.595
330.132
24.0574
71.5787
241.645
263.191
265.107
278.746
-349.113
-323.916
-322.538
-310.588
-84.8351
-187.494
-284.052
-277.879
-273.098
-173.966
-165.512
-156.188
-129.165
-120.994
-16.8821
-11.2563
24.3793
25.9756
37.6583
104.534
211.762
219.26
221.217
232.661
233.979
257.485
312.377
320.103
-7.56051
141.405
326.463
332.148
-95.9866
-306.17
-298.937
-290.175
-281.606
-275.056
-251.263
-197.732
-173.153
-72.2652
-43.6645
28.4623
51.3895
62.232
63.0204
63.8409
102.228
117.47
139.619
142.791
143.005
209.137
211.587
259.092
240.004
212.175
-249.749
-187.482
-130.966
-99.9304
19.7453
95.5909
164.919
183.9
221.822
227.819
261.137
274.683
326.395
331.517
332.654
185.903
-272.645
196.204
-179.996
-297.105
-52.9402
-43.8245
-235.611
-242.997
-231.079
-160.642
-151.718
-140.416
-137.967
-124.392
-76.6235
-35.5486
-8.02831
7.14861
79.5866
105.951
115.997
151.197
176.661
264.359
272.953
289.61
314.048
334.568
341.293
-33.5388
191.67
289.609
-203.158
-203.621
-203.303
-200.916
-140.398
-135.946
-127.06
-116.885
-102.363
-99.4819
-19.2238
-13.0356
9.76372
48.3926
64.0568
82.5976
88.8075
92.8144
131.332
183.81
249.892
322.684
325.963
334.511
-274.627
-274.694
-257.861
-249.459
-242.589
-202.102
-188.278
-95.9639
-55.6695
-1.05078
32.1584
96.2156
140.509
198.342
219.274
288.832
302.303
313.944
342.276
294.987
-40.7756
-134.6
-318.223
-280.715
-266.646
-261.637
-184
-162.853
-156.545
-100.21
-38.8732
-22.1843
6.16566
51.4633
77.8816
109.24
121.001
135.826
159.63
241.119
245.888
274.345
334.961
14.5866
233.522
-192.27
-298.075
-276.703
-275.487
-261.536
-213.883
-178.854
-152.433
-98.282
-84.337
-72.7426
-70.8165
-43.9718
-28.2702
13.9807
18.4121
85.9973
124.62
149.641
189.421
200.633
242.589
335.669
-193.993
-192.614
-349.865
-295.586
29.4423
-300.334
-288.392
-240.129
-147.877
-74.4106
-74.3449
-52.7834
-47.435
119.607
151.979
245.151
260.371
304.115
338.375
349.868
29.9934
-200.297
-317.533
-322.757
-168.485
-166.874
-55.3403
-26.1104
-1.27625
29.7207
42.9737
54.0034
142.709
155.011
165.541
198.227
202.348
305.061
338.793
53.1972
298.866
-308.436
-304.613
-301.252
-276.805
-262.212
-225.019
-136.537
-127.958
-115.515
-114.602
-28.4291
-26.6046
45.4813
155.792
207.952
282.017
302.101
-33.8812
302.346
128.73
-209.464
-195.543
-220.951
-134.961
-128.671
-123.672
-115.446
-67.7796
-56.1665
-36.0372
-19.8418
2.6977
36.5814
51.0227
61.6566
105.35
118.803
175.379
200.183
237.78
281.645
308.82
318.336
121.912
168.753
65.2527
71.6722
-208.015
-257.708
-317.758
-324.74
-322.897
-309.341
-260.532
-209.582
-184.839
-177.125
-174.676
-161.23
-150.159
-125.924
-90.1859
-79.5181
42.5177
50.8481
158.744
172.583
172.708
194.666
262.386
301.74
330.511
-112.791
-297.117
-296.629
-282.286
-230.42
-190.392
-97.2486
-94.889
16.5817
38.5486
47.6584
62.2004
83.4536
118.708
133.862
249.904
328.027
244.316
243.871
291.542
-289.469
-287.435
-274.739
-265.036
-333.867
-27.6057
-319.809
-280.246
-261.232
-271.811
-286.902
-284.283
-236.835
-230.577
-226.756
-189.411
-177.113
-149.77
-133.186
-11.6188
10.1802
37.4876
70.4379
76.1812
80.615
108.191
117.347
139.193
200.395
221.064
248.902
250.483
309.528
339.42
-204.971
-258.58
-259.025
-185.881
-270.855
-265.242
-237.127
-198.184
-138.142
-110.664
-92.9587
-87.6687
-79.8029
14.4013
113.654
140.156
170.275
332.398
306.567
-226.901
-211.957
-184.453
-79.2708
-54.614
-48.5536
-38.1572
8.85594
16.5675
25.762
70.5342
74.2706
75.3969
113.501
132.751
153.26
201.232
202.882
225.16
238.861
278.763
327.928
-211.583
-164.095
-137.138
-131.576
-100.562
-95.1348
-85.6382
-69.0466
-68.5701
-33.2941
-27.0091
68.9048
91.2128
176.244
192.5
211.8
225.89
237.781
338.253
340.974
-281.312
-262.967
-245.832
-231.83
-227.697
-189.792
-155.799
-122.7
-59.2238
-21.7262
-5.5728
92.1033
122.728
128.38
134.388
142.007
152.342
170.311
202.788
206.433
228.948
229.523
230.25
233.106
268.532
344.812
128.263
150.153
17.7743
-75.7778
-120.583
-152.895
-145.317
-306.896
-179.148
-339.023
-316.068
-274.333
-264.048
-262.816
-248.911
-243.735
-91.9867
-91.6354
-63.5362
-62.6027
-55.4545
42.8904
147.228
193.54
198.77
247.905
262.944
302.518
-234.559
-226.378
-205.978
-197.048
-159.635
-157.993
-156.301
-122.762
-119.873
-54.4344
-46.0555
-7.44902
10.6954
17.0424
18.5562
32.5025
33.1841
75.077
94.4321
152.376
161.401
273.396
278.944
324.373
346.26
40.2596
50.3601
-144.13
-131.997
-117.395
-89.7865
-70.2213
-67.7727
-41.079
-19.3127
-10.3925
5.71932
7.16063
35.3966
42.8017
57.6019
58.5665
63.8433
111.399
138.333
147.287
159.357
231.342
244.637
268.998
68.8889
-225.561
-306.247
-213.173
-248.346
-279.864
-33.097
-206.705
-219.008
-115.757
-86.5855
-72.6812
-59.8498
-46.6906
-18.7256
11.3914
20.5271
68.0964
69.2766
82.464
103.249
129.527
150.927
165.46
179.337
224.832
225.001
246.015
260.731
281.087
349.024
-176.789
-178.105
-311.937
-259.057
-251.075
-230.949
-230.393
-198.804
-156.331
-62.103
-53.9873
-25.9211
-9.83215
-9.4291
9.7377
75.59
78.0093
146.882
168.065
245.083
310.282
195.511
-189.642
-288.671
-250.219
-245.342
-187.04
-173.818
-172.473
-171.984
-167.871
-166.516
-104.77
-91.5332
-77.1595
-74.6282
-43.7844
-42.4731
10.4771
64.6535
89.7104
128.835
139.943
239.368
295.264
314.834
320.124
-347.358
-138.513
-127.622
-287.462
-321.601
-234.339
-194.821
-171.039
-129.321
-68.2268
-29.2784
-21.8122
88.0526
112.032
121.037
136.579
145.824
210.496
227.131
236.164
309.296
346.939
30.1446
-19.3573
17.1548
-309.86
-166.024
-31.3955
21.1591
45.5313
49.0351
72.9451
80.7882
92.0037
148.884
191.357
250.786
254.858
256.084
279.792
301.873
305.428
326.113
163.347
-307.768
-267.407
-273.406
