2.59764
4.95139
18.6093
4.00719
0.622992
1.60505
1.28614
9.99311
4.75142
2.08313
0.677034
0.707098
5.15213
0.856995
0.842817
1.9558
2.044
0.898515
8.57381
2.98637
8.10839
3.1093
2.36812
0.883257
8.93234
0.448047
1.50277
1.12432
0.848848
4.28366
2.67014
9.63855
0.119232
1.06207
2.10712
6.47678
7.00109
5.36675
0.721838
3.11287
0.847066
4.9067
3.98638
2.77258
0.474998
1.81582
5.51016
1.02421
2.24658
0.132919
0.243582
3.0693
1.81019
4.62395
2.89445
1.66205
1.11739
3.43123
6.53259
1.02363
3.50756
4.91432
11.3054
12.7843
0.606368
3.50947
4.71066
0.729494
1.33887
4.47027
5.22503
0.470818
0.799023
1.64176
2.39134
3.48078
1.25076
5.17888
0.522874
12.6106
1.67831
3.92458
0.464022
3.63044
2.57566
0.555593
1.42375
3.30413
2.0293
0.964696
3.50066
11.8008
0.951314
2.55617
6.48274
4.53194
3.14921
2.34438
0.696224
1.31819
3.12672
1.07493
0.741961
0.381072
2.89932
2.00236
2.56541
5.46722
7.765
0.339262
3.55744
0.617191
10.7107
28.4852
0.379616
4.9792
0.530561
8.71715
4.23973
1.85013
10.0415
0.664403
0.896524
0.283835
0.384408
4.09461
2.69933
1.20028
0.324183
4.33341
2.94652
7.59312
2.61673
3.79807
5.10022
6.47488
1.06522
5.66809
12.8015
22.1823
4.6306
0.441937
4.9587
3.20824
1.5788
8.44989
8.81958
3.03469
1.89159
8.45622
13.1389
7.6978
2.14808
1.0874
5.55487
13.2209
0.652152
4.1301
1.42438
2.83352
1.30133
3.51227
0.645528
5.48073
14.0076
0.106795
1.8483
20.4511
0.897698
6.98273
2.93415
2.77499
0.636164
2.97746
1.1515
13.827
4.5495
10.2401
0.733084
5.83427
6.42762
0.397334
1.18475
7.40432
13.5345
1.85546
1.69992
4.81486
3.56725
2.64334
5.63095
18.782
3.42794
4.77485
11.8973
2.41439
3.45134
0.695167
5.08876
2.68124
0.790307
3.15206
0.39516
15.2441
5.40807
1.48341
9.03994
1.97206
13.5357
2.51476
2.26715
5.72369
0.695916
3.30233
2.72777
0.564014
2.13501
0.632566
3.57908
1.90632
1.68427
9.33329
0.17822
0.735234
2.76073
0.892938
9.90609
3.68829
8.28306
5.83732
7.81033
0.497942
