-98.7049
-334.377
-328.263
-307.491
-302.642
-223.995
-103.089
-209.835
-322.733
-297.051
-316.066
-199.36
-287.315
-283.515
-286.899
-170.921
-274.983
-243.367
-310.631
-320.004
-314.731
26.7652
-309.009
-279.644
-201.047
-196.682
-309.556
-229.382
-301.412
-210.218
-275.321
-112.361
-203.284
-297.878
-211.863
-218.211
-260.092
-323.823
-285.501
-289.507
-242.292
-318.983
-171.986
-334.641
-333.936
-291.977
-153.72
-302.233
-316.161
-199.395
-329.146
-272.527
-271.018
-116.293
-322.622
-288.796
-303.215
-334.927
-307.4
-308.194
-242.253
-302.537
-220.202
-322.568
-311.687
-294.535
-285.948
-168.687
-285.841
-270.068
-176.712
-281.95
-288.177
-216.487
-101.622
-264.588
-316.773
-244.194
-306.626
-328.511
-284.638
-275.615
-46.0943
-291.564
-278.191
-310.072
-305.136
-7.41894
-309.749
-167.192
-228.592
-121.025
-332.937
-282.875
-296.363
-314.09
-108.656
-305.59
-257.19
-267.948
-321.641
-214.032
-331.777
-330.236
-230.225
-297.259
-286.701
-259.953
-258.826
-188.326
-314.511
-252.718
-217.555
-201.529
-194.309
-329.485
-262.717
-200.755
-310.458
-267.149
-229.441
-314.099
-303.661
-169.388
-320.205
-272.193
-275.428
-105.578
-198.181
-263.5
-331.642
-299.659
-150.742
-315.887
-248.424
-236.148
-331.921
-98.0389
-321.517
-265.908
-316.512
-331.786
-237.129
-273.733
-249.398
-316.476
-330.956
-316.024
-280.018
-241.781
-275.256
-282.451
-196.961
-289.246
-280.811
-327.463
-218.527
-195.207
-266.445
-212.118
-329.322
-287.77
-332.539
-183.407
-275.508
-136.681
-281.621
-322.47
-299.75
-236.547
-161.377
-73.9526
-323.92
-307.665
-136.521
-314.303
-264.784
-243.564
-197.004
-282.423
-256.056
-198.749
-264.508
-269.021
-319.967
-214.777
-193.463
-319.991
-294.831
-317.436
-214.102
-217.9
-295.367
-307.309
-325.248
-224.862
-287.155
-264.932
-314.579
-155.515
-314.352
-320.799
-226.694
-204.197
-307.593
-293.215
-310.432
-320.006
-188.848
-121.42
-305.95
-326.844
-319.425
-314.641
-248.138
-133.548
-322.116
-326.435
-287.582
-332.129
-333.174
-285.454
-152.178
-194.504
-211.628
-252.015
-299.687
-248.127
-239.211
-224.094
-67.1587
-270.816
