-0.979852
-0.992046
-0.990418
-0.985655
-0.725107
-0.873675
-0.923309
-0.990876
-0.996564
-0.97812
-0.902723
-0.871731
-0.919387
-0.709086
-0.969454
-0.989768
-0.729089
-0.838982
-0.934287
-0.921819
-0.996055
-0.994072
-0.848488
0.80927
-0.99263
-0.526857
-0.991696
-0.839069
0.366306
-0.999997
-0.960376
-0.992338
-0.534275
-0.987953
-0.843034
-0.991597
-0.912707
-0.953623
-0.989715
-0.991598
-0.731803
-0.999159
-0.993464
-0.943073
-0.292127
-0.988613
-0.983449
-0.935117
-0.982867
-0.497133
0.606796
-0.945635
-0.918906
-0.905229
-0.962978
-0.960465
-0.900558
-0.996764
-0.985314
-0.649541
-0.860622
-0.962261
-0.975012
-0.979344
-0.491265
-0.118394
-0.977922
-0.968553
-0.825355
-0.933169
-0.996632
-0.938583
-0.915959
-0.958011
-0.966352
-0.951549
-0.757962
-0.924465
-0.970547
-0.997917
-0.948967
-0.990074
-0.120122
-0.993399
-0.987321
-0.86857
-0.99625
-0.970607
-0.97364
-0.616279
-0.986404
-0.974139
-0.916541
-0.984499
-0.994663
-0.654407
-0.852397
-0.971141
-0.92845
-0.630175
-0.825239
-0.93054
-0.959598
-0.920117
-0.996994
-0.844083
-0.985051
-0.953003
-0.952447
0.036776
-0.954888
-0.987055
-0.97485
-0.975965
-0.334508
-0.991238
-0.775172
-0.982177
-0.902878
-0.9272
-0.902031
-0.909001
-0.928111
-0.570515
-0.928203
-0.891895
-0.998427
-0.945865
-0.745653
-0.960902
-0.997479
-0.996839
-0.959919
-0.856475
-0.849057
-0.913797
-0.824317
-0.989112
-0.994567
-0.981445
-0.67583
-0.931809
-0.976551
-0.74984
-0.946434
-0.995459
-0.982959
-0.969969
-0.884683
-0.858403
-0.972816
-0.999552
-0.897415
-0.0987204
-0.916054
-0.998509
0.923352
-0.99172
-0.84345
-0.787344
-0.95634
-0.999104
-0.912211
-0.997383
-0.975476
0.661275
-0.979505
-0.96381
-0.94032
-0.998896
-0.734362
0.0982503
-0.732135
-0.995528
-0.807017
-0.992886
-0.99898
-0.980823
-0.74573
-0.965096
-0.803636
-0.977255
-0.811415
-0.902615
-0.998944
-0.867747
-0.92992
-0.708356
-0.990626
-0.944111
-0.782124
-0.968273
-0.994939
-0.982957
-0.967759
-0.979001
-0.95811
-0.998941
-0.969638
-0.737099
-0.795674
-0.761735
-0.646666
-0.971194
-0.98398
-0.92208
-0.669093
-0.974818
-0.995492
-0.346552
-0.925115
-0.974203
-0.900961
-0.983772
-0.986698
0.131782
-0.903169
-0.495305
-0.969707
-0.806628
-0.756385
0.906736
-0.845979
-0.627061
-0.844431
-0.377398
-0.970205
0.0374118
-0.987845
-0.873801
-0.974787
0.0456023
