-0.894678
-0.940497
-0.993296
-0.660958
-0.947978
-0.985515
-0.855502
-0.995209
-0.890797
-0.998994
-0.999447
-0.984663
-0.965099
-0.989504
-0.885777
-0.2516
-0.923329
0.417618
-0.939309
-0.995235
-0.95912
-0.992274
-0.592186
-0.997377
-0.889822
-0.976033
-0.976018
-0.969477
-0.968538
-0.982179
-0.9924
-0.995414
-0.988443
-0.967944
-0.981356
-0.992666
-0.987933
-0.99814
-0.972497
-0.96676
-0.995107
-0.969
-0.996853
-0.997867
-0.999794
-0.900691
-0.275307
-0.941337
-0.95907
-0.990094
-0.95776
-0.945961
-0.964767
-0.865147
-0.887046
-0.410019
-0.889636
-0.930726
-0.925095
-0.788023
-0.9042
-0.985684
-0.99174
-0.995243
-0.954183
-0.771379
-0.962568
-0.990556
-0.982029
-0.870644
-0.962993
-0.101167
-0.642461
-0.969499
-0.963708
-0.970616
-0.96922
-0.950397
-0.961903
-0.98654
-0.947173
-0.913768
-0.770735
-0.883577
-0.98231
-0.987489
-0.927296
-0.991061
-0.981757
-0.992876
-0.978276
-0.968663
-0.929342
-0.905936
-0.916023
-0.693479
-0.929085
-0.617963
-0.626988
-0.875608
-0.902376
-0.965584
-0.996508
-0.978795
-0.977781
-0.969602
-0.974602
-0.989879
-0.995117
-0.295067
-0.994723
-0.990038
-0.994844
-0.950082
-0.843201
-0.84879
-0.97931
-0.960534
-0.929364
-0.095137
-0.946274
-0.97849
0.377782
-0.866207
-0.856992
-0.897063
-0.990686
-0.929747
-0.963508
-0.592734
-0.667065
-0.983395
-0.989156
-0.614748
-0.888006
-0.979425
-0.0547284
-0.905298
-0.935905
-0.758753
-0.980981
-0.95596
0.186464
-0.379606
-0.978254
-0.983369
-0.962364
0.522327
-0.781325
-0.659646
-0.538765
-0.885015
-0.980291
-0.996766
-0.993315
-0.935769
-0.988761
-0.755964
-0.845679
-0.785549
-0.933642
-0.902937
-0.961801
-0.953304
-0.230576
-0.770335
-0.926655
-0.800716
-0.78297
-0.624981
-0.97836
-0.974138
-0.880441
-0.923252
-0.985816
-0.85624
-0.905505
-0.948656
-0.935721
-0.61829
-0.939325
-0.996922
-0.995632
-0.952859
-0.98384
-0.978003
-0.820953
-0.927475
-0.967984
-0.898556
-0.995449
-0.858099
-0.801369
-0.756249
-0.705229
-0.812516
-0.995186
-0.773047
-0.950016
-0.986313
-0.992111
-0.98664
-0.899121
-0.560125
-0.910058
-0.99425
-0.926434
-0.986058
-0.991088
-0.0119321
-0.985579
-0.829258
-0.987777
0.330945
-0.902136
-0.722451
-0.983493
-0.911335
-0.0634817
-0.794969
-0.990478
-0.975491
-0.941028
-0.935734
-0.932868
-0.98025
-0.892748
0.462547
-0.611085
-0.995483
-0.996344
-0.9952
-0.906434
-0.946839
-0.976761
-0.950646
-0.911503
-0.939406
-0.982435
-0.979929
-0.946749
-0.989764
-0.985822
-0.862041
-0.865729
-0.970378
-0.886321
-0.816711
-0.805635
-0.994042
-0.688984
-0.83132
-0.980969
-0.844063
-0.865287
-0.579058
-0.871524
-0.978297
-0.863089
-0.904325
-0.938634
-0.967571
-0.99635
-0.9588
-0.955736
-0.995736
-0.973768
-0.982718
-0.986302
-0.770071
-0.989731
-0.998122
-0.976087
-0.984351
-0.933018
-0.967218
-0.66576
-0.930073
-0.766584
-0.914482
-0.870784
-0.672842
-0.992509
-0.974244
-0.958709
-0.84749
-0.997384
-0.992815
-0.994943
-0.842232
-0.972404
0.147473
-0.970578
-0.946644
-0.998158
-0.867533
-0.951749
-0.992756
-0.988665
-0.949194
-0.72614
-0.966672
-0.987591
-0.791289
-0.999045
-0.900801
-0.787165
-0.976713
-0.995147
-0.908962
-0.952587
-0.996271
-0.878196
-0.948843
-0.852268
-0.847045
-0.782778
-0.998085
-0.582733
-0.692164
-0.872496
-0.96742
-0.942182
-0.990236
-0.978721
-0.985525
-0.369396
-0.976109
-0.948101
-0.991979
0.708063
-0.955335
-0.86497
-0.998558
-0.885233
-0.974969
-0.945186
-0.972533
-0.921874
-0.964951
-0.762664
-0.961609
-0.909651
-0.738546
-0.980643
-0.990669
-0.636928
-0.81637
-0.783881
-0.789614
-0.966217
0.515437
-0.589269
-0.922378
-0.966407
-0.914601
-0.826092
-0.767612
-0.981666
-0.865499
-0.845357
-0.957875
-0.978186
-0.994723
-0.922226
-0.924683
-0.976704
-0.890016
-0.704598
-0.981259
0.242975
-0.96307
-0.970634
-0.985599
-0.993788
-0.989627
-0.797349
-0.658152
-0.456874
-0.84836
-0.175746
-0.990956
-0.234896
-0.98996
-0.978764
-0.994898
-0.973382
-0.943945
-0.996702
-0.124792
-0.0272479
-0.708945
-0.979531
-0.731856
-0.48176
-0.921972
-0.955415
-0.768801
-0.771736
-0.517129
-0.937459
-0.944015
-0.936437
-0.980064
-0.98583
-0.997163
-0.621575
-0.88006
-0.882088
-0.927527
-0.979714
-0.687725
-0.963968
-0.273401
-0.880215
-0.861837
-0.965978
-0.796233
-0.993756
-0.962099
-0.944497
-0.948915
-0.990441
-0.975574
-0.997837
-0.991939
-0.993359
-0.999118
-0.998249
-0.997563
-0.97194
-0.971885
-0.955581
-0.956436
-0.923409
-0.979834
-0.986528
-0.911514
-0.474885
-0.991007
-0.920388
-0.989277
-0.995008
-0.986423
-0.999431
-0.970046
-0.943862
-0.823329
-0.993511
-0.953672
-0.970791
-0.820378
-0.972578
-0.973949
-0.990631
-0.987791
-0.980274
-0.982137
-0.987528
-0.860879
-0.944273
-0.99231
-0.610102
-0.951259
0.156144
-0.970923
-0.961149
-0.986219
-0.971103
-0.92801
-0.972903
-0.954768
-0.996605
-0.950764
-0.91099
-0.988512
-0.669658
-0.919841
-0.996274
-0.864237
-0.998869
-0.99776
-0.836415
-0.937711
-0.921173
-0.999846
-0.958259
-0.966721
-0.994203
-0.993772
-0.989345
-0.936805
-0.781823
-0.969136
-0.972295
-0.95916
-0.937652
0.0470185
-0.804102
-0.975594
-0.892793
-0.94185
-0.96509
-0.970501
-0.994241
-0.986322
-0.990029
-0.83003
0.977685
-0.952095
-0.989011
-0.871192
-0.986609
-0.930354
-0.968245
-0.997012
-0.972001
-0.975996
-0.978999
-0.945165
-0.975904
-0.913467
-0.834508
-0.988324
-0.813178
-0.839936
-0.979012
-0.938963
-0.995024
-0.917881
-0.999012
-0.960094
-0.961706
-0.97247
-0.987552
-0.992285
-0.983747
-0.999486
-0.976783
-0.975256
-0.705161
-0.835453
-0.990404
-0.911015
-0.893121
-0.845031
-0.768723
-0.925928
-0.996068
-0.828096
-0.909418
-0.885522
-0.894175
-0.996829
-0.958779
-0.675507
-0.975579
-0.699085
-0.773557
-0.987194
-0.971693
-0.982596
-0.997762
-0.998583
-0.986958
-0.998071
-0.972578
-0.685295
-0.955701
-0.998986
-0.987848
-0.981469
-0.913195
-0.920681
-0.820631
-0.992852
-0.257385
-0.820504
-0.778865
-0.794246
-0.977484
-0.940243
-0.529538
-0.929422
-0.970039
-0.885455
-0.855392
-0.877704
-0.807082
-0.543834
-0.225916
-0.942082
-0.849336
-0.646547
-0.846698
-0.888788
-0.963477
-0.999456
-0.994183
-0.894315
-0.982791
-0.94868
-0.845634
-0.67481
-0.982477
-0.907566
-0.953769
-0.997713
-0.861842
-0.935378
-0.963009
-0.763422
-0.99935
-0.951077
-0.759213
-0.982018
-0.863296
-0.891968
-0.932691
-0.904529
-0.997304
-0.996684
-0.915041
-0.811584
-0.834907
-0.874026
-0.93971
-0.99328
-0.984055
-0.998227
-0.976745
-0.759275
-0.957898
-0.941193
-0.951438
-0.894488
-0.40467
-0.891547
-0.913651
-0.91862
-0.991637
-0.885952
-0.972758
-0.909627
-0.984416
-0.964468
-0.989102
-0.908546
-0.998122
-0.990879
-0.950834
-0.951973
-0.886981
-0.979944
-0.907877
-0.94798
-0.971307
-0.714161
-0.970725
-0.993757
-0.985408
-0.991484
-0.974829
-0.988287
-0.995374
-0.99665
-0.88254
-0.954168
-0.849899
-0.964322
-0.973373
-0.980747
-0.43473
-0.995751
0.49557
-0.994434
-0.844568
-0.856158
-0.956927
-0.983588
-0.994604
-0.999383
-0.13373
-0.985319
-0.996404
-0.988297
-0.998117
-0.962387
-0.720206
-0.894138
-0.876677
-0.73504
-0.81525
-0.901059
-0.957024
-0.961898
-0.964648
-0.960438
-0.989694
0.00752082
-0.983572
-0.921676
-0.979509
-0.952801
-0.867304
-0.944581
-0.96928
-0.996855
-0.90158
-0.94455
-0.940108
-0.810153
-0.991181
-0.988185
-0.982595
-0.995659
-0.896988
-0.991547
-0.953782
-0.975603
-0.968752
-0.99098
-0.967411
-0.980401
-0.195671
-0.251681
-0.964751
-0.951469
-0.692385
-0.855498
-0.91883
-0.984079
-0.958648
-0.968803
-0.936811
-0.987323
-0.988829
-0.656837
-0.896752
-0.995765
-0.992683
-0.996843
-0.997695
-0.902866
-0.990844
-0.46817
-0.981064
-0.41418
-0.986948
-0.969885
-0.939913
-0.840877
-0.984346
-0.976449
-0.983158
-0.866074
-0.843036
-0.95778
-0.971573
-0.875912
-0.969821
-0.966029
-0.884
-0.911689
-0.867252
-0.995826
-0.840267
-0.98651
-0.960714
-0.993084
-0.993474
-0.995754
-0.837068
-0.213133
-0.797649
-0.92276
-0.981904
-0.972661
-0.998428
-0.753725
-0.901744
-0.936368
-0.985185
-0.815844
-0.881876
-0.992223
-0.849504
-0.349207
-0.949275
-0.992687
-0.930885
-0.992172
-0.997499
-0.972422
-0.939421
-0.928684
-0.916911
-0.953075
-0.980101
-0.977846
-0.968699
-0.975445
-0.940044
-0.827839
-0.860321
-0.934731
-0.986087
-0.990723
-0.729521
-0.945101
-0.991923
-0.942571
-0.976233
-0.399688
-0.952012
-0.866382
-0.983136
-0.986947
-0.949911
-0.813163
-0.976501
-0.984455
0.0327582
-0.939805
-0.88675
-0.900079
-0.970231
-0.851706
-0.991262
-0.998606
-0.438955
-0.741847
-0.997851
-0.888545
-0.764259
-0.907043
-0.95581
-0.992541
-0.808942
-0.979066
-0.77782
-0.989336
-0.988171
-0.878801
-0.968853
-0.941899
-0.929983
-0.979419
-0.936158
-0.918483
-0.954751
0.308517
-0.847873
-0.962212
-0.14165
-0.940447
-0.939483
-0.8661
-0.978048
-0.955753
-0.959104
-0.971589
-0.956323
-0.985505
-0.998914
-0.923434
-0.953721
-0.965211
-0.974044
-0.139401
-0.963893
-0.996318
-0.830113
-0.926773
-0.987456
-0.985386
-0.962222
-0.956639
-0.978059
-0.995977
-0.647679
-0.95639
-0.989629
-0.910107
-0.954481
-0.924841
-0.937921
-0.882562
-0.995732
-0.946159
-0.962481
-0.974124
-0.998989
0.475537
-0.9999
-0.843114
-0.988789
-0.984334
-0.987691
-0.997259
-0.993334
-0.163081
-0.990492
-0.98797
-0.98732
-0.936001
-0.935836
-0.993871
-0.929136
-0.861652
-0.973936
-0.941331
-0.861471
-0.692035
-0.981926
-0.999027
-0.777806
-0.93952
-0.990126
-0.99703
-0.872535
-0.990905
-0.982562
-0.936746
-0.427087
-0.631036
-0.997293
-0.952149
-0.974192
-0.885156
-0.949429
-0.947816
0.330386
-0.895368
-0.759154
-0.762805
-0.868075
-0.943801
-0.966287
-0.976901
-0.917139
-0.0351759
-0.988208
-0.960587
-0.813725
-0.980968
-0.977853
-0.986944
-0.912314
-0.922975
-0.910936
-0.99645
-0.959698
-0.967133
-0.942294
-0.986652
-0.993324
-0.899822
-0.959804
-0.929237
0.550726
-0.851492
-0.911446
-0.988883
-0.963689
-0.977154
-0.848369
-0.927996
-0.978038
-0.88858
-0.957324
-0.972438
-0.978564
-0.998188
-0.996579
-0.969884
-0.918028
-0.971288
-0.995247
-0.992096
-0.879293
-0.743798
-0.856215
0.306415
-0.996581
-0.948013
-0.71197
-0.904763
-0.962331
-0.9394
-0.953109
-0.968483
-0.997034
-0.954273
-0.97302
-0.931219
-0.987913
-0.990277
-0.990505
0.475444
-0.862172
-0.922061
-0.995951
-0.984233
-0.755652
-0.983033
-0.89699
-0.423299
-0.975867
-0.996826
-0.997179
-0.996029
-0.754711
0.671254
-0.874568
-0.995188
-0.976891
-0.963132
-0.975597
-0.433039
-0.861083
-0.97515
-0.971672
-0.959649
-0.965999
-0.531164
-0.850951
-0.95743
-0.888306
-0.9868
-0.938835
-0.971555
-0.969966
-0.988347
-0.995661
-0.996673
-0.99221
-0.983882
-0.988139
-0.987509
-0.995955
-0.976717
-0.965128
-0.992312
-0.80317
-0.959673
-0.989636
-0.943062
-0.709007
-0.999507
-0.991331
-0.955597
-0.950855
-0.84967
-0.935514
-0.848176
-0.972024
-0.947316
-0.958861
-0.978353
-0.97142
-0.952486
-0.979887
-0.713719
-0.836914
-0.976803
-0.980478
-0.914842
-0.929836
-0.97401
-0.974161
-0.987338
-0.989229
-0.758031
-0.989519
-0.886482
-0.91287
-0.873197
-0.982209
-0.991734
-0.989199
-0.963693
-0.958772
-0.975078
-0.991282
-0.874494
-0.976132
-0.963563
-0.972734
-0.819736
-0.866481
-0.994087
-0.964378
-0.95883
-0.894093
-0.932841
-0.911027
-0.91059
-0.921385
-0.994705
-0.756389
-0.758578
-0.843953
-0.851758
-0.898856
-0.870108
-0.963558
-0.987033
-0.941484
-0.981422
-0.965211
-0.963874
-0.95758
-0.941818
-0.937889
-0.906132
-0.973824
-0.986532
-0.979463
-0.891321
-0.737255
-0.930682
-0.967266
-0.977004
-0.815311
-0.921845
-0.918755
-0.949219
-0.927087
-0.965747
-0.988807
-0.97707
-0.994297
-0.993656
-0.974083
-0.979842
-0.955347
-0.918914
-0.969807
-0.878825
-0.965336
-0.951285
-0.961969
-0.749915
-0.958165
-0.156645
-0.943399
-0.989614
-0.968961
-0.656292
-0.956901
-0.88198
-0.947586
-0.97456
-0.97429
-0.939
-0.966224
-0.971149
-0.976734
-0.983517
-0.992093
-0.948427
-0.998196
-0.884102
-0.84582
-0.98195
-0.993882
-0.918248
-0.990047
-0.978615
-0.861433
-0.998543
-0.99707
-0.977113
-0.988026
-0.993863
-0.860678
-0.94968
-0.985976
-0.976943
-0.97333
-0.773668
-0.991936
-0.935858
-0.762363
-0.823041
-0.981935
-0.931281
-0.756109
-0.920582
-0.972979
-0.961506
-0.902357
-0.93835
-0.939538
-0.949115
-0.896732
-0.95489
-0.623465
-0.212541
-0.996861
-0.596268
-0.903952
-0.864764
-0.982326
-0.974474
-0.49847
-0.911796
-0.951037
-0.989671
-0.959551
-0.646064
-0.949874
-0.697296
-0.987358
-0.997217
-0.761416
-0.959491
-0.71248
-0.992236
-0.956871
-0.998273
-0.89651
-0.80674
-0.781944
-0.546274
-0.971543
-0.986628
-0.92656
-0.975556
-0.990596
-0.978367
-0.976852
-0.997934
-0.884158
-0.934057
-0.911373
-0.929057
-0.698127
-0.920073
-0.938133
-0.952763
-0.624274
-0.988722
-0.907541
-0.967368
-0.984835
-0.985813
-0.965936
-0.94358
-0.983174
-0.175866
-0.723372
-0.990852
-0.921023
-0.934315
-0.956198
-0.887332
-0.901007
-0.976396
-0.990026
-0.982369
-0.997116
-0.975303
-0.976724
-0.857471
-0.978356
-0.995409
-0.945282
-0.982991
-0.945709
-0.986731
-0.856113
-0.922956
-0.9302
-0.990665
-0.99012
-0.996599
-0.989128
-0.938132
-0.990708
-0.809757
-0.945492
-0.81789
-0.961296
-0.959751
-0.914702
-0.991201
-0.967703
-0.842629
-0.793604
-0.974072
-0.919433
-0.960748
-0.940387
-0.812258
-0.857469
-0.982298
-0.841114
-0.994132
-0.206662
-0.975522
-0.989575
-0.94822
-0.946119
-0.994014
-0.948723
-0.740846
-0.955194
-0.841778
-0.92268
-0.906242
-0.850496
-0.984574
-0.988469
-0.958826
-0.893123
-0.755624
-0.954311
-0.982185
-0.952055
-0.942572
-0.946064
-0.941593
-0.981125
-0.934257
-0.998492
-0.981361
-0.989037
-0.989993
-0.946739
-0.996774
-0.98526
-0.97107
-0.613536
-0.958486
-0.751993
-0.969016
-0.990027
-0.897087
-0.966671
-0.984459
-0.763003
0.0101733
-0.963549
-0.905637
-0.92126
-0.985204
-0.98357
-0.960845
-0.895808
-0.755605
-0.851157
-0.982884
-0.997816
-0.984548
-0.476987
-0.859796
-0.978963
-0.990898
-0.935695
-0.972297
-0.885325
-0.804702
-0.988559
-0.93157
-0.848917
-0.796158
-0.98122
-0.994485
-0.968296
-0.913616
-0.971371
-0.977822
-0.945404
-0.980941
-0.964189
-0.387869
-0.971839
-0.927986
-0.845678
-0.893127
-0.946376
-0.876033
-0.809427
-0.972754
-0.982855
-0.927047
-0.871416
-0.988029
-0.962822
-0.991741
-0.990793
0.0255302
-0.37823
-0.982522
-0.978424
-0.971258
-0.8381
-0.986159
-0.750519
-0.996238
-0.999452
-0.978565
-0.924988
-0.990429
-0.981004
-0.660995
-0.956071
-0.727121
-0.823807
-0.950878
-0.998169
-0.958481
-0.965802
-0.980378
-0.880441
0.104676
0.620031
-0.973496
-0.96208
-0.964706
-0.931074
-0.968136
-0.971221
-0.931105
-0.768885
-0.955953
-0.980166
-0.983758
-0.76791
-0.993991
-0.758613
-0.967391
-0.991231
-0.11962
-0.827891
-0.977208
-0.886905
-0.970834
-0.986559
-0.82062
-0.952048
-0.442816
-0.934647
-0.146053
-0.998495
-0.993529
-0.999058
-0.936791
-0.950879
-0.971005
-0.94867
0.233079
-0.972974
-0.961225
-0.985596
-0.874639
-0.982253
-0.92659
-0.92668
-0.998017
-0.994316
-0.977287
-0.997981
-0.991042
-0.988949
-0.967219
-0.948508
-0.998565
-0.837432
-0.949794
-0.999906
-0.998964
-0.996597
-0.944431
-0.876017
-0.971957
-0.654526
-0.92024
-0.873582
-0.997496
-0.993645
-0.999261
-0.858965
-0.965975
-0.988996
-0.998283
-0.970881
-0.983396
-0.997797
-0.916706
-0.892333
-0.989942
-0.980604
-0.987039
-0.90953
-0.744483
-0.238089
0.0665223
-0.997125
-0.993453
-0.970855
-0.966449
-0.937366
-0.917224
-0.921395
-0.534541
-0.784864
-0.975044
-0.993838
-0.988732
-0.866884
-0.759594
-0.992488
-0.998998
-0.985607
-0.906177
-0.970507
-0.875268
-0.962391
-0.997452
-0.69536
-0.835605
-0.817247
-0.983554
-0.972237
-0.908125
-0.950025
-0.964975
-0.960018
-0.880911
-0.0384474
-0.999204
-0.992238
-0.862641
-0.978187
-0.988063
-0.941728
-0.965868
-0.804148
-0.846302
-0.991335
-0.957231
-0.92372
-0.994538
-0.985646
-0.924069
-0.960047
-0.982768
-0.911348
-0.431788
-0.211702
-0.961488
-0.963993
-0.868978
-0.997312
-0.874414
-0.962427
-0.889443
-0.965983
-0.994213
-0.816445
-0.995666
-0.987996
-0.980449
-0.998069
-0.993795
-0.998166
-0.999013
-0.997779
-0.962567
-0.991274
-0.92335
0.910358
-0.931168
-0.779992
-0.963239
-0.972301
-0.994978
-0.999206
-0.751423
-0.919932
-0.955052
-0.916931
-0.999797
-0.991065
-0.990919
-0.999144
-0.992714
-0.962337
-0.919972
-0.984947
-0.378199
-0.981876
-0.435837
-0.991049
-0.982063
-0.687195
-0.989075
-0.836438
-0.827917
-0.850204
-0.905469
-0.99138
-0.930663
-0.914632
-0.947618
-0.988072
-0.896579
-0.673673
-0.754576
-0.96796
-0.861182
-0.994652
-0.985453
-0.999197
-0.974408
-0.997643
-0.997453
-0.99221
-0.990205
-0.997682
-0.795438
-0.866371
-0.964083
-0.863656
-0.984291
-0.979832
-0.955142
-0.660863
-0.931783
-0.737289
-0.951712
-0.954893
-0.892969
-0.865732
-0.967011
-0.988195
-0.96626
-0.963873
-0.873006
-0.971052
-0.944796
-0.795026
-0.987196
-0.924582
-0.933585
-0.996749
-0.337017
-0.997236
-0.991885
-0.823188
-0.964284
-0.989234
-0.999026
-0.945348
-0.750818
-0.912733
-0.993437
-0.998072
-0.955005
-0.96773
-0.967137
-0.963986
-0.994308
-0.999196
0.125328
-0.770068
-0.959366
-0.968725
-0.855821
-0.991728
-0.976465
-0.903505
-0.984897
-0.867052
-0.707656
-0.913255
-0.891075
-0.934631
-0.883808
-0.977503
-0.994776
-0.966857
-0.926866
-0.932626
-0.978212
-0.806446
-0.79445
-0.977313
-0.922893
-0.983605
-0.985441
-0.71877
0.409391
-0.965196
-0.994762
-0.980561
-0.99785
-0.174464
-0.969537
0.44126
-0.99671
-0.77183
-0.739307
-0.98175
-0.866812
-0.91597
0.356352
-0.957982
-0.994873
-0.974258
-0.98498
-0.621177
-0.86216
-0.963242
-0.976458
-0.995224
-0.995657
-0.974188
-0.982793
-0.647911
-0.944742
-0.96858
-0.972056
-0.965361
-0.997045
-0.993786
-0.921016
-0.950564
-0.997551
-0.867702
-0.911418
-0.993992
-0.996198
-0.958622
-0.90267
-0.935796
-0.999361
-0.920858
-0.715745
-0.900238
-0.989889
-0.775614
-0.997934
-0.977749
-0.969371
-0.966727
-0.811281
-0.283128
-0.982548
-0.921638
-0.944227
-0.816818
-0.989644
-0.986035
-0.998293
-0.964666
-0.994066
-0.96155
-0.336967
-0.686374
-0.980673
-0.990766
-0.953722
-0.961828
-0.979112
-0.985025
-0.995331
-0.990253
-0.988254
-0.970421
-0.833851
-0.985991
-0.956643
-0.97393
-0.949009
-0.995344
-0.958605
-0.967947
-0.953919
-0.92694
-0.958373
-0.565879
-0.861728
-0.975101
-0.939462
-0.993337
-0.991982
-0.126646
-0.497728
-0.956023
-0.897258
-0.827844
-0.943089
-0.960315
-0.961151
-0.921235
-0.865105
-0.68629
-0.844153
-0.742535
-0.922468
-0.941595
-0.949609
-0.989216
-0.909197
-0.957201
-0.953965
-0.816562
-0.336404
-0.775827
-0.941428
-0.265366
-0.98198
-0.875349
-0.851451
-0.984114
-0.999157
-0.976787
-0.979871
-0.981596
-0.9907
-0.980309
-0.414248
-0.965586
-0.938175
-0.964721
-0.957299
-0.198422
-0.983323
-0.993878
-0.982128
-0.953895
-0.536895
-0.932713
-0.99295
-0.986756
-0.992547
-0.997964
-0.935934
-0.787372
-0.99377
-0.997133
-0.998688
0.798229
-0.965293
-0.921726
-0.706657
-0.948775
-0.676535
-0.864239
-0.15532
-0.984706
-0.966903
-0.981375
-0.991621
-0.98234
-0.992122
-0.986532
-0.15815
-0.982512
-0.983644
-0.964015
-0.918031
-0.8574
-0.995
-0.873714
-0.97429
-0.723641
-0.965176
-0.886681
-0.95801
-0.981394
-0.904222
-0.933257
-0.963115
0.108754
-0.973775
-0.746553
-0.984023
-0.973538
-0.99766
-0.766603
-0.959391
-0.99303
-0.992735
-0.972376
-0.994149
-0.98551
-0.374658
-0.968447
-0.894463
-0.996659
-0.971422
-0.991493
-0.984949
-0.995479
-0.992352
-0.960924
-0.319462
-0.993733
-0.983464
0.663749
-0.951133
-0.672735
-0.963743
-0.914366
-0.968423
-0.970373
-0.979676
-0.951108
-0.99197
-0.979011
-0.934476
-0.945842
-0.961011
-0.995789
-0.89281
-0.988583
-0.907695
-0.717395
-0.966731
-0.938241
-0.956949
-0.981241
-0.979707
-0.973679
-0.928992
-0.876935
-0.964162
-0.995067
-0.994945
-0.921139
-0.960706
-0.522828
0.0185999
-0.406977
-0.974851
-0.945364
-0.185547
-0.979826
-0.900611
-0.857926
-0.980764
-0.586791
-0.98541
-0.983844
-0.647758
-0.914059
-0.958586
-0.945799
-0.770473
-0.907896
-0.986287
-0.948705
-0.998737
-0.862822
-0.966649
-0.855807
-0.959345
-0.987862
-0.760556
-0.962546
-0.807793
-0.977449
-0.875468
-0.994851
-0.986386
-0.460468
-0.977591
-0.929536
-0.997898
-0.844932
-0.824165
-0.383485
-0.834157
-0.990862
-0.949482
-0.963518
-0.939558
-0.998941
-0.990871
-0.989576
-0.960799
-0.950043
-0.988259
-0.993431
-0.904844
-0.909031
-0.878146
-0.951211
-0.999744
-0.99882
-0.847709
-0.9543
-0.996305
-0.992658
-0.914329
-0.997582
-0.962907
-0.952142
-0.846892
-0.921345
-0.899293
-0.963869
-0.82858
-0.981372
-0.943095
-0.103763
-0.969359
-0.973328
-0.949624
-0.953843
-0.984733
-0.929632
-0.962948
-0.966588
-0.916931
-0.987722
-0.979894
-0.945244
-0.899178
-0.778198
-0.949417
-0.77756
-0.908725
-0.971584
-0.939033
-0.841155
-0.85562
-0.855984
-0.854931
-0.808107
-0.96054
-0.950528
-0.889339
-0.808266
-0.994527
-0.703337
-0.902407
-0.88987
-0.932731
-0.996129
-0.983812
-0.844156
-0.729982
-0.930501
-0.053597
-0.912454
0.950867
-0.865857
-0.555137
-0.986194
-0.945762
-0.843636
-0.989069
-0.994704
-0.880337
-0.965861
-0.990056
-0.95348
-0.982818
-0.690769
-0.994094
-0.989064
-0.999884
-0.995793
-0.998419
-0.95791
-0.96473
-0.962868
-0.934388
-0.727821
-0.830845
-0.986353
-0.835826
-0.921501
-0.943498
-0.978629
-0.995422
-0.999039
-0.952022
-0.950359
-0.979984
-0.831243
-0.99565
-0.932528
-0.966902
-0.945711
-0.946298
-0.973306
-0.997657
-0.986077
-0.979376
-0.751513
-0.868017
-0.935968
-0.987389
-0.995105
-0.999385
-0.349506
-0.915018
-0.82733
-0.962688
-0.873635
-0.985752
-0.957316
-0.987224
-0.989674
-0.818823
-0.884142
-0.99716
-0.961056
-0.181898
-0.404996
-0.576461
-0.930069
-0.997545
-0.884941
-0.928526
0.0915339
-0.995434
-0.967871
-0.867889
-0.993378
-0.999505
-0.920042
-0.947314
-0.936978
-0.98206
-0.947212
-0.977538
-0.822746
-0.9792
0.0633746
-0.989389
-0.991181
-0.985162
-0.589151
-0.984141
-0.99179
-0.915162
-0.872051
-0.990722
-0.994791
-0.99742
-0.996064
-0.98804
-0.880125
-0.92078
-0.99945
-0.982101
-0.956355
-0.774771
-0.899936
-0.76208
-0.996017
-0.912656
-0.975365
-0.958081
-0.914403
-0.815681
-0.994166
-0.987233
-0.966476
-0.785426
-0.911653
-0.941836
-0.972161
-0.898374
-0.922846
0.675743
-0.987865
-0.734627
-0.990842
-0.959527
-0.999209
-0.722602
-0.96675
-0.979093
-0.998246
-0.987476
-0.989261
-0.988605
-0.993533
-0.97243
-0.746165
-0.76909
-0.94103
-0.977197
-0.982946
-0.718436
0.16601
-0.983385
-0.980011
-0.976954
-0.859742
-0.902162
-0.978455
-0.868169
-0.906607
-0.997219
-0.100703
-0.779695
-0.86426
-0.885532
-0.932462
-0.908316
-0.92867
-0.831395
-0.839822
-0.953758
-0.916187
-0.863264
-0.87947
-0.861047
-0.674576
-0.969783
-0.950259
-0.997651
-0.988941
-0.900239
-0.98293
-0.991745
-0.992511
-0.885846
-0.937182
-0.979501
-0.946876
-0.934115
-0.887982
-0.726223
-0.944693
-0.543163
-0.999568
-0.815017
-0.996953
-0.997595
-0.950268
-0.813885
-0.987422
-0.587113
-0.990908
-0.996109
-0.989925
-0.808224
-0.892489
-0.483602
-0.973743
-0.999767
-0.988529
-0.999627
-0.96663
-0.997864
-0.995705
-0.823215
-0.967935
-0.98882
-0.93174
-0.937959
-0.984774
-0.916613
-0.982874
-0.986511
-0.695547
-0.990556
-0.994296
-0.944993
-0.350431
-0.944036
-0.98403
-0.952752
-0.992213
-0.982991
-0.98443
-0.872102
-0.943404
-0.573898
-0.939284
-0.979801
-0.904721
-0.956556
-0.79047
-0.937119
-0.893258
-0.674653
-0.842001
-0.993818
-0.979276
-0.959449
-0.792609
-0.95725
-0.893707
-0.987726
-0.887675
-0.976458
-0.821088
-0.930314
-0.959124
-0.999412
-0.999226
-0.996681
-0.843097
-0.972963
-0.999365
-0.932546
-0.275163
-0.867592
-0.961318
-0.737883
-0.975691
-0.964964
-0.504906
-0.748522
-0.90843
-0.99184
-0.895997
-0.96848
-0.854718
-0.978945
-0.99599
-0.922655
-0.933773
-0.984975
-0.981288
-0.855824
-0.914717
-0.966108
-0.988136
-0.981408
-0.985527
-0.965178
-0.660113
-0.946562
-0.970296
-0.994821
-0.963556
-0.98458
-0.791506
-0.995055
-0.98492
-0.996739
-0.994652
-0.99631
0.403152
0.19598
-0.948501
-0.784063
-0.965134
-0.991245
-0.998868
-0.980677
-0.919668
-0.983679
-0.996025
-0.991981
-0.99515
-0.954958
-0.936915
-0.92529
0.240761
-0.959102
-0.993697
-0.949505
-0.839801
-0.948071
-0.945299
-0.431963
-0.967408
-0.963522
-0.984716
-0.983451
-0.956351
-0.892671
-0.916977
-0.950399
0.110372
-0.977077
-0.984481
-0.918174
-0.492924
-0.985432
-0.984362
-0.989762
-0.974146
-0.993993
-0.994012
-0.96539
-0.967786
-0.996507
-0.994896
-0.92249
-0.859775
-0.990986
-0.96746
-0.995603
-0.981301
-0.982163
0.866263
-0.897531
-0.899077
-0.985692
-0.834976
-0.839275
-0.976276
-0.884216
-0.952948
-0.996817
-0.977048
-0.614445
-0.97479
-0.935432
-0.624141
-0.937102
-0.985635
-0.98208
-0.211351
-0.954393
-0.937756
-0.984714
-0.923696
-0.953207
-0.976238
-0.998532
-0.85555
-0.996805
-0.948942
-0.984272
-0.96396
-0.679898
-0.91532
-0.819103
-0.923765
-0.98738
-0.693922
-0.987957
-0.994055
-0.998724
-0.700107
-0.841588
-0.980016
-0.939562
-0.922834
-0.991486
-0.971251
-0.908139
-0.995622
-0.956371
-0.989987
-0.275361
-0.983758
-0.943762
-0.95375
-0.993295
-0.916909
-0.898792
-0.996731
-0.883688
-0.787986
-0.978917
-0.950578
-0.955862
-0.967239
-0.976112
-0.987665
-0.990081
-0.997454
-0.96896
-0.970897
-0.657763
-0.991981
-0.990694
-0.95908
-0.940548
-0.930064
-0.98268
-0.975686
-0.963653
-0.968063
-0.133581
-0.961431
-0.834005
-0.986401
-0.995793
-0.981839
-0.460556
-0.984867
-0.402542
-0.996637
-0.55216
-0.985117
-0.955917
-0.982841
-0.975976
-0.993391
-0.966927
-0.840513
-0.95338
-0.676341
-0.456149
-0.95224
-0.984169
-0.987114
-0.691558
-0.895086
-0.967411
-0.988372
-0.692346
-0.98045
-0.938504
-0.718035
-0.872819
-0.74433
-0.98964
-0.896403
-0.852603
-0.736161
-0.940706
-0.992643
-0.839691
-0.997843
-0.969975
-0.948789
-0.843678
-0.95364
-0.905064
-0.920517
-0.909117
-0.996815
-0.947582
-0.962673
-0.971002
-0.694806
-0.703966
-0.996631
-0.936746
-0.995606
-0.928014
-0.859738
-0.497904
-0.969137
-0.9172
-0.962364
-1
-0.940237
-0.981355
-0.846981
-0.989219
-0.468083
-0.923222
-0.75241
-0.987506
0.151367
-0.79111
-0.907197
-0.897806
-0.929082
-0.512515
0.00745642
-0.981565
-0.995901
-0.980118
-0.931214
-0.964475
-0.96786
-0.94142
-0.954365
-0.932959
-0.93663
-0.765348
-0.910716
-0.992371
-0.955333
-0.925411
-0.970641
-0.98419
-0.867938
-0.862702
-0.96612
-0.966662
-0.95799
-0.827944
-0.69642
-0.406207
-0.954564
-0.975861
-0.872226
-0.93237
-0.88763
-0.91201
-0.704981
-0.981948
-0.997219
-0.963063
-0.968565
-0.940101
-0.98763
-0.9965
-0.985464
-0.988906
-0.663187
-0.983086
-0.971791
-0.950115
-0.981814
-0.849046
-0.168442
-0.418788
-0.895661
-0.849135
-0.968972
-0.915495
-0.989454
-0.978286
-0.963689
-0.98042
-0.989872
-0.877129
-0.929147
-0.922692
-0.980316
-0.954453
-0.849158
-0.938425
-0.996469
-0.782535
-0.983424
-0.951681
0.131039
-0.971286
-0.961127
-0.800496
-0.973152
-0.9878
-0.980622
-0.99828
-0.931328
-0.944079
-0.987355
-0.504168
-0.976571
-0.613643
-0.961723
-0.971551
-0.993646
-0.918881
-0.943686
-0.999274
-0.997884
-0.967979
-0.962097
-0.965545
-0.958056
-0.981824
-0.992266
-0.980436
-0.991109
-0.794477
-0.956149
-0.998606
-0.874969
-0.974636
-0.963729
-0.918019
-0.820214
-0.794743
-0.858316
-0.876279
-0.91769
-0.996201
-0.996214
-0.990702
-0.982695
-0.982193
-0.969991
-0.984091
-0.966307
-0.993802
-0.998757
-0.94435
-0.940312
-0.972602
-0.980687
-0.96508
-0.974133
-0.890725
-0.993344
-0.825365
-0.953753
-0.753019
-0.992966
-0.904994
-0.982749
-0.934698
-0.956754
-0.900973
-0.992253
-0.991053
-0.919582
-0.991476
-0.973488
-0.998863
-0.995235
-0.979723
-0.976533
-0.998534
-0.356268
-0.988977
-0.909908
-0.991922
-0.99682
-0.883316
-0.927486
-0.993903
-0.999392
-0.91981
-0.921272
-0.951954
-0.985243
-0.999264
-0.860911
-0.959055
-0.981638
-0.993762
-0.840109
-0.99878
-0.956128
-0.676341
-0.720781
-0.821694
-0.997922
-0.914669
-0.996037
-0.977861
-0.925295
-0.974581
-0.836193
-0.987776
-0.983576
-0.238781
-0.991702
-0.963817
-0.853724
-0.994777
-0.998533
-0.979498
-0.93209
-0.942978
-0.992552
-0.994383
-0.997465
-0.997474
-0.992802
-0.923357
-0.576757
-0.65092
-0.992472
-0.992219
-0.966921
-0.97677
-0.942287
-0.942578
-0.780883
-0.127374
-0.954793
-0.913371
-0.998022
-0.958397
-0.807547
-0.82226
0.0970938
-0.808297
-0.970214
-0.875438
-0.909604
-0.982089
-0.00542879
-0.903055
-0.762879
-0.984595
-0.98922
-0.282647
-0.906572
-0.973369
-0.960724
-0.859303
-0.919416
-0.954104
-0.994665
-0.985021
-0.993504
-0.929592
-0.989761
-0.959875
-0.927444
-0.993442
-0.938916
-0.991457
-0.529166
-0.988631
-0.838083
-0.87868
-0.889695
-0.784974
-0.889288
-0.969547
-0.838863
-0.971999
-0.291753
-0.949832
-0.998264
-0.91915
-0.938624
-0.999337
-0.966327
-0.987277
-0.986141
-0.956879
-0.993021
-0.912715
-0.98419
-0.865683
-0.838043
-0.985137
-0.996273
-0.987941
-0.966724
-0.579476
-0.997771
-0.973202
-0.992417
-0.86967
-0.409451
-0.943541
-0.654834
-0.987924
-0.840567
-0.972766
-0.842041
-0.954532
-0.974868
-0.981369
-0.995348
-0.896219
-0.940596
-0.951629
-0.804411
-0.976064
-0.999789
-0.998233
-0.931145
-0.978177
-0.937505
-0.996823
-0.454302
-0.988498
-0.837871
-0.997206
-0.964025
-0.98561
-0.822523
-0.87794
-0.928257
-0.996924
-0.0130407
-0.804143
-0.993735
-0.909995
-0.989728
-0.994373
0.232878
-0.979371
-0.99421
-0.998353
-0.974747
-0.988209
-0.0247477
-0.770728
-0.98144
-0.871905
-0.78076
-0.975832
-0.984233
-0.953331
-0.93085
-0.939463
-0.81263
-0.796041
-0.91127
-0.954175
-0.975059
-0.850006
-0.972896
-0.98911
-0.998782
-0.971814
-0.973763
-0.849968
-0.924125
-0.908321
-0.994052
-0.948649
-0.969931
-0.958022
-0.882634
-0.638531
-0.964443
-0.696027
-0.938277
-0.960637
-0.953309
-0.97456
-0.950174
-0.932114
-0.987992
-0.997075
-0.96411
-0.961981
-0.948986
-0.964501
-0.967628
-0.972823
-0.955313
-0.947159
-0.786326
-0.775271
-0.982429
-0.997712
-0.983438
-0.889487
-0.774223
-0.863515
-0.94657
-0.855121
-0.974942
-0.996274
-0.990863
-0.941582
-0.843032
-0.759377
-0.973937
-0.977265
-0.928033
-0.857069
-0.994215
-0.978917
-0.958909
-0.998061
-0.848947
-0.930483
-0.989392
-0.99806
0.14982
-0.586662
-0.859859
-0.958112
-0.977799
-0.984546
-0.998295
-0.893743
-0.840097
-0.88514
-0.864992
-0.870305
-0.967585
-0.938165
-0.972943
-0.990277
-0.153016
-0.151229
-0.932872
-0.932889
-0.952367
-0.96134
-0.94471
-0.966414
-0.993085
-0.821434
-0.98478
-0.923779
-0.912478
-0.989835
-0.963827
-0.653278
-0.972032
-0.984749
-0.97492
-0.995471
-0.994519
-0.984084
-0.0784953
-0.973361
-0.833597
-0.982214
-0.904375
-0.980453
-0.957828
-0.872045
-0.995018
-0.987353
-0.951589
-0.998265
-0.993764
-0.999154
-0.980602
-0.987121
-0.941561
-0.994145
-0.974363
-0.991606
-0.784359
-0.938654
-0.888366
-0.961875
-0.957036
-0.989123
-0.993909
-0.975935
-0.956443
-0.924322
-0.874237
-0.943371
-0.869265
-0.959518
0.536221
-0.995987
-0.965883
-0.946186
-0.995865
-0.999456
-0.983653
-0.949655
-0.997321
-0.999927
-0.942837
-0.994
-0.191731
-0.867951
-0.95556
-0.948499
-0.958753
-0.987162
-0.977457
-0.98692
-0.804177
-0.940915
-0.991251
-0.796667
-0.908057
-0.984549
-0.964588
-0.919188
-0.983282
-0.985257
-0.763441
-0.969736
-0.889801
-0.935646
-0.902597
-0.76657
-0.937218
-0.720971
-0.985073
-0.931102
-0.94922
-0.878869
-0.98798
-0.994006
-0.817647
-0.992738
-0.988244
-0.998514
-0.510838
-0.742347
-0.958633
-0.912304
-0.97101
-0.976567
-0.593095
-0.948553
-0.898916
-0.990914
-0.993825
-0.975881
-0.132156
-0.973933
-0.145491
-0.98306
-0.981641
-0.972153
-0.970535
-0.994724
-0.992902
-0.962225
-0.997398
-0.989482
-0.99694
-0.912561
-0.942831
-0.901377
-0.997027
-0.986122
-0.971521
-0.864619
-0.970692
-0.887511
-0.951756
-0.79951
-0.807101
-0.941892
-0.932569
-0.965372
-0.927547
-0.998365
-0.982595
-0.972829
-0.978511
-0.873416
-0.979248
-0.941157
-0.491781
-0.921941
-0.996752
-0.990152
-0.926739
-0.922301
-0.166218
-0.972441
-0.991844
-0.999434
-0.999975
-0.99967
-0.192439
-0.86367
-0.447049
-0.868487
-0.990309
-0.999466
-0.977543
-0.96719
-0.934535
-0.985418
-0.986361
-0.912629
-0.941941
-0.992351
-0.954535
-0.794135
-0.900259
-0.883885
-0.988883
-0.990852
-0.929142
-0.984908
-0.982908
-0.862986
-0.989768
-0.86569
-0.957995
-0.962828
-0.802374
-0.758477
-0.978907
-0.992751
-0.906924
-0.99186
-0.990371
-0.964739
-0.974149
-0.983536
-0.968605
-0.885713
-0.940526
-0.997651
-0.973345
-0.835266
-0.924527
-0.591914
-0.877165
-0.993704
-0.991107
-0.98596
-0.949124
-0.844868
-0.909077
-0.896482
-0.771569
-0.925866
-0.98084
-0.76118
-0.985592
-0.992557
-0.78847
-0.959718
-0.973953
-0.993377
-0.980575
-0.999087
-0.971982
-0.980362
-0.990278
-0.988882
-0.988316
-0.98591
-0.98246
0.771654
-0.72538
-0.964952
-0.890151
-0.954976
-0.948812
-0.967845
-0.913559
-0.988715
-0.972061
-0.981957
-0.972844
-0.95367
-0.983415
-0.431396
-0.963437
-0.95519
-0.939989
-0.921053
-0.932068
-0.990775
-0.994313
-0.964547
-0.965775
-0.93018
0.694641
-0.950578
-0.978119
-0.945084
-0.637025
-0.951656
-0.998999
-0.949317
-0.861987
-0.854475
-0.995934
-0.979415
-0.953742
-0.876777
-0.99016
-0.991139
-0.946757
-0.986963
-0.882511
-0.236433
-0.935578
-0.898078
-0.909235
-0.891205
-0.978973
-0.977858
-0.909463
-0.956876
-0.3277
-0.88786
-0.822101
-0.961165
-0.959114
-0.954282
-0.925774
-0.573015
-0.740361
-0.963006
-0.929845
-0.997432
-0.812409
-0.995071
-0.781251
-0.946381
-0.958566
-0.972948
-0.997212
-0.9972
-0.994624
-0.963131
-0.781274
-0.954945
-0.911951
-0.801495
-0.958294
-0.911254
-0.853253
-0.851238
-0.993848
-0.996072
-0.595041
-0.995753
-0.982856
-0.972887
-0.974895
-0.967666
-0.904221
-0.883174
-0.968623
-0.986005
-0.803871
0.0119189
-0.900881
-0.997463
-0.997666
-0.996483
-0.985235
-0.658852
-0.993241
-0.999314
-0.982379
-0.749912
-0.999367
-0.948518
-0.991115
-0.969105
-0.914375
-0.98868
-0.985778
-0.987463
-0.912976
-0.848019
-0.981134
-0.872468
-0.919573
-0.999736
-0.981534
-0.963864
-0.969464
-0.991435
-0.995108
-0.962513
-0.994327
-0.997964
-0.952207
-0.949861
-0.990192
-0.984684
-0.670626
-0.914314
-0.900351
-0.964578
-0.92559
-0.991038
-0.772181
-0.909641
-0.950878
-0.98052
-0.97661
-0.973648
-0.99911
-0.992764
-0.899893
-0.914616
-0.973328
-0.719225
-0.962206
-0.926605
-0.807462
-0.737301
-0.93177
-0.998306
-0.637924
-0.885255
-0.999447
-0.932811
-0.834816
-0.910978
-0.877747
-0.989822
-0.681554
-0.93862
-0.870749
-0.349747
-0.994228
-0.99191
-0.997075
-0.925977
-0.972718
-0.740301
-0.996859
-0.844521
-0.63589
-0.505991
-0.985809
-0.991448
-0.987017
-0.95858
-0.828088
-0.948834
-0.890565
-0.921426
-0.986362
-0.815469
-0.872299
-0.995086
-0.998449
-0.997344
-0.887982
-0.941877
-0.950363
-0.95171
-0.846386
-0.830351
-0.914141
-0.990943
-0.999162
-0.958612
-0.843229
-0.925493
-0.976544
-0.989169
-0.984234
-0.480626
-0.956023
-0.941619
-0.984316
-0.963469
-0.679848
-0.988482
-0.980484
-0.950919
-0.956646
-0.985205
-0.998761
-0.991258
-0.870545
-0.996523
-0.946178
-0.94197
-0.865284
-0.915484
-0.732438
-0.947246
-0.98483
-0.916633
-0.954127
-0.939097
-0.912722
-0.769893
-0.791734
-0.973438
-0.980609
-0.988517
-0.993831
-0.970676
-0.995989
-0.993514
-0.50542
-0.959866
-0.944314
-0.743501
-0.991257
-0.923174
-0.888958
-0.975521
-0.993795
-0.978233
-0.985503
-0.968976
-0.948362
-0.971314
-0.926733
-0.924313
-0.999138
-0.989931
-0.488249
-0.971875
-0.992014
-0.570368
-0.997121
-0.839963
-0.778964
-0.910413
-0.890224
-0.793531
-0.957665
-0.979656
-0.988066
0.350789
-0.979295
-0.957386
-0.957137
-0.872741
-0.984592
-0.944623
-0.963137
-0.852548
-0.937671
-0.932607
-0.885664
-0.975044
0.0591865
-0.916962
-0.956543
-0.999543
-0.747378
-0.986603
0.904892
-0.973747
-0.906807
-0.960896
-0.792072
-0.980243
-0.915558
-0.933782
-0.94469
-0.926241
-0.90525
-0.0954764
-0.809548
-0.962948
-0.975303
-0.869974
-0.87719
-0.922531
-0.994927
-0.994023
-0.970837
-0.994405
-0.973921
0.280689
-0.991236
-0.998362
-0.995555
-0.973402
-0.981981
-0.98895
-0.821289
-0.918441
-0.957022
-0.985633
-0.957507
-0.968121
-0.952538
-0.881903
-0.797678
-0.697216
-0.979023
-0.996742
-0.967314
-0.945265
-0.718741
-0.969444
-0.917524
-0.929255
-0.999418
-0.954858
-0.795277
-0.705926
-0.909836
-0.850792
-0.75155
-0.735485
-0.986794
0.373627
-0.998682
-0.922167
-0.945195
-0.899779
-0.919189
-0.98346
-0.787338
-0.9829
-0.874312
-0.951782
-0.88397
-0.799533
-0.986471
-0.991602
-0.99405
-0.943545
-0.983194
-0.394583
-0.983764
-0.927913
-0.996007
-0.96122
-0.92466
-0.93983
-0.97811
-0.802573
-0.880547
-0.886803
-0.994687
-0.940719
-0.999736
-0.934765
-0.641238
-0.369019
-0.991698
-0.859116
-0.972676
-0.863612
-0.990874
-0.661301
0.500355
-0.949579
-0.878375
-0.741246
-0.995343
-0.999048
-0.878508
-0.896398
-0.935491
-0.956761
-0.831534
-0.958094
-0.969968
-0.976637
-0.984309
-0.974921
-0.997033
-0.998338
-0.994822
-0.990138
-0.995678
-0.97839
-0.640234
-0.920818
-0.970809
-0.887788
-0.971883
-0.912211
0.733935
-0.659978
-0.982059
-0.964903
-0.985834
-0.967524
-0.990554
-0.967816
-0.798302
-0.968173
-0.985541
-0.911971
-0.994006
-0.990326
-0.905532
-0.627888
-0.971964
-0.976175
-0.796233
-0.918369
-0.971348
-0.991274
-0.966163
-0.95849
-0.968337
-0.989598
-0.968821
-0.703572
-0.84539
-0.988063
-0.984099
-0.932188
-0.800242
-0.994945
-0.607472
-0.946917
-0.91818
-0.734475
-0.956368
-0.956857
-0.983004
-0.932172
-0.849739
-0.949839
-0.969767
-0.984987
-0.795341
-0.985529
-0.988122
-0.997472
-0.988938
-0.992198
-0.983584
-0.911619
-0.698956
-0.992007
-0.989943
-0.99967
-0.991316
-0.868109
-0.995916
-0.968355
-0.964189
-0.980289
-0.995212
-0.992567
-0.973046
-0.96906
-0.938208
-0.946409
-0.925766
-0.994555
-0.939335
-0.746198
-0.927063
-0.9743
-0.994125
-0.980774
-0.991804
-0.796314
-0.414477
-0.99
-0.965676
-0.978332
-0.962241
-0.981224
-0.973861
-0.803923
-0.944967
-0.999324
-0.894388
-0.994084
-0.962737
-0.990455
-0.938941
-0.997435
-0.825211
-0.976983
-0.978307
-0.933436
-0.915105
-0.950673
-0.982955
-0.979962
-0.802823
-0.929364
-0.969697
-0.967483
-0.983707
-0.834055
-0.908338
-0.921784
-0.976637
-0.969557
-0.881386
0.0633199
-0.819445
-0.780164
-0.695522
-0.987891
-0.991454
-0.990355
-0.984557
-0.907881
-0.971913
-0.656658
-0.680588
-0.993077
0.191862
-0.975882
-0.980526
-0.992803
-0.826005
-0.908895
-0.982095
-0.97413
-0.983152
-0.98373
-0.935407
-0.968997
-0.94961
-0.986478
-0.937181
-0.756322
-0.942386
-0.856103
-0.996132
-0.9576
-0.986674
-0.989993
-0.855678
-0.920535
-0.959502
-0.998281
0.904438
-0.902866
-0.85908
-0.778179
-0.763849
-0.83791
-0.957761
-0.963185
-0.979419
-0.979644
-0.980813
-0.984008
-0.943792
-0.948286
-0.943756
-0.920058
-0.841019
0.414955
-0.985509
-0.993099
-0.96237
-0.627465
-0.846442
-0.97564
-0.950841
-0.978793
-0.982303
-0.998522
-0.701903
-0.999619
-0.893632
-0.95568
-0.851305
-0.963891
-0.977182
-0.959996
-0.993211
-0.99256
-0.962622
-0.979782
-0.96725
-0.964741
-0.982087
-0.984193
-0.804333
-0.594789
-0.98312
-0.997811
-0.891771
-0.955178
-0.995597
-0.954871
-0.992418
-0.958717
-0.923475
-0.990513
-0.998023
-0.83573
-0.967609
-0.906599
-0.945987
-0.974989
-0.884251
-0.88823
-0.997365
-0.989435
-0.993902
-0.984476
-0.792072
-0.838449
-0.752973
-0.915121
-0.995765
-0.968086
-0.99849
-0.990833
-0.871518
-0.918571
-0.716453
-0.939946
-0.895338
-0.958193
-0.926218
-0.798703
-0.957723
-0.973499
-0.953989
-0.930063
-0.977198
-0.961455
-0.954748
-0.981244
-0.959864
-0.955744
-0.996903
-0.986701
-0.977288
-0.964054
-0.983817
-0.992618
-0.933076
-0.963743
-0.856373
-0.900194
-0.701062
-0.959242
-0.981969
-0.97131
-0.979442
-0.065602
-0.921632
-0.901681
-0.967555
-0.842997
-0.851826
-0.481209
-0.970814
-0.998031
-0.405266
-0.89875
-0.97535
-0.990406
-0.949366
-0.939324
-0.994277
-0.0816924
-0.863829
-0.957589
-0.999444
-0.989072
-0.93675
-0.995688
-0.933029
-0.946009
-0.82093
-0.99015
-0.983453
-0.999653
-0.178046
-0.981135
-0.273763
-0.957509
-0.71389
-0.936081
-0.889653
-0.943204
-0.933859
-0.989109
-0.940033
-0.99223
-0.840694
-0.652688
-0.965733
-0.853783
-0.993211
-0.792833
-0.987178
-0.989506
-0.992605
-0.923758
-0.965247
-0.999366
-0.947816
-0.87289
-0.905804
-0.857858
-0.222849
-0.982752
-0.992148
-0.989319
-0.956903
-0.999305
-0.982963
-0.998732
-0.569773
-0.980125
-0.81424
-0.953015
-0.886607
-0.994647
-0.308
-0.9943
-0.936181
-0.966918
-0.991016
-0.944171
-0.908423
-0.990395
-0.990802
-0.995243
-0.777756
-0.959482
-0.991966
-0.9731
-0.954531
-0.942166
-0.962038
-0.978274
-0.980323
-0.995534
-0.937765
-0.928649
-0.969452
-0.994999
-0.985773
-0.817792
-0.910671
-0.654971
-0.847896
-0.997043
-0.870081
-0.98723
-0.901466
-0.93674
-0.986473
-0.949555
-0.946582
-0.97377
-0.973236
-0.991475
-0.904426
-0.992339
-0.852913
-0.967181
-0.910138
-0.952928
-0.809
-0.951401
-0.994689
-0.963331
-0.643168
-0.968273
-0.984564
-0.992388
-0.892771
-0.942083
-0.96403
-0.447505
-0.953801
-0.963629
-0.982307
-0.999004
-0.501419
-0.970809
0.617366
-0.918793
-0.97293
-0.992024
-0.973808
-0.966554
-0.280732
-0.455343
-0.96104
-0.977129
-0.97967
-0.993243
-0.923723
0.116471
-0.544607
-0.971291
-0.933203
-0.95351
-0.91457
-0.7195
-0.996332
-0.938767
-0.703522
-0.943193
-0.852842
-0.938388
-0.867674
-0.984416
-0.982821
-0.713695
-0.697833
-0.98928
-0.863818
-0.997688
-0.975892
-0.902482
-0.855351
-0.9175
-0.962257
-0.949408
-0.981905
-0.995397
-0.660693
-0.945893
-0.823259
-0.995655
-0.943455
-0.947728
-0.979755
-0.924076
-0.951041
-0.966586
-0.985561
-0.994111
-0.975609
-0.857893
-0.557562
-0.969869
-0.9955
-0.99291
-0.952076
-0.935832
-0.95248
-0.946414
-0.989145
-0.951838
-0.994452
-0.990506
-0.978209
-0.931861
-0.9476
-0.977276
-0.997012
-0.992258
-0.945312
-0.977989
-0.969252
-0.899209
-0.853108
-0.956526
-0.997655
-0.950606
-0.977127
-0.626212
-0.75037
-0.724591
-0.99169
-0.989052
-0.992844
-0.982926
-0.960744
-0.991097
-0.976448
-0.985513
-0.973285
-0.986829
-0.824059
-0.974939
-0.8997
-0.924457
-0.999566
-0.972384
-0.984174
-0.906274
-0.841234
-0.9657
-0.955655
-0.965074
-0.951763
-0.980201
-0.938318
-0.993945
-0.994905
-0.996438
-0.88897
-0.996194
-0.992783
-0.993086
-0.995866
-0.967023
-0.745336
-0.970136
-0.985285
-0.82455
-0.988236
-0.963439
-0.744302
-0.991085
-0.994548
-0.99232
-0.368724
-0.659329
-0.935575
-0.990089
-0.995564
-0.996197
-0.947986
-0.998041
-0.979599
-0.99581
-0.940783
-0.952076
-0.976933
-0.881737
-0.915595
-0.966082
-0.982959
-0.937547
-0.887742
-0.957071
-0.979768
-0.933088
-0.935819
-0.841562
-0.989259
-0.922343
-0.995602
-0.894191
-0.99233
-0.994812
-0.997586
-0.997736
-0.997216
-0.92891
-0.995506
-0.987756
-0.952451
-0.9757
-0.990449
0.677053
-0.983774
-0.67315
-0.949606
-0.933005
-0.904018
-0.945535
-0.834903
-0.993876
-0.88784
-0.987573
-0.999328
-0.98871
-0.648681
-0.737312
-0.424306
-0.748402
-0.930035
-0.82756
-0.941627
-0.334928
-0.892115
-0.868542
-0.885612
-0.999173
-0.991683
-0.978442
-0.982456
-0.601489
-0.869508
-0.908928
-0.848453
-0.975973
-0.982809
-0.964027
-0.947279
-0.960613
-0.882281
-0.981655
-0.843252
-0.996091
-0.909738
-0.974336
-0.433741
-0.910185
-0.871414
-0.966522
-0.867878
-0.893676
-0.947
-0.931703
-0.977385
-0.943685
-0.308022
-0.900921
-0.925464
0.0617253
-0.994887
-0.851911
-0.170621
-0.943974
-0.944703
-0.796664
-0.893829
-0.967823
-0.975354
-0.997438
-0.98796
-0.964911
-0.984484
-0.872493
-0.984798
-0.939251
-0.981471
-0.88718
-0.668289
-0.998866
-0.993816
-0.996025
-0.985496
-0.474161
-0.498328
-0.984818
-0.86459
-0.976111
-0.967193
-0.952012
-0.969175
-0.941714
-0.959153
-0.985082
-0.985612
-0.985534
-0.709032
-0.941367
-0.941416
-0.938532
-0.859409
-0.772472
-0.995612
-0.997046
-0.993071
-0.990865
-0.980355
-0.973356
-0.977785
-0.77641
-0.999362
-0.867266
-0.690139
-0.961507
-0.929911
-0.984964
-0.991675
-0.997181
-0.937113
-0.883042
-0.969455
-0.885368
-0.985153
-0.906898
-0.876657
-0.820485
-0.872351
-0.987922
-0.920664
-0.914051
-0.630471
-0.961029
-0.897034
-0.824785
-0.641959
-0.479052
-0.957292
-0.994278
-0.852907
-0.994885
-0.851166
-0.986261
-0.974816
-0.868785
-0.993615
-0.983994
-0.993721
-0.998058
-0.630384
-0.56122
-0.183577
-0.99881
-0.962115
-0.977877
-0.93109
-0.944065
-0.898665
-0.969641
-0.924868
-0.83896
-0.991625
-0.978834
-0.979224
-0.91192
-0.936145
-0.989929
-0.994971
-0.979464
-0.920466
-0.963366
-0.996572
-0.956723
-0.980195
-0.914473
-0.979017
-0.971635
-0.965375
-0.967114
-0.987705
-0.999903
-0.96066
-0.860357
-0.445751
-0.946734
-0.963169
-0.88344
-0.559998
-0.998227
-0.977308
-0.999878
-0.978045
-0.900788
-0.928873
-0.811569
-0.602123
-0.798394
-0.96286
-0.983576
-0.989649
-0.939318
-0.88304
-0.8567
-0.45306
-0.942289
-0.97005
-0.987358
-0.830566
-0.981426
-0.985099
-0.979156
-0.93624
-0.891098
-0.739107
-0.957912
-0.962054
-0.985619
-0.994442
-0.963084
-0.922313
-0.738682
-0.9158
-0.998216
-0.985536
-0.980457
-0.959917
-0.996129
-0.516895
-0.235105
-0.981186
-0.630704
-0.811405
-0.997084
-0.930478
-0.9671
-0.886908
-0.978043
-0.994728
-0.996555
-0.910079
-0.980753
-0.981719
-0.988541
-0.952663
-0.889388
-0.994854
-0.92813
-0.979829
-0.501602
-0.891456
-0.95079
-0.834155
-0.727613
-0.918116
-0.924552
-0.944963
-0.943965
-0.838592
-0.963368
-0.511141
-0.76567
-0.681703
-0.893387
-0.998159
-0.9723
-0.984005
-0.972839
-0.911547
-0.994474
-0.990076
-0.924072
-0.903522
0.0782258
-0.972173
-0.98706
-0.978918
-0.948145
-0.947772
-0.928972
-0.992182
-0.997855
-0.995709
-0.212951
-0.877499
-0.896722
-0.913406
-0.983381
-0.925739
-0.998802
-0.904891
0.476455
-0.919291
-0.959869
-0.980595
-0.960525
-0.782311
-0.981601
-0.770995
-0.999867
-0.985642
-0.959855
-0.819261
-0.900001
-0.97901
-0.923796
-0.836061
-0.617758
-0.899433
-0.908512
-0.968331
-0.968223
-0.97278
-0.922291
-0.988699
-0.766129
0.0055574
-0.90358
-0.858033
-0.988198
-0.974158
-0.87949
-0.994572
-0.96301
-0.975116
-0.872467
-0.975327
-0.964269
-0.980139
-0.984599
-0.556368
-0.831
-0.968183
-0.998212
-0.969096
-0.960584
-0.0864534
-0.90524
-0.950388
-0.809692
-0.862343
-0.989489
-0.713953
-0.920714
-0.987908
-0.791482
-0.868475
-0.975899
-0.879375
-0.995835
-0.875136
-0.993535
0.327841
-0.956807
-0.967144
-0.947273
-0.999857
-0.990952
-0.947925
-0.948677
-0.953931
-0.547109
-0.8924
-0.998822
-0.74372
-0.964613
-0.889556
-0.614915
-0.963128
-0.997987
-0.947688
-0.916641
-0.990946
-0.904048
-0.253647
-0.821721
-0.0215672
-0.870886
-0.979502
-0.987821
-0.973663
-0.907229
-0.889824
-0.783457
-0.925755
-0.880157
-0.949733
-0.981744
-0.995391
-0.986649
-0.95182
-0.954361
-0.997182
-0.954136
-0.966744
-0.961566
-0.862605
-0.847212
-0.888047
-0.996098
-0.989656
-0.97545
-0.969222
-0.78182
-0.928647
0.991761
-0.988998
-0.950433
-0.913221
-0.230912
-0.344459
-0.997964
-0.991313
-0.993047
-0.998124
-0.910534
-0.989837
-0.960299
-0.991583
-0.9538
-0.0471139
-0.998045
-0.979865
-0.976933
-0.978158
-0.995229
-0.986457
-0.976551
-0.752719
-0.589877
-0.998604
-0.560054
-0.994848
-0.985016
-0.990372
-0.320594
-0.983573
-0.77618
-0.957928
-0.911746
-0.973402
-0.894588
-0.952398
-0.936827
-0.833787
-0.978702
-0.780831
-0.997671
-0.981302
-0.874965
-0.999904
-0.958931
-0.957439
-0.960073
-0.880658
-0.961582
-0.986084
-0.980284
-0.279953
-0.998103
-0.852173
-0.921711
-0.968805
-0.980175
-0.97955
-0.934623
-0.776817
-0.981899
-0.961411
-0.95588
-0.96122
-0.996238
-0.894412
-0.970121
-0.585873
-0.990062
-0.823669
-0.99295
-0.753847
-0.927931
-0.95805
-0.88543
-0.997101
-0.999958
-0.959366
-0.983798
-0.15999
-0.525578
0.631691
-0.856644
-0.901171
-0.829459
-0.908627
-0.936816
-0.844353
-0.856655
-0.998466
-0.826854
-0.960091
-0.870536
-0.971729
-0.971546
-0.957838
-0.994928
-0.973312
-0.989124
-0.869535
-0.978856
-0.975194
-0.998316
-0.948203
-0.999274
-0.986305
-0.935915
-0.988338
-0.749288
-0.989437
-0.579528
-0.991513
-0.622734
-0.968423
-0.755862
-0.635356
-0.932399
-0.946357
-0.209723
-0.992097
-0.983615
-0.835273
-0.884817
-0.917927
-0.999786
-0.97903
-0.953671
-0.961633
-0.958631
-0.907746
-0.498852
-0.981604
-0.926623
-0.830841
-0.904578
-0.0908906
-0.905819
-0.869613
-0.962263
-0.970167
-0.989072
-0.911013
-0.988842
-0.987424
-0.99921
-0.996962
-0.919573
-0.965144
-0.976999
-0.989878
-0.197121
-0.815595
-0.949173
-0.966019
-0.98641
-0.934072
-0.98928
-0.981924
-0.940807
-0.641938
-0.959932
-0.980458
-0.990368
-0.83502
-0.997591
-0.651243
-0.994866
-0.989654
-0.056516
-0.915282
-0.972491
-0.984776
-0.943265
0.0817862
-0.919854
-0.784742
-0.920079
-0.990345
-0.998479
-0.958397
-0.210669
-0.976887
-0.952551
-0.97872
-0.88785
-0.870094
-0.955986
-0.992859
-0.963807
-0.0846553
-0.799583
-0.881172
-0.989428
-0.944917
-0.991336
-0.99367
-0.986617
-0.952135
-0.984289
-0.990661
-0.923664
-0.931825
-0.833541
-0.998245
-0.977205
-0.979346
-0.988832
-0.674996
-0.918612
-0.821369
-0.867792
-0.534914
-0.995486
-0.900151
-0.999022
-0.978771
-0.92207
-0.983693
-0.972724
-0.976044
-0.965105
-0.964847
-0.995964
-0.984466
-0.989708
-0.988595
-0.834672
-0.964822
-0.943666
-0.984429
-0.997723
-0.972189
-0.99155
-0.115578
-0.92783
-0.961364
-0.982456
-0.973811
-0.739039
-0.796641
-0.792793
-0.968057
-0.978915
-0.954684
0.301344
-0.217819
-0.996785
-0.935588
-0.988211
-0.817281
-0.998904
-0.98746
-0.997082
-0.857086
-0.94875
-0.981378
-0.950509
-0.935432
-0.520486
-0.742552
-0.956019
-0.984239
0.408415
-0.907394
-0.990987
-0.988699
-0.994278
-0.918913
-0.986779
-0.298074
-0.749515
-0.873157
-0.523713
-0.976085
-0.964064
-0.964393
-0.835679
-0.992455
-0.991693
-0.985157
-0.739402
-0.969788
-0.988627
-0.983133
-0.77521
-0.993373
-0.992409
-0.805716
-0.753818
-0.947628
-0.959269
-0.966306
-0.704948
-0.956828
-0.912951
-0.948351
-0.768362
-0.916083
-0.937679
-0.623101
-0.893665
-0.949174
-0.977103
-0.913551
-0.766007
-0.998127
-0.992509
-0.981108
-0.988912
-0.642525
-0.985193
-0.989288
-0.990602
-0.981751
-0.750274
-0.983041
-0.995488
-0.979596
-0.973306
-0.998847
-0.984799
-0.97313
-0.641423
-0.940943
-0.990743
-0.987781
-0.960435
-0.992567
-0.948431
-0.939403
-0.937088
-0.800781
-0.86672
-0.95804
-0.685847
-0.862257
0.427941
-0.862544
-0.999225
-0.996106
-0.994583
-0.883511
-0.956934
-0.697523
-0.880079
-0.993656
-0.928164
-0.925129
-0.951828
-0.906525
-0.97075
-0.808407
-0.870195
-0.973693
-0.948353
-0.854838
-0.284323
-0.952553
-0.990948
-0.998098
-0.901888
-0.364687
-0.99962
-0.982621
-0.990029
-0.956359
-0.988509
-0.704535
-0.937434
-0.92281
-0.939372
-0.993495
-0.948287
-0.887272
-0.992043
-0.963367
-0.945883
-0.371815
-0.92887
-0.762525
-0.952496
-0.97895
-0.964259
-0.891967
-0.987648
-0.844176
-0.885038
-0.974008
-0.839281
-0.897824
-0.665357
-0.50566
-0.548554
-0.614223
-0.965677
-0.988666
-0.979875
-0.977655
-0.494966
-0.874727
-0.954649
-0.998507
-0.979325
-0.963209
-0.930706
-0.892006
-0.927523
-0.809505
-0.997865
-0.992989
-0.989543
-0.94656
-0.904343
-0.948211
-0.99402
-0.995686
-0.993382
-0.959663
-0.956206
-0.986325
-0.998688
-0.986493
-0.958512
-0.983817
-0.932648
-0.989072
-0.946087
-0.908873
-0.931617
-0.988834
-0.997718
-0.9931
-0.992951
-0.995606
-0.915319
-0.972635
-0.973517
-0.836039
-0.814675
-0.978262
-0.951364
-0.995674
-0.96943
-0.98806
-0.96993
-0.859932
-0.714091
-0.976213
0.0296887
-0.947138
-0.331364
-0.998847
-0.951578
-0.960672
-0.989068
-0.921053
-0.345159
-0.95556
-0.949094
-0.994317
-0.953182
-0.843169
-0.662601
-0.878883
-0.837837
-0.759715
-0.967488
-0.893874
-0.908891
-0.792616
-0.973702
-0.957249
-0.890651
-0.988152
-0.834426
-0.977872
-0.936936
-0.98111
-0.599215
-0.967332
-0.973403
-0.981975
-0.950639
-0.997665
-0.997136
-0.930578
-0.960046
-0.634463
-0.923815
-0.963354
-0.997474
-0.365188
-0.9832
-0.996556
-0.956023
-0.972865
-0.973297
-0.955584
0.241775
-0.933373
-0.15989
-0.978911
-0.953797
-0.992708
-0.974225
-0.986032
-0.949517
-0.974098
-0.985252
-0.950126
-0.906283
-0.928562
-0.976806
-0.113406
-0.723405
-0.907197
-0.982621
0.102779
-0.825755
-0.997779
-0.97984
-0.971383
-0.985156
-0.977165
-0.987578
-0.904926
-0.946347
-0.536082
-0.0250676
-0.96296
-0.985422
-0.990238
-0.959228
-0.996714
-0.97564
-0.953501
-0.877623
-0.881771
-0.892418
-0.60515
-0.873895
-0.832808
-0.887073
-0.94909
-0.992616
-0.903319
-0.998381
-0.986774
-0.996663
-0.863621
-0.916527
-0.972419
-0.770928
-0.847852
-0.980463
-0.977355
-0.995575
-0.979338
-0.991409
-0.869443
-0.957303
-0.987348
-0.990251
-0.839601
-0.877814
-0.136364
-0.390611
-0.970062
-0.928131
-0.908339
-0.970527
-0.913564
-0.10415
-0.922481
-0.935923
-0.929687
-0.735051
-0.985539
-0.905492
-0.801964
-0.986735
-0.948026
-0.886811
-0.960104
-0.939887
-0.539807
-0.958284
-0.990851
-0.993935
-0.934178
-0.996165
-0.437715
-0.990038
-0.960412
-0.993601
-0.999215
-0.997775
-0.945368
-0.981882
-0.984817
-0.927081
-0.81063
-0.940061
-0.937467
-0.977116
-0.990795
-0.963879
-0.967161
-0.97714
-0.96908
-0.981886
0.224074
-0.952084
-0.950407
-0.85001
-0.844901
-0.963875
-0.937331
-0.822521
-0.525153
-0.993565
-0.976163
-0.972806
-0.932028
-0.968916
-0.158275
-0.979295
-0.979725
-0.720413
-0.962965
-0.950716
-0.945199
-0.998072
-0.967175
-0.954674
-0.962286
-0.933045
-0.917286
-0.975606
-0.79648
-0.933536
-0.999128
-0.76895
-0.987493
-0.99712
-0.992341
-0.998152
-0.982927
-0.825219
-0.692709
-0.792921
-0.993112
-0.994482
-0.977361
-0.986709
-0.878141
-0.912689
-0.976541
-0.966969
-0.962643
-0.92517
-0.961617
-0.624606
0.0132683
-0.926497
-0.855407
-0.975401
-0.338746
-0.982456
-0.969165
-0.935898
-0.978855
-0.922096
-0.97136
-0.957546
-0.972351
0.603427
-0.937623
-0.997666
-0.989696
-0.917956
-0.967417
-0.917643
-0.984515
-0.145104
-0.958311
-0.935227
-0.984491
-0.983211
-0.990218
-0.962131
-0.971277
-0.948423
-0.999057
-0.994062
-0.943942
-0.952437
-0.122589
-0.862482
-0.780387
-0.387718
-0.851404
-0.970068
-0.915715
-0.930674
-0.887675
-0.804742
-0.941627
-0.944934
-0.995027
-0.976404
-0.962039
-0.913654
-0.937771
-0.854179
-0.972679
-0.998539
-0.999351
-0.998209
-0.679662
-0.98963
-0.966743
-0.951691
-0.904882
-0.961697
-0.946247
-0.998472
-0.94891
-0.975949
-0.970752
-0.991828
-0.998883
-0.989977
-0.987205
-0.977233
-0.798568
-0.981484
-0.990824
-0.9937
-0.81273
-0.77968
-0.942114
-0.0906546
-0.938901
-0.959871
-0.992498
-0.986619
-0.994239
-0.726677
-0.994072
-0.977359
-0.72714
-0.992879
-0.937626
-0.977508
-0.643138
-0.994988
-0.988244
-0.938635
-0.927109
-0.806231
-0.982636
-0.96365
0.432297
-0.959698
-0.960594
-0.994287
-0.899916
-0.645017
-0.694925
-0.987792
-0.668503
-0.952185
-0.899455
-0.966707
-0.758818
-0.931998
-0.996007
-0.639868
-0.938221
-0.93297
-0.981792
-0.814402
-0.833888
-0.855218
-0.887511
-0.997857
-0.730058
-0.874179
-0.993529
-0.961923
-0.996659
-0.999634
-0.950304
-0.912263
-0.988032
-0.917574
-0.980137
-0.979617
-0.585445
-0.959793
-0.86894
-0.989276
-0.989313
-0.836599
-0.159934
-0.91023
-0.985091
-0.986777
-0.814944
-0.728086
-0.934995
-0.994132
-0.974932
-0.938145
-0.980058
-0.945169
-0.766306
-0.969714
-0.980854
-0.954123
-0.97385
-0.951059
-0.990904
-0.990374
-0.996177
-0.997153
0.593977
-0.737261
-0.985367
-0.817308
-0.987709
-0.979332
-0.969936
-0.979587
-0.948014
-0.936197
-0.98823
-0.93165
-0.994588
-0.98267
-0.879109
-0.983512
-0.908853
-0.733231
-0.992056
-0.960945
-0.967904
-0.877112
-0.992219
-0.994855
-0.988199
-0.980564
-0.989165
-0.926443
-0.975284
-0.472132
-0.991993
-0.999003
-0.508848
-0.934364
-0.935998
-0.755002
-0.948871
-0.906014
-0.885786
-0.79304
-0.698236
-0.979451
-0.965396
-0.870715
-0.190029
-0.955037
-0.989386
-0.975487
-0.968199
-0.983599
-0.965132
-0.955704
-0.982317
-0.995584
-0.807777
-0.982436
-0.936082
-0.950284
-0.945393
-0.979624
-0.978497
-0.92269
-0.997199
-0.969431
-0.954259
-0.210972
-0.993196
-0.997867
-0.994758
-0.965132
-0.941083
-0.992971
-0.0205213
-0.940454
-0.922393
-0.930915
-0.960282
0.361723
-0.959878
-0.874384
-0.983996
-0.994778
-0.97635
-0.713677
-0.972483
-0.681122
-0.990621
-0.967985
-0.953341
-0.959258
-0.926026
-0.830925
-0.942548
-0.99209
-0.995764
-0.948219
-0.98702
-0.785008
-0.942641
-0.995312
-0.997344
-0.998955
-0.98771
-0.970048
-0.975143
-0.994862
-0.998381
-0.998866
-0.902209
-0.995613
-0.926244
-0.972271
-0.953428
-0.860626
-0.949325
-0.947697
-0.985168
-0.978517
-0.977511
-0.919172
-0.999031
-0.681838
-0.944368
-0.959963
-0.902211
-0.944607
-0.950134
-0.960381
-0.975177
-0.987798
-0.999412
-0.965807
-0.361828
-0.998413
-0.996871
-0.954317
-0.97532
-0.999868
-0.986836
-0.990482
-0.966252
-0.970265
-0.974459
-0.831561
-0.727289
-0.934122
-0.979835
-0.979107
-0.986192
-0.988992
-0.977478
-0.941722
-0.959331
-0.982501
-0.962535
-0.847661
-0.96496
-0.269564
-0.6978
-0.850751
-0.871958
-0.0792768
-0.386845
-0.892756
-0.989982
-0.996747
-0.922827
-0.66356
-0.980678
-0.734875
-0.93992
-0.998562
-0.918822
-0.916134
-0.987024
-0.971151
-0.925298
-0.979822
-0.987199
-0.975505
-0.880744
-0.952629
-0.628435
-0.817934
-0.626859
-0.915662
-0.805443
-0.936106
-0.907868
-0.931358
-0.989364
-0.959648
-0.953493
-0.908669
-0.923613
-0.995308
-0.999128
-0.962744
-0.988558
-0.923181
-0.842409
-0.96327
-0.977888
-0.935298
-0.955641
-0.745642
-0.980738
-0.975362
-0.967597
-0.658838
-0.946547
-0.98367
-0.923335
-0.962408
-0.998972
-0.887422
-0.948031
-0.951302
-0.989706
-0.984019
-0.954971
-0.987242
-0.990231
-0.984718
-0.941863
-0.950057
-0.988374
-0.923113
0.505264
-0.971239
-0.978191
-0.907866
-0.986568
-0.897069
-0.761518
-0.995354
-0.973914
-0.24461
-0.994167
-0.946623
-0.940724
-0.935093
-0.979349
-0.991292
-0.997254
-0.975778
-0.566986
-0.882007
-0.969341
-0.960751
-0.993988
-0.995053
-0.993109
-0.975049
-0.99312
-0.721127
-0.998004
-0.92851
-0.957528
-0.693415
-0.827712
-0.97564
-0.991811
-0.997056
-0.933543
-0.95998
-0.995317
-0.98187
-0.98961
-0.982438
-0.998682
-0.992108
-0.99182
-0.991455
-0.858111
-0.989187
-0.893947
-0.636716
-0.796798
-0.999624
-0.883011
-0.554234
-0.995337
-0.996387
-0.00227785
-0.92331
-0.998345
-0.943512
-0.994374
-0.982469
-0.90913
-0.979449
-0.991303
-0.968785
-0.970737
-0.975799
-0.872533
-0.998895
-0.906287
0.0289552
-0.854496
-0.940173
-0.929357
-0.990936
-0.962283
-0.962084
-0.971876
0.559262
-0.752714
-0.945607
-0.993866
-0.981
-0.929571
-0.969985
-0.987214
-0.918833
-0.658907
-0.94285
-0.858034
-0.8671
-0.936318
-0.976231
-0.902237
-0.969563
-0.990103
-0.934887
-0.958437
-0.985208
-0.997758
-0.880647
-0.996422
-0.823604
-0.9681
-0.827498
-0.950757
-0.998718
-0.964314
-0.290161
-0.838765
-0.914701
-0.96839
-0.789093
-0.909174
-0.909722
-0.997766
-0.971469
-0.613905
-0.662681
-0.872447
-0.986721
-0.875514
-0.930443
-0.84393
-0.915665
0.701819
-0.84392
-0.882973
-0.930415
-0.620796
-0.611286
-0.988019
-0.868859
-0.916596
-0.999581
-0.989555
-0.991099
-0.901488
-0.996771
-0.998272
-0.957925
-0.986291
-0.98803
-0.977318
-0.22247
-0.755753
-0.938965
-0.996149
-0.969602
-0.891848
-0.958676
-0.931257
-0.912418
-0.996602
-0.939717
-0.992383
-0.990653
-0.979693
-0.968499
-0.989396
-0.897775
-0.9652
-0.960419
-0.935833
-0.970307
-0.98562
-0.911934
-0.994774
-0.898357
-0.986881
-0.90738
-0.910642
-0.999883
0.215655
-0.998602
-0.868937
-0.911267
-0.979366
0.72917
-0.585664
-0.998481
-0.99826
-0.977147
-0.999017
-0.976261
-0.986875
-0.756082
-0.998543
-0.974334
-0.978443
-0.987563
-0.977378
-0.979982
-0.990524
-0.976597
-0.545304
-0.758306
-0.922905
-0.975113
-0.831399
-0.987937
-0.822894
-0.633209
-0.988803
-0.959172
-0.997009
-0.875884
-0.878484
-0.992137
-0.952805
-0.938473
-0.963032
-0.997095
-0.766098
-0.854229
-0.991172
-0.975759
-0.342064
-0.93228
-0.895489
-0.999788
-0.87988
-0.85108
-0.893046
-0.941286
-0.9642
-0.824023
-0.948894
-0.920018
-0.999916
-0.943588
-0.853952
-0.309246
-0.919771
-0.948236
-0.988075
-0.863902
-0.659139
-0.540116
-0.947115
-0.937743
-0.495144
-0.997485
-0.983811
-0.997667
-0.998556
-0.934631
-0.970031
-0.978987
-0.987239
-0.432597
-0.968298
-0.990262
-0.897713
-0.980332
-0.126582
-0.939822
-0.872384
-0.996107
-0.990427
-0.928113
-0.942565
-0.984823
-0.878018
-0.763503
-0.866543
-0.999676
-0.996748
-0.983905
-0.9687
-0.933906
-0.964579
-0.908875
-0.771032
-0.322303
-0.89091
-0.994579
-0.998894
-0.965544
-0.990455
-0.957014
-0.684757
-0.927758
-0.91529
-0.99715
-0.924549
-0.952197
-0.983618
-0.994249
-0.936679
-0.937769
-0.845959
-0.515961
-0.970123
-0.166752
-0.954601
-0.925003
-0.982204
-0.971038
-0.984943
-0.938397
-0.96223
-0.982754
-0.829439
-0.911314
-0.994389
-0.938829
-0.999098
-0.989136
-0.982416
-0.816461
-0.953806
-0.915518
-0.98958
-0.552449
-0.997821
-0.868932
-0.958375
-0.997019
-0.927286
-0.986125
-0.971405
-0.95188
-0.98898
-0.995215
-0.991983
-0.998578
-0.99023
-0.752899
-0.960015
-0.794493
-0.77367
-0.63903
-0.982593
-0.858849
-0.98711
-0.956978
-0.959326
-0.990069
-0.914597
-0.966812
-0.936988
-0.972807
-0.927893
-0.978185
-0.697253
-0.955542
-0.102354
-0.868617
-0.836182
-0.724079
-0.993579
-0.703541
-0.989298
-0.979607
-0.988866
-0.782555
-0.955808
-0.644531
-0.979411
-0.999937
-0.908421
-0.964049
-0.993946
-0.993448
-0.997737
-0.967843
-0.71288
-0.993181
-0.85873
-0.935297
-0.965771
-0.701903
-0.785231
-0.885332
-0.905046
-0.944715
-0.957011
-0.9824
-0.977832
-0.95031
-0.980106
-0.9991
-0.956278
-0.560578
-0.940146
-0.965294
-0.836048
-0.81855
-0.939149
-0.937413
-0.974191
-0.800764
-0.988708
-0.990454
-0.970767
-0.992617
-0.792242
-0.977351
-0.988604
-0.842716
-0.940884
-0.940758
-0.955291
-0.935939
-0.995973
-0.959064
-0.86521
-0.389942
0.308586
-0.950719
-0.99081
-0.18595
-0.986061
-0.608736
-0.857248
-0.299284
-0.976653
-0.998468
-0.996382
-0.975285
-0.999394
-0.886429
-0.889993
-0.981428
-0.997769
-0.992782
-0.974676
-0.984292
-0.867538
-0.999732
-0.993033
-0.687659
-0.956937
-0.990471
-0.9865
-0.98608
-0.999151
-0.982838
-0.999478
-0.977696
-0.80615
-0.902585
-0.981882
-0.996649
-0.996316
-0.548491
-0.897044
-0.979089
-0.944309
-0.97527
-0.983946
-0.988245
-0.997837
-0.855976
-0.930173
-0.911493
-0.0630992
-0.93523
-0.988822
-0.942459
-0.915364
-0.994169
-0.989682
-0.303464
-0.972991
-0.983631
-0.976454
-0.988968
-0.957811
-0.976946
-0.958297
-0.898794
-0.87896
-0.94981
-0.99783
-0.995802
-0.997602
-0.975526
-0.980124
-0.978444
-0.990846
-0.913099
-0.972072
-0.886992
-0.83004
-0.975186
-0.994397
-0.988532
-0.992418
-0.9133
-0.949256
0.205887
-0.975202
-0.742993
-0.996494
-0.976071
-0.691359
-0.947153
-0.985766
-0.973317
-0.990753
-0.999157
-0.989032
-0.651895
-0.936179
-0.996733
-0.999721
-0.826635
-0.913754
-0.891423
-0.963035
-0.921312
-0.968684
-0.5612
-0.989253
-0.99048
-0.986238
-0.986977
-0.995309
-0.815561
-0.954899
-0.919282
-0.973161
-0.95179
0.056746
-0.239123
-0.806058
-0.650686
-0.997934
-0.937085
-0.867638
-0.976138
0.348416
-0.942108
-0.947468
-0.315973
-0.977088
-0.986477
-0.674363
-0.756703
-0.990788
-0.890973
-0.613555
-0.984831
-0.876206
-0.919501
-0.943915
-0.88792
-0.972987
-0.978208
-0.982324
-0.949503
-0.984063
-0.956526
-0.95885
-0.886732
-0.857951
-0.431812
-0.968836
-0.938176
-0.912223
-0.959471
-0.901378
-0.937093
-0.960192
-0.970072
-0.909014
-0.99706
-0.98587
-0.640522
-0.80846
-0.983933
-0.908077
0.211025
-0.996945
-0.994555
-0.999901
-0.999656
-0.971812
-0.712689
-0.91661
-0.992571
-0.94298
-0.631642
-0.998426
-0.747613
-0.774603
-0.621703
-0.992496
-0.989215
-0.629313
-0.866615
-0.224941
-0.881412
-0.969296
-0.871591
0.0571043
-0.996548
-0.996507
-0.994934
-0.994511
-0.983173
-0.816395
-0.737139
-0.970402
-0.892797
-0.975577
-0.942693
-0.995266
-0.963027
-0.928994
-0.998618
-0.997391
-0.986239
-0.9348
-0.916201
-0.934915
-0.870756
-0.942742
-0.99099
-0.980111
-0.929288
-0.848134
-0.985006
-0.266427
-0.969217
-0.991073
-0.982132
0.904531
-0.961903
-0.440792
-0.99372
-0.98919
-0.988337
-0.0291035
-0.982912
-0.967968
-0.985065
-0.878136
-0.839788
-0.789073
-0.950828
-0.971518
-0.979239
-0.952033
-0.983336
-0.986056
-0.936272
-0.982408
-0.98733
-0.994253
-0.786455
-0.388713
-0.924415
-0.111007
-0.996359
-0.900462
-0.997381
-0.953654
-0.931783
-0.840376
-0.939485
-0.992311
-0.752808
-0.991208
-0.927932
0.133265
-0.987324
-0.998148
-0.913638
-0.969429
-0.800785
-0.997565
-0.989556
-0.962705
-0.983372
-0.953517
-0.961398
-0.973398
-0.970166
-0.943822
-0.993503
-0.913637
-0.862378
-0.85888
-0.803201
-0.975875
-0.877461
-0.871713
-0.618796
-0.962441
-0.995064
-0.996744
-0.998197
-0.989836
-0.99475
-0.99376
-0.975099
-0.99735
-0.2078
-0.404559
-0.944026
-0.928598
-0.89487
-0.917534
-0.855818
-0.996601
-0.972134
-0.985753
-0.997669
-0.998518
-0.905203
-0.814084
-0.674968
-0.997845
-0.911341
-0.73661
-0.986145
-0.975843
-0.857139
-0.960508
-0.893164
-0.980006
-0.433892
-0.397842
-0.928923
-0.932376
-0.778414
-0.97654
-0.895095
-0.946988
-0.987173
-0.814845
-0.814121
-0.880922
-0.9232
-0.984267
-0.98763
-0.865583
-0.82649
-0.954138
-0.997476
0.196148
-0.937661
-0.941568
-0.989472
-0.951929
-0.991917
-0.987861
-0.987968
-0.996799
-0.894761
-0.999443
-0.877354
-0.992162
-0.999811
-0.920511
-0.96748
-0.986803
-0.962929
-0.543092
-0.855398
-0.835415
-0.783479
-0.948604
-0.840917
0.253035
-0.809048
-0.809904
-0.785221
-0.256912
-0.983999
-0.980613
-0.998881
-0.878828
-0.94823
-0.931847
-0.847446
-0.986899
-0.581131
-0.983275
-0.965502
-0.946352
-0.988068
-0.873389
-0.870128
-0.120636
-0.810083
-0.86048
-0.978946
-0.595839
-0.970302
-0.849571
-0.762158
-0.962377
-0.993703
-0.984251
-0.966462
-0.986957
-0.535742
-0.957329
-0.987681
-0.907113
-0.983942
0.628237
-0.725255
-0.984543
-0.867918
-0.786607
-0.937274
-0.928188
-0.962168
-0.947782
-0.913957
-0.947064
-0.941074
-0.985874
-0.931819
-0.863668
-0.979621
-0.990637
-0.957203
-0.980704
-0.949433
-0.895368
-0.981915
-0.962139
-0.954257
-0.982087
-0.858099
-0.993704
-0.994511
-0.936082
0.116141
-0.9918
-0.805148
-0.833926
-0.951748
-0.374382
-0.929329
-0.958868
-0.953793
-0.978024
-0.984764
-0.769846
-0.903843
-0.986035
-0.980781
-0.985601
-0.787125
-0.489377
-0.952708
-0.961421
-0.962358
-0.998477
-0.974509
-0.839777
-0.996222
-0.450223
-0.948367
-0.987398
-0.877189
-0.984748
-0.969606
-0.583263
-0.984123
-0.943333
-0.936844
-0.251267
-0.932434
-0.892992
-0.88869
-0.92992
-0.897073
-0.780197
-0.93861
-0.873436
-0.814708
-0.990093
-0.997049
-0.99284
-0.919693
-0.922219
-0.832971
-0.917519
-0.809417
-0.706054
-0.143524
-0.820789
-0.747906
-0.999764
-0.998463
-0.968637
-0.993355
-0.98026
-0.960359
-0.997191
-0.964866
-0.991926
-0.996631
-0.991892
-0.97254
-0.949052
-0.995057
-0.862807
-0.857468
-0.823578
-0.918726
-0.951922
-0.915639
-0.990328
-0.979528
-0.979184
-0.755755
-0.992428
-0.796913
-0.860335
-0.8616
-0.948637
-0.99885
-0.987132
-0.969057
-0.945564
-0.268834
-0.705592
-0.916243
-0.978561
-0.96291
-0.844328
-0.996693
-0.662456
-0.945609
-0.924209
-0.971141
-0.934243
-0.992264
-0.902394
-0.938711
-0.984227
-0.989148
-0.884077
-0.89237
-0.982322
-0.851011
-0.746576
-0.910537
-0.907676
-0.949987
-0.969129
-0.950411
-0.953835
-0.864007
-0.98491
-0.985118
-0.983346
-0.999901
-0.996526
-0.97509
-0.994151
-0.996139
-0.986835
-0.989439
-0.237175
-0.97114
-0.950494
-0.926235
-0.89246
-0.995458
-0.9929
-0.988022
-0.98846
-0.98039
-0.996418
-0.880307
-0.93558
-0.984572
-0.991936
-0.981055
-0.970892
-0.991678
-0.946779
-0.127527
-0.859006
-0.927693
-0.976129
-0.794491
-0.781165
-0.94545
-0.832914
-0.9977
-0.995657
-0.869669
-0.677235
-0.725468
-0.978344
-0.709169
-0.987204
-0.891209
-0.967668
-0.978044
-0.983734
-0.975886
-0.865699
-0.999841
-0.993371
-0.984124
-0.976888
-0.982585
-0.830166
-0.769608
-0.802335
-0.961093
-0.781107
-0.883702
-0.367946
-0.992972
-0.987188
-0.970264
-0.969828
-0.855191
-0.934138
-0.934678
-0.993389
-0.977009
-0.775576
-0.476361
-0.192785
-0.892245
-0.554849
-0.948124
-0.853305
-0.963903
-0.873447
-0.998879
-0.921561
-0.960795
-0.971701
-0.914574
-0.910457
-0.946871
-0.60869
-0.956031
-0.821544
-0.938014
-0.997039
-0.951144
-0.999213
-0.985853
-0.798692
-0.97549
-0.969355
-0.920394
-0.972782
-0.987276
-0.974071
-0.852328
-0.964643
-0.811666
-0.883787
-0.984812
-0.979624
-0.971245
-0.993878
-0.665038
-0.989849
-0.952841
-0.980289
-0.981583
-0.94794
-0.976113
-0.933649
-0.966117
-0.667026
-0.99074
-0.743979
-0.842336
-0.84355
0.985107
-0.680295
-0.946024
-0.98065
-0.993975
-0.981773
-0.947759
-0.716951
-0.279776
-0.998894
-0.732297
-0.97642
-0.967485
-0.967269
-0.710132
-0.946508
-0.995944
-0.996856
-0.88213
-0.962851
-0.927117
-0.928897
-0.901359
-0.98475
-0.984775
-0.840211
-0.932549
-0.954357
-0.860443
-0.975777
-0.983385
-0.956914
-0.854722
-0.999377
0.452858
-0.760554
-0.974651
-0.976723
-0.992559
-0.991881
-0.987598
-0.803325
-0.634122
-0.908608
-0.811324
-0.835739
-0.9553
-0.999399
-0.989634
-0.963192
-0.964077
-0.998281
-0.99854
-0.989269
-0.970041
-0.964029
-0.855359
-0.455447
-0.650646
-0.998331
-0.945948
-0.514823
-0.937627
-0.827534
-0.995771
-0.999386
-0.929296
-0.957929
-0.942374
-0.964053
-0.891544
-0.990456
-0.83846
-0.935839
-0.657633
-0.889095
-0.806851
-0.433555
-0.976276
-0.894568
-0.96946
-0.855477
-0.952841
-0.997602
-0.986021
-0.690418
-0.858088
-0.949283
-0.99621
-0.984286
-0.929331
-0.984917
-0.859088
-0.934965
-0.989501
-0.788237
-0.739873
-0.993666
-0.960242
-0.84439
-0.899129
-0.829134
-0.918523
-0.92042
-0.984396
-0.386234
-0.870085
-0.967322
-0.994478
-0.962022
-0.917969
-0.941791
-0.916819
-0.990059
-0.978333
-0.912705
-0.41764
-0.922648
0.777874
-0.923208
-0.977046
-0.903268
-0.930224
-0.947714
-0.801363
-0.977269
-0.978738
-0.991294
-0.988451
-0.959467
-0.952293
0.0103626
-0.749492
-0.842431
0.38778
-0.996897
-0.9592
-0.511594
-0.952131
-0.866369
-0.836105
-0.956484
-0.995559
-0.579251
-0.995039
-0.890737
-0.998399
-0.985419
-0.979476
-0.936425
-0.961175
-0.812144
-0.997663
-0.622785
-0.943915
-0.806703
-0.92409
-0.55495
-0.973279
-0.995405
-0.836463
-0.982588
-0.979409
-0.960396
-0.949504
-0.904221
-0.997272
-0.769069
-0.85238
-0.902965
-0.811735
-0.868345
-0.757942
-0.990276
-0.969798
-0.995612
-0.906969
-0.909606
-0.984693
-0.995841
-0.596707
-0.983981
-0.960118
-0.98321
-0.981554
-0.938017
-0.928115
-0.980261
-0.911709
-0.978331
-0.69474
-0.947784
-0.882176
-0.997141
-0.995459
-0.981819
-0.52279
-0.92125
-0.906034
-0.982939
-0.988038
-0.996458
-0.996194
0.708648
-0.698157
-0.882063
-0.320874
-0.986141
-0.904521
-0.978036
-0.994571
-0.941086
-0.969482
-0.960203
-0.781605
-0.991263
-0.952127
-0.987587
-0.855078
-0.656007
-0.939853
-0.874728
0.682906
-0.980724
-0.994206
-0.98758
-0.997189
-0.998951
-0.993917
-0.992443
-0.940899
-0.995521
-0.198341
-0.996222
-0.996735
-0.998636
-0.996507
-0.903047
-0.991676
-0.986935
-0.867069
-0.996705
-0.617638
-0.95899
-0.996146
-0.996375
-0.950549
0.711945
-0.994997
-0.986608
-0.989837
-0.985239
-0.735801
-0.973979
-0.993376
-0.997876
-0.559368
-0.860493
-0.794385
-0.991611
-0.875079
-0.876357
-0.841307
-0.995982
-0.996592
-0.941699
-0.843465
-0.727736
-0.929373
-0.565071
0.0147914
-0.965729
-0.538852
-0.964452
-0.777083
-0.968529
-0.997405
-0.992364
-0.986635
-0.990616
-0.99924
-0.986916
-0.806438
-0.990044
0.919303
-0.941523
-0.985312
-0.991199
-0.993088
-0.930078
-0.861929
-0.994478
-0.771916
-0.746624
-0.95714
-0.983096
-0.898397
-0.993439
-0.936505
0.161981
-0.87264
-0.942199
-0.891014
-0.914078
-0.84552
-0.906296
-0.980683
-0.959123
-0.831268
-0.897405
-0.999002
-0.982355
-0.944499
-0.321448
-0.843458
-0.967891
-0.785801
-0.950245
-0.983946
-0.976857
-0.926892
-0.979581
-0.80035
-0.960191
-0.943685
-0.939822
-0.931895
-0.888532
-0.71045
-0.806514
-0.755451
-0.978855
-0.999597
-0.996861
-0.989102
-0.989892
-0.95728
-0.973347
-0.977096
-0.995585
-0.996566
-0.989008
-0.946953
-0.842488
-0.959799
-0.961151
-0.992746
-0.827281
-0.943875
-0.960977
-0.92567
-0.847804
-0.936044
-0.957442
-0.953786
-0.983013
-0.999875
-0.920971
-0.888725
-0.994293
-0.977865
-0.989207
-0.992491
-0.525625
-0.936415
-0.996242
-0.62629
-0.885182
-0.982596
-0.919175
-0.986538
-0.886696
-0.993596
-0.988312
-0.937312
-0.997251
-0.977746
-0.950493
-0.96776
-0.985284
-0.969268
-0.971677
-0.978295
-0.121596
-0.961535
-0.987473
-0.962232
-0.975117
-0.815643
-0.763282
0.315663
-0.994678
-0.785745
-0.996754
-0.970843
-0.97221
-0.953104
-0.997358
-0.957383
-0.820918
-0.994232
-0.935978
-0.805098
-0.709949
-0.98219
-0.316684
-0.942028
-0.335172
-0.454676
-0.835749
-0.940452
-0.985664
-0.900169
-0.915018
-0.929932
-0.764456
-0.957354
-0.990735
-0.981063
-0.964468
-0.997224
-0.886764
-0.893001
-0.762078
-0.967546
-0.938863
-0.88564
-0.96186
-0.997088
-0.994192
-0.961278
-0.914399
-0.983289
-0.957747
-0.820437
-0.799874
-0.981478
-0.827477
-0.944683
-0.999309
-0.983057
-0.866344
-0.993269
-0.994538
-0.993439
-0.978843
-0.790529
-0.932078
-0.876575
-0.995356
-0.949886
-0.723375
-0.880084
-0.998962
-0.997618
-0.996986
-0.987985
-0.995303
-0.982441
-0.986138
-0.805079
-0.686274
-0.958122
-0.915754
-0.972194
-0.981712
-0.978074
-0.953183
-0.796885
-0.979228
-0.981339
-0.994144
-0.996691
-0.952848
-0.973207
-0.658925
-0.981843
-0.962271
-0.993318
-0.966957
-0.838465
-0.999189
-0.990775
-0.973549
-0.995503
-0.972254
-0.990795
-0.999466
-0.935709
-0.937359
-0.976753
-0.985224
-0.878
-0.411849
-0.499489
-0.997963
-0.948305
-0.958516
-0.96912
-0.966311
-0.99583
-0.858997
-0.986061
-0.913964
-0.791453
-0.902704
0.204048
-0.947633
-0.99318
-0.896702
-0.985279
-0.942173
-0.999038
-0.974386
-0.999556
-0.853853
-0.985714
-0.939173
-0.927868
-0.727601
-0.985233
-0.972448
-0.966901
-0.953728
-0.967938
-0.843448
-0.99599
-0.799617
-0.959839
-0.975317
-0.993534
-0.791437
-0.954805
-0.966067
-0.86095
-0.793847
-0.975555
-0.926948
-0.91001
-0.960145
-0.979677
-0.993583
-0.95784
-0.993352
-0.973496
-0.992975
-0.990994
-0.983856
-0.991199
-0.915507
-0.9694
-0.932115
-0.940814
-0.849751
-0.894267
-0.964602
-0.993025
-0.870331
-0.67584
-0.956943
-0.973339
-0.979657
-0.972265
-0.920514
-0.983385
-0.987959
-0.998502
-0.999988
-0.946984
-0.92326
-0.497465
-0.897172
-0.930442
-0.907908
-0.958546
-0.900895
-0.921715
-0.980693
-0.976802
-0.937244
-0.970346
-0.999795
-0.983173
-0.831333
-0.972797
-0.850615
-0.76175
-0.995029
-0.92829
-0.970277
-0.962451
-0.988131
-0.728425
-0.736478
-0.784846
-0.481301
-0.970075
-0.984471
-0.787184
-0.966614
-0.880274
-0.994298
-0.916694
-0.547851
-0.935724
-0.705123
-0.885022
-0.958312
-0.987912
-0.9504
-0.938626
-0.801467
-0.903719
-0.633285
-0.951361
-0.984982
-0.999849
-0.999305
-0.964955
-0.537848
-0.921433
-0.852118
-0.998374
-0.990598
-0.996212
-0.927914
-0.846468
-0.972114
-0.976291
-0.974367
-0.643255
-0.948882
-0.995212
-0.999807
-0.990982
-0.973062
-0.96296
-0.95361
-0.960024
-0.97339
-0.963695
-0.9796
-0.973144
-0.992214
-0.994095
-0.99648
-0.759937
-0.978769
-0.981068
-0.981789
-0.768623
0.306217
-0.974762
-0.953902
-0.97298
0.454789
-0.828399
-0.95118
-0.916891
-0.784599
-0.944668
-0.88792
0.548829
-0.99345
-0.998996
-0.96836
-0.919174
-0.892537
-0.963698
-0.939409
-0.968823
-0.969562
-0.945026
-0.611847
-0.961544
-0.948867
-0.955614
-0.998495
-0.969267
-0.962017
-0.842088
-0.957396
-0.969803
-0.926942
-0.937413
-0.963706
-0.973391
-0.974699
-0.655678
-0.985442
-0.998463
-0.808606
-0.915485
-0.953409
-0.941084
-0.962094
-0.997682
-0.901
-0.988966
-0.920341
-0.986572
-0.959233
-0.930985
-0.943333
0.283557
-0.789888
-0.882604
-0.889249
-0.999992
-0.965106
-0.896703
-0.801232
-0.864949
-0.915861
-0.991513
-0.998045
-0.974817
-0.905762
-0.968883
-0.979309
-0.810322
-0.930808
-0.991092
-0.992013
-0.992288
-0.957551
-0.998857
-0.942714
-0.85317
-0.987736
-0.978082
-0.572227
-0.988312
-0.883741
-0.924283
-0.948805
-0.993235
-0.762329
-0.876335
-0.999313
-0.89201
-0.409498
-0.995145
-0.922246
-0.583399
0.0836959
-0.917271
-0.677249
-0.975642
-0.959021
-0.83987
-0.990461
-0.912696
-0.74556
-0.986178
-0.889427
-0.907622
-0.716458
-0.733531
0.830669
-0.979157
-0.99767
-0.97888
-0.978541
-0.997353
-0.971985
-0.957574
-0.948505
-0.918748
-0.982019
-0.978753
-0.915758
-0.893554
-0.975138
-0.987501
-0.894236
0.148711
-0.968825
-0.996424
-0.998373
-0.988351
-0.987009
-0.955643
-0.693561
-0.991748
-0.991803
-0.98658
-0.961633
-0.997989
-0.0898537
-0.926513
-0.274744
-0.921861
-0.957944
-0.887947
-0.960145
-0.94588
-0.988202
-0.989881
-0.991342
-0.968022
-0.86114
-0.93049
-0.966097
-0.995547
-0.950894
-0.870738
-0.959244
-0.979273
-0.335723
-0.991396
-0.995648
-0.940763
-0.826182
-0.966558
-0.907501
-0.998235
-0.721075
-0.985002
-0.997644
-0.940613
-0.993653
-0.955929
-0.95826
-0.944457
-0.90118
-0.717687
-0.986676
-0.681633
-0.992741
-0.968988
-0.995798
-0.972021
-0.807458
-0.563979
-0.886708
-0.892619
-0.994411
-0.899315
-0.147652
-0.972678
-0.802843
-0.978332
-0.863349
-0.978172
-0.964462
-0.999459
-0.996482
-0.910392
-0.975366
-0.904639
-0.956584
-0.980737
-0.999157
-0.977404
-0.974295
-0.855602
-0.987203
-0.984587
-0.931717
-0.901159
-0.928139
-0.918804
-0.995304
-0.811257
-0.978772
-0.428463
-0.996877
-0.993164
-0.88694
-0.996912
-0.970019
-0.975771
-0.976316
-0.97169
-0.946818
-0.957822
-0.911272
-0.962052
-0.972791
-0.918824
-0.973179
-0.893518
-0.927196
0.817119
-0.910197
-0.992423
-0.995699
-0.990272
-0.845395
-0.958183
-0.899693
-0.992368
-0.970936
-0.823989
-0.964975
-0.997245
-0.869678
-0.93096
-0.921795
-0.997495
-0.999282
-0.991714
-0.987773
-0.991691
-0.999512
-0.354214
-0.944495
-0.99337
-0.973981
-0.995255
-0.830316
-0.978273
-0.986426
-0.989691
-0.977897
-0.997097
-0.945854
-0.857601
-0.991298
-0.981597
-0.926544
-0.86315
-0.471703
-0.861641
-0.729538
-0.198656
-0.942196
-0.999564
-0.928117
-0.914283
-0.976959
-0.63787
-0.9949
-0.997895
-0.981172
-0.978038
-0.922496
-0.996365
-0.977854
-0.993927
-0.926187
-0.745416
-0.983089
0.0947469
-0.981759
-0.882614
-0.981514
-0.972779
-0.989532
-0.948905
-0.973778
-0.958789
-0.865364
-0.841427
-0.872296
-0.98852
-0.997405
-0.970408
-0.990805
-0.875926
-0.841482
-0.943897
-0.978507
-0.999239
-0.893965
-0.759119
-0.952244
-0.405308
-0.951162
-0.878494
-0.733899
-0.795903
-0.961839
-0.910275
0.355011
-0.972603
-0.972234
-0.977176
-0.98571
-0.970571
-0.95597
-0.725738
-0.996259
-0.927469
-0.910123
-0.968954
-0.857251
-0.524201
-0.975841
-0.946937
-0.999779
-0.944711
-0.978101
-0.943742
-0.998397
-0.990767
-0.969643
-0.921153
-0.949536
-0.981197
-0.945168
-0.977757
-0.137489
-0.971321
-0.909994
-0.998412
-0.936415
-0.994201
-0.933665
-0.908471
-0.978768
-0.993107
-0.997472
-0.96842
-0.915489
-0.878653
-0.799969
-0.996726
-0.816905
-0.999701
-0.992968
-0.900067
-0.143977
-0.965093
-0.961159
-0.906763
-0.93172
-0.999524
-0.61425
-0.858964
-0.903803
-0.878664
-0.992023
-0.906046
-0.987713
-0.490173
-0.843221
-0.853791
-0.952395
-0.987858
-0.955082
-0.952719
-0.984569
-0.811483
-0.921042
-0.993264
-0.949131
-0.988372
-0.98451
-0.459517
-0.983146
-0.969005
-0.666901
-0.919654
-0.966083
-0.980101
-0.981595
-0.918918
-0.842917
-0.947922
-0.921542
-0.51606
-0.558835
0.50254
-0.991652
-0.941783
-0.907661
-0.874584
-0.999328
-0.947682
-0.943905
-0.979691
-0.939042
-0.981268
-0.939838
-0.983213
-0.888816
-0.938851
-0.873554
-0.750872
-0.89898
-0.974931
-0.952884
-0.819032
-0.995428
-0.747216
-0.890363
-0.906311
-0.913779
-0.913326
-0.889062
-0.971685
-0.957546
-0.902849
-0.889293
-0.959454
-0.989066
-0.952819
-0.769467
-0.486692
-0.964052
-0.886335
-0.919537
-0.982164
-0.622238
-0.864613
-0.974619
-0.987336
-0.996873
-0.842302
-0.969589
-0.98465
-0.927406
-0.967864
-0.982182
-0.987459
-0.998413
-0.988553
-0.983518
-0.998196
-0.99019
-0.949207
-0.959933
-0.992292
-0.962219
-0.974428
0.386998
-0.98936
-0.924365
-0.746206
-0.994794
-0.965286
-0.93176
-0.978761
-0.99861
-0.953414
-0.990763
-0.991656
-0.908904
-0.89653
-0.999198
-0.999779
-0.995379
-0.99868
-0.991533
-0.98586
-0.997578
-0.89425
-0.894795
-0.998351
-0.974678
-0.932985
-0.959295
-0.97323
-0.975728
-0.999251
-0.983669
-0.88672
-0.957335
-0.935109
-0.968498
-0.987355
-0.819337
-0.985992
-0.978265
-0.869241
-0.986338
-0.96136
-0.939723
-0.98221
-0.964482
-0.990221
-0.995586
-0.999913
-0.98561
-0.556264
0.206602
-0.995806
-0.998207
-0.985805
-0.967373
-0.994571
-0.913394
-0.986178
-0.985853
-0.944604
-0.962666
-0.972065
-0.948827
-0.987338
-0.977327
-0.985942
0.203261
-0.918068
-0.993617
-0.993829
-0.894916
-0.95037
-0.845747
-0.942076
-0.893302
-0.992235
-0.970331
-0.915842
-0.872239
-0.80166
-0.951727
-0.737942
-0.827131
-0.998687
-0.9844
-0.941916
-0.89642
-0.954202
-0.999101
-0.993906
-0.999191
-0.991942
-0.671338
-0.982607
-0.996927
-0.966493
-0.916884
-0.986375
-0.990636
-0.836265
-0.994919
-0.885164
-0.545799
-0.990172
-0.996818
-0.938565
-0.87539
-0.962545
-0.979713
-0.975852
-0.995793
-0.738847
-0.563779
-0.89855
-0.995777
-0.951768
-0.985231
-0.975367
-0.900504
-0.886112
-0.848749
-0.609918
-0.949366
-0.943929
-0.760419
-0.943409
-0.98117
-0.957591
-0.973549
0.382957
-0.99024
0.515027
-0.979018
-0.968139
-0.993293
-0.99685
-0.975348
-0.923704
-0.899812
-0.940266
-0.983485
-0.988848
-0.999021
-0.948832
-0.986086
-0.951454
-0.962707
-0.725156
-0.565904
-0.98854
-0.798555
-0.973152
-0.976149
-0.831001
-0.92711
-0.687517
-0.890266
-0.185135
-0.85562
-0.908814
-0.99542
-0.98683
-0.995175
-0.930482
-0.997871
-0.987015
-0.99654
-0.443487
-0.954346
-0.924025
-0.91507
-0.981036
-0.776325
-0.991169
-0.916059
-0.912728
-0.996806
-0.950915
-0.923302
-0.954616
-0.970512
-0.654318
-0.86116
-0.982174
-0.885342
-0.423677
-0.757581
-0.829238
-0.983439
-0.878221
-0.998421
-0.453448
-0.857187
-0.998643
-0.991056
-0.991589
-0.996754
-0.990887
-0.998845
-0.963918
-0.977016
-0.787931
-0.726709
-0.998183
-0.908515
-0.994332
-0.968821
-0.788184
-0.990505
-0.983954
-0.978503
-0.994593
-0.991922
-0.93317
-0.990835
-0.849395
-0.97013
-0.991802
-0.997452
-0.9993
-0.992588
-0.999639
-0.999606
-0.924246
-0.945411
-0.86877
-0.967197
-0.965669
-0.999815
-0.930146
-0.947552
-0.89715
-0.91485
-0.968809
-0.940176
-0.673676
-0.817271
-0.437341
-0.880781
-0.994787
-0.988559
-0.984772
-0.995794
-0.95557
-0.972516
-0.970344
-0.957091
-0.975334
-0.82539
-0.993899
-0.991388
-0.883293
-0.90097
-0.975982
-0.977209
-0.986205
-0.997505
-0.990423
-0.98642
-0.8357
-0.999171
-0.995088
-0.921807
-0.983647
-0.990833
-0.928412
-0.979613
-0.98679
-0.85067
-0.983975
-0.973192
-0.997606
-0.99803
-0.966965
-0.964252
-0.955436
-0.989429
-0.789778
-0.403104
-0.837736
-0.992704
-0.941183
-0.984018
-0.470515
-0.605516
-0.694606
-0.960441
-0.991645
-0.913662
-0.955237
-0.89862
-0.964483
-0.671525
-0.661991
-0.724043
-0.835386
-0.948105
-0.996378
-0.956589
-0.968616
-0.992739
-0.867689
-0.99831
-0.92603
-0.933168
-0.983695
-0.997232
-0.990143
-0.979865
-0.160875
-0.795208
-0.652175
-0.882461
-0.973852
-0.916177
-0.991026
-0.939025
-0.903259
-0.56621
-0.669217
-0.967038
-0.906744
-0.97334
-0.987712
-0.866821
-0.963839
-0.992774
-0.991632
-0.739597
-0.916398
-0.978311
-0.945992
-0.971342
-0.976874
-0.995824
-0.970663
-0.987084
-0.963546
-0.987822
-0.994757
-0.99807
-0.838113
-0.909033
-0.990442
-0.995414
-0.989782
-0.932615
-0.949247
-0.992617
-0.90051
-0.911717
-0.880671
-0.94934
-0.89264
-0.975739
-0.939621
-0.984999
-0.985781
-0.973873
-0.996592
-0.985735
-0.987368
-0.44617
-0.986137
-0.980971
-0.967372
-0.971093
-0.999418
-0.682797
-0.855373
-0.921438
-0.950752
-0.881676
-0.575999
-0.945925
-0.995957
-0.996182
-0.661551
-0.920883
-0.946548
-0.984625
-0.530262
-0.992126
-0.686647
-0.657771
-0.953714
-0.950779
-0.959916
-0.980604
-0.987167
-0.991946
-0.987364
-0.883399
-0.961209
-0.889057
-0.919848
-0.978978
-0.998616
-0.625803
-0.962379
-0.99984
0.353438
-0.920268
-0.992061
-0.990644
-0.898525
-0.596491
-0.954197
-0.941297
-0.995243
-0.988484
-0.991047
-0.964978
-0.654587
-0.960236
-0.896236
-0.98491
-0.884121
-0.997346
-0.550929
-0.955344
-0.981012
-0.0541546
-0.933047
-0.999647
-0.999188
-0.933549
-0.875796
-0.927235
0.93976
-0.911869
-0.8703
-0.655079
-0.976353
-0.977566
-0.885267
-0.893607
-0.92474
-0.984384
-0.997861
-0.986807
-0.956913
-0.887528
-0.974301
-0.83668
-0.993578
-0.966163
-0.966811
-0.977087
-0.996479
-0.988323
-0.84285
-0.977513
-0.981767
-0.957652
-0.990389
-0.985546
-0.99585
-0.958867
-0.903798
-0.928995
-0.916515
-0.703204
-0.987671
-0.605172
-0.928936
-0.897284
-0.981257
-0.952607
-0.982129
-0.97046
-0.985513
-0.969937
-0.699587
-0.831822
-0.994386
-0.978914
-0.967041
-0.924413
-0.866218
-0.981668
-0.956779
-0.998169
-0.934291
-0.971334
-0.95179
-0.984306
-0.948347
-0.996738
-0.989455
-0.995816
-0.95743
-0.982845
-0.990608
-0.989116
-0.900582
-0.904262
-0.997051
-0.992305
-0.995913
-0.963033
-0.942739
-0.96335
-0.0970838
-0.989874
-0.928423
-0.888841
-0.900204
-0.749335
-0.912307
-0.744331
-0.986921
-0.99856
-0.997183
-0.9991
-0.987878
-0.923942
-0.92819
-0.972692
-0.944902
-0.940441
-0.956084
-0.935144
-0.876833
-0.788186
-0.71634
-0.98914
-0.99933
-0.963096
-0.982244
-0.786496
-0.963231
-0.866643
-0.81428
-0.849822
-0.962544
-0.763861
-0.995491
-0.959902
-0.922905
-0.837417
-0.836493
-0.849835
-0.990024
-0.968965
-0.986295
-0.985647
-0.94399
-0.905382
-0.992336
-0.990112
-0.924137
-0.931116
-0.980546
-0.923205
-0.885984
-0.981918
-0.993391
-0.950318
-0.981847
-0.996593
-0.974229
-0.913677
-0.878354
-0.973308
-0.979121
-0.999682
-0.100662
-0.817329
-0.92516
-0.848756
-0.865804
-0.976181
-0.768051
-0.646104
-0.955133
-0.952575
-0.960285
-0.87525
-0.916341
-0.984549
-0.980838
-0.868596
-0.972643
-0.981342
-0.982443
-0.969674
-0.965339
-0.826216
-0.917846
-0.99794
-0.996864
-0.866245
-0.918332
-0.971299
-0.975431
-0.973519
-0.993967
-0.922476
-0.884695
-0.812876
-0.945089
-0.938806
-0.367085
-0.991967
-0.790724
-0.989006
-0.965425
-0.847649
-0.937443
-0.955708
-0.978097
-0.980332
-0.991721
-0.995959
-0.992423
-0.984215
-0.989303
-0.996882
-0.984459
-0.974584
-0.975828
-0.973545
-0.993067
-0.958584
-0.993719
-0.186711
-0.880892
-0.872781
-0.982786
-0.996408
-0.986158
-0.985704
-0.996107
-0.977357
-0.0716691
-0.964548
-0.928326
-0.979095
-0.959522
-0.855129
-0.890407
-0.991205
-0.989662
-0.970914
-0.549209
-0.865529
-0.722644
-0.788892
-0.748298
-0.995792
-0.927045
-0.981706
-0.96221
-0.919358
-0.92909
-0.798071
-0.89133
-0.975317
-0.990797
-0.969863
-0.974911
-0.990173
-0.878829
-0.872303
-0.971842
-0.991845
-0.895625
-0.901611
-0.19375
-0.959757
-0.911552
-0.890105
-0.923604
-0.957925
-0.990445
-0.963527
-0.979536
-0.826646
-0.793936
-0.889998
-0.878323
-0.990672
-0.973685
-0.997956
-0.984431
-0.888235
-0.885033
-0.828764
-0.876695
-0.992571
-0.947176
-0.993546
-0.996534
-0.992286
-0.954913
-0.764216
-0.887315
0.665017
-0.354879
-0.988122
-0.879731
