0.490292
0.247912
0.11703
1.40461
0.704265
0.254398
0.271224
0.702155
0.856018
0.114456
0.108274
1.74039
1.53113
5.2082
0.435751
0.121717
0.349656
0.93021
0.253484
1.96309
0.100361
0.352459
2.39604
9.3804
0.414366
0.218411
1.29718
4.02549
6.08726
1.064
0.955569
4.41213
0.467897
0.27109
0.108521
5.26457
2.36487
0.455539
7.22253
0.176854
8.66729
0.458375
7.27126
1.87949
0.475779
0.965835
0.111526
4.04454
0.603171
8.81548
0.127891
0.715617
0.147485
0.828482
0.27793
0.581661
1.12182
0.166912
7.79983
0.314326
0.276952
5.38598
0.883328
0.390746
0.26384
0.144269
2.60732
0.411558
0.545684
0.562639
1.54104
0.204632
0.375102
0.452919
0.12986
3.60854
0.903781
1.35309
1.74561
9.3423
0.999629
2.20483
0.179172
1.63669
0.519622
2.8946
0.127045
1.09104
0.296169
1.27015
1.32417
0.138637
0.438257
2.32159
1.07195
0.158626
0.142156
1.63616
0.107243
1.81496
1.3775
0.217851
0.120737
0.529555
0.285483
0.974196
0.62514
0.364105
0.104792
3.03954
13.2438
1.13515
3.17175
1.97416
0.138725
0.143936
0.615742
11.5802
0.168846
0.140064
3.75476
1.8608
0.144943
1.13586
1.04625
0.863123
0.18475
0.115149
0.299285
0.160283
0.203194
0.529754
0.287069
0.360269
0.309683
6.59871
0.107361
0.162567
8.7439
0.169832
1.1555
1.36083
0.110012
0.13426
2.0797
0.238883
0.138204
0.524754
1.2792
0.346982
0.233582
0.285821
0.277028
0.151776
0.252391
0.319651
4.57315
0.23351
1.00102
0.156884
0.400127
4.31269
0.19445
2.88742
0.294829
0.252154
2.17698
0.23701
2.81589
0.200589
0.468477
0.144119
0.612922
0.389573
1.14097
0.232985
0.582178
1.25524
0.137682
0.140775
0.202321
1.16951
2.51023
0.174625
0.406892
0.239252
0.352832
1.01331
0.634102
0.57814
0.137194
0.241857
0.648431
0.72079
0.354588
0.516299
0.661066
0.379114
2.49416
0.179949
0.190038
0.11776
0.360049
0.321471
0.655195
4.45745
0.101433
0.602579
0.133511
0.28907
0.965443
1.63647
0.27668
0.34003
0.185169
1.27933
1.86435
0.180811
0.800852
0.116332
0.548906
0.494076
0.481451
0.330788
0.118735
0.539449
0.124021
0.159128
0.124793
0.163736
0.1497
10.6925
0.219707
0.765444
2.66667
0.168544
0.405454
0.201301
0.305678
2.56783
1.31684
0.146543
0.650956
0.306139
0.740427
1.62838
1.52845
0.955118
0.132821
4.15052
0.287998
0.761466
1.26459
0.143625
4.31339
0.294003
0.269036
22.4222
0.873296
0.369631
1.2852
0.143258
1.17712
0.198715
1.05682
2.6707
0.316066
0.123881
2.02284
0.676308
0.150693
0.792526
0.103106
0.195423
3.39342
1.6266
0.226831
2.58179
0.225576
0.17541
0.336786
0.699022
0.327453
0.53711
4.07001
0.363616
0.751713
0.856511
1.25874
0.394767
1.17401
0.100546
1.20288
0.258094
0.408158
1.4529
0.227268
2.35944
0.308938
0.114729
0.628879
6.5389
0.522392
2.2255
0.107304
0.112181
0.676593
0.811507
13.577
0.199059
0.242904
0.478112
11.3619
1.00579
0.179494
2.34975
0.584943
0.419273
2.63301
0.552593
0.12499
0.273249
0.838823
0.393793
0.228411
0.764025
0.199538
0.12982
0.46223
7.94287
0.212521
1.50396
0.255324
15.4686
0.179425
0.166592
0.190864
3.14924
4.59122
0.172058
0.221241
0.55576
0.259972
0.116525
0.145186
0.275149
0.358664
0.193356
1.07931
0.122926
0.150509
0.248794
0.13648
0.3501
0.337489
0.104165
0.190959
0.127888
0.145614
0.234244
2.19874
0.230986
2.1652
0.116405
0.1221
0.230907
0.116331
0.553383
0.217376
2.5984
0.228628
3.10452
0.201731
0.110735
1.81351
1.66761
0.56391
0.15712
0.179705
0.10034
0.772485
7.66615
0.102321
0.254178
1.29938
0.398516
0.277638
1.10249
0.130927
0.133434
0.161209
0.512977
0.78506
1.15345
0.856213
0.766171
0.632526
0.137217
4.73163
0.71366
0.655925
1.55786
1.12788
0.738902
2.14324
1.04208
0.74758
3.17176
0.968515
0.431516
0.998422
0.231002
3.75162
0.152556
0.880662
1.34061
1.00037
0.638459
0.286595
7.4506
0.145035
0.330838
0.35569
2.54109
0.282566
0.437698
2.77664
0.179332
1.09771
6.97515
2.49026
0.525111
0.129549
0.672167
5.67518
0.35622
18.3913
1.70991
0.447443
0.138338
0.901176
0.653994
1.5129
1.43231
1.8906
11.6093
2.16738
0.262181
0.274823
0.176932
0.332372
2.16656
0.279296
0.118649
7.61264
0.186537
0.753147
4.85256
4.887
6.4424
0.426165
0.109089
0.135636
0.331062
1.03539
0.335504
0.336069
0.221132
0.172277
0.292208
14.5691
0.146948
11.5782
0.44509
0.601089
1.90889
0.313752
0.352987
6.80858
0.126109
0.820997
2.99657
3.19975
0.453636
0.190268
0.12748
1.05919
0.392663
0.129484
2.07578
3.37583
0.122206
1.68717
0.40104
3.04924
2.69802
8.88167
0.374586
6.76312
1.13711
0.21482
2.19418
0.180509
3.03625
0.482056
6.13597
0.25421
0.136526
0.801957
0.809786
0.324697
0.310441
0.490849
1.46011
0.264109
11.7364
2.406
5.86773
0.800879
0.19615
0.14146
0.21824
0.584144
1.27391
0.944221
0.313654
3.15991
1.98303
4.23947
1.41603
0.147387
0.960501
0.794894
1.14829
0.478158
3.13932
13.814
0.11824
0.114628
0.280678
0.11468
0.115663
1.43398
0.440553
1.69858
3.17803
0.58298
0.234136
0.369453
0.382455
0.110074
0.541434
0.17149
0.24886
0.130933
0.104448
0.255667
0.133339
1.39408
1.3798
0.323426
2.09134
0.111535
0.155452
3.01869
0.100928
0.330095
0.157842
0.175642
0.240319
0.461208
0.214444
0.272709
0.388066
0.377457
0.973812
0.221596
0.220942
0.939864
4.0887
0.337746
0.160387
1.18449
4.57396
1.95893
1.57543
0.744617
0.659492
1.89418
0.24181
0.20698
0.12558
1.46901
0.846095
0.26285
0.226387
0.418384
0.301539
9.79409
0.18906
0.99515
0.304023
4.24582
0.147565
21.6185
3.62024
1.07657
4.35316
0.21127
2.32339
0.948636
0.472535
2.00881
0.105946
0.281916
2.00469
0.155901
0.418704
9.65199
0.249775
0.629229
0.235634
0.41608
1.61541
0.183377
1.88265
0.50555
0.129658
4.74622
0.806072
0.203308
0.523567
0.315082
0.153021
0.930955
3.08
0.280576
0.139947
7.52233
2.59039
0.458852
0.193401
0.103819
0.987169
0.119998
0.380857
0.107615
0.300963
0.994104
5.7572
2.29517
0.163705
3.9549
0.165389
1.01475
0.34961
1.19433
0.293646
0.632857
1.67665
0.767672
0.357631
0.205742
0.11588
0.164375
0.711035
0.543806
0.22893
1.7858
0.53035
0.302916
0.689251
0.636675
4.10747
1.04362
0.268116
0.276434
0.306668
0.435465
3.88848
1.76803
14.5134
0.482427
0.120149
2.30347
1.58826
0.544729
1.90648
0.17223
0.334203
0.225434
0.554721
0.585641
2.23926
0.519292
0.975305
2.09845
0.114091
1.88818
0.427553
0.899817
0.44784
5.11553
0.151401
0.993412
0.165913
0.446225
0.372394
0.459515
2.39825
0.908998
0.134369
16.1114
0.372196
0.194027
0.146518
0.427634
0.134079
0.93484
0.176658
0.105917
0.745915
0.198011
0.383914
0.320602
0.248234
0.610951
1.11987
0.68287
0.574882
0.560476
0.113315
0.112124
8.1509
0.165022
0.631005
0.451476
0.197633
0.159906
0.346852
0.322153
0.400713
0.533581
0.232553
0.215308
0.113537
3.04744
0.72036
0.133183
1.22689
1.64075
0.101904
0.177191
1.95612
0.108086
0.308617
2.00832
7.12385
0.383467
0.106536
0.917853
0.19678
0.512756
0.930976
0.300906
0.128164
0.251316
1.7999
1.39595
7.39307
1.19212
6.05824
0.22881
0.126546
0.112959
0.983306
1.96832
0.164958
0.228571
0.180256
0.287377
0.179109
0.628856
0.683681
0.388613
0.181238
1.29821
0.5705
0.138469
3.95426
0.211753
0.297669
0.850005
0.189913
2.20361
0.728272
2.11719
0.529607
6.70041
0.533575
0.138796
0.207441
0.305639
0.110902
2.39048
0.66879
0.363971
0.797793
0.463889
1.17964
0.112495
0.683727
0.117896
0.188956
1.00506
0.121281
1.80565
0.469966
0.279976
0.139491
0.40366
0.22952
0.109031
0.311488
3.10402
0.892535
4.54005
0.155538
0.441294
0.680873
0.146797
4.16248
0.314185
1.20213
0.567504
0.134973
0.637511
0.712548
0.846221
3.94252
0.117966
0.574244
0.140704
0.141813
18.0278
0.150701
0.30459
0.71525
3.99053
0.552429
1.01284
0.401496
0.194046
0.813441
0.116452
0.890874
0.151267
0.981715
0.235087
0.204896
12.4422
0.339543
0.310793
4.64027
6.80772
0.65485
0.133589
3.10276
0.509629
0.190434
0.10041
0.236304
0.13423
5.39781
0.220158
0.303337
0.394191
6.09167
0.447441
1.61271
0.13489
2.60338
0.788084
0.915477
0.780315
0.196946
1.19607
0.230721
0.193803
2.49657
17.856
2.23919
1.57033
0.147866
0.276312
0.114619
0.288427
0.319923
1.28735
0.299612
0.829631
0.105749
0.892497
4.02929
0.100252
0.626683
4.51061
1.58401
0.223836
1.45294
0.112204
4.88049
1.31998
0.222313
0.309113
15.316
0.555853
2.56004
0.169524
0.396573
2.37534
0.141247
0.22389
0.259924
0.285292
0.171297
0.321779
0.251952
2.06652
0.228552
2.8629
0.857995
0.764425
0.109879
0.318542
0.619534
2.39709
2.94353
0.659958
1.12577
0.928034
0.183164
0.149292
0.130124
4.28969
0.112822
0.792174
1.49144
0.102998
0.115485
0.185158
0.928288
0.46501
0.357705
0.197903
0.156221
0.131327
1.48229
0.502038
1.14191
0.231663
2.37453
0.19107
5.04151
3.36998
0.747027
0.161909
0.101592
6.77075
3.6303
0.645788
7.96126
1.19607
0.103152
5.52874
4.47337
0.565055
1.27181
0.213224
0.261815
0.129102
0.116417
0.214524
0.123327
1.63473
0.98313
0.170312
0.156426
1.64057
0.17113
0.177979
1.76429
0.105139
13.2666
0.219661
4.84153
8.64458
0.20229
0.56944
0.598635
0.406924
0.140438
7.43431
0.496142
4.26371
0.241313
0.176
0.569081
7.85938
2.44442
2.19988
8.50207
0.452346
0.507147
0.170408
8.05247
0.345007
0.725242
0.124937
0.357226
2.70074
0.100197
0.242625
1.54189
1.86369
0.252396
0.320111
0.21213
0.250925
0.439308
2.05568
0.257124
2.9964
1.65061
0.264472
0.46197
0.143237
5.16429
0.385937
0.10326
11.479
0.189292
2.24468
0.164765
0.127655
0.160723
0.329786
0.111456
0.505602
1.9392
0.263414
0.107876
0.863501
0.112231
0.124509
0.579236
8.56382
2.61245
0.239647
0.182212
0.76075
0.639371
1.10394
1.33039
1.93064
0.416468
1.46767
0.427002
0.117529
0.177178
0.51978
2.58663
0.362563
0.214524
0.26823
1.42889
3.47293
0.14205
0.159038
0.209435
4.92512
1.74194
0.20726
1.25073
3.38557
0.195591
2.83028
0.159506
1.19923
0.104672
0.263126
0.189902
0.2644
0.38182
0.169634
20.8268
0.12133
0.291017
0.200323
0.285739
0.12608
0.197051
2.63939
0.209723
0.307782
0.157619
4.95239
0.271446
0.23209
0.328235
0.481622
0.634206
0.105113
1.93871
4.9522
0.195215
0.167462
0.104996
16.4111
0.399372
0.124677
0.118886
0.259701
1.69167
0.712879
0.229946
0.220802
1.32925
0.21325
0.226934
1.10671
4.63407
2.969
1.75238
0.247448
8.15981
1.26361
0.190347
1.32723
0.116935
0.74761
0.102194
4.79313
0.338128
0.214156
0.156182
3.69872
0.208054
2.50508
0.147828
0.651553
0.444815
0.255177
0.190029
0.12847
0.156114
0.927156
1.01603
8.00974
0.170373
1.67029
0.650463
5.95643
10.1965
0.155759
0.206541
0.255235
2.83536
3.46808
0.289177
0.367315
0.607131
0.178206
0.376369
2.26276
0.680332
0.215062
3.66457
0.41725
1.15588
0.675581
0.159625
1.07942
0.323214
3.41552
1.13417
0.147596
0.489003
1.21657
0.341326
0.910509
12.5854
0.247359
0.959668
0.383612
0.413141
0.116485
0.274017
0.409636
2.04397
0.105581
1.54386
0.582966
0.228121
0.349184
0.907674
0.17955
0.443463
3.1863
0.10811
0.694172
0.101004
0.137794
0.308801
0.543197
0.895896
0.250649
0.540844
0.552491
20.9695
0.150156
0.328222
0.231852
1.92784
0.378337
0.701961
1.88415
0.163956
3.90229
1.73985
0.128978
0.90634
0.110346
0.18879
0.848144
0.503989
1.40407
0.235444
0.214065
0.20831
0.457932
2.29046
0.438361
0.126419
0.617505
0.71216
1.86961
0.515866
0.21992
0.380927
3.42421
2.03196
7.64138
0.594977
0.195038
1.78358
1.49789
0.319737
0.124169
1.71572
3.47919
3.81691
11.8416
0.139476
0.179554
0.386482
0.849638
0.874977
0.119338
0.159823
0.331572
0.134248
1.64007
0.314524
0.948165
0.161036
12.7897
0.565723
0.238917
0.171725
2.80798
0.74846
0.561591
0.404835
0.111827
21.5681
0.614964
0.1771
1.30575
1.72666
0.858473
0.266242
0.641409
2.09713
0.634122
0.108505
0.137908
0.645358
1.06799
1.02132
0.177088
0.280468
6.62436
0.148574
0.289019
0.414467
0.188444
0.229482
0.822686
0.503289
0.162719
0.160743
2.33583
0.153829
7.49452
0.546828
1.04188
0.483865
0.201981
0.235813
0.211712
0.77376
1.52938
0.385509
1.00169
3.42619
12.1303
0.24808
8.98664
0.455025
5.43877
9.80958
3.8774
2.9461
0.130418
1.51762
0.212373
0.468511
0.106944
0.283085
11.4358
1.17236
0.328181
0.916906
0.224881
0.622847
0.195214
0.269136
9.35051
0.359713
0.114134
0.109636
2.15124
0.745972
0.126006
8.03877
0.137897
5.39357
0.172648
0.496073
3.22797
0.196232
0.131458
4.05881
11.5199
0.476881
0.240942
4.75989
0.195352
0.169012
0.742503
0.44729
0.381182
4.14489
0.209513
0.214746
0.160625
0.120191
2.6028
0.275821
1.04665
0.147795
15.4599
3.81184
0.813931
1.62785
0.188257
1.26718
0.261075
0.128954
1.73035
0.380146
0.160071
0.27032
1.53218
0.190804
1.18331
0.510038
0.136137
4.41579
1.69087
4.18509
6.56797
1.55923
0.116833
0.503466
0.575836
2.21057
3.5789
0.538763
0.760069
0.270129
3.92912
0.241827
2.51888
5.06937
0.143769
0.96324
1.84648
0.584617
1.598
0.138876
0.171859
0.303824
1.65573
0.662418
0.159398
2.05765
3.64799
0.1871
0.138745
0.123618
0.110936
3.44455
0.518366
0.191558
1.83259
0.90629
0.535645
2.0407
0.288429
2.4221
4.51532
0.814753
0.133279
0.577302
0.322629
4.34841
1.3731
2.52712
1.44685
1.37647
2.11292
0.246362
0.122769
1.28631
1.59635
3.17407
0.200654
0.302123
0.414255
0.10527
2.13601
0.42454
0.362277
0.603935
4.71596
0.263966
5.40828
0.142858
0.466069
1.27263
0.446184
1.02495
10.1273
1.20566
0.224868
2.07038
0.256248
5.6295
0.983773
1.67317
0.326516
0.154458
0.537562
0.322267
0.125424
2.01859
3.40086
5.46035
2.15463
0.319193
0.717403
1.49549
1.06386
1.97642
0.234417
0.28332
0.303374
0.679634
0.334052
2.50048
0.132517
5.54516
0.164643
2.94931
0.165377
0.532557
0.868546
1.78084
2.96156
7.92099
3.65366
0.765289
0.123857
0.396976
0.663023
1.49884
0.168942
0.217932
0.185854
0.137763
0.193288
1.29207
0.156507
0.58283
1.47681
0.23253
0.315681
1.11956
0.183175
1.88814
0.385169
0.477683
4.11259
0.239535
0.146391
4.14665
0.159925
1.10199
0.882852
0.934223
1.47917
2.75676
4.13252
3.1255
5.13503
0.825892
2.02308
0.215121
0.471609
0.416776
0.344979
0.885717
0.21958
0.861225
0.107099
0.312572
0.405303
0.79428
0.355677
0.163716
1.16201
0.108722
2.42768
0.606801
0.416404
0.165177
15.1755
12.2245
1.29331
0.435784
0.578107
0.415644
0.231438
6.04606
0.600136
0.983282
1.22518
0.122583
15.6717
0.345826
1.09258
0.969564
0.434574
4.94769
1.929
0.914845
0.317115
1.15722
0.137707
0.404401
0.567542
0.316964
0.269877
12.0591
3.10415
3.73031
0.186875
7.54309
0.220681
0.2194
0.325106
0.126476
0.118387
4.40065
8.37864
0.202403
0.291038
4.76599
0.138014
0.727647
0.192929
0.16492
1.29968
1.05791
1.39552
0.259729
0.252485
0.368409
11.1326
2.1466
0.149289
0.262771
0.892518
0.120296
2.11943
0.716681
6.26643
0.752685
0.172051
0.535229
0.361645
0.855526
2.69977
0.144814
0.286638
1.75975
2.07886
3.31893
0.199925
0.649238
1.38317
0.591531
1.91822
4.40356
0.246455
1.30494
8.17272
0.211382
1.1296
6.56332
0.100699
0.108098
0.132054
0.131606
1.71394
0.345582
0.155559
2.95099
0.655903
0.143583
0.418821
0.33447
0.290736
0.441929
6.48996
0.239768
0.569078
0.394397
0.14777
0.688988
0.131437
0.199887
0.249952
0.166214
0.116531
1.42051
0.22767
0.172564
0.795494
0.240337
0.150608
0.105901
3.30939
0.603864
3.92893
0.219787
0.149099
0.795986
0.278572
0.156193
0.47607
0.701443
0.129174
0.194004
5.56241
0.381602
2.97315
13.3809
0.197788
0.115505
0.10675
0.346295
0.17973
1.71397
3.02361
1.181
2.11116
0.103352
0.230849
3.52156
0.202284
0.178075
0.156962
0.165918
0.303006
0.19829
1.44482
0.113589
0.796611
0.113262
0.331555
0.144978
1.60983
2.39642
1.05713
0.155048
9.94597
0.655249
0.224941
2.03466
1.02641
0.758807
0.560138
0.38587
0.197251
0.414127
1.74677
5.4477
0.103565
1.94661
0.533472
0.266918
0.258884
0.103493
0.687947
4.625
2.02604
1.81656
0.989982
0.553911
0.162131
0.174351
0.130893
0.305813
0.378926
1.42117
0.304092
30.8629
0.102127
0.732466
0.877389
3.43737
0.237037
0.365189
0.778388
2.08792
1.16541
1.18881
0.167984
0.208053
0.183654
0.107183
4.35405
1.43145
0.273009
0.107586
0.254849
0.15833
1.05062
3.37399
0.413866
0.222518
5.39499
0.29222
0.583473
0.143529
0.14199
0.376301
0.541202
0.100358
4.75095
0.211343
0.63688
1.21017
1.53183
1.28555
0.282443
3.7748
0.812327
0.240628
2.95026
10.2761
0.31746
0.970556
1.13956
0.255204
2.55537
0.119154
2.4253
0.644999
0.695909
1.41842
0.123247
0.192714
0.658879
4.55807
0.107736
0.258963
0.505457
0.912314
0.144319
9.10601
0.136041
0.259485
0.297972
0.283375
0.217617
0.999466
0.398101
1.38554
0.229498
4.16507
0.268666
0.102129
1.52039
0.11883
13.2674
0.798156
0.314147
0.828887
0.19708
0.449202
0.125232
0.116137
1.08406
0.456604
4.48991
0.102185
0.389245
0.127674
1.37059
0.288037
0.751387
0.375484
0.157698
4.48638
0.158748
1.05467
0.241657
1.43535
4.00341
1.75525
0.122905
0.160251
0.23244
2.52093
0.603468
2.57463
4.48465
0.418598
0.102868
0.839567
0.217096
0.76829
0.373467
1.26559
0.183822
3.66438
0.928541
0.303302
0.417456
2.80601
0.421676
1.43804
0.951653
0.514004
0.129869
1.03373
0.36783
0.113534
0.103093
0.662139
0.18803
0.691335
1.75606
10.261
0.680872
3.83436
0.225127
0.20302
16.2839
2.57612
0.231388
2.3331
0.716601
0.234225
0.126182
0.132072
3.01952
0.132593
0.111279
0.337415
0.25462
0.134431
5.98202
0.22072
0.193873
0.679227
5.29775
1.55073
0.106304
4.13238
0.610573
2.81109
0.132878
0.435665
1.01427
0.829629
2.95328
0.843031
0.133009
0.306927
1.06476
5.71112
0.107169
0.265943
0.1032
0.182009
6.6698
0.156712
0.672972
0.170152
1.76461
0.537686
1.1737
1.26164
0.383597
0.110763
0.184931
0.143497
1.12582
2.90612
0.100957
0.989147
0.115234
0.604524
1.30523
0.379991
1.06725
1.51042
1.13273
0.419355
0.176088
0.291111
2.19654
0.924163
0.58283
0.212402
0.188643
0.24268
0.301676
0.859357
0.790872
0.135657
0.315819
0.572687
4.80853
0.317217
11.2497
0.694105
2.21743
2.5691
1.15105
0.663501
0.327871
2.68918
1.6579
4.67248
3.46332
0.927228
0.926965
0.406204
1.03908
0.461799
1.44139
1.49072
1.30001
0.327241
0.614326
3.00932
0.328136
0.165393
0.128489
3.40697
0.832828
1.12321
1.50416
2.59839
0.603805
7.18214
0.108099
0.680053
0.224814
0.191949
0.108743
0.138029
1.18577
3.19941
3.25411
0.475557
0.116577
0.885625
0.124365
0.919327
0.582204
0.52732
0.119925
0.659278
0.191553
0.451361
0.617675
0.795549
0.133181
0.137242
0.294874
0.15772
0.201746
0.208093
0.136135
0.193265
0.282981
1.6641
2.43386
0.136432
0.223142
1.2414
1.37007
0.259047
0.999447
0.148951
0.560928
0.595668
1.11985
0.329464
0.183792
5.04653
1.94703
0.123413
0.66782
0.319475
2.15037
8.89324
0.755069
18.7501
1.43108
2.59062
0.190239
16.9289
0.365127
0.202638
0.655432
0.391964
0.750269
0.584317
0.402504
0.221864
0.221787
2.34031
3.93879
1.62537
0.757044
4.29827
0.607587
0.383904
0.112785
5.86337
0.17716
0.309211
1.96936
4.2583
0.145637
0.490451
0.104886
1.04298
0.649607
1.25688
0.291482
0.606047
22.0087
2.56119
0.511097
0.227369
0.207998
0.260737
1.69351
0.55467
1.41366
1.49531
0.763631
0.432502
1.98985
1.50609
0.115674
0.147182
0.899218
0.193558
0.69494
4.15876
0.868313
0.599463
0.141107
1.11089
0.622691
0.30764
0.386172
1.31923
0.123358
0.276545
0.110673
0.171967
6.77374
0.341423
1.22386
0.239642
0.102072
7.53501
0.192995
0.633106
0.111442
0.47231
3.52191
0.567943
0.230194
0.201085
0.170623
0.287971
0.176126
0.686482
0.296769
0.239545
0.536082
4.81651
0.274717
0.7156
0.569033
2.12949
1.42515
2.23967
0.418588
4.43361
4.22669
0.835105
1.39773
0.263864
0.158514
0.323938
0.117024
1.16243
1.04332
0.336856
4.16584
0.162892
7.31238
0.835154
0.257905
0.245402
2.45534
0.834972
0.12206
0.17873
1.12439
0.359941
0.679813
2.51975
0.174681
0.412774
0.100357
5.86144
0.142802
0.2101
0.795382
1.12209
0.230511
1.07329
0.479713
0.129644
0.428809
8.57281
5.06468
0.215789
0.268759
0.110634
0.703787
0.191688
0.216746
0.154719
0.486629
0.290668
3.60177
0.217073
0.187185
6.36054
0.149802
6.89563
0.136974
0.106287
0.300521
1.07864
0.292624
0.247511
2.03924
0.970395
0.540489
0.274386
0.138261
0.16769
0.120501
0.156928
0.131369
0.477478
0.236103
0.288547
0.149537
0.969457
0.170381
0.143456
0.100439
0.600904
0.886767
7.48869
0.100367
0.103718
0.397334
4.15158
7.94317
0.45439
0.625003
0.168993
1.02447
3.3187
2.07165
2.41579
0.158804
2.71991
3.92557
0.180804
0.583181
0.571434
0.145444
0.111462
0.946759
0.245284
0.520937
0.112632
1.01322
0.527691
0.176502
19.4128
0.496674
2.0208
0.117233
10.7819
0.184413
31.0032
0.106437
0.760584
4.46524
0.136537
2.70912
0.95084
1.31178
0.315982
0.115903
1.20742
0.311764
0.120416
4.3735
0.130193
0.338263
5.12066
0.103741
0.140162
0.128725
8.85882
0.249289
10.7976
0.324297
0.130067
0.131805
0.388443
0.14928
0.137076
0.267668
0.968144
0.375486
0.205149
0.12528
0.165033
3.72149
0.120704
0.145812
0.111794
0.132762
0.295982
0.156321
0.496425
5.62787
0.989514
0.297376
0.902235
0.426871
0.175712
0.159192
1.10682
3.75365
0.282247
0.374942
0.12521
2.21164
0.811579
0.556634
0.773505
0.180362
0.675048
1.51024
0.112784
1.40936
0.988106
0.298102
3.15593
0.374183
0.296417
0.94587
8.92887
0.581223
0.238745
0.131043
0.837441
0.669388
0.157987
2.65819
0.456037
2.11191
2.52921
0.512226
1.6505
0.84868
0.887985
0.117584
0.418054
0.126423
0.222871
4.75688
0.130773
0.196585
0.164122
0.145702
0.145365
0.298642
0.561283
3.95233
0.185009
0.867419
0.321286
0.15855
13.1616
0.127004
0.493808
2.83821
1.89044
0.154695
5.94824
0.16129
2.75829
3.87883
0.104985
0.516491
0.216222
0.204395
1.39426
1.32139
0.60142
0.225475
0.131981
0.18037
0.940556
0.619415
0.53818
0.176565
0.539362
0.921337
1.84415
0.171715
0.166404
3.27151
0.145386
0.368986
0.184168
0.201058
0.541499
0.173123
3.69215
0.146199
0.624144
0.458144
0.209076
0.187327
0.100697
0.296947
0.16265
6.67266
4.90266
0.140539
1.02403
0.24373
3.43134
0.404133
20.4316
3.37904
0.249246
1.00554
1.46694
0.170703
1.13015
0.135945
0.124471
0.1649
1.99708
6.66546
2.52112
0.854067
1.79886
0.241975
6.14542
0.2406
2.36976
5.58078
0.981831
2.24303
0.886961
0.121463
0.263356
0.13914
0.61045
0.894469
0.949698
0.138503
4.32719
0.763492
1.29644
0.175301
1.59106
6.22835
1.35329
1.08969
1.03859
1.23439
2.35417
0.100553
0.236154
3.74886
0.384274
0.339872
0.592599
0.212006
2.08852
0.21568
15.927
0.126012
0.562337
0.184992
0.230905
0.494971
0.807274
2.91043
0.188502
0.15048
0.107741
0.309812
0.114836
0.110767
25.8888
0.48601
0.138854
7.40837
0.872262
2.81353
0.240628
0.151685
0.11358
0.184023
0.158029
0.145522
0.196555
0.140165
3.93271
0.101278
0.119989
0.111327
0.463508
0.339946
0.703169
0.280224
3.69331
6.86071
0.173822
0.170198
0.939562
0.187269
0.548204
1.05445
0.30759
0.908105
0.670536
3.51933
4.99193
0.106087
0.219128
2.71112
0.493132
1.03538
0.46554
0.186951
0.145315
0.728964
0.455641
0.608103
0.427106
0.145364
0.168428
0.491942
0.163196
1.3755
0.175641
0.130681
0.187876
0.347965
0.131812
1.64937
1.18389
0.44406
0.105622
0.182278
0.328516
0.149503
1.0697
0.761687
0.448281
0.116125
4.04013
0.33519
0.149583
0.481855
0.114971
1.24446
0.142285
0.448507
0.144099
0.197321
1.63634
0.103147
0.29201
0.29055
0.401567
0.793894
0.227828
0.51193
0.12006
0.840416
1.24088
0.279539
0.826941
0.497361
0.835192
0.400972
6.51186
1.05472
0.260044
0.813075
0.119843
0.109735
0.139729
6.13224
0.102101
0.160883
0.332472
0.746479
1.76306
0.325978
0.123128
0.728614
0.708626
0.475991
1.61221
0.199106
1.66301
6.48949
0.334339
0.270023
0.556405
0.776591
1.40759
0.170528
4.40362
1.52553
0.38185
0.122771
0.11634
3.12807
22.1442
0.179009
0.917435
0.65474
0.33748
1.80242
0.326055
0.316766
0.325775
0.102075
0.626909
2.69939
0.136215
0.117843
0.18965
4.19289
7.6922
0.348021
0.803014
0.141317
2.01815
0.133981
0.7783
0.524759
1.07805
0.209199
1.40387
2.15653
3.29007
14.548
0.117416
0.33255
1.00566
3.28374
0.115314
2.82884
1.34985
0.523754
0.560117
0.258514
1.19766
0.651162
1.03457
0.697082
7.56714
0.767428
1.51318
0.143655
0.28314
0.571662
3.57907
2.42538
0.965993
1.04713
1.41175
1.81559
6.74205
0.378622
0.101712
11.4776
0.232309
0.575688
0.695632
0.117571
0.730784
9.45439
0.271248
0.28555
0.557852
5.92007
0.579439
0.283656
0.22709
0.847687
5.86493
1.29351
0.267078
5.81524
0.586079
0.574468
3.68001
0.346753
0.565215
0.290691
5.81188
0.144734
32.4538
0.17132
0.251342
0.142679
1.97795
0.558644
1.74785
0.273692
0.134744
0.146537
2.7929
6.53619
0.159876
0.339382
0.293608
0.364143
0.928158
3.48519
3.3554
1.03065
15.4115
3.57493
0.490539
0.541039
0.307869
0.163528
0.162711
0.212964
0.198317
0.297763
0.406143
2.61304
0.106658
0.347381
0.507461
1.08252
1.26559
0.815236
3.16328
1.82674
0.831394
0.789152
0.130765
7.3375
5.83364
0.63947
8.91104
0.122563
0.453727
0.188667
0.273783
0.556713
0.394623
0.137105
0.653106
21.1216
0.554492
0.488819
0.188463
0.147171
0.14802
2.3331
11.2355
0.342092
0.199028
0.297377
1.1207
0.141222
1.88804
0.117481
0.469514
0.222628
4.9335
0.158219
1.48694
0.489905
0.797027
1.08685
2.06905
0.146694
0.595796
3.27216
0.4361
0.85556
8.92758
0.249992
1.56126
0.146099
0.131928
0.360579
0.155206
1.11219
4.57015
0.233106
0.116292
0.240333
0.285857
0.156199
0.543056
0.277845
0.293403
0.259779
0.278651
0.204901
0.148005
0.727127
0.110313
23.6606
3.32448
1.53541
0.377259
0.150311
0.383815
3.24043
0.948568
0.316945
0.347441
0.11922
0.473802
4.79058
1.32894
0.295031
0.339821
8.23097
2.67537
0.30435
1.75962
0.193389
1.98714
0.520881
1.11202
0.426116
1.3511
0.276675
1.08979
0.428097
1.00442
0.270562
0.110774
0.63438
0.179459
0.222012
0.335312
0.649335
0.589389
0.275552
0.305258
0.708885
1.57369
0.387843
0.37294
3.22647
2.09245
0.114775
8.13633
5.70442
0.317447
0.345662
1.73837
0.102678
1.16058
9.11203
0.162822
0.158957
2.36807
0.233881
0.123689
0.110918
0.444119
0.401593
1.31555
0.167956
0.769962
0.128785
0.260463
0.163415
0.389497
3.54589
0.873466
10.5463
3.89489
7.82393
0.477823
0.374012
0.434559
0.446745
0.593986
0.823256
0.21519
8.92718
0.656658
0.294828
0.194199
0.133849
0.197874
6.09716
4.05425
0.892132
1.72686
0.450376
0.730304
0.482047
2.12237
0.168256
1.16452
1.52272
3.05515
0.151332
0.745894
0.873948
0.216117
6.8091
0.196065
0.395898
0.525315
0.957038
2.21047
0.822872
1.22301
0.268181
0.148797
0.347569
0.153067
0.20359
0.163596
0.312585
1.30801
0.173643
0.211427
0.196846
0.127264
0.179502
0.138295
0.368361
0.268896
0.321113
5.17357
0.499724
3.20863
0.216608
4.77344
0.111547
0.278092
0.702566
1.02898
0.238406
0.55854
0.287206
0.119424
0.490035
0.284067
0.609157
0.159074
0.465491
0.360215
0.107628
1.04212
0.163454
1.11623
0.257728
0.106271
0.127033
0.162271
0.422386
0.113648
0.543731
3.14495
4.29389
1.67834
0.591205
2.20183
0.294555
0.132688
0.85643
0.743284
0.838121
3.12197
2.63253
0.7104
0.167514
0.146287
1.7378
18.8164
3.9652
0.582475
0.118271
0.352818
0.185079
0.596092
2.52392
10.6597
0.419565
0.256248
6.63555
9.45575
0.143654
0.174765
0.223531
17.2398
9.71241
0.47465
0.410074
0.629643
0.165554
11.1328
2.15255
0.755613
0.147853
0.761452
0.276608
0.498074
1.67224
1.10726
0.94051
0.139872
0.742398
9.67911
0.446836
0.695875
0.116677
0.628575
0.202274
0.20039
0.739438
0.154475
0.611564
0.934088
0.479082
0.14456
2.06579
0.151716
0.149731
0.439235
1.18613
0.163103
0.361072
1.24759
0.128832
2.60789
0.117608
2.46338
0.396918
0.119724
0.116709
0.950059
1.78223
0.133261
0.861221
0.206994
0.11699
0.141582
1.59846
0.437856
0.352563
0.141885
1.8496
0.982509
1.6838
0.133732
0.105724
0.245867
0.115359
1.07509
0.363918
0.377258
6.62074
0.119138
0.116383
3.29079
2.24283
0.410203
2.15416
0.149885
0.155773
0.228472
0.17542
1.1616
25.6729
0.369037
0.170644
0.190765
0.124532
0.133166
0.198876
0.25467
0.335232
0.939272
0.538395
2.1746
0.356279
9.96771
13.5877
0.181649
2.04258
0.142942
8.18913
2.12567
0.783624
0.191811
0.698214
0.491191
0.31128
0.101414
2.17641
0.837883
0.145225
8.18506
0.129811
0.105027
0.451493
0.276454
0.917607
0.152459
0.127715
0.392005
0.213987
0.437748
0.195853
0.26475
0.332322
0.971032
0.190054
0.249037
0.510381
0.160193
0.110319
0.897357
0.263627
0.166455
0.105616
0.351591
0.35961
0.355943
8.66888
0.146755
0.249132
1.06868
0.514246
0.651743
0.352099
4.80286
9.01177
3.47219
0.133325
1.84346
0.121917
0.465463
0.147192
1.10028
5.863
0.377733
0.278462
1.32557
6.33686
0.152953
4.0741
1.18841
9.93415
0.229091
0.477651
0.59337
2.73708
0.483245
0.552918
1.02834
0.588564
0.2361
0.226639
0.386304
0.492213
0.905085
1.92029
0.153577
0.244496
0.622715
0.679248
4.94499
1.68713
1.35068
1.98836
5.11983
0.187649
0.196904
0.85142
0.168197
0.125024
0.220766
0.764242
0.165286
2.46302
0.459736
9.00693
0.625633
3.9685
0.210059
0.21101
0.151931
0.190633
0.113885
1.66503
0.510934
0.685919
0.327506
1.07068
0.15436
0.29755
0.186903
0.897345
6.94013
0.825586
0.865879
0.53033
1.97149
6.60966
0.138956
0.136671
1.47812
0.819972
0.268776
0.423755
0.678981
3.48892
0.208818
0.141794
3.75575
0.490965
0.405993
0.114521
0.17994
0.741767
0.152324
0.12255
0.141956
0.137299
0.211929
0.486137
0.536649
0.220166
13.1758
9.03126
0.129918
6.23334
0.576112
5.13737
0.296026
1.40947
1.19601
8.47016
1.52702
0.304163
1.03823
2.73094
0.178155
0.18989
0.904068
0.254851
0.102099
1.15719
0.252851
1.8073
0.113026
0.375393
0.262746
0.62677
0.103374
0.151179
0.702721
1.61439
0.368905
5.98855
0.613379
7.13577
0.396442
0.56698
0.773529
3.42331
0.418668
0.169183
0.266411
0.737629
1.74612
0.494978
0.670084
2.31309
1.40607
0.116695
0.63587
1.6845
0.111059
1.35818
1.18607
0.241713
0.255813
0.223029
1.62402
0.242419
0.136457
0.558794
0.144719
0.512003
0.13235
0.116403
0.302874
2.03243
0.343594
0.126063
0.531706
0.731867
0.690697
0.153098
0.914205
0.18632
1.28027
1.83519
0.796021
3.7449
0.462303
1.99439
0.569828
0.584918
0.263894
0.405323
0.316832
0.346945
0.872981
7.53377
16.5152
1.09158
6.12025
0.230831
0.105435
0.481025
0.329636
0.311953
0.254005
0.910033
0.124519
0.254921
0.230758
0.174173
0.181689
0.129396
2.46886
0.843786
0.171787
7.66
15.5241
0.450972
1.52291
0.632975
2.87243
0.137671
0.23718
0.189995
0.180595
0.6985
11.6885
0.283515
0.304948
4.3294
1.05609
0.183681
0.341295
0.198587
6.1098
1.1979
0.234803
0.259923
0.117729
0.498849
7.85236
4.75439
2.30549
4.59657
0.108165
0.181501
2.98119
0.23758
1.01922
0.148988
0.123333
0.853911
0.466499
0.320862
0.756314
3.01955
1.30724
0.121463
0.191708
0.359557
1.00224
0.109208
4.34451
1.30225
0.373028
1.95125
4.88968
0.66511
0.159153
0.481777
4.23347
1.45111
0.115923
0.673991
0.214179
0.608062
0.279759
0.368363
0.209811
0.454797
0.334612
3.83489
1.28648
0.122519
0.120651
0.141941
0.916074
7.81063
0.104206
13.3507
0.28653
0.168696
0.188679
1.51874
0.133551
0.160581
0.554493
0.449611
0.919841
6.40523
0.37907
0.166661
3.42195
4.86242
0.18421
0.294158
0.736789
0.276531
0.170385
0.354218
0.128576
1.13793
1.27059
0.756636
1.85007
0.259397
0.106379
18.5275
0.128628
0.115086
5.20832
2.67092
0.112786
2.14442
0.996384
0.264476
0.877457
0.486825
0.651782
0.116275
12.5361
0.136839
6.53594
0.510042
0.167053
2.81962
0.145247
0.104669
0.638047
0.280948
0.380085
2.6083
0.117732
0.23252
0.305506
0.444303
3.46744
0.959405
0.91301
0.2589
0.107693
0.390388
2.18803
1.6953
0.826693
0.65461
2.49432
0.469328
3.30087
5.17522
0.201197
0.18007
4.00629
0.1232
0.96611
0.409103
0.593815
0.294552
1.9348
0.242737
0.11767
0.250985
0.328236
1.69199
0.42243
0.127803
0.499557
0.206923
0.147583
0.172685
0.102428
0.121689
0.413382
1.31363
7.53174
1.14619
1.82959
0.501847
3.21776
0.165436
0.131778
1.3357
2.91106
0.371122
2.04108
3.00373
0.976656
0.180937
1.243
0.66875
0.328787
0.155508
4.07511
0.245928
0.118994
3.3978
0.14898
0.591564
0.534335
4.67229
0.101729
1.95137
0.264452
0.142909
5.44867
0.35729
0.428001
0.228622
0.12706
0.318874
0.212422
0.142732
0.425339
0.141472
0.220992
1.26953
8.03549
0.204197
0.10167
0.924502
0.216038
4.43678
0.448219
0.131411
0.227177
5.19567
2.20222
0.167598
1.53069
0.436553
0.453085
0.351694
3.71634
1.6407
0.111093
12.5677
1.9274
0.114948
0.11231
2.01037
0.171758
0.120161
0.176681
1.88222
0.195724
0.592259
0.154909
0.611664
0.321962
0.266482
0.247527
0.222543
0.539154
0.163662
0.794551
0.172092
1.03627
0.194407
0.105535
4.72773
0.269584
0.248422
0.837351
4.01995
0.159565
0.538707
1.28787
0.136579
0.121837
10.0816
0.348885
4.47299
5.89918
0.445627
1.07503
2.07723
0.137465
0.195521
2.8703
0.10393
0.301017
2.0622
4.10542
0.176783
1.09971
0.895409
1.59035
1.50254
0.506809
0.484346
1.36105
0.496728
0.246024
1.22986
0.105765
0.289945
0.26563
1.16129
0.184507
0.208302
0.132824
2.56344
0.166934
1.47412
0.277323
0.44856
0.124395
0.195753
0.469236
12.2353
0.114207
0.100854
0.125059
0.808964
0.596373
1.55244
0.213344
0.360364
0.103112
1.90123
2.00253
8.42335
0.896759
0.114993
3.31888
1.95271
2.44205
5.10467
12.5461
0.38412
0.114003
0.437079
1.45805
0.840381
1.05187
2.38569
0.135868
0.493628
0.116656
0.124358
0.107629
6.19267
28.0368
1.11929
0.617486
0.766176
0.14704
0.167454
0.161398
0.831655
0.103003
0.230066
2.17453
0.125272
0.138307
0.246321
0.515882
0.1783
0.336256
0.32294
1.39407
2.77628
10.7792
1.42154
1.355
1.04973
0.480344
7.21436
0.124364
0.214003
7.10833
0.572853
0.113041
8.41929
5.08428
1.88257
0.533728
0.327457
0.368547
0.680424
0.16141
0.259238
0.370092
0.494233
5.44941
1.3277
0.292567
0.343407
0.524179
0.197346
0.985488
6.40064
0.79502
0.197597
0.39651
0.464675
0.722105
1.74456
7.90052
0.457405
0.183538
1.06707
3.56668
0.107664
0.196913
0.466805
8.51511
0.214913
0.10257
0.190643
20.8431
0.179918
0.138794
0.143406
5.58383
0.409132
0.119438
0.380191
2.26492
0.551897
0.204832
1.97178
0.140782
0.231428
0.217543
0.18953
1.70658
0.710411
0.332578
0.195462
0.102883
1.42774
2.47655
0.178895
0.138286
0.446541
4.05875
1.09663
2.42772
1.17179
0.127213
0.623787
10.5141
0.182904
0.353166
0.591197
0.169068
2.32923
2.46256
0.12409
0.255676
0.159413
14.3191
1.15749
0.131475
0.698784
0.243959
0.100706
0.614758
0.47418
2.34756
0.458099
0.224289
0.356631
0.717668
0.209977
0.285759
0.477851
0.155167
0.318473
0.684976
0.107394
0.423864
0.219147
0.733991
0.358584
1.64477
0.358037
0.267373
0.158102
1.18834
0.119673
0.333794
1.59882
0.161435
3.5702
2.10905
1.06095
0.232604
1.23301
0.120479
0.566392
0.189029
0.198526
0.885503
0.325569
2.19012
0.794082
0.949436
0.512053
6.35009
0.109717
0.106256
0.135071
0.777444
0.15718
0.538319
0.12198
0.122461
0.602612
0.224658
4.38199
0.159917
1.03363
11.9934
2.62425
2.16572
0.249357
0.766134
1.68581
0.302894
2.21225
0.482292
0.279576
0.221175
1.08921
0.295341
0.162838
27.2575
2.76786
0.436548
1.25994
7.43661
0.142274
0.27357
0.995052
9.82053
0.895369
1.2557
0.706803
1.20735
0.192836
0.215659
1.23006
0.540658
0.107237
0.131881
0.626922
0.30605
1.37427
0.149697
2.0239
0.582324
1.1322
0.58724
0.320469
0.286548
0.243158
0.393784
0.376043
0.329425
0.598254
9.25226
0.865511
7.56046
1.00761
0.713814
0.49405
0.146394
4.44027
0.940395
6.07244
1.02752
0.14883
1.24783
0.147513
0.275616
0.181657
0.150603
2.70776
0.163869
0.104687
0.149913
0.844366
0.235518
3.2099
0.135639
0.113424
0.478004
0.361743
0.200943
0.138844
0.282542
0.951017
0.888356
0.130704
0.190933
1.41699
0.118168
0.166934
0.461679
3.92944
0.37129
0.136491
5.3031
1.49805
1.0135
0.112674
0.83791
0.833756
0.114351
0.101236
3.22119
0.229031
8.01256
4.1069
0.47112
14.467
1.13252
0.525668
2.95657
0.104461
0.137171
1.8945
1.63714
3.95731
0.227106
3.51686
3.83587
0.194782
1.1476
1.54988
0.62347
1.43674
0.283277
0.139331
8.32565
0.453446
0.951058
0.323343
0.319266
0.162086
15.0713
0.103337
0.161194
0.407955
0.138035
1.35397
0.474403
0.898782
2.40034
0.47565
0.405136
6.54045
0.169072
0.180645
2.0189
2.76984
0.140727
0.230701
1.67667
4.18777
0.140401
0.378131
0.967867
0.543287
0.213225
4.01373
0.128852
0.328781
0.413766
0.492475
0.175927
0.103982
0.173481
0.207527
4.77949
0.109111
1.121
0.688126
0.172873
0.184778
0.737082
0.742395
0.136828
7.60846
1.03881
16.9288
0.56682
0.103839
0.211082
0.514103
3.63004
1.17788
0.419996
0.330343
4.18203
0.206792
5.10469
0.180533
0.63165
0.100934
0.450791
0.115831
6.54629
0.212465
0.146409
0.235184
0.178459
0.225653
0.106859
1.04111
0.300392
0.10548
0.570867
0.3646
0.528449
1.2878
2.67562
0.520848
3.98418
0.493378
1.63495
0.213484
9.79933
1.81675
2.22839
1.93477
1.18685
0.421791
1.03681
0.404228
0.115277
0.465397
0.325842
0.290971
11.3691
7.39918
0.433017
7.26053
0.310374
0.465276
0.292909
0.162818
0.116226
0.136296
0.260106
0.604532
0.961534
19.0104
0.602338
0.108997
0.194116
3.80233
0.778463
0.156936
0.458478
1.18835
0.163737
0.510442
0.102178
0.262096
0.981725
0.406882
1.10268
0.361907
1.97522
0.37268
4.091
0.322103
0.203948
0.185584
0.575053
0.610905
0.112636
0.280113
0.686081
0.270086
2.13865
0.205661
1.29571
0.783744
0.347574
0.4597
17.8212
19.642
0.192911
0.51025
16.2981
2.93689
0.162948
4.26953
0.230402
13.0777
0.106518
39.1621
2.03992
0.111103
0.150609
0.600087
1.70743
0.288146
0.154587
0.12779
1.18276
2.59976
9.70694
0.489112
0.131872
0.710087
0.61468
2.09463
0.383646
1.92814
1.52412
0.11246
0.375663
0.151927
0.49664
0.649002
0.580904
0.635112
1.21581
0.116827
0.137594
0.194185
4.4891
0.747385
1.76106
0.517548
1.39045
1.49771
0.118088
0.14967
1.6545
0.486972
0.423131
1.7931
1.48739
0.450256
0.197274
0.116862
0.688815
1.68182
0.856218
1.26188
0.14651
1.15458
0.724099
1.12904
3.83238
0.3986
1.58381
0.364772
0.570201
0.186277
0.159197
0.113726
0.294811
5.36028
0.678551
0.911242
0.575421
0.443823
0.465873
0.639437
0.13929
0.192312
0.495077
0.371626
0.484553
0.560973
2.2282
0.566264
0.215287
0.122538
1.13677
0.280519
2.48652
0.115724
0.413381
2.61626
0.575643
0.263765
2.26838
0.143056
0.474445
0.132971
0.159281
0.106075
0.190225
0.217863
1.16632
1.25394
0.577039
0.254936
2.13974
0.60681
1.10471
0.42853
5.32543
0.470043
0.391782
1.41421
0.584906
0.267564
0.3567
0.269797
0.256802
0.475101
1.9889
0.776054
1.34295
0.547147
1.14505
0.102307
0.131914
0.101272
0.223041
0.336081
0.109146
0.966776
0.266328
2.1498
0.222533
3.52961
1.69266
0.128297
1.56533
1.44855
4.01599
1.41455
0.492847
8.15452
1.95205
0.118106
0.283301
0.274092
0.793031
0.136629
0.681763
7.15202
5.91706
0.151723
0.422413
0.40238
0.26928
1.24501
0.678843
2.76815
0.106144
0.983604
0.134064
7.60689
0.100745
0.202223
0.551434
0.138857
2.15395
16.4344
2.24329
2.84244
0.122195
0.55726
0.107509
0.894292
8.01915
1.76049
0.228546
0.818357
13.3095
0.247878
2.8092
0.126133
0.738031
3.82771
0.319466
0.51504
0.18242
6.24918
0.932849
0.961223
9.21454
3.46204
4.03363
0.244605
0.478149
0.201739
0.200424
10.996
0.115274
0.119068
0.209776
0.163346
0.614227
0.156353
0.222007
0.161745
0.239734
0.186195
0.113265
0.136134
0.609564
0.311901
0.91724
0.217702
0.141078
1.3044
3.69014
7.86237
0.817696
0.140494
0.473881
2.49454
0.553516
0.156602
0.117132
6.88786
3.43096
0.825015
1.44228
7.94085
0.360489
0.212502
1.6708
0.186554
5.21171
0.619097
0.115722
5.72773
0.512027
0.462627
0.229694
1.87514
0.540006
1.69226
0.417214
3.38606
1.06987
0.190776
0.160815
0.279141
1.57681
3.58622
1.25312
0.108039
0.409233
0.999331
0.391463
0.167999
0.274229
0.837294
1.26053
5.79516
0.170117
0.328315
0.715387
0.34215
0.243364
0.131131
8.82893
0.120825
0.362011
1.67719
2.76842
1.75296
0.141341
0.127588
0.109593
3.12222
1.23902
1.01595
0.163977
2.12281
0.258878
0.605449
3.92521
0.567651
3.85176
4.1039
3.46775
0.609991
0.600828
0.101428
0.819902
1.24246
1.20084
0.104167
0.287761
5.84549
0.387688
1.48916
0.943794
2.30459
0.290843
0.23377
0.657184
0.218375
1.17226
0.64652
2.2367
2.29572
0.226676
0.255086
0.257848
3.04692
0.535414
0.382401
0.227001
0.190187
0.19086
0.341941
3.02488
0.415577
0.251711
0.917011
0.332723
0.57746
0.104684
2.58561
5.57533
0.773681
0.333019
1.0206
0.722655
0.642253
0.21222
0.135409
2.2312
2.28204
0.287233
0.226827
0.20451
0.185377
0.312689
1.96284
1.83079
0.455013
3.77123
0.112761
0.445886
1.07769
0.153515
0.15972
0.145816
0.632365
0.11772
1.88301
0.201282
0.399071
2.16975
0.228411
0.118875
0.140645
8.80189
1.00617
0.422755
0.144685
0.154386
0.940677
1.43445
3.57158
0.65462
0.690606
0.433067
1.104
4.02692
0.160099
0.193647
1.41988
0.104684
3.16922
0.191652
3.33366
0.188937
0.923108
0.108784
0.823089
0.316834
0.426395
1.92964
0.175549
0.107448
3.16371
0.179171
0.412604
0.346677
8.84318
5.21414
2.18435
0.137422
1.68161
0.162376
0.100772
0.232855
0.23677
0.316822
0.250934
4.30156
0.121045
0.635518
0.151175
3.1406
0.555734
0.132013
0.309575
0.288175
0.111515
2.47326
0.135588
0.846468
10.5976
0.53985
2.65802
0.185747
0.583398
0.260078
0.81508
0.107785
3.20315
1.66936
8.04748
1.56469
8.94927
0.297396
0.252068
0.44546
0.115005
1.42726
0.599175
0.106833
1.69789
0.258344
3.11706
0.102029
1.16979
0.149733
0.14865
0.262218
0.362234
3.07493
1.01295
0.142522
0.508095
0.416665
0.131682
0.177257
0.410381
1.77961
0.729604
0.302755
0.484786
2.82466
0.241933
1.30237
0.174427
4.49783
0.108119
0.246021
0.321213
1.94005
0.108052
0.177363
0.632662
7.63521
0.431349
0.718004
0.618744
0.343464
0.167159
0.206453
0.122938
0.790674
0.104936
0.594407
16.5305
8.48108
0.21948
0.10923
4.83142
0.154236
1.25111
0.183303
2.47949
0.104666
0.222598
0.343717
0.378542
0.120602
0.459466
4.43169
1.44763
0.626254
0.109332
0.268975
0.339144
0.156821
0.17168
2.53078
0.107952
0.116756
1.271
1.45745
0.113057
0.450694
4.47341
0.13253
0.534344
0.207175
1.1233
5.20451
1.01291
0.45918
2.27027
10.0399
0.210826
0.276245
1.84225
1.06285
0.187749
0.432442
0.699694
2.19427
0.265494
12.1631
4.73729
0.433737
0.11403
0.43198
0.111309
1.30584
0.103794
0.562268
0.380021
3.5516
0.307363
0.239411
0.758032
0.759969
1.36718
1.2833
0.136292
0.238349
0.115146
2.29211
2.97916
2.57021
0.236812
4.8364
0.409542
12.7188
7.0274
10.8698
2.63396
0.183511
1.32253
5.48603
0.497014
3.50906
0.147564
0.329063
3.80295
0.798754
0.169753
0.693106
3.0626
0.105995
4.93308
0.218035
0.173122
0.331479
0.122787
0.246523
1.93811
0.279807
0.294541
0.167406
0.136993
0.259449
0.149132
0.789148
0.200594
0.261534
0.107536
0.279587
0.266579
0.162104
0.249403
0.107009
0.349192
0.260726
0.599919
2.60743
9.55696
0.485282
1.68136
6.3117
0.104737
0.225955
4.9844
0.586629
1.26902
27.6206
0.291878
4.65129
0.89116
0.116415
0.413569
0.130998
1.36463
4.96907
0.691654
8.76064
0.23375
2.28605
2.31887
0.109348
0.131082
0.531123
1.09309
0.195991
0.207877
0.117203
1.07582
0.618883
0.233258
0.297616
0.215705
0.866615
2.48428
1.2534
11.1125
0.328992
0.103408
0.178529
1.769
3.65513
0.227098
1.8103
0.316857
5.09586
0.201828
0.532486
1.27402
5.18727
1.67504
4.6931
3.53615
0.300841
0.133655
0.8453
0.192003
2.37292
0.221829
0.174107
0.22556
4.69652
0.46191
0.224772
0.170296
5.84882
0.358815
3.2019
2.7235
0.162006
0.113241
6.34775
0.320937
0.203049
16.6467
2.58077
1.63764
0.847786
0.942226
0.493616
0.102169
0.238801
0.371215
8.02934
0.271776
2.28899
0.204772
1.65364
1.63671
0.138955
2.48795
0.645101
0.20298
2.11362
2.04932
0.322006
0.268913
0.404167
0.167417
2.03786
2.9161
0.149668
0.690455
2.56828
0.374034
1.15371
0.84271
0.124248
0.179715
1.01914
0.161534
1.63613
2.4562
0.208783
0.39306
0.241013
1.20073
0.493296
0.184137
0.48988
1.18362
0.246048
0.405823
0.267992
3.18647
0.205897
0.277282
1.32456
15.3908
1.56941
0.952317
0.286351
1.65658
0.250261
0.781332
0.161179
2.35354
0.113805
0.189094
4.1196
0.107769
0.382847
0.168923
0.745759
0.797573
0.177227
0.322285
0.916557
0.964351
0.218232
0.161559
6.17923
0.372657
0.812101
0.177644
0.150259
1.47784
0.252955
0.881179
1.04591
2.63624
1.42669
0.161705
0.252662
0.175966
0.602476
0.342239
0.467616
0.119274
1.21457
1.1464
12.4307
2.9129
6.60683
0.642247
0.791683
0.342742
0.591095
19.7096
7.53043
0.886118
0.487244
0.159069
2.90971
6.97541
0.24167
0.266483
0.247673
4.00984
0.140249
0.173525
1.94029
1.54816
0.13943
0.819603
0.163515
3.36238
4.44725
0.394905
0.167366
0.375242
0.127146
0.148779
4.65215
2.27817
0.354655
0.780403
0.552812
0.136845
0.485141
1.26116
6.8506
1.66464
0.960192
0.280736
0.150561
0.163468
0.230811
0.121174
1.07963
5.9475
0.251357
0.818165
0.137731
4.3873
0.187523
0.386472
0.191999
1.25946
0.746098
0.118805
7.56069
0.79457
1.96995
8.22545
0.162144
0.422769
15.4646
0.385421
0.202676
0.4328
1.48879
0.507259
0.125888
0.295773
0.238298
0.210521
2.13477
0.311866
3.62549
1.36465
0.132208
0.193234
0.285107
4.46966
0.190011
0.311636
0.150956
0.304821
1.30199
0.270217
2.00689
1.92569
0.290428
1.03354
2.65616
0.386361
7.68565
3.4399
15.2881
0.207775
0.638904
0.226061
0.876547
0.141187
11.3675
0.26144
1.6314
7.55867
0.186287
0.367675
0.107169
0.266329
0.177069
0.257766
1.97144
0.106675
0.253864
3.57184
1.33016
0.103175
0.384081
2.47783
0.117227
0.431558
0.120715
0.169485
3.5798
0.384562
0.642014
0.233163
0.11196
0.173805
0.698429
0.258375
0.539138
1.25465
0.574439
4.50875
0.133257
0.555831
1.47557
0.814975
0.589007
1.22694
0.447213
3.43872
2.04899
0.246441
0.836019
0.876008
0.299965
1.19368
0.155196
0.206897
0.536047
0.379826
1.07304
0.375707
0.249715
10.4752
0.109671
5.09863
2.59614
0.169095
0.145354
0.489343
0.366419
0.112623
0.115078
0.455257
0.481776
0.483129
1.5246
0.320071
0.718397
0.221872
0.314036
0.107537
0.231679
2.31092
0.172649
0.135086
0.185846
0.126144
0.487449
0.241935
0.345934
0.100014
3.64423
1.87383
3.78761
0.645546
1.25307
1.36288
0.599449
0.107064
0.115572
0.598429
0.273947
0.113621
0.487217
4.40189
3.81066
0.744818
0.998209
0.866364
2.008
0.162254
2.35636
0.54731
0.18633
0.145087
0.170189
0.157119
0.991164
1.39127
0.404498
0.124637
0.102182
0.480743
0.171194
0.182716
0.552756
0.307025
0.307949
0.136006
0.507674
0.43812
0.316638
1.80932
0.114658
1.60093
0.529476
14.2984
0.596316
0.303033
0.12497
0.484858
0.14563
0.466983
0.430557
1.0089
1.14078
0.162077
0.182099
2.89901
13.9271
0.459068
0.16217
0.194826
0.155627
2.06077
0.182856
1.48276
0.108411
0.107335
0.342189
0.327522
0.188854
0.142233
0.165205
0.476765
0.896483
0.592789
0.931372
2.3902
2.44786
1.12952
0.159751
2.55689
0.168267
0.114219
2.38035
1.47295
0.532486
1.65786
0.94608
0.496295
1.71165
0.162169
0.332903
0.321387
0.148598
0.206124
0.27324
0.613151
11.1913
10.4028
0.199917
0.445107
0.40156
0.42596
3.02146
0.442236
0.156071
0.853954
0.864386
0.589216
1.30472
0.140135
3.24261
0.164941
0.243435
0.201203
0.178329
1.17929
2.06207
0.12962
0.416278
5.52264
0.557076
0.553542
1.90743
1.78331
0.506018
2.81138
1.63
1.20639
0.135691
0.783123
1.04494
0.158496
0.270915
4.63643
0.225658
0.744941
0.611619
0.194016
1.23595
0.129751
3.09509
0.302781
2.22655
0.134054
0.272962
1.37909
0.132784
0.154992
0.324861
0.118891
6.88652
1.57006
1.65562
6.56625
0.200381
0.569783
0.347991
0.130551
0.1158
0.199546
1.22295
0.158723
0.10327
8.96589
0.50635
6.1633
7.081
0.318746
2.45788
0.496135
0.144347
5.34611
0.610684
0.483384
1.27926
0.85895
0.140748
1.65077
0.576164
0.178325
0.984931
0.179568
0.176512
1.18615
1.03438
0.706747
0.971697
1.17448
2.36165
0.29246
2.75143
0.14561
0.634141
0.150159
0.555917
1.15628
0.59777
2.92557
2.71297
1.2691
0.669701
0.608414
0.240705
1.74565
1.68457
1.12451
0.227374
0.319628
0.145051
0.400247
3.04278
0.345105
0.198998
1.79412
0.139504
0.186858
0.167341
0.206408
0.76289
0.60975
7.3219
0.507959
0.181182
18.012
0.336372
0.930637
1.08724
0.431538
19.137
0.579192
0.109039
0.123871
0.131868
0.788826
0.20734
1.3905
0.702424
0.258514
0.26173
7.29154
0.174502
3.14058
4.75206
1.40324
0.205922
0.404439
2.6511
0.160897
0.939813
0.492339
0.88681
1.16639
0.323615
0.164244
0.108293
0.116385
0.335186
2.10768
0.243734
0.113629
0.93163
0.52791
0.493536
0.284908
0.103104
0.324624
0.437173
0.228473
2.58095
0.208734
0.285833
0.229375
3.52853
3.0609
0.293614
1.55434
0.144742
6.09596
0.383244
0.212473
0.140136
0.368908
1.82353
1.99296
0.58892
1.07674
0.138865
0.112282
0.39095
0.127412
0.645094
1.33093
5.35405
0.298654
0.1229
0.695029
0.167785
0.370442
2.34356
1.6329
0.236766
0.759943
3.39697
0.841411
0.31909
2.05058
0.191832
0.142296
0.230661
0.130087
0.125214
1.00981
1.30713
0.219314
0.211278
0.338187
3.44932
2.45429
0.211495
0.135949
0.218898
0.101922
16.1021
0.171121
0.516926
2.60199
0.138449
0.96161
0.835587
2.22148
0.139654
0.498859
0.268208
0.783512
0.432149
10.0072
0.118054
3.75182
3.41465
0.139451
2.36831
0.930756
3.34327
1.40184
0.867849
2.01702
0.216468
2.61193
0.288447
0.164862
0.791915
0.181594
0.179252
1.6375
0.288506
0.112972
0.421924
4.2366
1.20015
0.548531
0.28014
0.544039
0.141917
0.167338
0.515246
0.489792
0.4575
3.88839
0.23979
0.102356
0.499107
1.36784
0.387105
1.4131
0.628128
2.57856
2.11222
2.22512
0.562484
0.112574
1.02232
2.98804
1.7289
0.174392
0.591105
0.109235
1.06143
0.809613
1.41877
0.122734
0.123604
0.180569
3.02487
0.418394
4.50119
1.97262
0.149755
0.525073
0.33542
12.9122
0.439465
0.217106
0.480719
1.09908
0.126043
1.53307
0.274515
1.05316
5.01132
0.839899
0.196113
0.155718
0.725073
5.64422
0.616795
2.17712
0.923847
0.196326
0.283816
0.102423
8.89572
0.238075
11.7806
2.08636
1.69969
1.18835
2.58769
2.78309
0.130914
0.712119
0.143469
0.457456
0.741935
0.208811
0.939378
0.618441
0.121512
0.164948
1.10942
0.27516
0.381474
0.732303
0.123706
0.350072
0.454127
0.186685
0.177169
0.537043
0.113115
0.405388
0.104554
0.148558
1.33684
8.16582
0.159502
7.9748
3.03245
0.315539
1.10005
8.99715
0.493561
0.227947
0.337895
0.181105
1.8737
4.24553
3.29365
1.13425
0.780183
0.141375
0.166923
7.41311
5.30204
0.156833
0.964651
0.129526
0.424428
0.116334
0.207034
0.497526
0.663131
2.94256
0.395048
0.264848
3.0672
0.158512
0.157811
9.42827
1.18723
0.39824
6.9649
0.161126
0.87557
0.106064
0.441751
3.29579
0.147289
3.33778
0.958917
0.126511
2.13106
0.969473
0.109527
0.236973
1.07304
0.331415
0.516712
0.37267
0.254206
0.281513
0.102622
1.72037
0.68085
1.25768
0.155697
0.275175
0.268667
0.260798
0.658472
0.192807
2.36717
0.157303
0.238474
0.133689
0.78657
0.152835
0.378469
0.542934
0.126436
0.147241
0.542531
0.439643
0.797745
0.297918
0.324707
0.347175
1.04796
2.75437
2.81518
0.137022
5.84548
2.31777
4.69558
0.175775
1.33659
1.36831
0.73643
0.284416
0.866056
0.716243
0.912411
0.483477
2.04213
0.113802
0.306239
0.146998
0.109701
0.908097
0.825222
6.07627
0.375005
0.151618
6.74261
0.319093
13.0178
0.158347
0.547825
0.119796
0.137019
1.17829
0.11772
2.89644
0.115955
0.31527
0.807341
0.201275
1.61685
0.143893
0.111961
0.59011
1.05655
0.217444
2.5035
3.9756
17.8179
0.204212
0.244884
0.363464
10.3354
0.286874
0.163953
0.283632
2.01195
0.15531
11.3417
1.14787
2.09372
1.55458
1.30471
0.420815
0.167431
0.128664
24.4791
0.426806
0.118233
3.30779
6.27495
0.459083
0.783724
0.205419
2.08942
4.26204
0.156228
1.64201
5.75314
1.09075
0.756052
1.35642
0.124747
3.11118
0.142016
1.23981
0.110614
0.353582
0.892689
1.92772
4.34923
0.341406
0.626317
6.80211
0.16908
0.143062
0.630733
1.93638
0.101877
0.126916
0.10893
0.135476
0.745059
0.139377
0.711688
0.379138
1.84859
13.6685
0.432325
0.931418
0.560974
0.275223
0.267658
0.48487
0.317912
0.335435
0.150711
2.88221
9.92011
2.73979
0.148644
0.114807
0.146112
0.137912
1.44715
0.563432
0.144768
1.94414
5.84065
1.77411
0.968361
0.119309
0.301358
0.123534
7.9229
0.632413
0.313728
1.71366
0.125616
0.621642
0.178312
0.305794
4.85831
4.88482
6.26019
1.63342
0.635183
4.46425
0.330331
0.513284
3.12764
0.349725
0.100994
5.4772
0.885541
3.33566
0.146114
2.01688
0.515369
1.32365
0.360648
0.71457
0.927306
0.126479
0.544007
0.68739
0.40409
0.582569
0.111918
0.650386
0.108863
0.456996
0.906297
0.700583
0.13239
0.844009
2.5057
11.1355
0.449827
2.02234
0.138959
1.83397
1.62348
0.164523
0.211662
0.13819
1.59872
0.770575
0.981065
0.113915
0.120179
0.262881
0.283429
0.213371
3.4231
8.40499
1.22505
3.32345
2.40012
0.115426
7.18141
4.51413
0.169889
0.5499
0.625058
0.716542
0.522657
0.100593
0.397045
0.884792
3.54258
1.07615
0.134815
0.113341
0.438014
0.29641
0.573749
0.908005
0.100466
3.20384
0.262218
0.370518
1.32318
2.227
0.20776
0.137988
0.726707
1.60751
3.15609
0.183112
0.319439
0.651502
1.85417
0.656727
1.11143
2.83451
0.16395
0.588273
4.45173
4.91995
1.58646
0.62285
1.88436
0.135948
1.01706
0.639751
0.16992
0.838325
1.23767
1.58324
0.175208
1.00133
1.52412
0.147922
0.884109
0.22947
5.70938
1.91025
0.38321
7.52083
0.571624
1.0043
0.257272
0.17788
0.439858
1.65212
0.464273
0.481182
2.73175
0.598526
12.3203
0.631476
0.371855
0.227132
1.2181
0.144468
0.134071
0.610793
0.355764
1.66206
2.05063
6.00468
0.204693
0.710874
0.205434
0.250877
0.992416
0.60323
0.17875
0.135205
1.77
3.86706
5.37535
0.111989
1.13339
0.310056
0.110975
5.59642
0.388239
5.21808
4.47179
0.1517
0.238123
0.143345
10.1088
0.142952
0.13301
4.67749
0.775387
0.65041
0.816611
0.136314
0.57363
0.123634
0.22662
0.669287
0.65557
0.112345
0.474288
0.819124
8.53113
0.160293
0.531383
0.413877
0.284321
1.68939
0.104432
0.85378
1.78511
0.759027
0.149963
0.169215
2.66165
0.747219
0.159151
0.482892
2.70862
0.475748
0.393842
5.41502
0.450502
0.818406
0.131947
0.30669
0.950671
0.163278
1.17523
0.255784
0.317135
4.51096
1.54482
2.43447
0.120866
0.892849
0.844034
0.195667
1.45463
0.625682
0.255682
0.117151
0.222269
0.107376
1.35731
0.800761
0.321605
0.325481
0.150191
1.61201
0.270345
1.21175
0.331212
0.68452
3.04573
3.66244
1.85442
1.06662
5.7535
8.33515
9.19392
0.251588
0.74102
3.85956
2.47402
0.218809
1.57797
0.142582
0.22484
1.74405
0.964209
0.873593
1.02616
0.283533
0.213601
0.6555
0.688962
0.163293
0.136205
0.135109
0.18358
0.368561
0.332374
5.05161
0.136198
6.22622
1.32778
5.12177
1.66238
0.168968
1.38574
0.466206
0.184704
1.33
0.844647
0.51038
1.8973
3.38842
0.639182
0.274743
0.190651
0.430278
2.6645
0.224607
0.973537
0.18223
0.110394
2.36281
0.361443
1.49267
0.169965
0.233213
10.9462
0.265875
5.24228
0.700579
2.5025
0.199154
0.344407
0.136881
0.566287
8.88082
0.55559
0.463335
3.4045
1.2369
0.331924
0.188476
1.35091
9.94752
0.185632
0.330504
0.164266
0.25439
0.180485
2.81367
0.273755
2.24371
7.834
0.188011
0.221749
0.504441
0.131646
0.896689
1.38198
0.443779
2.05673
34.2791
0.270415
0.924804
2.02154
0.662223
0.106765
7.7024
0.122352
0.545621
0.353622
0.157093
0.284654
0.469966
0.570372
0.42867
0.715925
1.66257
0.275242
0.26041
0.330912
0.658196
0.126131
3.69573
0.288783
0.370828
0.868001
1.54342
0.436979
0.78908
0.142151
2.33116
1.13601
0.307
1.65057
0.2402
0.173423
2.58853
0.620668
0.231801
0.272177
0.233395
0.283851
1.33689
0.670733
0.270293
1.74797
4.45126
0.126115
0.155671
0.256024
9.48528
0.15944
0.748605
0.451632
1.2669
0.188014
0.531903
0.33086
5.31929
0.401671
0.182025
0.116443
0.355547
0.12287
0.475633
2.94384
0.189393
1.30669
2.22319
0.251779
0.32047
0.612489
0.767731
0.962889
0.48797
0.119882
6.92522
0.114589
0.220514
5.34499
4.11203
0.420431
0.62906
0.359455
0.332216
0.112549
0.140118
0.436996
0.381978
3.99031
1.21623
2.46092
0.173261
0.197417
0.757882
0.360681
0.203446
0.737143
0.153948
3.87934
4.72091
0.421749
0.131868
2.28498
1.84504
0.154719
0.148958
0.105214
0.269934
0.581193
0.201448
0.182344
0.100513
0.241861
3.53257
0.679646
0.105194
0.107984
0.150327
0.612699
0.666663
0.788807
0.116376
0.117402
0.283359
0.113594
3.54189
0.25541
0.421408
3.88948
3.1778
0.27969
0.975877
0.10549
0.122209
0.116198
0.351623
1.29665
12.241
0.881354
0.166829
0.198562
0.206723
0.168293
0.110339
1.93132
1.63487
24.6608
0.346204
1.14872
0.87674
0.201861
0.100659
0.226789
4.04069
0.194196
1.06792
1.5142
0.301716
0.965173
0.194535
0.449542
1.96476
0.319028
0.400336
1.27347
0.59771
0.106344
5.51764
0.95818
0.282284
11.5656
0.149826
0.378096
4.61977
0.631764
0.19189
1.77681
1.95232
3.21472
1.54446
6.38337
0.574311
0.588009
1.48506
7.708
0.100765
2.35622
0.415724
2.09899
0.221113
0.11887
3.20493
11.4183
0.406546
0.103219
0.860763
0.271023
0.234424
0.255863
0.211613
0.313738
0.203392
1.34306
0.151275
0.196512
0.678349
0.474598
3.61691
1.2821
13.0825
0.453517
0.122539
7.35461
0.251431
0.135292
0.100474
0.984973
4.10271
0.137929
1.44736
2.84692
0.632118
8.86224
0.554764
0.408412
0.201212
0.216757
0.189811
0.200043
0.906419
0.360773
0.232755
0.552095
0.201141
0.599647
1.4577
0.45414
0.436563
1.11271
1.99742
0.347222
0.596029
0.318081
0.432096
0.13186
0.110454
0.188843
0.112524
5.9612
0.462337
0.3006
0.420773
1.56349
0.117425
2.44649
0.17236
1.07049
11.3845
1.60252
0.272375
0.324138
0.483147
0.107461
0.886104
0.653665
0.166854
0.812699
5.63667
0.411386
3.22384
0.649234
0.122029
0.198339
0.385427
1.30208
2.06945
0.594618
0.117288
1.53064
2.18139
0.41233
1.20724
0.104989
10.0119
1.19444
1.63426
0.117006
5.41691
1.7411
0.591803
0.251637
3.88654
4.5678
0.46597
2.5055
0.703891
4.53674
0.250923
0.750115
0.272182
9.89072
0.253549
0.59445
0.232252
0.360704
0.81634
6.32372
0.162322
0.371363
0.87586
1.52246
0.256045
0.270456
1.73579
0.540736
0.785259
1.2082
0.728551
3.18398
0.259788
0.169274
0.240675
1.1476
3.18864
0.107436
0.114883
0.312361
0.165001
0.551095
0.144599
0.339227
0.224821
1.97262
0.369995
1.51703
1.45744
2.29951
0.137867
1.90545
0.153714
0.288166
0.428159
0.192401
1.31831
0.935749
0.316167
0.156246
1.04442
1.02967
0.158317
0.107344
0.549992
0.304957
0.416543
3.1134
0.766844
0.105572
0.566342
0.68767
3.21116
0.839937
6.14117
1.3815
0.412271
0.642971
0.176972
0.754021
4.19082
2.82602
0.210173
0.179804
1.29201
0.638556
0.330214
1.72811
0.275515
3.50746
0.444988
0.848879
1.61695
0.430636
0.356132
8.34188
2.84794
0.167701
0.228523
1.23041
8.13317
2.3195
0.423759
0.197068
0.10547
0.123563
0.846055
1.93393
0.814088
0.145223
0.368073
0.128561
0.965703
7.41383
0.159411
0.280217
0.115704
0.256853
0.113032
0.561389
7.55705
0.126944
0.114505
0.128842
0.434316
0.235425
0.522444
0.182078
0.155328
0.463171
0.147647
0.19483
0.252745
1.57101
0.284979
2.27818
0.181542
0.56962
0.185666
0.139607
0.67701
0.126026
0.914814
0.33345
0.919185
0.140734
0.279066
0.139518
0.728429
2.9177
0.131034
1.72179
3.11669
1.35806
1.48319
0.160685
1.16781
1.45541
0.396308
4.00868
3.83046
0.865406
0.79389
0.199415
0.748266
1.47218
0.30199
3.92455
1.53574
0.111845
0.16056
1.75986
0.241564
0.76241
0.578899
0.667173
0.163058
0.139986
0.125409
0.954325
0.51439
0.107874
0.863628
0.110043
0.142102
0.502811
0.337961
0.122296
0.192697
1.94713
5.0971
5.93796
1.72487
2.08321
2.11064
1.20797
1.96545
0.127094
0.559853
3.4915
0.232804
2.82026
5.36395
0.141076
0.916903
1.7801
0.105139
0.638746
0.188301
2.90176
0.261976
1.07173
0.660931
0.309185
2.31659
5.2943
0.15533
0.179272
5.42064
11.0216
0.985124
13.9733
0.377026
0.225494
0.353285
1.2121
0.857963
1.47039
1.51975
0.574805
2.40344
12.5657
9.96448
2.38193
0.110572
3.36403
1.8161
13.1997
0.136601
0.107893
0.300516
0.367148
0.367683
0.248298
0.133586
0.109995
0.121957
0.118796
0.502578
0.544881
1.30426
2.20575
0.815381
0.108239
0.160048
0.193754
0.214775
1.14188
0.128917
1.10814
0.775599
0.325087
0.130528
0.565566
2.5256
0.806541
0.236051
0.201272
0.101969
1.68114
0.323979
0.147905
0.13727
0.112806
0.16343
0.271736
0.158896
4.75042
1.22038
0.463444
1.38085
0.529997
1.27196
0.463659
0.127806
0.114818
0.153177
0.944785
0.370132
3.87959
0.202563
0.181993
1.05051
0.302795
1.72133
0.369731
0.180066
0.133896
0.310747
0.390253
0.307215
1.02414
0.178014
0.798855
1.68212
0.832234
1.12868
6.1559
0.117389
0.325514
0.844207
5.4374
0.102813
2.68415
0.17291
2.281
0.144505
0.322539
0.115879
14.6013
0.169778
0.945943
0.105267
0.318907
7.24016
0.105742
0.148085
4.18629
1.03192
0.172311
0.42309
5.28337
0.262343
0.555499
0.876821
2.00581
1.22169
1.94209
4.13318
0.329031
0.30222
0.187131
0.710329
8.17374
1.48777
0.127316
0.22629
0.137064
0.150916
0.936426
1.07531
0.241182
0.254357
0.135394
0.140172
0.260589
0.394455
13.735
0.133495
0.647774
0.43852
0.233528
2.16026
0.492939
0.319381
0.392852
5.6759
2.22017
0.186145
0.5876
0.17679
0.150262
0.21488
0.708862
0.101447
5.33269
3.41146
8.91824
0.179023
0.112012
0.34715
0.500578
0.372297
0.471746
0.62331
0.45044
1.50359
0.312332
3.93056
0.241376
0.378318
1.8388
0.394017
0.230967
0.116875
0.452768
3.18577
0.290966
0.266619
0.327495
0.134684
0.858177
4.63338
0.410063
4.65903
0.152404
0.259912
0.17978
0.12794
0.507359
0.288527
0.857063
2.0196
1.19293
1.17164
0.122687
0.15418
0.872772
0.119007
4.0233
0.398099
0.451815
0.174022
0.106017
0.748678
1.14628
0.223579
0.138494
0.466955
0.176622
0.280841
0.863987
0.195072
2.16825
0.422512
0.120424
0.374582
0.647225
0.530463
4.12679
3.59342
0.124555
0.276871
0.390108
0.979519
0.197564
7.16061
4.07021
0.397162
4.87532
0.289913
0.475314
0.167614
0.223464
0.437723
0.10136
0.232894
1.3116
0.1158
0.138456
1.60122
0.1817
0.104021
0.264336
0.117113
1.86551
10.9206
1.00841
0.354246
0.123319
0.543967
0.690426
5.56073
0.122946
0.409269
1.13311
0.852897
2.24875
0.144158
0.496569
0.130783
0.327293
1.2258
0.407025
0.464917
3.10993
0.123938
4.9224
0.488051
0.445317
1.32298
1.38692
0.12919
9.41947
0.195645
0.1597
2.86735
0.154386
0.867108
0.480068
0.148708
2.9144
0.121261
1.13125
0.16175
0.386128
0.100378
2.54113
0.41266
0.239676
0.425841
3.3699
0.170828
0.215221
1.00321
0.870516
0.236582
0.173554
0.393201
0.351126
0.638701
0.100595
1.48669
0.113692
2.03197
0.454227
3.00125
0.484069
0.550257
0.126465
0.523495
0.383641
0.439298
0.179626
0.40337
3.01537
0.291318
0.304858
2.81825
3.18037
0.252911
0.566025
3.01089
0.10267
0.132546
0.483964
0.964703
1.66462
0.103542
0.284029
1.46794
0.572986
0.161758
0.381823
0.137463
0.154692
0.126009
4.89113
0.12505
0.181381
2.09152
0.81691
0.169266
37.0914
0.255762
5.27451
0.555262
0.817636
0.703392
0.262552
0.248231
0.323448
1.04419
4.99327
0.107578
0.116224
0.101229
2.15336
0.427405
0.118075
0.818077
1.59936
0.159546
1.60709
0.334763
1.31918
0.370487
1.04129
0.441161
0.365749
0.625415
0.760171
0.701877
0.146056
0.432833
0.558065
0.353075
0.350977
0.238291
0.305843
5.18578
2.84769
0.833156
0.137818
2.92358
0.140978
0.137347
0.307628
2.50568
0.158788
0.772057
0.44388
0.103091
0.171127
0.472667
3.17392
1.54211
0.43584
0.177362
0.201445
0.399703
0.346047
0.793672
13.6479
0.16813
0.152163
0.520472
0.140561
1.33431
0.630588
1.80372
0.212308
0.260999
1.60666
0.325174
4.98464
0.202297
0.130653
1.08601
0.128372
6.42696
0.713946
0.155587
0.332623
0.162295
0.194911
2.89603
0.568269
1.6566
6.89353
0.160119
0.159668
0.150497
0.175399
7.47316
1.90557
4.91854
4.17783
0.145337
1.607
0.672889
0.102128
0.145594
2.30359
0.233974
2.3235
1.20691
0.212976
2.85429
1.0129
1.66292
0.673498
0.330589
0.35547
0.131486
0.238134
0.760192
0.416665
36.9889
1.08527
0.445314
1.19387
0.231428
0.438937
0.53025
0.141395
0.426569
0.346001
0.15929
0.198119
0.29083
1.16486
1.00226
1.56106
0.142316
0.611065
10.8542
0.166636
2.95053
0.131587
0.142416
0.104603
0.108633
1.29557
0.25203
0.616268
0.164187
2.51325
1.99019
0.810081
1.09097
15.4025
2.93306
0.222021
0.335604
0.691443
2.00955
0.327914
3.76504
0.213448
2.35814
1.69052
1.28167
0.507771
0.337665
0.159257
0.282754
0.190089
0.499366
0.966127
0.308542
1.06005
0.150039
2.06908
0.155949
9.83649
6.61691
0.18816
0.226227
0.645626
0.189352
0.161841
0.345923
1.17602
1.52649
0.350731
0.640768
1.11364
0.636145
0.112699
0.296674
0.220049
0.221934
0.321446
0.102079
0.204579
2.0367
0.50113
0.432854
0.218638
6.28672
4.29127
0.709534
4.50934
2.20037
0.306693
0.326093
0.14602
0.296988
4.22302
0.557396
1.31886
0.282803
3.81676
2.69306
3.51987
0.154426
0.255962
0.285381
0.213156
0.163122
2.02515
0.289523
0.536288
0.355302
0.102941
9.33011
0.226875
0.966131
0.61659
0.974013
1.09157
1.3613
0.570855
2.10031
0.57394
4.21099
0.576503
0.11553
0.954843
0.328573
0.444025
4.11458
0.889178
3.29653
0.986338
0.581038
0.746942
0.589459
0.402165
0.131701
3.9193
0.310269
0.767449
0.700098
0.101896
17.2607
1.61387
0.213814
0.320896
0.75616
0.868902
0.332906
0.745911
0.213356
0.741783
1.24869
1.32623
0.166642
2.52955
0.788768
0.120754
0.633608
0.1081
0.105229
1.60205
0.1156
3.29463
3.02777
4.61713
0.809404
0.10547
0.511437
0.667656
1.79876
18.6961
0.874107
0.334126
2.01171
3.56501
0.230067
0.333251
0.526781
0.444588
0.416647
0.635318
0.459893
0.109825
1.24482
1.08389
1.17847
0.105164
0.157888
0.656569
0.153179
0.215626
0.247125
0.457862
0.210779
0.132588
0.161279
0.161393
2.04497
0.222982
0.660493
0.238631
1.05781
0.146274
2.49653
0.569611
0.127678
0.227987
0.109106
2.34716
0.143521
0.234606
0.812335
0.568502
0.178763
2.5955
0.152154
0.188898
0.793077
0.676876
0.150666
0.119847
0.16842
0.689017
8.69753
0.192626
0.717641
1.01129
1.53086
0.163381
0.195296
0.197935
2.61593
0.105773
0.217346
0.136748
0.304601
0.817174
0.127136
0.332588
0.951927
2.43035
3.74202
0.105637
2.65704
0.593152
0.105763
1.01699
1.91247
0.138091
2.52586
0.22459
16.7545
1.83503
0.189648
0.112426
0.150605
0.101574
0.139848
0.413757
0.157445
0.458643
0.813458
1.13166
0.30782
0.125519
0.491307
0.135688
2.17659
0.107872
0.13759
0.149361
0.103629
1.06326
0.460826
0.186574
0.148407
0.759358
5.97486
0.11441
0.58404
0.413317
1.84915
4.34601
0.188032
0.194446
0.74309
12.3079
1.7587
6.2868
0.679672
0.426712
0.228916
0.551785
4.58267
0.244364
0.167567
0.495809
3.06476
0.901264
0.167133
0.146257
0.164223
21.4174
1.48183
0.247705
0.343537
1.51048
0.140881
0.124897
2.39342
0.323994
0.657954
1.08326
0.869357
0.399079
0.858792
0.101146
1.58932
0.21453
0.138988
0.559292
0.25722
0.128488
0.220869
0.632455
0.289088
0.220841
4.08498
1.29858
0.386971
0.339443
0.114351
3.73431
0.261004
0.154244
0.204663
3.11625
0.180623
0.998729
0.338271
0.16952
0.187044
1.11675
0.372323
0.883199
1.80587
0.539248
0.119472
1.3441
0.119688
5.35801
0.100059
0.623581
0.369369
0.150928
0.187148
1.58364
0.65697
0.540861
0.184868
4.8754
0.265683
0.188439
0.11045
0.892567
0.945026
0.15407
0.202469
0.570953
2.34821
5.58404
0.857356
0.42576
2.83552
0.155217
0.412263
0.106483
0.522882
0.503294
0.438567
0.263159
17.117
0.198583
0.689848
2.60255
0.261511
2.26384
1.93534
0.388122
0.421131
15.7267
0.109061
2.12014
1.07373
0.148956
1.8392
3.31412
0.138717
0.103962
0.435717
0.217025
1.34067
0.11892
0.792861
0.269305
1.07171
0.164551
0.715611
0.532318
1.02163
0.296361
0.397457
0.275762
0.493373
0.280023
0.143929
4.83591
0.38289
0.358302
0.170897
0.341657
0.131702
0.270157
1.50726
0.373368
6.38182
0.237243
0.166252
0.1296
1.35051
1.13045
3.98927
0.552635
0.296095
0.192253
0.105613
0.18254
2.03345
0.231078
0.353626
3.63177
0.818069
0.806129
0.101041
0.76109
0.175442
0.145908
0.654581
0.804469
0.109235
0.131653
0.233627
0.380721
0.222775
0.171796
0.331951
7.09946
0.62067
0.292897
2.65084
0.867348
0.139655
4.69685
6.75714
0.328023
8.66307
4.62244
0.745237
0.256535
0.188795
0.532842
0.158537
0.610504
0.343065
0.116911
0.245707
0.151693
0.15993
0.4118
0.617679
0.747356
0.130995
0.272506
1.51672
0.182546
3.24212
0.507259
0.137821
0.18249
6.90677
0.134693
0.651272
0.505421
0.128716
1.24058
0.356323
0.306644
0.20483
3.34999
2.7443
0.122094
0.148194
2.18669
0.201617
0.944439
0.186997
0.967525
0.294361
1.26209
1.10646
0.356614
0.148212
0.783389
0.324897
2.27943
0.150438
0.147176
0.568445
0.802212
0.955103
0.436202
2.48354
0.485496
0.598756
0.466054
0.32911
0.149005
0.248897
0.93306
2.02306
2.14137
0.31097
0.549301
7.72757
4.7235
0.306743
0.199357
1.26618
0.446293
0.375544
0.483117
0.902213
4.18511
4.7625
0.284001
1.83508
0.138168
0.159636
0.271247
3.4207
3.00866
0.872685
0.120553
0.280126
0.764177
2.68217
0.136357
0.173249
0.949738
0.187942
0.194359
0.124818
4.21792
0.238319
0.186868
0.335722
1.05625
3.9653
0.201555
0.775152
1.66034
0.88014
1.19863
0.331635
0.64994
0.27972
3.35502
0.108493
5.73254
4.03319
0.143753
0.494321
0.116504
0.62833
0.533133
0.477771
0.205801
3.57555
0.173331
1.24323
3.3798
0.253518
0.101836
6.75941
0.649183
0.110618
0.143549
4.56686
0.552401
0.30895
1.66694
0.14343
0.811477
0.133663
0.398106
1.47219
0.105745
0.552345
0.22154
1.84806
4.31522
0.614597
0.411899
2.12009
0.475683
2.20734
1.06854
0.935258
0.503889
0.106551
3.1608
0.177151
0.182951
0.695608
11.6518
4.75363
11.4028
0.64692
0.625286
2.06961
0.502815
0.460282
0.259223
1.31139
1.82623
6.55051
2.17094
0.186052
0.101695
1.83859
0.414218
0.472182
0.250099
0.301824
0.493619
0.660325
1.79013
0.187391
0.107376
0.334853
0.331113
0.354054
0.124061
2.53598
0.184848
1.85088
0.194075
0.596008
1.86074
2.50043
0.846498
0.311982
12.5155
0.434774
0.135821
0.250061
0.317114
0.17384
1.77101
0.157961
1.60399
2.10948
0.248464
2.70019
0.363781
0.313993
0.517763
0.184347
0.700229
0.183484
0.38602
1.97375
10.9359
0.177732
23.4277
1.56254
0.612366
2.29132
0.142853
3.58665
0.99418
0.288917
0.27626
0.24402
0.139359
1.58072
0.139829
0.240555
0.695735
4.05353
1.24276
0.594219
0.27689
0.910953
0.159103
0.451357
0.132728
1.78582
0.287987
1.81553
0.505876
0.322123
0.118606
6.77463
0.690533
1.40165
0.851904
5.21123
0.700754
1.85768
0.679361
0.103442
0.121197
0.226103
2.60051
0.141045
0.420701
0.76405
0.651733
1.01529
0.263171
1.33387
0.33129
0.141631
3.27524
3.30626
3.58778
0.190879
0.101629
0.155998
0.498484
0.305988
0.201034
0.119648
5.96086
1.15835
0.221507
0.216583
0.129583
0.8338
0.229462
0.204457
1.76442
0.246206
0.219388
0.375795
0.716522
0.144975
0.367711
0.556263
0.298012
1.05131
0.672305
0.419727
0.117378
0.831908
2.88399
0.397312
4.14023
2.94626
1.02722
0.293512
0.276027
0.314768
1.80665
24.0495
1.80584
0.437595
0.360028
3.41591
0.414513
4.55248
0.20874
0.439124
0.306926
0.903424
0.312552
0.974668
5.86955
0.126655
7.21217
1.96884
0.616573
0.14083
14.5504
0.509659
0.185547
6.6578
0.911153
0.721771
0.257892
0.534004
10.456
2.34864
3.24938
0.214192
0.27737
0.628504
3.89199
14.3999
0.141083
0.456258
3.73792
0.70128
0.122864
3.0247
0.178874
1.16061
1.22289
0.636858
2.03652
0.436529
0.250644
3.82186
6.49385
1.04298
2.39724
1.39783
1.18799
0.638225
0.250999
0.92653
7.948
1.5907
0.439199
0.441763
0.23691
0.417458
1.12555
2.23389
2.61227
0.96348
0.348393
0.1298
0.50453
1.55159
0.107417
0.105575
5.7684
0.243433
0.211828
0.64556
0.556277
0.612361
0.18436
0.126207
0.921802
0.152261
0.291121
2.38775
0.166039
1.39066
6.45501
2.24917
6.37226
1.08801
3.98773
2.44995
0.241168
0.285825
1.99614
0.179913
0.414679
0.329121
0.545353
1.39041
0.920818
0.112861
7.22475
1.80194
0.507625
0.110866
0.438801
0.150258
0.30105
2.34857
0.720175
0.160347
0.904959
0.156234
0.284732
0.107033
0.175801
0.166552
0.581432
0.407359
0.774946
0.7652
0.169571
1.30332
0.47215
9.04712
7.13069
1.05207
4.48986
0.842516
2.2043
1.51455
2.24947
0.18387
0.406544
0.134794
3.69393
0.285099
0.254197
0.227095
1.39225
1.18583
24.4542
1.75576
0.204914
12.0834
0.5583
2.19212
0.395349
7.0695
0.752186
1.15057
0.289254
0.514279
0.103395
22.3121
0.433671
2.5317
0.164783
0.50236
0.229152
0.159215
0.81596
2.48824
0.425423
0.219674
0.155433
0.790652
0.185673
1.98428
0.186062
0.336098
0.478597
1.00962
16.8316
1.88952
5.95275
20.1756
0.702624
9.05181
0.758869
2.94286
3.02006
0.124371
0.349584
0.201922
0.156027
0.805261
1.09755
1.02877
4.85369
0.434063
0.907704
0.122552
0.454968
0.510489
1.09133
0.171136
0.148579
0.517855
0.522955
1.01793
0.186517
0.46947
0.412159
0.104917
0.306954
0.92213
0.143353
0.318461
1.9333
0.994332
0.199153
3.79631
0.658545
0.201352
0.799304
0.11443
0.161955
0.225822
0.611852
0.332797
0.202599
0.14944
0.256239
0.302274
0.957939
0.180539
0.671524
0.556182
5.67263
0.51348
0.296396
3.41983
7.47141
0.342877
0.226757
0.169073
1.53131
0.961746
0.150819
9.4731
0.42506
0.784368
3.37395
0.312485
11.9211
4.86469
0.253881
1.91897
0.350327
0.379129
5.17396
0.212661
6.98384
0.103151
3.24673
0.498908
3.38077
1.11154
0.314543
0.721314
0.569543
5.57702
1.88708
0.135003
0.333019
0.368182
1.25018
1.25321
1.17361
12.6128
0.194761
0.104402
9.08331
0.26853
0.193085
1.18049
0.156485
0.831496
7.5669
0.284362
0.669702
0.464852
0.178961
0.816297
0.106296
2.20914
5.69641
0.13775
0.29685
0.213094
0.115601
0.882023
1.10253
0.145989
0.103206
0.624723
1.09976
0.21219
0.812445
0.430082
0.143263
0.130197
0.466542
0.124222
0.36748
0.52126
0.243472
0.879589
0.107545
0.100496
0.252141
0.109662
0.362593
2.80681
0.473378
0.162533
0.3324
5.81453
1.28714
4.2125
0.272338
3.51352
0.428132
3.54812
6.15832
0.647451
0.463642
0.773373
0.33205
0.224532
0.367537
9.80375
1.53527
0.704064
0.352689
2.2434
0.869408
0.579362
0.429219
0.827131
0.666125
0.400812
0.235277
0.190094
1.28649
1.84307
0.255502
7.8406
2.75365
0.137504
0.191652
0.212699
0.178651
0.209212
2.31471
1.47655
0.122778
7.16477
0.840847
0.193073
0.171405
0.363535
0.588791
0.73786
1.3544
5.89128
9.4254
0.338607
2.57636
0.100838
3.6614
0.681116
0.62412
0.173949
0.532888
7.50779
0.359852
0.192855
0.773012
1.69355
0.546024
8.36682
5.4875
0.304265
0.200143
4.08368
6.65355
0.566454
0.143078
0.280517
0.715325
4.02955
0.345778
0.10713
0.535313
0.13804
0.835924
0.24256
0.193792
0.269508
2.67046
0.946785
0.415872
2.67455
0.165572
0.110974
1.2556
1.27101
1.76978
4.07057
0.908213
0.852941
0.357652
0.307784
0.130643
0.618513
0.186754
0.319381
1.03266
0.210073
1.46546
1.29259
0.167349
2.9754
0.431095
0.124555
0.639676
2.56102
0.937551
3.82393
0.363471
3.86236
0.187615
0.171968
0.804033
0.161096
0.142432
0.621721
0.852367
0.381727
0.935304
0.894326
4.81948
0.142763
12.8185
7.72515
4.52948
2.08232
0.22996
0.349593
0.681542
0.31825
0.215189
0.243038
0.903711
0.905471
0.135031
1.16777
0.232924
6.15684
3.81957
3.46308
4.91574
0.283554
0.528511
0.551298
0.322761
0.677108
0.428015
0.182479
0.186464
0.128083
0.704206
0.353732
3.92529
0.360505
2.46089
1.97739
1.16025
0.391202
1.43924
0.467738
0.328517
0.360799
0.233741
0.521805
0.12326
0.150999
0.173743
1.10064
1.11838
0.117968
0.861121
0.416541
0.348275
0.215937
0.392152
22.7841
0.87027
0.130305
0.34946
0.678835
0.189747
23.9207
0.539269
0.329031
0.284502
0.243171
5.54114
1.13366
0.30336
2.41912
0.711522
0.957003
0.741221
0.915166
3.20717
0.104513
5.57301
0.468625
4.82932
0.131632
0.575979
0.128977
0.350691
8.63813
1.60774
0.354775
0.377355
0.235254
0.270372
1.15422
0.415924
0.454247
0.749171
0.192542
0.333065
2.13515
1.17273
1.62049
0.685631
1.17057
2.33186
0.123777
0.30647
0.145183
0.113902
8.1068
2.0214
0.664989
1.02828
0.369937
1.18719
0.551694
1.35903
0.141043
0.888575
0.30265
2.08771
1.32867
0.196972
3.91909
4.08378
0.278114
0.163704
1.81105
0.582754
0.372399
9.47894
0.681787
0.206978
0.126576
3.84672
0.107135
2.36563
0.108688
2.87951
0.199678
0.287685
1.21673
0.256156
0.140576
0.116467
5.75117
0.221412
0.711776
1.52678
0.670071
0.405554
0.133292
4.82319
0.10175
0.104619
2.31386
0.725788
10.4636
0.144103
0.326362
0.154536
6.59162
0.262155
0.362129
14.4219
1.85857
0.332154
0.124862
0.621811
0.44331
0.487106
0.571353
1.9492
4.29675
0.422619
2.57322
0.258708
0.240558
0.109093
5.05758
0.134637
0.685215
0.142751
0.171936
0.328593
2.26282
0.10768
7.8133
2.68779
0.152672
8.27598
0.166346
0.237396
1.00784
20.4155
1.5896
3.23851
0.278107
3.38435
0.191505
0.399504
0.102116
0.148103
0.210952
0.460535
2.21373
0.146281
0.205292
0.210275
1.28841
0.274771
0.414601
1.70331
0.933616
0.310565
0.179765
1.09222
0.152691
0.270437
2.8254
0.538111
0.156583
0.185935
0.161835
1.01151
1.00563
0.294883
0.134737
2.03237
1.69741
0.111971
0.165183
0.887341
0.19264
0.101131
0.803025
0.120433
0.595875
0.466929
9.13022
0.309681
0.186903
0.119583
0.223305
2.48466
0.119224
1.44731
2.20997
0.115184
1.2769
2.88465
3.29818
0.18009
0.74777
0.64319
1.31966
0.104279
5.91355
0.590546
0.552926
1.60405
0.172093
18.261
0.846036
1.01874
4.45497
0.345096
0.230724
0.666581
0.167776
0.701838
0.109236
0.100178
3.41966
0.484895
