-96.3678
-148.857
-318.246
-237.074
-280.925
-338.831
-229.123
-332.094
-310.902
-294.767
-141.505
-269.72
-306.193
-315.189
-339.281
-271.399
-237.051
-294.395
-320.717
-330.811
-110.889
-268.365
-272.904
-309.882
-333.784
-312.733
84.6578
46.8731
-113.108
-240.383
-282.539
-342.195
-287.253
-325.078
-349.737
-326.261
-198.404
-193.273
-336.108
-201.899
-313.991
-329.209
-278.722
-324.434
-337.412
-250.677
-240.021
-334.755
-91.0901
-138.745
-162.582
-198.683
-314.818
-229.392
-299.295
-326.48
-138.679
-143.062
-272.965
-293.962
-201.64
-259.767
-298.356
-338.376
-89.313
-172.739
-284.792
-309.892
-331.054
-277.874
-301.119
-279.266
-267.746
-324.002
-286.671
-313.169
-329.777
-286.534
-251.799
-298.224
-283.169
-230.228
-168.373
-201.741
-318.611
-349.049
-302.947
-188.38
-338.579
-268.784
-336.094
-344.094
-41.9413
-308.042
-323.43
-312.06
-269.915
-260.743
-239.38
-327.472
-349.994
-349.12
-325.081
-316.32
-288.68
-253.304
-209.744
-232.646
-348.007
-337.233
-111.083
-138.096
-327.313
-330.424
-340.152
-129.584
-324.888
-333.868
-348.705
-345.548
-75.6085
-270.851
-317.554
-238.118
-250.311
-327.103
-341.606
-343.216
-331.725
-266.443
-118.106
-304.224
-333.071
-294.291
-335.552
-328.285
-83.4321
-98.7681
-171.498
-302.841
-320.046
-297.867
-346.426
-216.032
-220.363
-315.625
-337.15
-300.052
-232.607
-246.236
-272.724
-294.588
-128.841
-333.687
-342.733
-338.236
-326.568
-321.384
-322.412
-294.644
-228.459
-321.568
-337.731
-291.959
-289.875
-320.371
-337.797
-339.97
-344.903
-223.929
-267.938
-270.614
-312.735
-264.928
-266.644
-269.248
-347.127
-330.061
-331.233
-335.484
-273.408
-317.907
-329.935
-349.211
-197.812
-278.077
-180.886
-189.286
-214.998
-224.32
-245.96
-304.912
-265.661
-304.325
-305.584
-310.905
-310.716
-281.845
-310.509
-324.448
-183.709
-334.031
-325.937
-307.272
-106.733
-341.605
-341.822
-341.451
-239.62
-297.162
-224.381
-252.307
-103.016
-306.327
-326.308
-302.092
-313.998
-340.351
-305.131
-346.537
-218.87
-298.661
-318.264
-320.98
-344.137
-344.623
-309.541
-333.894
-321.564
-13.8928
-216.739
-293.721
-299.007
-113.188
-141.042
-242.904
-304.278
-218.654
-322.61
-347.289
-283.175
-278.35
-279.241
-144.209
-168.287
-272.955
-277.268
-284.112
-269.611
-309.84
-325.327
-168.199
-344.016
-317.659
-349.443
-265.821
-333.89
-323.458
-148.714
-206.472
-263.842
-339.014
-287.874
-320.448
-341.856
-255.107
-246.722
-313.498
-324.171
-315.795
-206.328
-304.064
-269.539
-315.293
-305.456
-316.061
-347.348
-336.534
-320.111
-338.522
-274.785
-227.32
-252.823
-189.056
-230.048
-331.697
-285.734
-137.216
-216.939
-188.981
-288.086
-339.825
-333.666
-249.849
-332.38
-323.238
-347.217
-322.729
-277.393
-294.043
-293.762
-315.776
-298.409
-331.364
-349.56
-310.119
-174.72
-307.805
-336.698
-305.901
-270.163
-338.346
-313.147
-194.783
-305.78
-342.846
-340.233
-194.853
-233.861
-271.89
-312.198
-277.551
-235.603
-347.356
-252.933
-238.379
-232.903
-277.159
-323.64
-316.948
-130.128
-337.888
-250.304
-336.499
-326.712
-271.329
-316.447
-273.552
-298.101
-346.207
-221.921
-312.511
-322.656
-166.182
-339.935
-232.62
-341.754
-271.179
-324.162
-298.854
-292.525
-315.311
-303.415
-346.184
-349.656
-66.0976
-78.2754
-347.812
-259.909
-331.879
-343.799
-274.318
-285.018
-337.393
-312.154
-275.799
-285.544
-298.664
-265.662
-345.71
-308.185
20.633
-32.4588
-114.25
-273.4
-287.163
-269.509
-274.704
-247.484
-273.723
-200.06
-318.717
-269.334
-329.396
-297.242
-276.622
-289.374
-274.597
-304.471
-271.484
-181.421
-224.133
-323.076
-343.676
-316.569
-153.908
-200.577
-343.617
-343.856
-329.92
-276.324
-260.724
-307.84
-310.359
-325.904
-346.377
-308.393
-303.685
-253.332
-314.159
-337.331
-260.664
-298.733
-323.334
-346.502
-298.274
-338.606
-324.949
-304.783
-286.915
-333.648
-307.781
39.0967
-1.59324
-162.363
-186.81
-191.218
-259.21
-275.411
-155.283
-229.245
-250.395
-298.318
29.7463
23.0434
-130.66
-187.912
-311.536
-296.933
-324.716
-291.784
-314.806
-338.834
-345.063
-202.393
-246.702
-343.252
-309.962
-315.385
-265.554
-281.632
-322.032
-323.091
-325.044
-304.085
-228.856
-0.914993
-274.913
-302.798
-269.054
-335.882
-234.995
-289.243
-295.846
-316.795
-257.562
-301.861
-216.608
-265.171
-314
-347.465
-166.357
-320.442
-211.388
-242.248
-251.072
-330.753
-141.907
-297.179
-314.527
-222.159
-304.053
-313.701
-317.187
-342.815
-341.406
-272.777
-52.6133
-226.106
-307.14
-286.675
-278.412
-311.48
-346.968
-276.658
-320.775
-273.702
-284.6
-298.874
-324.608
-241.098
-335.812
-283.78
-218.263
-298.06
-308.106
-319.337
-324.958
-320.36
-167.69
-292.606
-341.682
-118.559
-189.914
-305.129
-306.911
-193.305
-231.306
-288.367
-279.502
-300.937
-339.38
-287.23
-294.423
-225.316
-236.963
-277.472
-295.688
-293.465
-342.325
-234.141
-346.599
-25.6616
-38.5456
-49.5998
-180.88
-193.755
-206.634
-290.456
-313.114
-254.502
-280.694
-294.779
-338.577
-331.989
-340.079
-238.424
-153.115
-310.311
-311.157
-273.134
-334.12
-208.841
-344.668
-347.848
-97.3249
-101.855
-341.83
-345.882
-266.944
-334.711
-342.872
-349.434
-198.256
-293.861
-313.366
-331.932
-270.65
-317.018
-304.363
-321.451
-341.14
-330.727
-327.206
-204.298
-244.086
-310.324
-211.854
-300.533
-318.154
-170.884
-299.963
-315.883
-340.003
-292.079
-344.157
-348.692
-286.239
-283.67
-256.026
-328.604
-273.121
-340.085
-284.362
-290.658
-133.874
-272.178
-327.028
-344.105
-341.166
-329.132
-335.061
-186.065
-131.671
-326.966
-348.584
-326.006
-276.255
-347.045
-282.203
-289.165
-236.615
-334.876
-267.022
-318.946
-237.034
-238.488
-307.93
-328.316
-204.142
-261.475
-230.152
-199.397
-263.166
-340.913
-325.065
-342.079
-171.024
-245.566
-304.251
-326.294
-297.41
-298.972
-261.238
-318.695
-309.285
-192.974
-246.936
-290.345
-277.264
-307.659
-284.352
-324.112
-269.552
-123.615
-197.6
-280.45
-264.613
-294.512
-294.831
-349.665
-315.036
-337.709
-312.932
-317.335
-319.45
-319.69
-296.118
-250.084
-240.392
-229.339
-237.706
-158.126
-179.354
-200.146
-227.663
-286.969
-309.604
-343.78
-327.02
-294.238
-316.116
-215.959
-308.068
-327.708
-342.885
-159.471
-180.705
-265.639
-184.387
-325.545
-346.376
-153.159
-334.698
-348.709
-262.29
-319.195
-332.897
-327.212
-284.15
-309.434
-283.294
-338.96
-111.606
-286.438
-147.342
-184.057
-329.051
-225.264
-330.102
-309.626
-322.087
-281.502
-328.673
-348.814
-298.61
-285.404
-345.093
-220.781
-310.755
-261.06
-338.177
-338.29
-253.943
-320.759
-284.841
-294.55
-340.29
-274.324
-242.748
-247.876
-333.752
-209.454
-269.022
-346.083
-310.658
-295.337
-349.285
-302.81
-251.315
-346.121
-104.531
-206.273
-224.028
-289.921
-340.851
-349.19
-293.614
-148.243
-325.541
-310.537
-310.998
-330.664
-335.251
-277.535
-330.716
-336.618
-309.237
-345.421
-347.018
-120.926
-349.802
-273.743
-212.773
-256.176
-284.056
-286.159
-341.11
-254.556
-209.575
-331.755
-347.146
-291.154
-327.79
-349.303
-348.201
-327.835
-235.866
-286.051
-304.049
-153.155
-158.557
-253.374
-316.962
-267.082
-347.2
-332.923
-338.619
-246.576
-337.885
-215.472
-116.742
-310.849
-346.527
-200.86
-342.092
-310.208
-339.218
-318.418
-320.51
-306.756
-337.446
-247.996
-346.007
-259.535
-304.653
4.90697
-44.962
-299.712
-260.173
-328.8
-312.693
-330.333
-172.519
-84.1994
-184.754
-245.324
-274.082
-317.866
-192.825
-272.998
-310.58
-347.609
-272.68
-226.667
-184.278
-296.776
-344.063
-349.388
-328.308
-244.869
-305.303
-338.61
-148.681
-232.245
-281.147
-309.523
-349.419
-206.558
-319.567
-93.5376
-270.635
-334.362
-317.355
-258.618
-77.6512
-116.007
-260.925
-123.662
-291.94
-302.395
-287.707
-316.303
-233.673
-340.349
-325.409
-343.744
-335.955
-344.57
-221.125
-180.636
-310.369
-339.723
-344.972
-278.179
-325.756
-247.175
-317.902
-98.2112
-154.029
-333.035
-306.567
-296.401
-301.071
-322.571
-344.61
-332.778
-175.273
-282.84
-319.467
-342.392
-236.035
-151.488
-187.571
-301.047
-341.383
-347.071
-267.103
-291.566
-319.86
-309.505
-193.453
-195.57
-313.345
-152.907
-158.956
-261.479
-234.486
-307.983
-126.157
-257.662
-330.158
-333.828
-331.535
-275.593
-324.727
-324.658
-311.629
-232.272
-333.898
-314.118
-296.849
-305.233
-239.207
-275.238
-349.541
-209.848
-287.984
-347.979
-312.246
-193.476
-220.993
-321.811
-332.013
-258.162
-331.998
-323.53
-344.769
-317.904
-315.342
-135.554
-295.008
-307.897
-275.735
-78.771
-84.7907
-227.05
-317.527
-325.892
-257.908
-316.312
-302.823
-343.224
-231.95
-248.905
-303.022
-170.053
-209.763
-296.101
-326.098
-336.406
-195.792
-273.394
-240.76
-263.332
-343.36
-320.863
-304.174
-321.86
-340.232
-191.986
-337.058
-337.19
-344.265
-245.872
-310.024
-349.519
-277.413
-237.485
-270.909
-252.825
-297.415
-288.636
-230.856
-340.545
-315.511
61.0719
52.2757
-333.044
-174.869
-183.367
-302.272
-260.675
-311.866
-341.775
-287.813
-297.482
-330.333
-346.887
-347.813
-326.263
-223.469
-287.593
-329.816
-96.6736
-245.048
-349.205
-310.375
-275.934
-331.127
-275.13
-65.5282
-92.4972
-174.349
-179.747
-231.088
-280.984
-296.582
-340.297
-268.195
-312.782
-260.725
-341.251
-321.165
-229.724
-341.827
-336.526
-340.174
-138.552
-203.7
-234.38
-280.017
-322.045
-176.585
-211.34
-341.527
-309.185
-343.52
-344.327
-251.589
-272.541
-290.717
-346.712
-259.938
-309.073
-272.566
-116.228
-177.934
-201.459
-337.209
-347.027
-304.13
-85.0455
-129.145
-133.351
-134.204
-190.045
-342.761
-202.965
-306.644
-316.269
-242.311
-266.403
-233.283
-295.26
-337.28
-323.496
-344.975
-102.184
-301.744
-205.099
-271.124
-323.299
-252.41
-266.842
-273.154
-325.897
-296.673
-91.5194
-232.882
-170.715
-307.067
-345.546
-341.432
-317.106
-287.108
-243.887
-336.35
-216.88
-239.938
99.9511
-256.583
-290.108
-331.176
-279.348
-318.815
-348.669
-191.36
-231.683
-304.19
-318.904
-342.5
-272.098
-289.425
-331.315
-293.488
-254.905
-344.547
-232.658
-347.574
-328.671
-312.57
-327.215
-319.744
-149.647
-255.534
-318.071
-319.561
-228.173
-274.583
-237.279
-270.819
-286.872
-317.994
-288.77
-239.861
-343.386
-349.448
-345.009
-348.481
-174.925
-307.534
-308.08
-257.111
-313.4
-293.495
-318.017
-286.699
-326.633
-261.412
-266.103
-246.746
-307.568
-319.938
-295.975
-164.213
-342.112
-250.363
-300.604
-90.6495
-121.5
-307.957
-252.68
-308.106
-171.249
-323.158
-269.414
-289.846
-332.284
-321.182
-341.918
-340.813
-252.609
-279.486
-293.636
-337.423
-347.836
-220.318
-334.329
-322.806
-328.011
-154.14
-341.158
-337.136
-292.926
-298.675
-200.68
-328.356
-60.3086
-202.77
-223.437
-243.026
-304.978
-327.357
-338.896
-167.244
-270.375
-276.95
-224.783
-257.395
-264.08
-185.84
-205.352
-224.298
-275.246
-346.234
-241.652
-298.532
-309.057
-348.234
-193.465
-345.537
-342.823
-324.179
-259.872
-335.758
-287.608
-180.261
-219.186
-338.166
-184.883
-277.433
-277.149
-322.8
-232.055
-331.171
-335.969
-320.214
-291.86
-330.289
-288.327
-345.592
-333.893
-341.773
-336.71
-349.015
-331.572
-225.77
-233.286
-309.67
-255.936
-143.169
-203.885
-259.679
-290.297
-302.958
-253.184
-293.257
-284.472
-62.5966
-345.713
-314.793
-179.432
-337.216
-347.464
-280.358
-344.574
-330.452
-328.067
-347.056
-309.333
-331.286
-347.494
-281.274
-337.994
-347.306
-271.822
-289.393
-258.558
-262.908
-344.119
-269.696
-159.957
-324.327
-206.997
-311.984
-251.575
-254.317
-326.356
-205.55
-230.975
-259.678
-285.109
-311.511
-309.986
-331.983
-347.377
-89.8881
-265.4
89.3708
-187
-290.14
-279.588
-175.644
-308.147
-275.438
-315.198
-348.98
-329.622
-171.462
-297.44
-297.255
-330.276
-342.465
-2.48313
-128.883
-132.483
-218.133
-346.637
-241.116
-348.768
-323.743
-344.38
30.6196
-314.842
-315.43
-215.287
-301.28
-238.803
-216.005
-309.679
-308.024
-300.14
-249.15
-245.044
-252.193
-175.556
-348.377
-271.288
-254.35
-266.9
-224.937
-217.617
-269.463
-348.326
-238.188
-337.127
-273.435
-348.973
-343.105
-326.939
-236.678
-225.288
-309.777
-345.86
-166.801
-237.109
-323.169
-282.953
-239.897
-159.743
-224.903
-290.219
-198.226
-302.717
-322.707
-301.825
-268.543
-329.077
-347.536
-315.626
-150.995
-275.93
-271.324
-175.88
-333.38
-201.168
-276.991
-269.477
-252.946
-277.107
-316.724
-316.429
-284.751
-243.738
-299.994
-317.986
-201.935
-239.234
-288.951
-334.871
-318.799
-279.44
-314.808
-323.106
-333.037
-326.498
-231.409
-257.502
-281.374
-290.494
-305.169
-169.16
-185.014
-345.597
-337.106
-271.489
-302.967
-348.956
-348.082
-347.916
-336.905
-317.357
-340.542
-332.336
-317.05
-290.904
-306.687
-151.729
-273.094
-269.934
-303.023
-292.181
-262.074
-329.06
-234.915
-298.573
-295.541
-309.039
-269.006
-274.066
-259.084
-333.516
-186.359
-195.233
-304.058
-316.552
-317.734
-349.659
-329.551
30.6812
-190.598
-233.288
-293.933
-340.168
-214.088
-318.952
-205.159
-232.57
-251.78
-268.587
-210.139
-255.349
58.225
-34.508
-193.481
-336.992
-313.161
-338.701
-197.814
-116.931
-190.734
-235.15
-282.541
-265.616
-300.498
-296.118
-344.146
-344.646
-324.372
-264.975
-261.431
-335.848
-279.892
-347.921
-231.668
-271.625
-339.105
-298.791
-334.713
-264.754
-340.048
-246.482
-317.473
-290.1
-316.74
-315.612
-337.378
-234.022
-245.427
-277.355
-347.106
-144.528
-120.376
-220.829
-268.704
-345.432
-250.69
-317.224
-347.086
-331.148
-326.279
-88.3285
-139.377
-233.525
-250.367
-292.325
-335.605
-261.631
-341.714
-103.587
-179.33
-233.331
-317.969
-333.863
-253.071
-184.312
-260.766
-335.322
-312.001
-345.671
-347.09
-281.006
-306.474
-329.939
-343.607
-217.97
-223.283
-233.586
-270.517
-308.464
-336.045
-108.14
-178.413
-222.466
-317.226
-205.552
-298.163
-346.504
-181.197
-186.685
-266.921
-338.034
-344.514
-228.272
-233.214
-290.525
-300.728
-266.799
-320.891
-331.452
-253.135
-159.9
-253.033
-232.946
-264.477
-308.145
-348.921
-292.087
-221.273
-231.656
-306.399
-336.559
-326.68
162.662
46.548
17.9598
-101.17
-200.059
-223.695
-241.302
-329.509
-303.709
-299.617
-340.461
-319.916
-179.835
-342.165
-347.499
-305.868
-290.075
-338.168
-327.206
-331.388
-234.546
-239.359
-275.099
-249.046
-330.897
-116.502
-193.282
-329.006
-306.481
-324.012
-338.887
-348.717
-274.956
-328.65
-276.552
-233.422
-311.417
-337.333
-337.888
-282.086
202.551
183.669
-146.626
-150.749
-204.764
-254.243
-343.538
-317.691
-283.082
-250.439
-302.941
-309.094
-334.181
-267.459
-334.285
-284.521
-256.02
-169.904
-278.188
-344.864
-334.338
-183.619
-203.168
-283.178
-139.919
-201.035
-327.258
-183.714
-265.973
-332.961
-207.007
-330.342
-322.115
-327.547
-299.308
-322.215
-344.639
-288.855
-144.147
-162.998
-270.582
-341.059
-208.365
-238.681
-348.592
-309.203
-294.368
-120.816
-232.6
-246.085
-265.271
-248.12
-102.263
-268.758
-298.103
-327.958
-334.447
-290.926
-323.766
-230.809
-313.147
-232.809
-320.737
-315.034
-342.763
-309.485
-213.719
-349.156
-131.205
-267.658
-239.512
-305.296
-178.796
-238.457
-264.441
-307.858
-319.161
-336.534
-335.97
-315.418
-320.784
-321.087
-234.028
-269.841
-315.235
-322.81
-312.345
-320.731
-190.102
-345.093
-248.633
-343.723
-333.903
-339.91
-173.082
-345.937
87.8081
-40.1879
-125.822
-141.487
-157.313
-250.815
-337.614
-190.919
-67.3987
-260.445
-327.242
-200.415
-325.56
-343.674
-324.515
-349.702
-305.593
-216.956
-338.339
-287.645
-231.411
-317.771
-272.182
-334.26
-227.119
-264.907
-298.608
-281.937
-337.717
-297.742
-295.534
-316.299
-317.031
-340.12
-342.841
-325.594
-315.197
-126.511
-182.666
-277.507
-332.419
-346.452
-136.976
-251.454
-220.036
-256.613
-249.956
-284.218
-344.441
-325.273
-231.583
-244.419
-203.523
-230.465
-297.198
-292.594
-327.029
-349.459
-316.051
-343.822
-331.687
-332.701
-158.664
-270.182
-133.501
-172.236
-210.396
-283.371
-344.599
-328.198
-339.914
-341.407
-341.443
-311.945
-343.492
-348.685
-348.887
-229.58
-323.993
-345.857
-324.449
-222.117
-274.107
-288.254
-199.634
-311.251
-158.549
-224.114
-253.539
-260.157
-186.249
-208.668
-270.148
-258.705
-267.636
-318.508
-267.03
-320.13
-179.968
-270.762
-215.822
-203.034
-299.743
-342.35
-217.213
-346.193
-249.625
-343.474
-329.197
-262.938
-301.625
-226.046
-264.815
-342.827
-279.142
-306.042
-341.298
-254.075
-331.755
-339.126
-337.806
-345.969
-314.653
-333.596
-346.292
-317.617
-324.92
-173.632
-222.108
-244.204
-333.947
-347.189
-258.561
-316.106
-93.0341
-149.12
-256.926
-184.684
-207.502
-315.941
-229.085
-261.889
-319.67
-318.366
-293.569
-222.547
-254.362
-292.859
-308.905
-200.77
-227.328
-181.136
-334.939
-329.76
-316.508
-241.639
-310.935
-332.806
-277.693
-281.036
-298.155
-71.2496
-187.484
-233.555
-253.836
-321.748
-334.829
-312.391
-327.466
-349.925
-185.511
-280.927
-323.811
-324.219
-342.378
-240.199
-53.7352
-104.511
-179.064
-254.043
-312.291
-325.108
-308.371
-233.026
-241.337
-291.959
-238.893
-339.301
-291.077
-289.973
-326.781
-275.489
-303.318
-228.832
-309.408
-91.3615
-191.764
-231.113
-255.672
-272.037
-272.693
-295.391
-316.293
-248.762
-285.182
-203.025
-182.15
-330.924
-275.594
-330.409
-251.183
-332.408
-289.725
-331.04
-337.103
-273.444
-262.375
-277.916
-306.563
-332.966
-309.185
-333.165
-335.247
-347.469
-321.808
-316.668
-109.293
-121.915
-104.04
-173.988
-296.234
-343.572
-279.566
-306.652
-317.563
68.1119
-72.2297
-95.0773
-102.79
-188.726
-224.931
-52.2566
-282.827
-293.548
-295.776
-343.534
-159.473
-313.988
-336.627
-346.493
-311.407
-346.845
-304.265
-339.493
-269.844
-284.603
-177.343
-213.737
-299.118
-302.205
-330.892
-314.834
-277.926
-317.758
-349.166
-317.4
-323.386
-276.301
-279.994
-318.378
-254.605
-286.852
-290.708
-336.766
-310.537
-326.094
-348.883
-307.588
-300.245
-284.07
-329.708
-281.914
-124.092
-312.314
-110.871
-170.265
-175.984
-191.353
-283.737
-273.569
-281.139
-296.108
-275.387
-294.012
-323.108
-242.999
-334.097
-339.623
-219.138
-10.9427
-323.245
-289.465
-260.028
-334.955
-203.058
-287.138
-330.841
-322.17
-269.455
-285.516
-318.546
-324.424
-178.068
-329.073
-119.561
-134.367
-285.643
-274.929
-298.202
-271.997
-323.361
-243.93
-301.679
-313.679
-342.85
-228.469
-234.232
-328.072
-267.008
-274.65
-258.799
-271.048
-329.183
-264.563
-341.745
-280.393
-342.567
-343.595
-111.147
-161.66
-249.711
-313.284
-322.992
-306.69
-314.369
-249.315
-343.115
-260.407
-267.102
-309.91
-174.604
-282.703
-317.118
-108.437
-339.816
-346.97
-323.331
-235.767
-242.158
-286.901
-295.457
-293.888
-298.351
-344.578
-348.771
-339.182
-339.03
-264.283
-339.879
-320.886
-127.389
-159.05
-277.133
-291.598
-178.041
-342.924
-331.158
-339.393
-260.023
-337.238
-289.263
-347.362
-269.625
-286.728
-344.389
-332.363
-310.422
-279.031
-302.595
-327.613
-266.474
-334.114
-325.187
-216.214
-282.694
-336.627
-106.258
-197.161
-291.46
-293.712
-207.069
-248.104
-336.831
-311.019
-282.386
-242.062
-201.088
-225.031
-302.451
-338.268
-327.022
-243.794
-334.656
-260.632
-335.637
-321.509
-274.608
-329.593
-336.911
-349.507
-338.895
-332.511
-280.381
-274.93
-320.007
-224.96
-300.592
-322.752
-290.984
-311.784
-332.648
-318.519
-182.077
-170.454
-261.936
-336.247
-344.991
-125.451
-145.038
-73.0802
-336.008
-290.144
-342.888
-342.854
-256.026
-326.364
-310.429
62.1908
-37.047
-85.1366
-289.199
-301.12
-329.027
-338.668
-336
-294.957
-222.324
-230.81
-290.754
-315.901
-276.626
-263.841
-329.76
-242.887
-251.19
-293.623
-326.674
-344.48
-238.812
-263.219
-212.503
-263.705
-286.206
-332.59
-271.987
-333.786
-163.537
-306.585
-319.201
-309.183
-313.37
-192.568
-197.873
-198.252
-220.958
-186.165
-264.599
-302.596
-172.322
-274.217
-238.727
-167.964
-327.966
-336.819
-349.977
-345.504
-338.794
-337.198
-345.358
-283.001
-337.84
-326.299
-293.399
-327.359
-340.246
-311.911
-259.613
-317.67
-254.402
-322.454
-287.444
-224.977
-225.993
-322.817
-318.98
-241.839
-225.478
-236.57
-315.593
-143.494
-262.675
-308.819
-186.44
-204.105
-205.156
-206.118
-250.513
-307.282
-316.545
-126.145
-280.917
-312.562
-346.311
-343.32
-211.977
-323.952
-219.362
-335.072
-288.631
-349.057
-296.376
-242.999
-327.984
-347.875
-324.95
-331.703
-293.682
-295.831
-307.65
-286.096
-323.601
-345.968
-299.873
-327.541
-211.599
-288.429
-334.622
-328.358
-348.707
-348.235
-276.745
-327.365
-346.722
-259.23
-343.929
-347.023
-286.67
-301.712
-327.326
-278.222
-326.597
-349.356
-179.027
-246.095
-284.26
-314.934
-304.29
-129.566
-219.271
-337.744
-339.123
-262.726
-264.777
-99.9035
-244.398
-268.96
-344.752
-279.349
-315.117
-297.126
-281.18
-226.361
-167.422
-182.167
-312.398
-307.545
-321.217
-343.57
-187.237
-228.79
-123.329
-310.661
-332.452
-181.43
-217.145
-304.419
-348.104
-269.657
-286.789
-118.226
-337.752
-300.443
-314.065
-341.16
149.712
-83.9584
-269.156
-281.709
-302.128
-338.466
-323.341
-327.535
-231.64
-284.486
-292.311
-299.696
-331.37
-285.735
-341.177
-256.139
-334.566
-287.143
-322.85
-253.831
-93.4163
-147.008
-151.968
-218.063
-250.961
-270.908
-242.609
-337.503
-342.37
-346.341
-343.99
-293.782
-329.778
-135.369
-157.67
-192.52
-313.728
-257.127
-197.682
-300.575
-323.529
-67.6744
-286.465
-344.277
-327.821
-336.556
-239.59
-338.423
-302.502
-195.555
-196.552
-253.871
-323.174
-311.823
-322.363
-259.902
-291.398
-340.763
-296.541
-303.586
-336.765
-251.986
-273.695
-69.963
-197.965
-235.399
-317.339
-205.585
-257.556
-312.917
-338.675
-249.298
-265.358
-324.6
-347.161
-217.644
-324.571
-325.952
-326.185
-222.74
-244.57
-321.878
-267.613
-276.503
-330.675
-345.768
-338.291
-312.37
-333.428
-148.561
-302.788
-299.446
-281.942
-337.024
-302.387
-128.78
-189.071
-267.731
-298.505
-312.257
-340.942
-285.143
-281.595
-348.928
-207.041
-343.139
-330.521
-344.919
-295.561
-265.326
-309.416
-338.704
-345.959
-274.301
-270.938
-331.464
-122.834
-337.213
-262.123
-294.392
-301.027
-339.042
-342.086
-9.72285
-17.079
-106.242
-333.879
-347.84
-240.233
-269.718
-295.927
-241.327
-327.89
-80.2158
-302.027
-331.072
-349.459
-148.796
-327.907
-283.216
-252.046
-340.022
-182.164
-282.656
-333.51
-344.828
-275.882
-316.469
-194.423
-199.159
-269.137
-304.441
-316.203
-226.082
-336.177
-281.577
-324.62
-296.677
-347.81
-199.889
-276.466
-277.29
-179.393
-315.537
-251.651
-258.464
-299.846
-318.532
-306.34
-330.496
-224.036
-297.945
-324.531
-331.426
-303.832
-160.545
-316.392
-218.352
-312.811
-178.579
-192.694
-326.526
-281.527
-65.2544
-232.003
-337.783
-330.814
-346.838
143.595
-61.9888
-197.694
-261.151
-256.153
-257.683
-291.944
-285.692
-275.031
-319.68
-318.284
-342.642
-306.326
-320.981
-212.127
-277.795
-326.641
-343.485
-320.11
-269.534
-232.474
-344.046
-290.448
-333.42
-211.584
-333.552
-348.696
-281.169
-346.851
-313.591
-38.5075
-229.475
-275.562
-283.359
-305.237
-340.188
-277.625
-197.288
-319.777
-148.821
-241.326
-302.004
-342.263
-328.007
-182.379
-321.963
-324.673
-333.845
-300.717
-297.724
-281.727
-349.178
-338.873
-345.475
-292.481
-314.729
-319.284
-328.348
-335.366
-253.023
-322.606
-331.616
-287.191
-158.181
-226.729
-294.434
-325.307
-348.867
-299.855
-273.475
-322.53
-337.246
-315.565
-120.762
-344.687
-336.932
-323.584
-337.716
-281.542
-259.483
-345.764
-299.825
-258.581
-284.271
-255.923
-275.834
-254.731
-294.253
-309.046
-343.442
-206.497
-214.324
-311.945
-333.059
-158.341
-317.907
-330.718
-308.364
-331.605
-347.086
-229.333
-326.794
-330.635
-197.596
-217.853
-238.06
-267.632
-321.313
-265.725
-208.945
-214.208
-304.313
-316.63
-185.881
-270.586
-339.485
-135.568
-185.785
-314.369
-235.725
-340.747
-317.601
-320.22
-318.252
-301.189
-329.386
-334.754
-280.233
-264.54
-339.934
-217.752
-250.601
-288.509
-349.551
-341.722
-338.944
-225.966
-254.18
-320.122
-308.602
-285.205
-347.612
-340.281
-222.49
-264.965
-276.887
-341.256
-265.644
-328.509
-341.036
-258.159
-345.45
-260.277
-40.7292
-46.9522
-183.948
-270.126
-335.639
-111.852
-316.036
-344.12
-179.105
-217.176
-245.483
-302.297
-187.104
-318.735
-194.352
-341.833
-306.693
-334.977
-330.166
-284.629
-281.641
-222.339
-322.153
-215.491
-348.301
-340.345
-255.88
-303.613
-198.426
-292.6
-287.194
-340.405
-255.061
-127.902
-162.433
-284.544
-340.196
-329.511
-114.268
-255.795
-323.641
-348.346
-329.768
-240.555
-312.06
-182.787
-346.299
-103.168
-275.026
-271.592
-275.721
-303.531
-199.999
-347.122
-321.234
-332.361
-293.496
-340.62
-282.161
121.321
108.815
107.729
-23.5023
-141.365
-263.218
-313.556
-321.583
-299.833
-169.831
-235.572
-332.042
-119.2
-145.335
-339.534
-228.523
-307.816
-263.229
-279.922
-244.953
-310.548
-153.654
-200.176
-299.081
-233.492
-324.617
-208.205
155.202
135.555
123.769
80.8699
-47.183
-179.668
-334.288
-211.255
-266.344
-345.929
-280.687
-324.277
-321.222
-303.656
-222.685
-169.86
-252.024
-329.941
-334.235
-288.597
-256.936
-236.834
-96.2519
-216.321
-296.985
-105.522
-277.914
-314.592
-315.443
-299.641
-193.398
-335.463
-263.106
-233.535
-344.867
-121.694
-249.693
-260.403
-297.059
-298.989
-64.2822
-71.3617
-248.495
-195.636
-239.662
-318.663
-304.399
-331.529
-308.587
-228.429
-292.009
-304.951
-335.808
-333.056
-241.013
-265.854
-45.7017
-177.121
-322.568
-273.988
-106.297
-348.124
-151.206
-271.296
-295.358
-260.01
-273.089
-268.6
-326.943
-243.868
-292.814
-153.2
-228.047
-312.674
-234.793
-299.007
-330.899
-277.351
-345.949
-219.04
-267.213
-345.572
-273.865
-319.915
-316.341
-96.57
-173.591
-322.087
-343.965
-243.189
-251.432
-302.488
-237.683
-307.478
-135.863
-156.513
-337.727
-312.244
-330.439
-340.487
-302.413
-245.269
-289.613
-223.958
-275.462
-343.333
-227.872
-349.076
-135.493
-237.69
-320.704
-235.219
-270.813
-343.899
-260.768
-306.453
-286.051
-263.641
-271.466
-345.018
-248.301
-320.668
-240.756
-269.582
-331.433
-297.455
-341.564
-209.749
-115.083
-274.39
-252.476
-215.677
-334.764
-344.287
-312.561
-324.712
-328.277
-308.551
-247.963
-342.262
-147.436
-215.322
-258.568
-293.004
-302.365
-312.37
-338.422
-314.532
-266.867
-307.793
-325.792
-278.422
-326.059
-346.683
-349.275
-219.162
-302.551
88.111
-270.491
-221.397
-174.742
-197.747
-344.307
-327.832
-284.152
-114.121
-181.075
-263.909
-225.135
-303.87
-328.437
-313.1
-259.856
-288.104
-227.868
-237.969
-306.284
-296.755
-208.398
-249.318
-337.88
-306.98
-176.787
-306.278
-226.128
-276.307
-289.317
-215.357
-220.586
-330.791
-324.97
-344.965
-191.826
-316.43
-345.77
-274.878
-308.868
-328.28
-303.687
-342.683
-323.288
-271.833
-285.328
-295.515
-119.947
-275.366
-302.958
-326.39
-305.089
-13.9097
-188.669
-197.918
-280.414
-345.079
-323.635
-276.842
-231.56
-313.453
-196.055
-205.205
-209.855
-246.635
-240.152
-251.937
-336.461
-307.475
-324.066
-321.032
-339.032
-154.915
-330.219
-221.666
-280.841
-238.535
-300.531
-227.594
-210.282
-254.001
-345.141
-263.233
-149.307
-161.224
-175.284
-299.226
-326.556
-282.574
-319.203
-317.333
-335.813
-345.236
-234.073
-254.599
-318.579
-261.232
-239.001
-250.77
-293.834
-253.991
-268.262
-318.938
-312.76
-303.608
-267.131
-269.221
-255.853
-288.307
-137.158
-322.042
-320.326
-328.607
-335.174
-346.44
-346.536
-218.821
-349.686
-269.72
-343.945
-347.526
-347.661
-347.853
-121.565
-225.398
-281.078
-216.241
-303.423
-205.659
-291.599
-261.336
-312.831
-278.098
-301.224
-339.917
-258.604
-236.596
-310.527
-189.355
-256.647
-324.678
-225.934
-336.634
-337.883
-269.92
-342.121
-188.989
-327.063
-303.898
-199.395
-245.506
-321.306
-247.595
-341.554
-268.669
-262.252
-313.265
-45.4816
-46.0257
-94.2183
-121.976
-188.242
-286.692
-315.025
-198.403
-141.413
-332.529
-336.954
-313.766
-321.952
-335.748
-252.082
-341.762
-296.203
-307.424
-289.735
-212.35
-244.471
-250.612
-337.332
-303.202
-263.033
-325.236
-281.416
-257.107
-261.513
-272.054
-288.446
-339.463
-319.223
-288.245
-317.454
-285.036
-334.825
-338.868
-348.213
-321.709
-345.146
-340.635
-316.761
-313.265
-314.157
-282.651
-301.364
-334.117
-315.411
-11.4964
-190.321
-208.402
-295.026
-330.64
-336.319
-41.8308
-123.18
-329.757
-316.628
-345.683
-283.908
-307.084
-334.019
-346.625
-321.021
-262.113
-290.028
-314.574
-128.123
-283.878
-298.422
-191.106
-306.954
-334.001
-336.731
-291.547
-339.136
-215.439
-344.951
-245.273
-303.148
-223.634
-254.853
-307.85
-308.249
-343.995
-327.705
-190.561
-312.399
-247.612
-242.769
-292.154
-290.145
-279.607
-166.481
-222.074
-323.508
-306.691
-349.409
-275.754
-270.429
-290.356
-313.406
-320.098
-334.781
-265.024
-329.293
-326.32
-339.802
-188.112
-288.199
-349.768
-315.797
-279.798
-346.307
-334.892
-283.57
-337.744
-343.482
-234.167
-235.508
-341.814
-287.469
-319.348
-344.315
-342.039
-345.595
-337.288
-344.503
-76.0552
-319.06
-216.242
-349.414
-241.959
-337.652
-278.055
-93.9456
-293.94
-319.715
-313.736
-343.813
-325.663
-335.926
-267.586
-348.455
-263.103
-317.973
-343.137
-298.191
-349.705
-245.288
-338.41
-293.17
-328.326
-287.092
-312.042
-339.915
-301.94
-295.338
-312.916
-248.65
-259.444
-285.653
-221.337
-141.875
-230.697
-252.504
-327.123
-325.749
-216.102
-343.521
-294.367
-330.498
-284.567
-296.255
-306.261
-334.35
-315.783
-342.958
-344.714
-15.0917
-19.881
-160.541
-167.958
-288.645
-326.294
-345.624
-104.516
-113.549
-149.613
-304.352
-308.428
-347.203
-231.447
-288.851
-228.594
-302.276
-126.909
-137.319
-196.121
-262.884
-327.217
-346.705
-347.621
-203.939
-270.726
-270.775
-21.1336
-109.255
-166.138
-189.974
-239.194
-298.007
-223.48
-317.711
-303.114
-304.779
-241.489
-299.134
-292.19
-348.632
-317.108
-185.956
-261.57
-312.528
-326.132
-329.783
-347.007
-326.805
-343.434
-200.748
-265.04
-289.584
-330.793
-207.779
-294.998
-330.503
-236.283
-303.942
-303.984
-328.681
-124.499
-259.077
-168.139
-317.236
-210.852
-330.759
-228.338
-300.15
-333.398
-328.157
-310.213
-330.662
-334.592
-250.314
-321.172
-332.816
-63.2675
-82.7324
-138.839
-255.12
-262.754
-286.486
-305.379
-323.951
-297.39
-335.274
-335.615
-289.914
-262.989
-246.8
-264.893
-326.632
-317.299
-113.342
-272.092
-300.494
-306.384
-318.487
-325.007
-339.266
-244.698
-301.478
-326.692
-342.088
-337.535
-154.73
-335.473
-184.064
-276.716
-295.181
-256.492
-305.651
-302.932
-276.18
-161.577
-343.49
-331.386
-119.262
-289.787
-299.706
-306.274
-307.928
-30.9003
-168.886
-265.604
-303.94
-339.156
-276.68
-332.088
-205.44
-169.405
-305.523
-323.953
-275.705
-259.168
-309.693
-344.085
-325.349
-290.184
-344.544
-292.464
-348.584
-270.025
-280.949
-331.198
-321.95
-314.308
-323.429
-308.401
-339.511
-263.074
-271.407
-303.933
-250.986
-260.292
-301.882
-319.536
-326.149
-207.155
-269.547
-287.331
-330.529
-236.713
-240.15
-329.166
-320.419
-343.924
-238.097
-286.228
-230.412
-313.672
-226.541
-274.565
-133.228
-299.784
-348.887
-339.927
-237.459
-253.854
-158.187
-205.095
-336.451
-343.649
-294.671
-311.957
-344.277
-307.235
-341.625
-301.669
78.7575
-182.628
-186.912
-345.154
-123.67
-314.447
-277.402
-109.158
-116.524
-317.555
-318.262
-278.061
-238.019
-344.981
-243.748
-292.008
-285.284
-342.744
-285.101
-349.839
-342.755
-346.764
-342.173
-318.427
-337.34
-68.963
-95.9131
-208.947
-281.146
-339.702
-294.451
-74.5092
-105.318
-166.416
-311.246
-329.346
-273.574
-331.02
-335.776
-347.245
-312.603
-308.187
-333.778
-349.162
-327.807
-321.15
-268.633
-317.566
-191.075
-231.183
-263.566
-337.283
-315.933
-312.523
-302.258
-226.962
-322.028
-327.535
-264.634
-336.821
-280.063
-315.197
-323.049
-341.982
-261.293
-209.308
-296.591
-273.999
-136.913
-303.103
-346.532
-346.327
-314.747
-342.281
-194.71
-257.57
-281.954
-271.527
-294.012
-334.918
-310.778
-200.539
-318.727
-185.853
-333.483
-336.018
-292.119
-313.228
-331.415
-303.424
-314.835
-182.105
-226.77
-289.491
-348.685
-151.882
-275.273
-336.252
-336.286
-301.219
-222.605
-346.469
-323.853
-309.824
-314.373
-233.741
-279.161
-284.271
-326.819
-341.485
3.62502
-56.2643
-322.915
45.3243
-114.96
-262.232
-309.952
-146.549
-172.811
-243.586
-342.304
-325.401
-213.661
-292.571
-309.004
-307.092
-277.987
-338.7
-289.024
-294.796
-345.63
-318.816
-267.271
-276.667
-202.385
-240.575
-279.899
-333.65
-248.999
-162.932
-298.348
-275.27
-224.467
-261.23
-319.476
-291.263
-235.993
-327.231
-233.796
-222.485
-191.176
-337.582
-317.679
-287.688
-61.1622
-288.799
-339.079
-293.063
-273.118
-348.012
-349.873
-338.609
-347.295
-348.852
-338.407
-163.721
-171.466
19.832
-348.58
-309.463
-152.209
-320.335
-128.685
-335.348
-284.122
-273.984
-184.63
-225.022
-298.055
-69.3862
-136.217
-228.393
-339.629
-152.302
-211.463
-293.657
-299.327
-310.146
-288.007
-314.237
-336.311
-346.785
15.9249
-140.956
-310.878
-281.873
-302.616
-233.998
-305.442
-339.312
-349.018
-326.516
-332.491
-247.499
-328.566
-227.857
-344.263
-338.314
-338.818
-230.678
-250.294
-294.669
-297.335
-237.88
-289.736
-272.306
-321.828
-229.12
-160.341
-339.509
-340.505
-247.6
-257.683
-300.4
-321.732
-325.488
-287.284
-335.464
-293.562
-9.80841
-146.769
-235.146
-80.3825
-89.1148
-279.499
-252.193
-290.384
-342.201
-330.452
-326.974
-327.234
-329.57
-319.704
-297.941
-335.311
-329.951
-227.306
-312.235
-331.253
-279.413
-342.942
-154.767
-223.777
-249.551
-324.141
-338.604
-344.15
-274.486
-300.36
-330.392
-297.078
-185.964
-204.338
-294.253
-243.725
-306.44
-304.356
-331.184
-323.753
-218.286
-258.427
-305.423
-280.278
-335.04
-293.528
-349.336
-341.381
-320.266
-148.41
-284.323
-315.688
-328.625
-337.641
-280.606
-315.449
-339.683
-339.312
-316.897
-239.152
-327.857
-240.143
-187.428
-274.828
-275.131
-282.621
-321.555
-325.076
-329.519
-243.566
-301.355
-193.757
-345.262
-300.23
-341.973
-293.553
-318.324
-321.663
-336.805
-233.168
-238.442
-260.408
-180.946
-245.677
-339.042
-306.431
-291.67
-345.766
-172.46
-309.258
-281.612
-331.317
-295.926
-166.088
-196.211
-258.626
-259.467
-283.775
-163.158
-343.228
-271.322
-335.262
-344.803
-297.853
-349.799
-281.975
-349.563
-347.396
-262.178
-253.916
-274.42
-344.249
-291.888
23.4784
-227.095
-299.642
-261.162
-317.449
-336.226
-337.324
-312.156
-317.98
-347.44
-329.749
-340.8
-333.961
-342.847
-283.131
-239.67
-312.869
-315.004
-202.287
-246.071
-333.252
-310.279
-322.897
-348.965
-276.964
-227.436
-340.264
-343.069
12.5464
-70.9962
-270.381
-300.145
-340.375
-253.259
-311.983
-95.2248
-264.545
-267.066
-279.602
-327.75
-340.177
-302.849
-89.528
-197.987
-286.125
-182.447
-198.146
-308.572
-328.212
-348.896
-243.189
-286.945
-317.75
-316.776
-258.6
-288.243
-267.372
-277.129
-222.18
-239.691
-18.0577
-146.133
-251.48
-267.607
-251.114
-273.237
-285.927
-300.107
-331.54
-283.74
-164.162
-183.414
-345.796
-331.296
-299.646
-109.74
-334.188
-346.748
-267.423
-278.622
-260.384
-230.983
-346.866
-252.445
-194.699
-292.8
-343.112
-135.825
-226.525
-252.443
-295.979
-268.964
-297.297
-234.997
-264.918
-261.009
-339.863
-348.033
-295.448
-334.325
-285.461
-348.722
53.821
-89.4148
-102.856
-342.914
-323.667
-258.999
-335.443
-332.139
-289.667
-334.629
-294.183
-309.01
-336.191
-308.22
-143.291
-216.918
-231.59
-255.728
-338.323
-305.089
-312.044
-344.855
-301.907
-282.049
58.0387
-126.445
-161.194
-314.393
-282.316
-319.346
-339.195
-325.855
-265.789
-109.012
-168.031
-248.375
-305.35
-257.107
-225.934
-262.051
-274.371
-341.703
-336.522
-316.152
-343.103
-290.399
-347.719
-335.575
-262.009
-287.665
-318.193
-268.266
-332.466
-52.9566
-330.068
-308.1
-288.991
-237.663
-334.697
-224.891
-279.774
-261.731
-267.932
-276.746
-285.256
-311.1
-304.864
-348.62
-266.665
-345.003
-339.957
-84.1529
-243.484
-297.309
-326.483
-246.313
-198.614
-240.054
-341.674
-237.461
-313.11
-220.523
-269.042
-287.78
-257.462
-178.304
-282.698
-310.89
-330.113
-253.79
-185.354
-336.59
-303.268
-349.213
-231.09
-317.594
-337.142
-344.273
-301.332
-346.144
-278.144
-265.15
-293.517
-310.793
-319.799
-240.383
-294.873
-330.707
-225.093
-305.539
-275.993
-293.934
-334.162
-181.535
-301.056
-344.741
-344.136
-211.351
21.0959
9.91635
-307.591
71.8366
-199.02
-299.508
-173.475
-260.006
-261.338
-110.663
-343.06
-131.58
-319.086
-324.362
-325.894
-218.245
-238.369
-338.494
-346.994
-301.371
-268.495
-274.291
-320.991
-305.995
-245.441
-312.541
-339.6
-335.43
-265.889
-273.562
-335.933
-336.174
-275.752
-217.245
-235.54
-255.488
-266.115
-202.673
-238.774
-326.313
-203.898
-265.543
-345.618
-278.853
-349.772
-290.925
-291.421
-349.15
-254.227
-316.961
-292.344
-300.779
-285.23
-345.309
-239.52
-333.832
-186.63
-324.665
-333.565
-234.162
-177.887
-340.716
-278.52
-267.993
-271.276
-326.085
-330.914
-345.72
-327.519
-329.631
-344.422
-95.4019
-177.691
-184.475
-255.105
-15.6588
-258.573
-168.375
-345.916
-173.194
-314.147
-333.952
-190.115
-305.926
-249.339
-46.3921
-130.734
-139.107
-347.191
-325.588
-310.321
-210.185
-323.993
-333.44
-325.499
-318.475
-289.544
-348.715
-335.849
-286.939
-348.471
-233.73
-339.22
-292.809
-349.02
-229.664
-328.99
-315.588
-324.874
-284.983
-266.572
-230.182
-249.92
-275.48
-296.955
-312.328
-320.251
-310.047
-333.273
-317.764
-203.624
-236.976
-334.159
-292.188
-310.462
-195.483
-312.83
-328.57
-246.586
-260.207
-310.014
-184.062
-346.16
-224.539
-308.997
-318.819
-322.382
-349.193
-306.45
-213.183
-261.482
-325.271
-161.102
-275.249
-213.733
-223.501
-230.534
-231.896
-330.285
-305.217
-315.838
-198.952
-324.679
-325.231
-262.07
-314.558
-223.631
-276.191
-332.831
-219.746
-271.625
-136.758
-280.928
-322.595
-335.151
-337.559
-292.56
-225.449
-338.54
-345.838
-306.927
-345.726
-307.09
-349.27
-306.879
-314.104
-322.663
-184.737
-221.192
-263.254
-331.728
-295.129
-262.14
-214.291
-335.877
-334.027
-333.887
-337.269
-312.6
-323.225
-330.222
-319.89
-332.824
-29.511
-204.302
-284.327
-250.673
-334.878
-119.346
-342.704
-244.568
-293.032
-330.074
-348.188
-36.3898
-162.025
-330.022
-315.099
-68.6697
-255.739
-330.793
-340.974
-327.365
-152.474
-202.863
-270.223
-335.54
-188.543
-257.655
-324.429
-182.111
-138.557
-312.593
-190.46
-299.401
-77.4028
-243.922
-328.788
-267.233
-288.869
-246.241
-346.786
-330.907
-345.22
-347.599
-208.932
-273.924
-297.758
-313.955
-316.736
-138.634
-251.748
-274.727
-328.382
-296.22
-267.902
-306.201
-320.374
-251.023
-276.527
-294.994
-315.921
-339.985
-332.942
-318.829
-331.2
-240.646
-284.844
-299.252
-189.788
-337.19
-326.234
-182.257
-349.492
-304.702
-345.834
-315.491
-274.578
-341.689
-241.896
-112.693
-335.521
-339.908
-329.575
-349.203
-107.922
-325.863
-330.132
-264.189
-292.252
-286.427
-157.009
-264.977
-309.713
-307.006
-296.837
-55.1647
-281.007
-341.83
-348.629
-215.728
-196.563
-330.933
-321.704
-339.109
-247.137
-221.186
-258.168
-309.217
-290.866
-308.522
-344.667
-345.368
-273.217
-331.466
-60.2295
-95.9059
-175.207
-348.216
-104.661
-165.977
-215.208
-239.37
-295.456
-347.745
-320.754
-337.383
-327.307
-332.249
-342.973
-313.376
-331.297
-245.911
-315.076
-340.719
-331.296
-315.13
-315.603
-322.992
-313.244
-345.746
-336.942
-276.629
-287.59
-345.577
-261.06
-339.552
-309.526
-320.149
-325.485
-325.312
-345.84
-336.899
-348.475
-323.148
-115.55
-155.625
-160.683
-162.008
-244.498
-271.44
-215.367
-249.636
-315.548
-294.715
-319.01
-266.532
-270.213
-236.165
-243.488
-266.694
-312.383
-343.336
-343.481
-276.607
-282.443
-232.444
-284.885
-331.183
-217.264
-302.185
-290.791
-283.506
-268.167
-344.764
-279.092
-332.37
-313.499
-282.371
-300.039
-328.324
-245.68
-345.379
-338.513
-333.151
-333.992
-328.78
-343.799
-54.8401
-250.85
-329.249
-322.242
-343.177
-223.447
-211.17
-60.2315
-304.552
-288.911
-332.703
-208.184
-257.066
-216.596
-331.669
-286.275
-316.463
-336.645
-312.742
-245.605
-199.704
-256.441
-277.61
-309.8
-244.747
-294.805
-306.262
-307.503
-189.013
-335.764
-328.71
-233.356
-330.966
-156.309
-285.821
-224.62
-158.134
-181.603
-259.753
-274.527
-330.024
-342.981
-315.669
-230.68
-272.104
-264.449
-336.891
-303.278
-329.557
-337.063
-280.708
-291.515
-305.255
-327.272
-322.25
-213.109
-312.132
-82.1989
-108.747
-197.647
-341.592
-322.594
-165.845
-94.6153
-119.735
-191.601
-228.192
-280.872
-347.474
-296.52
-302.398
-239.208
-307.703
-342.792
-346.029
-306.934
-158.528
-202.546
-256.522
-283.592
-271.588
-277.343
-279.373
-347.179
-332.213
-301.269
-330.442
-279.191
-278.592
-279.32
-228.332
-307.088
-312.584
-290.659
-92.5107
-96.9167
-203.717
-313.173
-298.896
-349.402
-207.056
-311.636
-192.552
-328.199
-339.488
-285.279
-339.803
-131.379
-317.314
-282.479
-308.413
-332.885
-342.737
-224.436
-317.649
-323.317
-315.365
-291.381
-339.712
-224.543
-326.957
-221.778
-161.236
-163.249
-297.134
-311.288
-146.014
-202.989
-315.33
-332.879
-85.744
-158.456
-176.286
-306.341
-281.595
-285.782
-258.401
-323.355
-328.771
-331.293
-336.841
-345.662
-303.102
-321.98
-275.629
-296.451
-327.41
-343.101
-299.544
-280.917
-295.628
-322.007
-122.782
-239.219
-245.774
-347.89
-304.648
-226.13
-304.924
-346.306
-291.014
-297.464
-325.65
-336.44
-334.698
-193.495
-276.078
-240.379
-321.922
-88.3658
-5.95499
-116.366
-321.758
-332.264
-324.998
-148.915
-190.363
-257.382
-215.233
-135.454
-208.64
-214.007
-239.695
-319.938
-242.453
-324.616
-103.009
-172.687
-188.078
-307.425
-340.877
-217.267
-315.116
-341.411
-326.284
-324.429
-309.836
-346.528
-308.491
-234.307
-332.938
-318.512
-337.532
-316.796
-323.506
-344.396
-310.554
-272.972
-342.594
-247.724
-278.699
-255.958
-335.952
-314.164
-317.539
-168.027
-204.08
-299.697
-345.629
-348.574
-340.437
-333.623
-90.6753
-139.329
-348.356
-123.2
-228.511
-307.01
-317.842
-346.601
-330.819
-147.365
-164.843
-192.006
-252.789
-290.137
-269.075
-303.413
-241.674
-296.453
-335.236
-163.505
-274.141
-349.254
-314.997
-249.119
-268.593
-307.486
-318.389
-323.072
-284.263
-287.63
-341.7
-283.413
-203.316
-296.876
-306.477
-316.33
-318.184
-321.939
-330.418
-321.308
-200.519
-254.432
-269.147
-238.362
-339.008
-342.168
-205.764
-223.984
-263.166
-247.435
-251.807
-242.172
-279.488
-280.996
-344.216
-94.0693
-116.228
-131.986
-306.818
-308.622
-340.394
-348.629
-330.618
-332.456
-295.459
-308.615
-263.713
-317.709
-346.2
-310.352
-331.098
-308.61
-155.922
-325.912
-344.704
-323.231
-339.375
-230.701
-303.375
-292.527
-297.72
-318.773
-302.089
-346.183
-310.933
-128.842
-283.045
-270.298
-292.429
-300.864
-313.463
-325.604
-330.65
-286.856
-273.825
-274.69
-308.323
-320.325
-349.504
-177.77
-282.634
-309.716
-344.131
-154.776
-240.005
-108.112
-296.987
-310.207
-332.081
-331.963
-341.981
-164.076
-103.986
-313.695
-324.136
-338.793
-321.337
-294.189
-267.345
-270.37
-341.369
-306.323
-196.89
-338.742
-287.11
-344.351
-346.014
-330.372
-291.444
-297.801
-294.512
-227.811
-255.92
-277.267
-324.218
-336.911
-152.03
-194.266
-112.23
-168.238
-250.192
-328.415
-297.78
-312.754
-321.338
-324.268
-227.9
-283.617
-335.653
-325.842
-175.565
-288.654
-247.033
-268.662
-338.6
-310.523
-227.709
-149.465
-303.945
-299.009
-226.453
-346.16
-311.087
-347.214
-281.179
-297.129
-289.874
-121.37
-304.312
-335.914
-337.388
-194.414
-240.912
-156.968
-212.81
-262.934
-279.426
-265.977
-289.29
-110.216
-139.909
-295.512
-338.757
-244.439
-193.117
-201.937
-123.023
-304.348
-320.185
-349.139
-345.777
-303.184
-339.962
-237.993
-325.817
-288.585
-334.91
-275.551
-346.653
-184.079
-219.046
-228.481
-345.252
-65.2013
-123.018
-220.379
79.3503
15.9985
-34.652
-216.377
-313.885
-338.645
-316.764
-156.825
-268.438
-339.214
-300.311
-345.099
-274.295
-346.179
-348.737
-315.987
-266.034
-189.36
-260.862
-241.656
-330.478
-220.273
-287.286
-311.748
-342.947
-303.071
-177.69
-270.851
-334.885
-345.772
-281.095
-283.652
-255.218
-345.743
-346.689
-277.329
-307.453
-302.975
-327.231
-247.089
-342.68
-343.315
-271.519
-306.797
-305.343
-258.824
-337.653
-319.258
-233.27
-266.832
-329.944
-346.716
-349.235
-320.887
-310.292
-238.789
-301.296
-325.469
-299.153
-265.877
-163.731
-273.355
-320.86
-309.058
-330.041
-293.903
-315.966
-317.077
-279.199
-295.421
-312.715
-339.509
-270.666
-327.658
-277.047
-301.597
-304.039
-301.853
-53.6346
-57.1047
-199.56
-173.005
-223.306
-205.804
-264.177
-44.4838
-238.558
-321.897
-253.784
-339.339
-334.334
-244.85
-320.9
-341.526
-313.751
-260.105
-294.82
-47.894
-202.089
-331.365
-340.69
-259.333
-327.178
-295.381
-196.445
-321.34
-194.215
-242.776
-278.839
-290.444
-295.545
-334.711
-314.119
-127.198
-290.254
-284.341
-304.969
-273.136
-342.342
-340.274
-124.538
-318.642
-348.637
-347.365
-302.562
-317.141
-339.012
-347.67
-320.729
-333.948
-316.686
-292.644
-332.023
-342.196
-315.094
-324.508
-277.297
-223.813
-345.324
-100.653
-330.992
-337.054
-287.952
-314.006
-315.406
-344.607
-298.813
-109.394
-148.173
-239.603
-261.614
-274.5
-308.127
-321.614
-304.196
10.7337
-300.289
-323.2
-344.667
-286.949
-324.437
-318.552
-336.119
-290.065
-273.697
-332.76
-336.73
-305.523
-243.93
-275.126
-335.808
-205.159
-288.822
-313.409
-315.787
-312.611
-295.259
-327.217
-221.957
-278.475
-319.346
-177.521
-222.664
-334.798
-281.675
-337.349
-341.194
-320.934
-297.687
-300.15
-255.305
-321.299
-321.764
-244.772
-331.805
-349.171
-302.551
-310.545
-323.193
-334.931
-255.868
-294.629
-340.021
-336.251
-343.106
-312.384
-264.536
-248.763
-343.12
-197.281
-348.405
-169.737
-312.902
-317.849
-216.035
-244.367
-322.051
-263.58
-326.699
-340.526
-286.941
-332.412
-341.288
-333.999
-220.946
-231.603
-253.19
-309.169
-342.088
-332.154
-348.109
-330.88
-137.297
-256.118
-272.386
-328.107
-337.92
-334.853
150.987
138.131
99.0615
-200.303
-323.994
-276.408
-251.202
-268.257
-216.89
-325.56
-344.225
-325.942
-349.603
-313.903
-334.063
-313.827
-338.638
-303.558
-157.72
-221.01
-323.398
-220.83
-149.86
-292.946
-236.758
-313.878
-238.301
-238.853
-259.682
-301.701
-347.047
-316.334
-342.908
-259.885
-296.484
-224.87
-283.957
-235.706
-269.364
-348.603
-218.737
-289.782
-342.348
-302.197
-326.956
-310.619
-346.149
-262.717
-306.905
-346.902
-311.422
-349.631
-302.877
-336.298
-337.055
-323.584
-283.851
-260.158
-318.983
-333.918
-247.235
-232.624
-248.215
-342.771
-319.856
-342.699
-163.245
-179.75
-204.596
-241.903
-142.132
-314.551
-347.349
-178.899
-338.396
-90.0884
-199.437
-346.711
-347.805
-330.028
-345.055
-327.292
-125.48
-304.958
-321.321
-161.247
-223.555
-345.446
-238.975
-335.331
-234.501
-175.808
-346.776
-278.987
-319.27
-335.384
-303.315
-301.339
-261.377
-168.118
-264.902
-299.155
-310.345
-316.03
-335.752
-342.402
-346.963
-266.574
-317.633
-289.678
-256.493
-324.305
-199.566
-255.522
-265.256
-281.543
-310.597
-221.539
-300.289
-293.261
-322.441
-212.388
-219.429
-245.131
-282.04
-306.817
-267.677
-304.369
-159.756
-264.314
-269.532
-274.611
-277.009
-331.108
-348.903
-344.104
-335.923
-325.749
-349.026
-260.33
-282.04
-293.492
-293.321
-319.13
-220.051
-323.691
-225.112
-246.605
-265.476
-289.308
-322.664
-278.118
-338.409
-285.298
-294.803
-258.899
-130.906
-242.037
-242.536
-341.666
-202.378
-308.193
-275.63
-316.81
-342.07
-165.939
-228.512
-330.985
-187.196
-327.272
-269.219
-329.728
-293.215
-205.692
-222.251
-271.282
-319.781
-348.89
-265.518
-316.317
-308.338
-311.48
-259.443
-268.906
-327.121
-348.173
-343.303
-85.1238
-277.725
-316.828
-317.31
-320.54
-341.256
-285.912
-322.57
-270.388
-303.624
-326.266
198.714
40.4478
-123.377
-276.24
-152.949
-191.877
-253.558
-286.616
-344.984
-329.235
-340.06
-222.126
-322.814
-346.167
-324.937
-326.557
-331.914
-123.59
-202.465
-221.594
-136.434
-282.703
-296.449
-301.344
-321.248
-297.661
-326.709
-313.969
-290.918
-314.846
-325.032
-186.224
-192.539
-328.379
-343.907
-293.157
-261.335
-313.205
91.5384
-178.485
-201.399
-207.387
-328.51
-311.489
-230.364
-276.653
-289.463
-322.692
-322.195
-266.024
-269.283
-337.797
-287.531
-302.316
-270.311
-291.274
-232.65
-256.938
-317.634
-320.258
-325.439
-323.154
-348.507
-172.313
-339.773
-325.274
-334.543
-341.263
-337.556
-72.5238
-294.474
-340.257
-345.956
-335.444
-347.181
-285.32
-213.438
-262.598
-289.631
-233.736
-342.991
-253.491
-343.203
-177.245
-269.036
-269.753
-335.499
-339.35
-338.354
-325.161
-286.744
-346.323
-274.884
-248.876
-217.087
-197.2
-204.097
-243.892
-185.184
-195.741
-303.286
-307.85
-326.965
-340.229
-268.996
-302.608
-317.15
-349.816
-314.406
-348.881
-346.163
-26.1376
-187.239
-233.409
-275.742
-240.853
-106.266
-267.578
-273.555
-297.468
-312.575
-303.113
-335.628
-237.002
-291.599
-56.5509
-267.111
-339.627
-327.99
-336.492
-50.8667
-125.545
-146.831
-271.331
-307.399
-324.286
-288.845
-336.366
-293.516
-333.596
-334.815
-205.773
-333.06
-308.006
-180.139
-237.782
-329.114
-310.651
-275.281
-236.472
-253.14
-311.206
-125.649
-164.908
-255.57
-325.145
-349.463
-223.954
-327.408
-273.657
-310.512
-289.466
-334.796
-297.116
-140.939
-325.2
-319.846
-332.156
-183.181
-197.496
-209.239
-340.838
-116.251
-321.903
-326.077
-281.54
-323.802
-283.452
-303.394
-308.619
-339.462
-345.355
-342.741
-283.628
-334.093
-348.026
-338.608
-135.453
-142.412
-260.465
-338.515
-317.841
-277.321
-315.391
-307.988
-319.269
-211.674
-338.901
-349.783
-335.164
-320.678
-264.896
-240.312
-303.512
-238.736
-243.135
-348.236
-296.962
-344.357
-297.036
-282.927
-287.627
-324.294
-170.508
-233.83
-275.846
-338.363
-294.747
-245.905
-193.623
-311.567
-271.065
-321.424
-267.487
-313.194
-247.62
-294.389
-324.111
-43.7523
-270.343
-333.141
-331.252
-294.15
-303.037
-85.8691
-162.385
-299.883
-276.181
-335.028
-293.232
-316.469
-333.159
-320.275
-193.941
-257.197
-296.634
-342.212
-349.712
-340.861
-258.712
-338.073
-294.224
-345.653
-284.826
-340.66
-336.99
-309.26
-319.923
-346.609
-341.887
-312.602
-326.016
-336.08
-341.263
-250.553
-338.117
-243.571
-333.055
-252.701
-282.272
-296.889
-318.488
-295.061
-286.701
-311.595
-233.786
-321.292
-265.132
-300.656
-277.012
-292.962
-346.979
-301.522
-275.531
-217.583
-282.957
-272.907
-315.561
-280.507
-346.396
-337.973
-339.475
-287.524
-282.198
-285.641
-299.626
-323.591
-286.096
-215.293
-187.954
-294.409
-282.14
-190.213
-305.339
-289.867
-324.86
-33.4756
-213.874
-141.316
-261.783
-304.637
-335.052
-304.132
-316.547
-293.764
-334.093
-332.676
-300.689
-292.536
-326.758
-157.647
-332.798
-234.353
-302.313
-311.141
-337.49
-271.698
-89.7439
-145.986
-159.611
-165.584
-290.497
-221.887
-271.554
-303.295
-326.578
-323.281
-168.402
-173.233
-345.719
-345.882
-338.922
-349.071
-276.949
-314.155
-325.842
-320.111
-236.805
-268.082
-346.993
-343.469
-138.199
-231.58
-304.128
-319.938
-103.906
-329.708
-336.8
-317.891
-300.478
-270.719
-346.891
-272.995
-309.291
-323.291
-309.677
-229.502
-315.826
-271.985
-292.508
-297.291
-334.238
-286.537
-143.818
-160.368
-162.389
-324.322
-315.341
-334.042
-256.356
-312.628
-330.557
-209.482
-229.679
-312.826
-317.577
-323.038
-254.353
-345.137
-326.375
-275.692
-331.967
-273.647
-279.327
-336.458
-196.509
-283.791
-321.628
-344.252
-334.045
-242.138
-291.585
-248.233
-290.556
-323.719
-168.947
-303.481
-282.271
-213.238
-223.634
-338.946
-262.179
-301.565
-253.055
-329.686
-348.505
-287.012
-321.726
-230.08
-301.493
-87.0271
-186.613
-252.889
-348.826
-306.035
-317.963
-324.444
-319.904
-311.864
-333.381
-334.276
-333.144
-234.979
-261.172
-341.42
-313.813
-299.632
-257.464
-175.018
-264.508
-328.817
-240.244
-262.075
74.5714
-216.477
-314.628
-322.815
-256.218
-272.668
-297.922
-345.402
-323.779
-349.439
-302.61
-335.383
-333.629
-335.983
-260.655
-327.09
-192.706
-218.887
-213.743
-258.006
-342.029
-197.949
-19.2002
-311.849
-345.987
-346.382
-266.624
-253.826
-230.329
-115.284
-312.307
-179.302
-253.408
-310.294
-333.156
-78.4133
-166.241
-210.576
-346.967
-214.418
-283.958
-296.785
-39.3753
-97.7314
-235.338
-299.079
-348.281
-145.657
-159.624
-196.044
-343.916
-246.677
-312.097
-318.759
-183.72
-291.098
-336.757
-250.736
-275.431
-306.097
-285.96
24.1458
-64.1247
-347.88
-349.843
-314.076
-301.142
-249.544
-310.624
-324.169
5.17485
4.6675
-84.7538
-316.451
-110.842
-223.9
-309.414
-292.926
-345.352
-344.34
-306.72
-291.732
-287.482
-182.424
-255.039
-235.428
-156.53
-267.832
-291.492
-312.406
-297.248
-289.814
-291.896
-349.778
-319.871
-310.453
-312.265
-331.533
-331.978
-332.987
-259.715
-349.133
-309.095
-338.043
-162.492
-218.856
-321.379
-308.563
-320.91
-255.457
-309.199
-262.62
-322.091
-346.705
-224.009
-334.167
-343.987
-299.958
-280.619
-283.168
-268.032
-349.632
-276.779
-227.503
-318.829
-309.79
-312.185
-341.564
-320.54
-340.586
-214.662
-331.878
-304.49
-323.314
-349.096
-335.486
-346.606
-340.239
-213.827
-215.205
-175.717
-290.66
-45.0101
-108.828
-121.095
-228.562
-90.6922
-113.115
-173.285
-276.908
-287.841
-189.236
-238.313
-317.325
-338.66
-327.401
-226.103
-276.762
-302.59
-302.246
-346.307
-321.446
-327.588
-324.335
-256.771
-293.147
-312.458
-345.818
-345.114
-290.269
-344.909
-192.597
-225.463
-329.923
-149.605
-214.037
-289.616
-239.696
-339.449
-312.91
-287.133
-326.111
-334.402
-341.54
-247.679
-298.667
-305.967
-232.214
-314.084
-192.58
-287.395
-331.257
-278.826
-288.084
-288.136
-339.762
-110.179
-228.552
-230.749
-273.41
-345.79
-281.154
-339.635
-315.664
-294.368
-247.332
-323.761
-346.386
-284.437
-326.032
-345.353
-335.809
-338.786
-62.3489
-187.078
-303.409
-305.104
-285.469
-293.388
-320.386
-330.477
-323.576
-345.477
-217.542
-308.053
-322.038
-232.567
-240.952
-186.964
-342.478
-85.6889
-98.7284
-140.844
-292.929
-305.45
-327.524
-339.559
-331.744
-347.568
-283.707
-227.89
-289.792
-330.432
-247.331
-299.766
-331.996
-269.424
-344.062
-335.634
-332.728
-325.245
-345.889
-338.282
-164.346
-259.352
-219.049
-335.486
-347.318
-310.113
-345.776
-314.853
-231.119
-306.532
-259.392
-256.738
-311.476
-216.807
-317.732
-249.001
-236.349
-284.571
-341.457
-342.716
-302.701
-186.658
-283.148
-349.884
-281.447
-302.472
-342.77
-318.296
-340.545
-317.45
-283.118
-140.984
-331.024
-320.105
-262.654
-290.28
-334.172
-214.305
-246.023
-308.212
-343.972
-315.224
-338.03
-300.214
-303.154
-221.589
-309.135
-256.457
-113.414
-326.068
-201.459
-266.504
-337.375
-303.821
-277.376
-106.373
-328.87
-334.164
-156.595
-257.792
-251.843
-319.881
-306.781
-314.858
-324.9
-271.614
-286.115
-255.734
-314.25
-308.527
-285.922
-334.109
-338.942
-173.584
-328.918
-321.478
-263.456
-282.623
-331.398
-53.5101
-143.944
-274.78
-320.046
-170.102
-310.543
-326.859
-343.56
-343.998
-324.11
-345.31
-349.402
-324.576
-313.96
-274.463
-339.11
-311.206
-173.014
-258.416
-322.121
-286.137
-338.785
-45.5686
-328.962
-337.509
-321.31
-324.207
-307.002
-307.371
-308.208
-341.655
-274.345
-300.374
-296.831
-216.654
-250.594
-295.026
-320.008
-186.293
-300.782
-323.539
-121.306
-336.733
-289.963
-335.231
-349.93
-328.961
-326.249
-261.933
-295.908
-330.419
-340.967
-345.781
-333.137
-226.881
-263.031
-306.228
-245.228
-331.404
-345.605
-311.056
-338.583
-326.17
-343.434
-254.801
-209.727
-304.744
-171.454
-246.277
-298.852
-316.277
-267.141
-302.098
-348.753
-336.329
-292.879
-293.942
-240.803
-256.036
-218.027
-256.912
-331.755
-247.691
-270.182
-295.159
-334.32
-247.26
-335.358
-316.632
-312.499
-300.585
-320.013
-304.244
-206.623
-332.527
-325.615
-323.418
-336.996
-98.1795
-46.8934
-88.7174
-124.236
-229.265
-265.72
-332.847
-118.512
-148.842
-244.178
-324.92
-337.489
-283.501
-288.105
-246.088
-166.262
-223.971
-319.319
-250.455
-262.627
-326.957
-293.706
-347.518
-287.972
-290.687
-327.361
-314.592
-230.286
-333.893
19.6357
10.5495
-80.8003
-298.865
-258.94
-292.284
-306.69
-289.253
-302.524
-339.567
-329.886
-27.1826
-99.3132
-131.35
-347.824
-306.257
-238.6
-265.171
-301.087
-349.508
-341.016
-348.316
-335.723
-334.874
-134.026
-151.3
-259.767
-271.698
-291.913
-306.619
-283.47
-237.764
-259.715
-325.259
-199.302
-280.661
-311.75
-320.813
-302.494
-341.333
-246.218
-253.584
-252.784
-279.26
-340.609
-271.726
-323.697
-329.012
-293.022
-210.957
-262.283
-321.479
-347.651
-299.505
-339.157
-184.381
-303.029
-323.729
-286.695
-312.938
-220.62
-345.058
-197.899
-276.885
-288.211
-321.713
-125.019
-295.11
-334.062
-314.599
-334.929
-334.576
-336.589
-326.781
-289.745
-335.518
-326.433
-320.319
-148.565
-269.863
-342.731
-311.143
-317.491
-345.355
-308.019
-319.452
-95.1235
-235.509
-312.209
-330.415
-346.829
-173.746
-341.562
-331.849
-265.703
-308.947
-334.34
-327.24
-298.198
-183.914
-197.413
-242.034
-213.133
-327.531
-247.977
-308.445
-349.681
-184.54
-294.073
-337.533
-194.414
-216.007
-326.977
-249.21
-263.299
-307.045
-303.535
-322.197
-315.912
-346.96
-348.834
-251.272
-304.321
-311.679
-346.258
-265.061
-283.821
-287.604
-349.323
-327.888
-316.846
-319.801
-347.369
-255.624
-34.6225
-230.036
-112.631
-124.26
-125.448
-83.5185
-116.741
-341.788
-148.169
-303.055
-303.551
-312.639
-344.766
303.941
-105.263
-254.881
-260.862
-282.555
-286.207
-320.244
-335.499
-234.7
-315.882
-338.024
-341.149
-258.759
-335.709
-346.499
-342.235
-342.847
-210.523
-259.208
-342.916
-344.375
-213.083
-330.8
-169.645
-179.316
-263.805
-298.952
-341.687
-312.033
-335.724
-280.564
-331.325
-298.549
-289.754
-287.86
-296.947
-263.792
-330.062
-333.739
-285.847
-223.181
-314.574
-120.418
-314.628
-224.478
-221.823
-67.83
-285.993
-162.306
-302.275
-243.239
-299.543
-345.549
-349.251
-313.319
-78.2394
-111.494
-185.719
-220.7
-250.992
-35.1453
-270.733
-338.801
-300.847
-218.148
-291.476
-187.808
-314.548
-206.538
-324.934
-318.136
-289.985
-60.1103
-190.733
-321.346
-249.314
-308.861
-277.12
-146.258
-228.754
-308.393
-277.341
-316.917
-333.881
-333.304
-232.905
-195.567
-197.058
-253.014
-253.551
-303.705
-276.649
-172.547
-203.437
-117.78
-178.86
-291.439
-303.217
-335.868
87.9313
-47.5496
-70.1726
-306.03
-344.099
-329.452
-273.692
-341.05
-341.307
-325.447
-318.87
-322.455
-290.224
-282.955
-226.337
-308.714
-331.324
-324.36
-251.96
-330.517
-249.089
-273.381
-200.858
-293.033
-323.009
-328.753
-185.506
-290.576
-349.267
-348.08
-310.684
-178.747
-115.326
-307.88
-335.796
-238.506
-331.484
-285.208
-323.853
-324.233
-298.375
-297.865
-302.581
-295.865
-321.68
-345.207
-345.657
-311.209
-196.059
-255.928
-346.608
-309.787
-328.495
-243.326
-315.604
-340.354
-162.647
-317.382
-288.987
-324.229
-346.582
-328.845
-277.662
-270.124
-339.239
-264.337
-344.95
-341.973
-301.23
-243.992
-276.822
-343.159
-327.904
-305.548
-279.153
-270.313
-285.072
-344.566
-251.531
-326.138
-326.914
-341.482
-303.71
-322.477
-349.177
-249.845
-325.118
-203.104
-178.682
-185.245
-316.159
-240.598
-336.51
-252.17
-204.496
-248.362
-309.529
-308.601
-309.019
-321.615
-329.603
-168.247
-177.243
-235.289
-270.973
-323.966
-238.412
-301.96
-253.79
-289.315
-311.017
-297.45
-299.354
-339.192
-263.447
-301.752
-344.86
-349.581
-347.612
-317.803
-347.132
-335.147
-320.113
-338.581
-164.41
-268.43
-297.205
-298.697
-310.932
-330.892
-326.853
-322.35
-117.628
-249.283
-324.029
-115.104
-316.239
-303.787
-332.409
-340.384
-224.201
-277.533
-305.687
-320.071
-335.528
-311.562
-347.37
-258.006
-335.381
-92.8989
-128.457
-329.416
-338.639
-349.047
-312.596
-171.75
-275.251
-314.487
57.6951
-345.893
-322.473
-271.665
-346.895
-347.16
-237.626
-285.46
-326.621
-334.325
-325.236
-114.11
-214.444
-312.517
-236.373
-342.533
-314.999
-327.526
-337.869
-340.767
-298.177
-267.617
-294.687
-322.112
-336.958
-206.109
-212.54
-218.141
-186.569
-305.374
-264.935
-324.963
-290.789
-274.557
-261.782
-280.661
-297.205
-314.107
-324.262
-249.7
-88.4821
-121.863
-256.148
-275.192
-243.262
-293.524
-304.021
-165.911
-283.453
-315.748
-342.125
-312.311
-306.751
-213.269
-239.489
-277.244
-343.471
-326.332
-334.33
-240.15
-337.02
-328.52
-176.701
-278.015
-186.531
-228.722
-336.098
-348.735
-297.504
-300.599
-141.254
-182.895
-348.621
-309.908
-274.678
-276.94
-290.645
-313.66
-273.127
-307.446
-223.331
-145.965
-312.163
-277.532
85.1576
-142.656
-157.982
-343.047
-276.518
-325.621
-228.807
-255.317
-336.277
-340.805
-349.972
-217.023
-294.379
-267.13
-319.091
-276.963
-324.749
-70.3301
-116.092
-213.302
-337.164
-195.018
-309.21
-324.836
-267.476
-25.0494
-251.456
-272.472
-328.3
-105.34
-208.945
-250.004
-254.128
-209.229
-238.103
-245.563
-343.313
-193.503
-295.456
-203.153
-324.67
-303.526
-310.908
-314.516
-349.944
-309.198
-347.213
-349.274
-295.299
-344.085
-245.594
-220.06
-240.181
-293.346
-339.38
-288.964
-311.865
-332.176
-347.321
-268.991
-283.397
-333.636
-138.451
-342.043
-179.065
-343.237
-314.09
-282.669
-330.797
-336.503
-333.29
-207.277
-302.791
-338.081
-343.528
-224.371
-273.879
-323.331
-301.975
-327.028
-185.11
-238.852
-223.138
-244.401
-310.11
-349.924
-291.832
-299.678
-315.747
-328.83
-330.773
-340.476
-296.914
-288.714
-323.378
-284.797
-331.578
-261.227
-258.39
-259.542
-312.841
-330.806
-267.438
-279.325
-257.848
-263.146
-284.691
-314.653
-344.206
-344.623
-331.342
-271.015
-132.063
-165.29
-187.943
-255.017
-340.182
-235.078
-289.802
-347.715
-324.289
-287.091
-300.835
-269.878
-344.57
-338.063
-320.301
-176.125
-255.472
-290.338
-334.832
-219.631
-324.841
-343.07
-349.56
-305.351
-71.1537
-282.733
-327.217
-281.111
-303.342
-171.928
-209.892
-306.222
-181.242
-334.534
-300.884
-324.255
-266.88
-280.239
-281.3
-318.928
-241.135
-330.025
-143.9
-136.487
-184.298
-339.711
-347.527
-253.872
-269.597
-336.092
-129.963
-328.772
-322.721
-343.939
-321.028
-339.01
-105.167
-211.273
-250.487
-298.542
-346.887
-245.384
-295.876
-349.222
-251.83
-319.712
-258.056
-302.247
-328.485
-184.574
-169.358
-306.552
-264.039
-184.029
-307.127
-303.263
-307.013
-296.947
-128.961
-258.805
-292.106
-318.157
-333.616
-308.355
-328.852
-279.543
-320.395
-329.198
-294.209
-274.944
-199.046
-182.901
-325.816
-348.169
-278.138
-283.467
-311.654
-311.207
-321.054
-336.554
-263.832
-330.815
-272.185
-294.816
-347.672
-132.763
-286.537
-253.069
-285.953
-322.676
-326.687
-311.267
-311.914
-303.679
-263.306
-266.14
-332.062
-281.499
-315.635
-345.794
-185.418
-225.18
-330.598
-286.867
-316.605
-315.334
-255.308
21.3509
-318.788
-340.365
-329.331
-336.897
-220.257
-256.252
-225.088
-341.048
-204.938
-265.424
-138.738
-278.723
-255.49
-310.676
-327.602
-346.252
-212.811
-347.198
-177.009
-269.626
-323.651
-131.326
-302.358
-136.3
-125.838
-232.604
-69.6825
-139.424
-147.341
-214.047
-222.585
-311.795
-293.772
-336.419
-244.148
-331.717
-339.451
-334.353
-316.111
-317.979
-345.465
-255.047
-335.024
-314.044
-279.422
-222.557
-325.54
-221.532
-342.174
-191.902
-303.946
-306.261
-261.578
-346.855
-338.558
-344.107
-180.287
-310.851
-148.248
-237.729
-243.719
-341.359
-301.594
-346.986
-168.201
-273.388
-296.02
-334.031
-273.509
-346.007
-303.147
-255.223
-314.774
-341.581
-209.87
-333.743
-268.306
-294.455
-274.983
-294.059
-324.376
-301.661
-266.143
-272.114
-348.035
-194.146
-257.102
-303.723
-307.089
-345.303
-248.974
-320.667
-281.436
-30.2259
-137.952
-213.92
-342.277
-224.901
-227.805
-273.911
-241.518
-243.508
-294.309
-285.591
-268.925
-298.466
-338.793
-323.374
-305.562
-296.464
-291.184
-263.059
-332.824
-160.206
-20.5056
-104.405
-270.31
-328.162
-302.629
-305.834
-332.247
-290.055
212.518
-109.037
-281.484
-293.821
-312.121
-317
-224.289
-264.082
-334.101
-339.632
-343.468
-271.397
-302.006
-339.921
-340.42
-335.517
-327.477
-337.164
-290.369
-308.656
-344.13
-297.51
-174.932
-208.856
-301.799
-253.363
-202.79
-273.197
-273.655
-274.893
-271.025
-307.195
-321.192
-294.96
-250.219
-274.377
-287.36
-273.135
-309.453
-239.791
-343.26
-193.291
-334.148
-303.009
-288.428
-294.816
-97.6182
-100.973
-321.872
-337.669
-178.111
-266.091
-337.756
-147.629
-307.23
-189.265
-273.94
-344.663
-331.639
-314.141
-309.924
-346.269
-279.77
-304.718
-151.996
-291.239
-308.689
-245.682
-323.819
-346.777
-311.748
-343.5
-316.294
-282.623
-228.836
-246.197
-346.928
-258.53
-175.551
-336.809
-324.71
-331.128
-316.327
-331.382
-225.148
-274.714
-315.497
-200.398
-347.791
-276.755
-316.972
-344.792
-312.723
-342.542
57.3875
-97.7202
-101.622
-128.237
-187.238
-254.143
-207.143
-237.036
-240.64
-322.442
-329.114
-122.181
-299.679
-327.094
-342.912
-307.233
-337.622
-347.173
-348.253
-337.969
-346.002
203.618
57.6873
-45.166
-55.0573
-158.926
-341.949
-339.891
-346.106
-321.58
-37.1232
-98.881
-244.033
-334.185
-324.21
-348.858
-273.689
-292.786
-349.414
-149.481
-311.959
-117.702
-122.396
-262.578
-90.1037
-246.396
-262.566
-154.366
-241.104
-298.988
-322.057
-327.194
-330.109
-287.383
-314.375
-172.902
-235.034
-252.96
-338.586
-342.157
-349.447
-247.264
-256.34
-291.262
-349.891
-346.055
-309.582
-325.722
-106.9
-133.989
-207.979
-211.748
-128.154
-346.548
-226.969
-270.688
-311.562
-210.937
-230.267
-283.203
-214.863
-292.311
-348.594
-156.057
-246.627
-311.1
-327.586
-207.127
-332.555
-321.209
-312.866
-318.544
-322.557
-314.733
-292.964
-341.315
-320.54
-334.552
-344.113
-336.112
-316.789
-308.869
-275.904
-310.796
-284.263
-308.559
-92.7092
-120.408
-195.269
-337.67
-337.075
-313.074
-337.286
-336.354
-148.198
-161.813
-297.921
-229.27
-289.861
-332.02
-223.157
-339.075
-253.501
-280.536
-305.103
-335.938
-244.104
-319.804
-252.771
-193.44
-240.202
-272.257
-233.846
-323.162
-279.37
-331.258
-305.267
-125.689
-245.585
-271.862
-316.574
-323.622
-331.602
-335.204
-348.014
-326.416
-277.34
-289.135
-319.005
-274.814
-319.992
-348.55
-142.824
-349.259
-336.709
-349.521
-349.619
-109.045
-278.154
-334.169
86.7072
-53.9382
-188.221
-218.288
-263.871
-313.452
-312.526
-345.76
-295.844
-334.75
-87.6587
-265.632
-333.599
-205.602
-334.269
-328.339
-294.054
-330.428
-255.228
-340.73
-329.945
-292.937
-318.618
-297.396
-285.029
-333.571
-292.141
-260.678
-330.834
-322.791
-94.1853
-185.725
-343.736
-349.598
-294.29
-329.158
-334.765
-231.791
-281.377
-202.858
-184.479
-285.919
-309.888
-295.115
-334.476
-344.659
-305.083
-282.794
-341.86
-223.994
-296.653
-305.888
-343.41
-317.85
-322.679
-340.809
-326.388
-330.809
-218.219
-288.371
-305.75
-320.236
-337.871
-100.992
-141.079
-168.854
-218.287
-254.403
-269.021
-307.209
-284.136
-223.229
-278.822
-286.328
-232.75
-235.648
-224.298
-210.079
-327.584
-343.575
-343.041
-343.984
-113.488
-337.378
-232.617
-251.806
-285.518
-300.245
-299.082
-141.46
-145.693
-183.554
-257.152
-266.376
-303.679
-259.52
-287.822
-307.464
-344.627
-301.182
-336.92
-338.566
-233.719
-314.145
-290.855
-261.461
-317.481
-274.841
-293.101
-348.553
-301.06
-349.056
-273.477
-291.784
-211.738
-289.662
-308.731
-337.784
-330.965
-319.352
-332.203
-348.283
-196.413
-344.633
-289.587
-234.139
-288.913
-336.302
-280.611
-325.039
-286.261
-291.252
-214.931
-253.436
-255.531
-349.086
-273.255
-345.292
-289.059
-336.381
-295.052
-336.364
-331.819
-247.557
-324.767
-214.803
-319.096
-283.032
-298.807
-328.127
-221.848
-208.596
-106.386
-156.202
-205.515
-329.024
71.0853
17.3711
16.7167
-231.445
-343.945
-349.02
23.8977
-164.153
-197.742
-316.513
-241.406
-305.509
-202.628
-321.013
-275.255
-295.991
-302.859
-306.56
-191.777
-289.302
-244.762
-278.523
-309.779
-298.521
-347.285
-326.81
-219.961
-245.854
-279.034
-345.963
-2.68727
-247.694
-329.532
-276.418
-279.026
-299.822
-328.38
-339.019
-249.602
-299.054
-335.745
-273.992
-174.27
-289.254
-346.512
-194.206
-333.237
-346.773
-303.001
-270.324
-347.197
-155.62
-270.763
-305.775
-258.692
-211.059
-293.262
-344.27
-347.176
-309.023
-309.238
-259.575
-191.711
-274.557
-349.776
-345.84
-348.463
-342.604
-257.317
-295.038
-226.397
-253.613
-308.42
-182.778
-269.536
-344.606
-156.729
-274.035
-287.052
-343.61
-343.436
-82.7745
-178.701
-257.114
-269.028
-297.48
-199.865
-270.906
-322.839
-292.567
-349.307
-332.584
-274.271
-309.115
-92.2546
-210.219
-218.429
-304.982
-309.675
-309.205
-310.546
-282.371
-290.891
-292.319
-296.186
-303.007
-308.139
-333.54
-330.289
-236.059
-331.694
-308.735
-255.493
-215.123
-333.468
-259.722
-65.8403
-319.649
-337.14
-348.669
-312.671
-345.97
-324.921
-309.388
-317.567
-327.273
-317.287
-314.449
-325.269
-190.195
-242.355
-249.399
-342.789
-331.794
-194.985
-298.89
-341.206
-122.235
-141.127
-277.986
-189.156
-334.938
-317.182
-302.088
-136.328
-339.744
-217.185
-268.285
-304.532
-335.977
-337.981
-177.718
-258.823
-340.286
-334.359
-273.178
-348.963
-179.249
-264.514
-321.26
-288.829
-204.067
-248.162
-335.465
-210.927
-273.236
-335.59
-241.32
-228.828
-348.495
-160.433
-248.167
-328.08
-340.15
-264.517
-341.163
-309.607
-328.598
-291.099
-337.944
-327.093
-345.828
-315.214
-344.304
-308.095
-274.09
-268.304
-256.187
-282.639
-314.123
-199.019
-318.604
-338.474
-340.159
19.628
-283.154
-240.283
-275.509
-340.191
-308.611
-317.883
-313.609
-332.478
-337.275
-244.315
-330.207
-334.412
-207.457
-269.409
-333.129
-345.176
-341.988
-217.475
-291.745
-305.651
-330.523
-267.887
-260.507
-336.907
-307.244
-338.27
-328.193
-349.879
-272.925
-196.303
-299.277
-324.136
-313.083
-335.902
-215.745
-236.657
-336.202
-244.458
-323.192
-227.4
-279.676
-290.435
-346.486
-324.588
-127.688
-150.867
-241.082
-326.946
-318.026
-349.682
-332.372
-237.788
-344.197
-276.416
-320.958
-272.666
-329.828
-338.352
222.786
-275.016
-278.621
-326.766
-279.265
-297.655
-326.266
-267.343
-339.481
-193.023
-294.41
-310.484
-329.647
-288.588
-338.658
-74.8668
-137.865
-198.18
-200.204
-316.751
-345.805
-302.569
-136.72
-190.915
-271.872
-254.217
56.0285
-93.4741
-113.491
-313.674
-304.754
-341.661
-147.565
-186.42
-238.642
-281.24
-307.041
-344.884
-252.558
-264.754
-262.184
-79.7233
-323.582
-307.167
-305.396
-14.5562
-80.2088
-338.471
-298.875
-281.682
-337.64
-309.584
-340.169
-319.716
-307.067
-335.92
-322.262
-326.268
-306.761
-199.571
-347.732
-176.495
-222.081
-255.418
-308.778
-328.159
-277.496
-261.082
-343.45
-329.441
-320.053
-152.253
-171.497
-253.411
-317.012
-276.563
-248.482
-265.309
-338.592
-286.792
-286.061
-329.549
-274.801
-347.771
-175.141
-229.294
-240.764
-246.773
-289.47
-304.347
-331.431
-277.048
-348.409
-281.82
-298.69
-342.209
-10.3118
-35.3467
-67.6766
-216.71
-265.462
-342.989
-254.751
-255.675
-210.495
-226.756
-331.585
-327.281
-338.046
-344.761
-282.467
-324.738
-301.49
-289.29
-244.047
-254.789
-297.882
-322.729
-145.668
-244.495
-340.657
-43.8984
-345.872
-343.719
-340.109
55.0135
-105
-170.924
-265.335
-271.911
-274.653
-297.835
-305.109
-335.408
-322.987
88.6405
-23.7869
-155.788
-326.117
-163.66
-176.728
-180.206
-285.077
-295.74
-212.818
-294.811
-310.576
-178.261
-305.639
-331.911
-328.217
-250.606
-204.96
-243.66
-270.124
-251.873
-290.118
-319.947
-318.334
-219.951
-329.248
-340.857
-306.335
-343.296
-210.769
-340.137
-266.823
-284.441
-103.219
-214.72
-287.155
-309.545
-182.264
-309.97
-141.489
-47.9762
-315.748
-327.814
-292.344
-285.267
-282.369
-338.367
-264.686
-325.204
-341.155
-331.08
-345.901
-43.4877
-216.078
-300.703
-2.12704
-342.055
-180.417
-271.22
-333.795
-295.041
-239.376
-345.008
-330.753
-77.5524
-340.111
-255.586
-315.786
-328.293
-301.077
-248.475
-272.259
-103.246
-124.437
-226.168
-262.61
-280.053
-344.049
-295.519
-336.177
-303.199
-347.42
-330.99
-224.098
-344.763
-283.696
20.1287
-87.8865
-95.0703
-329.257
-93.5714
-213.856
-220.286
-328.392
-119.513
-136.337
-137.863
-155.583
-157.292
-288.014
-295.094
-300.25
-290.096
-347.829
-321.072
-337.707
-339.022
-342.201
-348.047
-281.916
-121.786
-185.331
-334.752
-224.336
-249.054
-289.724
-277.281
-348.249
-348.689
-299.004
-71.5013
-339.88
-340.282
-297.943
-122.739
-154.376
-267.647
-279.297
-259.205
-185.236
-328.133
-252.198
-298.474
-348.797
-326.373
-330.189
-321.078
-136.369
-197.431
-264.548
-278.651
-321.937
-343.775
-217.325
-292.67
-347.872
-348.183
-137.773
-340.941
-305.581
-280.162
-236.476
-287.083
-312.721
-322.199
-219.23
-215.125
-266.966
-320.491
-304.649
-312.252
-236.584
-274.371
-203.277
-261.165
-282.592
-128.179
-278.635
-225.572
-311.989
-222.243
-284.973
-333.783
-265.226
-321.527
-320.016
-327.062
-331.416
-320.346
-264.849
-323.732
-325.142
-236.933
-307.128
-282.075
-332.017
-200.052
-315.894
-266.26
-332.429
-314.653
-202.887
-293.173
-154.224
-169.788
-205.179
-270.163
-321.417
-317.526
-212.229
-327.181
-298.101
-313.395
-144.005
-264.877
-299.134
-302.998
-155.123
-340.228
-258.315
-277.929
-305.678
-259.083
-314.877
-210.864
-219.608
-251.163
-284.48
-220.443
-332.49
-300.18
-246.3
-264.159
-327.994
-340.244
-331.247
-331.54
-327.419
-329.92
-278.197
-321.818
-318.708
-296.855
-200.179
-286.018
-347.451
-266.688
-299.526
-302.287
-326.438
84.5845
12.9806
-9.41011
-325.019
-343.677
-338.392
-210.919
-336.497
-345.846
-336.16
-309.387
-105.169
-174.744
-318.916
-328.152
-226.773
-348.406
-263.487
-333.251
-335.163
-349.904
-312.076
-348.012
-151.633
-216.523
-334.392
-335.681
-244.074
-349.08
-0.948659
-210.481
-345.36
-259.633
-318.637
-344.755
-332.511
-184.011
-318.925
-330.031
-165.477
-191.335
-111.008
-158.832
-322.018
-271.699
-319.1
-340.816
-339.096
-198.103
-291.371
-336.268
-311.185
-149.797
-157.106
-74.3561
-279.486
-308.297
-265.844
55.4389
-9.37324
-130.997
-220.486
-242.804
-273.351
-273.657
-349.432
-309.187
-339.231
-134.844
-336.49
-324.205
-175.812
-287.736
-288.885
-60.5316
-289.147
-297.862
-303.809
-270.78
-340.519
-279.343
-280.066
-286.859
-79.1905
-201.504
-184.478
-278.16
-318.998
-325.896
-342.101
-221.258
-275.691
-337.484
-159.764
-165.374
-304.891
-282.484
-326.619
-58.3903
-302.825
-325.557
-302.376
-204.938
-285.783
-339.662
-236.162
-288.466
-337.799
-295.93
-315.38
-176.819
-186.475
-257.919
-287.968
-265.521
-339.434
-210.43
-295.637
-345
-320.719
-338.878
-347.04
-341.032
-125.073
-141.004
-149.176
-310.557
-162.242
-219.447
116.754
106.796
-330.947
-145.376
-188.583
-268.101
-325.184
-249.35
-304.019
-275.167
-278.732
7.66355
-23.2572
-266.543
-331.259
-303.839
-294.555
-348.025
-324.057
-316.142
-303.319
-256.12
-259.791
-278.105
-318.756
-337.165
-337.746
-287.543
-286.378
-326.248
-336.234
-310.65
-314.25
-274.793
-319.423
-259.106
-307.458
-329.876
-22.7581
-46.1689
-76.4915
-128.119
-155.06
-244.298
-247.619
-348.199
-348.909
-302.472
-311.307
-321.9
-304.11
-348.144
-272.474
-264.492
-312.039
-317.746
-237.981
-252.495
-343.526
-326.574
-186.445
-342.861
-225.581
-294.165
-330.136
-349.629
-236.669
-298.661
-316.179
-337.321
-326.791
-342.967
-314.335
-310.674
-325.449
-348.117
-167.056
-292.836
-341.577
-305.21
-344.386
-203.677
-289.363
-297.18
-292.884
-341.398
-349.766
-342.194
-332.364
-337.581
-280.79
-253.602
-304.418
-255.371
-295.413
-304.317
-196.022
-311.884
-331.153
-344.94
-330.669
-276.763
-281.403
-284.464
-346.915
-279.658
-307.446
-307.38
-176.822
-257.624
-299.849
-349.784
-340.519
-316.385
-299.774
-117.838
-243.284
-289.841
-342.296
-333.009
-340.512
-318.215
-328.088
-346.784
-304.043
-326.905
-136.674
-236.639
-237.696
-336.138
-305.52
-267.201
-286.301
-349.279
-286.898
-190.771
-233.976
-264.26
-325.477
-335.091
-304.968
-320.312
-330.106
-331.318
-329.649
-251.954
-302.615
-231.919
-267.246
-279.895
-194.208
-296.879
-309.621
-147.611
-217.756
-262.853
-317.459
-314.396
-128.892
-190.969
-257.756
-206.238
-337.336
-348.217
-163.187
-265.44
-339.71
-286.925
-269.481
-315.651
-225.119
-118.394
-315.594
-286.212
-328.934
-269.262
-288.121
-316.839
-328.91
-279.532
-349.394
-280.327
-347.988
-332.84
-212.006
-273.847
-281.376
-54.7084
-241.674
-313.851
-205.565
-254.79
-177.175
-237.221
-245.251
-294.79
-306.848
-327.206
-348.817
-300.146
-290.296
-168.526
-340.759
-306.652
-342.672
-154.686
-169.563
-285.21
-308.866
-320.035
-318.992
-326.851
-203.748
-345.102
-244.772
-296.108
-173.155
-33.5283
-342.236
-280.054
-274.914
-229.373
-262.925
-270.755
-304.603
-347.698
-250.538
-294.006
-294.99
-46.5863
-258.092
-315.581
-326.236
-343.368
-284.471
-150.338
-294.934
-285.683
-322.049
-318.107
-330.998
-342.947
-255.034
-243.586
-141.953
-157.605
-181.305
-203.041
-336.502
-294.009
-312.537
-336.505
-267.478
-302.428
-269.974
-299.483
-334.461
-341.854
-346.727
-317.827
-247.704
-287.305
-315.859
-255.786
-311.667
-280.303
-345.635
-240.885
-306.097
-196.827
-249.253
-343.33
-170.769
-334.903
-325.615
-210.359
-300.161
-332.662
-298.747
-346.832
-306.536
-276.965
-286.2
-296.382
-230.751
-338.557
-342.585
-207.819
-312.328
-339.802
-320.196
-269.739
-344.439
-278.463
-282.028
-301.296
-281.62
-344.92
-338.387
-235.308
-349.554
-314.009
-332.081
-273.905
-291.823
-146.746
-155.303
-344.575
-326.192
-231.275
-313.674
-328.584
-330.879
-304.745
-335.758
-220.281
-339.821
-348.561
-308.391
-331.243
-295.151
-296.916
-320.307
-207.703
-254.866
54.1016
-0.733619
-8.10024
-112.891
-145.046
-216.051
-334.594
-319.27
-322.554
-277.426
-321.456
-146.753
-275.313
-337.539
-256.382
-287.72
-205.248
-319.876
-297.094
-312.142
-335.264
-289.725
-314.139
-166.05
-304.962
-347.217
-28.291
-125.026
-140.615
-156.837
-160.044
-176.275
-270.457
-281.585
-284.96
-337.827
-290.699
-265.705
-333.199
-321.925
-322.652
-292.741
-96.6575
-163.65
-258.951
-202.091
-258.458
-299.29
-212.448
-345.618
-236.468
-259.964
-335.263
-220.052
-194.565
-339.994
-333.787
-251.361
-345.977
-338.453
-299.295
-301.194
-269.611
-295.605
-285.218
-309.503
-341.116
-298.463
-345.571
-334.04
-57.2682
-120.596
-141.07
-150.213
-276.463
-345.958
-197.972
-260.262
-273.71
-340.435
-278.211
-327.981
-247.544
-322.99
-193.534
-257.479
-307.246
-304.428
-312.555
-327.256
-328.436
-330.534
-305.161
-248.395
-255.28
-329.408
-38.8781
-311.767
-303.425
-224.496
-233.465
-246.804
-262.453
-178.261
-204.073
-252.777
-269.577
-346.391
-253.56
-257.561
-342.469
-312.561
-286.924
-304.693
-345.234
