-268.169
-269.783
-321.209
-260.392
-299.846
-250.599
-170.094
-178.899
-208.997
-293.308
-209.129
-294.537
-169.032
-232.69
-325.585
-332.594
-275.685
-219.575
-287.736
-202.123
-322.16
-325.139
-205.278
-317.193
-254.783
-251.845
-301.828
-213.138
-305.49
-271.368
-288.914
-294.281
-272.047
-325.412
-272.111
-226.507
-333.753
-302.692
-234.659
-250.186
-289.056
-308.633
-328.641
-283.644
-334.67
-256.568
-211.08
-286.084
-318.82
-310.923
-331.821
-250.555
-317.181
-294.947
-295.786
-242.483
-259.626
-328.349
-325.484
-290.203
-258.036
-315.292
-159.786
-229.412
-297.37
-324.533
-269.362
-314.267
-253.199
-323.23
-266.694
-310.157
-244.84
-310.66
-291.17
-334.482
-166.388
-331.71
-320.373
-313.33
-321.806
-254.004
-256.059
-269.759
-324.946
-82.9797
-294.77
-173.042
-315.602
-238.525
-277.729
-320.862
-294.597
-241.404
-312.638
-210.23
-291.945
-308.35
-323.746
-321.181
-228.62
-232.221
-237.482
-248.467
-316.353
-172.726
-214.349
-251.5
-331.341
-264.652
-333.271
-332.615
-322.959
-324.06
-104.399
-269.909
-312.577
-325.919
-167.703
-60.3453
-102.457
-238.606
-286.037
-287.064
-274.789
-306.808
-250.674
-237.516
-308.352
-322.552
-333.599
-211.42
-193.11
-305.817
-310.39
-318.023
-291.492
-246.459
-303.67
20.186
-331.953
-253.505
-300.427
-316.8
-284.793
-314.54
-311.252
-282.354
-307.976
-285.236
-331.47
-332.093
-331.235
-118.245
-226.58
-309.627
-231.29
-293.537
-317.111
-204.379
-206.905
-283.427
-316.752
-333.085
-310.941
-95.5301
-119.094
-228.483
-292.29
-317.746
-321.599
64.058
-92.8616
-205.981
-221.862
-319.283
-138.059
-144.588
-170.185
-274.263
-196.297
-235.834
-313.277
-318.393
-107.838
-231.924
-223.041
-300.215
-317.255
-279.127
-326.71
-224.21
-309.129
-316.211
-300.931
-287.783
-313.667
-169.932
-316.412
-308.022
-312.644
-280.333
-296.019
-129.371
-163.892
-172.585
-276.072
-228.685
-329.397
-292.919
-230.191
-327.332
-302.753
-324.479
-150.18
-150.854
-220.026
-265.263
-199.596
-235.435
-315.468
-203.415
-290.447
-293.482
-95.6752
-265.965
-306.897
-308.055
-233.15
-124.788
-184.705
-321.041
41.549
-118.83
-157.868
-166.72
-330.554
-313.947
-124.48
-182.867
-230.593
-281.109
-331.075
-199.246
-328.549
-262.648
-299.292
-307.874
-219.333
-204.896
-281.775
-308.05
-253.343
-322.583
130.303
-175.468
-301.148
-322.374
-130.448
-218.539
-296.142
-325.17
-298.72
-146.908
-264.457
-289.202
-300.495
-317.549
-200.71
-255.163
-276.232
-245.721
-303.511
-275.105
-266.132
-277.165
-278.597
-267.72
-334.335
-309.952
-324.174
-275.345
-186.068
-267.929
-334.81
-234.828
-294.812
-307.806
-222.578
-293.005
-249.549
-300.992
-313.244
-119.482
-235.621
-275.33
-284.881
-331.279
-248.702
-268.151
-313.711
-299.003
-325.76
-317.001
-280.239
-316.113
-308.465
-306.19
-190.443
-325.823
-216.146
-294.757
-298.207
-300.64
-302.603
-291.476
-310.802
-324.709
-224.937
-325.918
-281.684
-71.2625
-131.709
-263.112
-332.811
-281.398
-323.601
-298.823
-316.214
-287.968
-308.092
-255.393
-179.101
-197.562
-321.86
-220.524
-278.053
-275.832
-63.3571
-139.8
-233.388
-279.781
-324.073
-298.929
-306.793
-242.681
-275.476
-295.36
-240.372
-240.793
-273.074
-273.77
-330.947
-140.093
-326.418
-307.181
-295.178
-210.686
-278.765
-295.634
-189.046
-332.191
-204.175
-253.059
-283.467
-216.725
-293.654
-286.26
-328.514
-302.228
-311.227
-74.6207
-102.405
-207.37
-312.365
-175.157
-303.201
-252.79
-303.413
-266.254
-120.966
-286.838
-307.546
-327.254
-246.329
-213.337
-254.255
-309.549
-178.634
-273.602
-325.277
-321.554
-261.522
-280.774
-57.71
-89.6805
-178.727
-274.773
-230.05
-334.634
-296.627
-284.768
-328.363
-185.794
-330.518
-321.176
-250.446
-303.229
-272.364
-305.551
-274.921
-188.621
-237.906
-237.323
-246.986
-269.476
-325.007
-108.141
-95.8571
-126.752
-209.377
-260.524
-326.05
-329.811
-160.404
-311.642
-136.988
-307.798
-207.396
-179.967
-329.334
-231.416
-259.054
-290.048
-296.708
-333.739
-275.962
-264.877
-291.234
-171.244
-272.545
-329.602
-315.293
-261.222
-289.272
-333.622
-203.183
-227.061
-227.633
-309.938
-172.848
-257.515
-270.358
-310.252
-322.394
-297.607
-317.049
-285.137
-274.446
-319.484
-289.029
-250.026
-297.652
-326.133
-331.396
-157.218
-250.819
-270.384
-321.848
-111.576
-122.472
-142.865
-166.098
-273.23
-287.338
-265.583
-331.207
-302.984
-325.362
-325.143
-164.553
-219.635
-227.173
-290.787
-284.623
-334.028
-4.94494
-24.254
-136.531
-180.722
-313.685
-259.97
-274.715
-274.995
-279.077
-331.908
-0.183761
-157.92
-195.067
-213.169
-258.796
-248.162
-334.722
-314.512
-329.811
-258.654
-285.118
-245.117
-300.052
-164.853
-249.641
-324.878
-305.013
-327.94
-69.3263
-77.7615
-131.967
-199.97
-332.537
-88.4451
-120.183
-168.053
-170.721
-184.738
-231.072
-284.665
-313.683
-303.348
-331.771
-94.1891
-265.94
43.9757
30.8847
-10.6177
-253.962
-267.239
-305.85
-317.968
-175.968
-218.34
-248.779
-326.194
-326.122
-241.51
-304.298
-324.144
-278.263
-85.4315
-132.213
-291.63
-268.786
-308.64
-319.829
-229.206
-261.323
-222.746
-269.484
-301.561
-251.157
-307.17
-308.793
-333.417
-286.933
-58.4617
-189.105
-299.155
-220.961
-308.503
-282.143
-302.495
-242.923
-306.197
-321.328
-250.398
-290.632
-316.148
-309.942
-323.219
-308.816
-270.011
-297.239
-311.372
-320.521
-332.98
-309.812
-291.259
-243.551
-284.077
-314.484
-289.677
-308.342
-184.469
-334.174
-214.454
-243.626
-206.337
-263.879
-243.375
-289.274
-320.873
-298.496
-180.055
-186.088
-323.59
-267.636
-309.379
-286.207
-330.368
-173.707
-328.077
-257.436
-292.941
-325.281
-232.518
-294.988
-296.966
-250.037
-326.744
2.23449
-280.071
-309.994
-238.994
-299.157
-316.799
-259.058
-315.245
-323.065
-236.302
-327.312
-317.022
-331.132
-262.662
-267.639
-283.82
-312.179
-133.974
-326.672
-305.549
-331.917
-161.465
-227.003
-288.12
-175.851
-192.973
-315.297
-294.79
16.4358
-66.6064
-163.102
-216.828
-232.139
-269.967
-132.186
-262.006
-152.621
-322.861
-168.08
-270.204
-261.689
-297.999
-312.28
-325.492
-327.46
-305.96
-308.956
-271.968
-176.216
-200.788
-333.769
-289.562
-316.578
-329.337
-318.757
-288.657
-38.4181
-148.17
-159.268
-175.461
-232.895
-305.234
-286.864
-271.546
-275.899
-316.203
-216.738
-295.598
-299.109
-334.262
-326.221
-283.517
-290.189
-231.064
-305.657
-252.14
-281.484
-266.464
-222.876
-230.496
-306.965
-290.6
-333.226
-272.26
-333.115
-322.995
-323.858
-296.491
-275.61
-291.654
-292.417
-251.027
-81.2343
-144.934
-215.098
-266.127
-207.009
-280.751
-290.623
-278.658
-318.621
-329.882
-334.923
-150.182
-334.945
-164.394
-237.28
-300.106
-322.624
-18.4233
-138.275
-217.371
-287.329
-293.562
-224.891
-293.185
-287.769
-76.9157
-144.645
-163.633
-180.043
-331.049
-180.303
-293.072
-290.123
-327.555
-322.098
-173.913
-320.264
-247.538
-311.435
-198.81
-246.085
-296.107
-310.067
-334.417
-237.051
-276.04
129.96
-52.4539
-53.2508
-167.273
-193.24
-297.513
-330.52
-313.978
-223.907
-263.413
-79.5739
-186.952
-209.572
-220.106
-262.776
-314.125
-334.704
-216.744
-307.502
-281.886
25.0502
-289.215
15.0688
-210.767
-275.834
-292.265
-288.739
-196.457
-266.352
-310.277
-99.9894
-218.872
-273.343
-208.459
-295.82
-310.184
-317.026
-197.178
-93.5708
-282.063
-292.226
-269.808
-319.474
-79.0488
-100.58
-124.069
-268.82
-320.616
-168.523
-196.85
-218.44
-271.08
-206.173
-241.423
-310.49
-187.893
-221.292
-305.638
-152.032
-246.546
-296.513
-37.9923
-62.209
-162.247
-300.616
-305.005
-326.864
-330.987
-288.436
-319.984
-299.641
-309.43
-322.792
-281.547
-296.473
-248.685
-283.222
-334.972
-329.713
-316.615
-279.925
-329.061
18.2394
-309.548
-302.13
-314.417
-232.553
-311.612
-323.825
-266.445
-279.731
-234.726
-326.531
69.6097
32.2426
-33.1255
-294.224
-97.2895
-115.709
-121.471
-187.833
-241.02
-271.385
-275.097
-276.818
-273.128
-237.976
-260.106
-293.213
-195.334
-285.516
-318.906
-333.048
-320.928
-229.969
-198.043
-276.961
-294.929
-331.994
-297.622
-302.82
-304.768
-283.033
-264.925
-299.302
-283.433
-325.741
-256.871
-332.492
-291.621
-181.176
-228.786
-230.176
-48.1414
-292.389
-321.738
-152.615
-316.059
-251.214
-174.7
-299.512
-271.704
-312.114
-266.513
-291.261
-234.885
-222.351
-244.485
-313.706
-332.401
-194.125
-311.555
-269.45
-257.158
-306.494
-308.577
-281.35
-287.734
-276.892
-334.7
-290.292
-178.574
-261.216
-289.371
-264.981
-333.949
-262.957
-303.942
-298.253
-245.992
-285.302
-226.883
-244.834
-248.337
-266.691
-334.265
-308.399
-272.521
-226.907
-241.919
-304.584
-314.081
-285.554
-289.842
-275.658
-301.527
-327.124
-181.943
-229.972
-273.319
-295.224
-332.654
-287.358
-304.309
-322.333
-290.908
-235.058
-233.117
-320.766
-217.177
-247.649
-225.353
-264.184
-125.287
-288.686
-251.006
-193.965
-334.264
-324.447
-325.23
-292.954
-200.28
-256.783
-303.852
-325.161
-269.633
-79.912
-131.857
-279.484
-204.894
-267.204
-310.544
-330.453
-202.481
-318.244
-250.811
-324.135
-245.794
-324.858
-232.895
-266.322
-275.605
-315.175
-309.19
-64.5348
-196.571
-230.222
-239.857
-311.882
-292.209
-302.287
-309.422
-325.776
-326.543
-216.143
-242.501
-276.309
-332.76
-325.683
-221.875
-312.838
-324.795
-334.483
-309.153
-300.242
-301.75
-321.239
-305.459
-306.872
-311.128
-121.868
-176.736
-286.44
-304.527
-274.84
-332.316
-223.895
-318.582
-149.963
-207.629
-273.049
-330.972
-331.979
-308.57
-265.697
-312.348
-312.921
-152.489
-292.334
-230.841
-305.698
-200.87
-305.462
-235.532
-272.276
-319.681
-298.644
-333.322
-314.755
-202.698
-93.9685
-194.48
-254.29
-278.652
-306.485
-244.46
-310.96
-203.791
-323.606
-263.719
-297.26
-296.868
-318.118
-216.402
-280.987
-299.219
-298.868
-298.946
-180.474
-206.639
-316.027
-295.582
-320.971
-286.735
-227.695
-304.164
-324.419
-302.128
-310.393
-240.314
-184.16
-325.091
-110.015
-210.685
-231.907
-236.05
-323.502
-238.447
-318.288
-301.884
-317.624
-234.983
-313.915
-232.229
-270.366
-247.059
-271.78
-280.549
-302.66
-288.257
-269.368
-270.445
-325.598
-182.586
-215.95
-325.717
-235.359
-260.344
-327.685
-66.2153
-221.309
-305.494
-326.045
-322.447
-267.365
-207.257
-302.983
-332.925
-321.096
-206.239
-333.871
-165.084
-309.746
-319.674
-315.082
-334.776
-287.941
-327.286
-215.733
-248.059
-315.405
-327.114
-304.26
-259.052
-321.296
-97.4264
-292.122
-328.723
-308.092
-325.04
-195.805
-298.564
-257.488
-291.757
-273.341
-257.865
-265.805
-279.658
-246.447
-56.4345
-142.109
-220.396
-263.797
-158.007
-333.89
-302.964
-281.487
-170.955
-213.142
-226.955
-256.189
-200.703
-100.618
-289.73
-306.703
-247.289
-183.09
-301.584
-331.72
-286.041
-232.989
-150.519
-167.831
-323.701
-269.492
-288.97
-313.555
-320.532
-289.13
-284.533
-259.743
-294.225
-303.965
-296.867
-134.771
-219.41
-149.117
-191.076
-233.178
-266.559
-275.784
-303.085
-324.075
-138.199
-183.52
-141.982
-241.033
-310.131
-319.431
-287.682
-41.8629
-195.246
-287.831
-303.337
-178.906
-297.954
-314.844
-165.237
-310.491
-218.613
-285.745
-162.952
-248.194
-218.172
-168.562
-131.029
-192.212
-286.58
6.12103
-47.8611
-332.541
-285.067
-214.057
-323.912
-302.059
-307.392
-135.326
-199.767
-273.588
-310.508
-327.982
-71.4871
-112.487
-288.187
-325.949
-261.904
-295.418
-188.706
-269.146
-323.495
-297.037
-324.874
-297.033
-333.731
-223.479
-245.031
-313.925
-295.849
57.5484
54.7219
-69.66
-334.342
-158.96
-303.269
-288.593
-219.885
-321.757
-326.027
-167.505
-235.734
-267.111
-286.889
-320.11
-258.707
-296.546
-271.995
-236.342
-241.553
-262.507
-330.462
-257.197
-263.32
-319.069
-255.793
-272.998
-265.637
-215.791
-246.529
-307.028
-299.255
-247.478
-282.569
-308.109
-314.879
-215.034
-266.688
-323.696
-253.105
-321.174
-187.085
-235.289
-248.64
-325.949
-302.021
-214.349
-330.136
-317.65
-328.933
-315.55
-308.445
-323.495
32.9064
-82.1935
-194.465
-168.111
-172.717
-277.553
-286.989
-158.264
-103.306
-110.609
-307.167
-260.987
-324.604
-234.832
-288.287
-168.175
-322.511
-214.809
-204.645
-224.904
-325.205
-236.04
-237.88
-202.823
-282.185
-181.533
-290.064
-334.303
-210.987
-322.5
-321.546
-242.714
-289.253
-1.84958
-115.501
-134
-271.043
-69.1451
-199.935
-296.578
-286.762
-334.057
-277.834
-276.672
-274.3
-148.89
-330.096
-327.166
-261.501
-216.794
-321.779
-74.5874
-319.816
-301.969
-143.536
-61.3475
-79.236
-80.6044
-109.772
-148.221
-167.381
-65.6394
-208.284
-298.406
-331.687
-272.021
-282.825
-318.476
-201.347
-221.383
-257.389
-259.775
-308.27
-183.831
-255.032
-261.888
-324.63
-277.478
-261.247
-278.223
-275.984
-329.647
-190.323
-256.912
-245.872
-328.035
-324.038
-298.388
-219.998
-328.131
-328.721
-332.336
-333.292
-333.309
-225.184
-253.292
-167.719
-197.824
-211.533
-263.511
-306.829
-294.534
-303.027
-292.209
-318.138
-138.37
-148.169
-203.437
-209.287
-313.976
-130.173
-234.706
-235.075
-257.399
-215.805
-301.579
-298.26
-319.889
-333.417
-295.183
-302.835
-128.696
-324.146
-278.747
-293.143
-331.647
-262.42
-321.126
-223.768
-313.17
-317.146
-320.419
-215.568
-222.473
-295.819
-258.305
-295.195
-175.017
-212.996
-257.844
-265.159
-276.729
-277.891
-331.239
-232.489
-306.127
99.3649
-102.275
-184.537
-301.883
-319.835
-269.775
-219.049
-241.761
-206.857
-302.532
-296.925
-268.944
-305.122
-181.52
-272.841
-307.634
-201.565
-299.295
-278.007
-278.545
-292.757
-328.58
-263.136
-329.749
-301.616
-176.159
-188.466
-265.262
-284.405
-266.302
-247.447
-329.377
-270.843
-212.616
-229.423
-249.089
-284.578
-104.041
-236.535
-254.624
-262.217
-275.577
-314.563
-293.116
-322.142
-132.94
-156.476
-327.898
-133.525
-229.293
-157.041
-196.79
-307.498
-281.885
-247.841
-288.109
-305.571
-181.135
-304.507
-310.433
-259.041
-273.895
-278.685
-269.204
-271.143
-293.941
-271.096
-258.324
-319.107
-310.981
-323.262
-275.423
-264.775
-327.507
-319.502
-25.8955
-80.7419
-308.918
-285.615
-261.648
-176.76
-268.919
-206.472
-242.386
-323.811
-147.681
-194.152
-303.495
-320.19
-6.54383
-222.578
-272.611
-263.764
-324.086
-333.827
-201.472
-325.204
-163.558
-291.943
-330.775
-242.129
-278.326
-308.782
-331.009
-333.072
-315.672
-333.745
-308.996
-319.105
-298.093
-287.707
-296.673
-285.697
-226.285
-323.203
-332.236
-222.76
-332.919
-244.779
-293.719
-242.781
-309.326
-326.567
-300.048
-321.54
-292.188
-253.653
-176.045
-329.676
-324.947
-242.263
-308.673
-179.861
-264.95
-318.563
-297.823
-292.268
-279.585
-331.239
-264.275
-303.52
-205.618
-223.462
-296.226
-183.87
-317.421
-333.185
-267.988
-280.31
-187.455
-277.294
-305.062
-302.117
-328.988
-57.639
-208.516
-300.107
-285.654
-289.775
-199.082
-259.482
-261.204
-128.279
-210.736
-5.52465
-20.9234
-24.7255
-95.9342
-323.37
-318.566
-276.419
-312.556
129.546
-134.021
-185.887
-256.691
-309.914
-329.675
-292.297
-290.694
-182.95
-292.975
-259.515
-317.82
-329.869
-237.092
-208.39
-214.469
-201.159
-309.125
-322.707
-319.166
-226.913
-304.661
-108.671
-155.448
-256.466
-258.31
-306.462
-313.854
-303.411
-308.436
-87.6885
-135.112
-182.245
-202.333
-139.618
-313.375
-326.433
-308.761
-317.928
-291.234
-305.388
-322.828
-210.853
-229.164
-219.078
-323.812
-313.005
-286.658
-326.046
-326.729
-134.417
-206.057
-12.8781
-86.5771
-280.677
-284.617
-209.472
-307.112
-221.222
-238.853
-238.383
-280.87
-290.913
-267.875
-255.182
-273.154
-230.552
-324.32
-318.385
-266.648
-317.595
-328.596
-143.862
-149.099
-160.215
-162.71
-176.271
-248.569
-152.881
-286.794
-324.495
-290.721
-232.027
-333.614
-235.119
-222.043
-254.925
-278.282
-207.565
-234.875
-183.027
-190.732
-232.434
-323.054
-249.722
-267.963
-326.929
-265.778
-308.76
-303.591
-331.034
-319.344
-324.713
-320.468
-290.787
-1.36938
-85.2748
-113.179
-118.625
-185.747
-198.493
-226.93
-268.91
-309.25
-270.84
-334.26
-318.693
-268.879
-323.506
-320.078
-324.042
-323.499
-235.782
-219.003
-298.845
-301.925
-280.858
-296.251
-279.558
-243.902
-329.64
-323.379
-320.279
-192.687
-202.493
-284.952
-254.034
-293.744
-315.176
-309.299
-323.927
-208.862
-44.793
-116.841
-234.273
-243.227
-334.848
-162.348
-333.814
-271.187
-327.884
-310.436
-264.739
-313.568
-201.743
-329.234
-323.196
-286.48
-307.116
-211.174
-328.127
-270.649
-334.135
-334.512
-316.66
-314.64
-230.26
-293.721
-264.143
-306.628
-329.938
-323.537
-286.005
-334.796
-278.73
-249.071
-312.283
-219.055
-288.041
-287.939
-302.054
-303.776
-304.498
-263.467
-303.145
-324.976
-282.96
-327.511
-306.903
-267.304
-334.778
-316.474
-324.202
-312.057
-312.685
-289.282
-307.388
-310.628
-323.564
-309.991
-195.826
-262.26
-287.403
-317.055
-308.024
-212.061
-234.971
-264.033
-320.722
-245.063
-325.254
-221.825
-282.847
-240.393
-250.744
-334.911
-323.084
-190.487
-289.717
-312.223
-323.461
-293.203
-308.033
-268.916
-331.826
-104.761
-234.119
-292.708
-323.606
-177.426
-311.506
-296.985
-323.1
-288.401
-232.436
-253.672
-236.984
-285.049
-102.56
-111.759
-320.278
-294.616
-296.84
-190.452
-129.594
-196.54
-228.104
-231.436
-330.544
-313.581
-328.324
-213.873
-332.882
-294.886
-306.26
-216.832
-302.227
-308.354
-324.367
-262.037
-313.712
-78.8158
-124.359
-176.827
-189.006
-287.327
-288.485
-312.308
-229.256
-282.75
-203.74
-244.111
-239.949
-321.249
-216.197
-228.354
-252.557
-273.326
-280.184
-281.244
-307.908
-267.88
-292.728
-293.952
-322.234
-305.213
-246.284
-241.028
-217.281
-331.681
-290.28
-314.55
-296.709
-327.146
-332.096
-226.508
-231.95
-233.454
-248.203
-291.391
-241.728
-283.366
-303.048
-217.683
-332.68
-320.19
-220.352
-221.369
-258.994
-231.935
-331.257
-330.061
-281.686
-331.234
-297.961
-294.087
-266.175
-277.404
-221.673
-330.474
-328.881
-264.805
-304.485
-306.547
-301.658
-322.139
-328.122
-112.726
-288.242
-296.267
-178.488
-106.868
-148.181
-236.028
-178.846
-188.363
-190.429
-329.351
-249.253
-330.418
-238.199
-288.046
-212.233
-222.706
-101.419
-226.764
-322.175
-189.222
-258.354
-300.837
-212.806
-216.572
-277.674
-281.073
-261.433
-318.752
-155.418
-331.023
-276.251
-315.929
-268.928
-295.658
-263.793
-320.52
-321.057
-255.396
-320.306
-312.723
-300.651
-331.563
-302.991
-333.058
-307.591
-321.117
-289.788
-301.88
-316.013
-226.715
-286.287
-317.33
-283.455
15.8466
-241.585
-295.368
-160.788
-334.84
-252.403
-286.108
-308.4
-328.625
-143.581
-161.302
-291.153
-327.331
-314.768
-313.056
-297.61
-214.531
-333.616
-333.072
-283.024
-259.272
-274.475
-293.966
-308.865
-314.789
-280.415
-328.623
-147.145
-317.04
-328.806
-331.403
-262.011
-334.998
-315.815
-325.217
-322.641
-280.344
-319.908
-276.224
-152.276
-217.887
-323.566
-314.259
-323.271
-294.794
-273.991
-285.633
-313.468
-329.704
-299.661
-68.3257
-76.5233
-156.369
-206.006
-217.616
-251.114
-311.98
-222.349
-309.63
-290.56
-148.404
-132.302
-209.139
-228.333
-332.644
-276.577
-290.054
-303.154
-331.986
-154.332
-253.388
-317.516
-285.176
-300.153
-82.8414
-140.876
-226.47
-262.121
-294.694
-249.598
-291.535
-310.031
-309.104
-329.235
-325.373
-158.151
-233.498
-285.28
-309.993
-278.392
-300.198
-310.959
-326.845
-134.389
-146.661
-232.01
-329.257
-320.096
-103.363
-142.657
-205.58
-247.377
-281.746
-332.277
-261.598
-271.464
-262.278
-255.671
-261.88
-289.535
-269.431
-322.695
-140.949
-263.827
-306.875
-334.952
-185.805
-261.962
-270.243
-302.326
-333.266
-237.868
-315.814
-289.667
-283.28
-309.516
-210.843
-285.6
-307.802
-132.725
-189.794
-194.002
-214.106
-310.164
-116.117
-51.9391
-57.1255
-65.2751
-202.087
-305.768
-334.867
-245.192
-287.117
-332.718
-171.699
-211.592
-285.728
-225.618
-286.346
-306.531
-302.252
-308.668
-319.056
-295.892
-328.667
-326.798
-295.056
-277.49
-305.804
-231.685
-328.886
-329.564
-330.732
-293.875
-331.874
-212.862
-248.571
-258.465
-334.993
-320.267
-220.487
-238.796
-254.06
-306.998
-309.703
-310.506
-263.374
-279.043
-289.97
148.963
44.5828
-148.271
-155.344
-169.666
-260.26
-265.362
-268.458
-323.349
-194.668
-276.557
-319.636
-306.541
-65.9618
-290.754
-217.463
-158.37
-270.625
-319.46
-307.226
-219.288
-296.092
-288.501
-260.591
-274.587
-324.925
-231.654
-299.069
-262.175
-210.43
-254.84
-329.749
-90.1789
-263.749
-272.683
-334.469
-305.39
-97.7701
-294.461
-313.666
-246.661
-308.635
-309.516
-325.242
-283.91
-331.617
-174.566
-219.667
-333.399
-154.188
-206.224
-232.893
-290.281
-230.451
-306.905
-81.374
-125.575
-309.081
-262.792
-290.926
-308.047
-270.577
-279.768
-330.524
-179.421
-268.318
-61.9079
-149.992
-276.222
-285.87
-314.424
-324.775
-137.52
-324.981
-173.973
-322.855
-271.78
-325.597
-255.462
-256.872
-304.413
-227.639
-298.331
-107.073
-224.37
-252.605
-258.086
-294.436
-332.506
-322.388
-268.516
-167.276
-180.931
-264.669
-314.177
-321.091
-316.754
-310.742
-329.022
-319.729
-326.722
-334.287
-228.18
-320.069
15.2714
-262.189
-334.16
-187.64
-226.371
-274.69
-224.142
-324.168
-120.731
-331.065
-293.343
-307.532
-321.269
-67.4705
-86.8021
-199.72
-265.82
-283.796
-286.712
-306.053
-323.065
-225.109
-239.971
-266.169
-274.24
-283.85
-295.208
-278.085
-213.477
-249.369
-263.785
-114.356
-176.588
-249.592
-237.064
-322.585
-230.253
-314.79
-296.116
-322.741
-299.02
-290.654
-326.758
-328.692
-245.721
-253.998
-75.9757
-255.586
-292.169
-308.788
-240.889
-231.582
-271.182
-300.383
-252.731
-200.051
-296.744
-312.607
-199.885
-207.899
-249.928
69.0974
8.99063
-117.048
-212.188
-328.591
-229.581
-319.674
-318.361
-137.363
-140.054
-143.677
-148.731
-203.969
-313.836
-273.986
-315.833
-134.029
-60.3765
-228.342
-200.344
-188.119
-276.853
-290.119
-326.019
-234.653
-271.693
-333.608
-239.002
-304.537
-199.495
-233.992
-282.28
-325.195
-286.022
-289.37
-316.225
-300.967
-212.795
63.8388
16.9802
-164.184
-251.155
-333.417
-321.137
-318.743
-199.038
-170.031
-332.024
-173.374
-174.552
-191.925
-223.696
-252.309
-307.18
-236.153
-316.904
-229.742
-252.243
-228.876
-264.653
-238.802
-243.892
-244.034
-38.3767
-175.804
-175.882
-228.256
-263.681
-240.911
-276.872
-327.064
-318.699
-91.145
-117.548
-198.836
-203.089
-316.717
-279.07
-302.51
-51.5509
-269.054
-247.94
-279.922
-195.888
-304.171
-288.144
-242.811
-193.306
-248.767
-331.601
-308.188
-215.747
-145.818
-266.96
-329.191
-292.715
-188.068
-220.924
-251.433
-241.342
-300.287
-193.882
-189.254
-324.873
-211.576
-220.996
-281.53
-169.812
-281.309
-298.928
-245.837
-253.331
-266.903
-272.636
-290.864
-299.416
-326.729
-288.469
-214.076
-245.13
-304.624
-282.128
-296.686
-174.651
-273.683
-275.293
-239.054
-306.448
-315.256
-312.311
-184.92
-201.979
-297.033
-219.011
-255.708
-301.999
-240.506
-302.457
-208.493
-242.331
-163.054
-312.814
-321.232
-330.884
-317.566
-320.68
-166.618
-324.822
-322.399
-306.196
-223.29
-224.006
-323.5
-235.69
-107.202
-211.567
-296.982
-313.656
-314.939
-261.792
-206.594
-136.908
-332.415
-94.684
-209.423
-284.876
-316.009
-240.465
-318.625
-326.328
-110.254
-331.528
-269.728
-303.508
-290.387
-318.856
-324.492
-203.398
-213.642
-274.825
-314.339
-334.611
-324.32
-327.332
-206.093
-232.61
-332.941
-311.547
-334.147
-254.966
-270.915
-312.843
-315.361
-238.235
-252.8
-285.793
-315.158
-226.495
-199.197
-318.919
-262.879
-281.017
-295.602
-270.752
-321.697
-333.259
-288.796
-299.431
-302.141
-334.818
-313.961
-300.65
-160.765
-166.385
-324.489
-322.856
-281.263
-258.292
-257.697
-294.184
-302.51
-326.84
-222.276
-225.049
-303.036
-330.072
-320.114
-143.956
-177.197
-212.856
-245.214
-224.876
-333.707
-296.542
-309.083
-305.834
-233.494
-270.724
-308.669
-259.942
-330.676
-248.631
-284.067
-262.112
-320.288
-217.692
-149.438
-203.211
-207.966
-234.251
-330.065
-332.866
-306.01
-274.558
-281.469
-267.955
26.3062
-81.5238
-302.956
-91.0655
-92.5737
-254.068
-270.568
-294.065
-288.931
-324.775
-276.035
-331.265
-328.996
-176.988
-207.917
-288.108
-296.469
-333.057
-286.958
-211.498
-242.82
-334.061
-315.995
-269.673
-313.907
-288.311
-321.008
-240.606
-290.109
-310.536
-240.892
-167.113
-318.736
-223.348
-235.131
-318.372
-190.112
-194.583
-302.864
-293.07
-288.94
-309.992
-123.453
-99.8537
-243.435
-204.061
-217.391
-311.78
-314.322
-333.664
-270.088
-320.248
-248.791
-277.266
-329.829
-317.171
-328.269
-303.421
-270.573
-323.906
-272.302
-325.625
-270.59
-169.186
-299.964
-233.704
-276.393
-279.653
-304.461
-278.635
-276.963
-318.892
-272.76
-299
-323.227
-283.968
-248.274
-296.732
-268.602
-277.018
-330.24
-307.963
-7.69538
-311.036
-44.9444
-230.305
-272.848
-159.308
-208.135
-175.6
-296.168
-326.594
-165.438
-329.951
-327.383
-306.102
-268.393
-306.292
-192.052
-261.723
-273.393
-273.114
-238.91
-310.398
-328.03
-130.126
-177.28
-216.592
-238.133
-308.381
-291.293
-324.234
-326.197
-207.743
-327.82
-296.444
-268.425
-264.184
-327.312
-292.761
-301.493
-255.4
-300.241
-323.64
-301.887
-320.458
-236.061
-279.315
-300.002
-233.65
-330.465
-333.588
-228.69
-267.782
-316.485
-277.715
-311.787
-288.074
-333.682
-160.032
-223.021
-317.454
-293.274
-311.513
-77.3044
-239.313
-226.099
-229.588
-292.449
-321.188
-324.995
-239.529
-304.509
-126.54
-229.556
-166.109
-241.179
-331.363
-188.223
-74.696
-164.625
-257.475
-298.086
-283.306
-247.304
-242.945
-279.519
-228.699
-298.458
-254.251
-319.157
-314.335
-313.828
-258.784
-11.1275
-68.6297
-99.7856
-228.167
-326.89
-295.26
-320.58
-128.709
-249.05
-74.6916
-240.254
-323.748
23.6833
-207.349
-315.242
-319.412
-210.603
-310.47
-259.077
-161.925
-254.346
-303.548
-313.257
-288.398
-236.222
-329.693
-326.834
-220.384
-233.772
-314.581
-333.421
-313.07
-312.452
-314.305
-288.546
-208.835
-254.963
-254.99
-235.086
-121.967
-257.697
-269.664
-283.202
-182.004
-307.894
-250.915
-290.761
-247.305
-318.485
-126.083
-331.508
-328.175
-208.845
-138.481
-237.204
-267.967
-163.981
-310.021
-287.057
-332.445
-284.432
-333.822
-285.567
-295.951
-321.376
-233.186
-247.683
-261.741
-322.079
-103.42
-94.4212
-247.279
-326.711
-301.446
-266.846
-323.295
-289.941
-292.224
-265.17
-279.989
-325.715
-329.388
-311.341
-287.149
-299.141
-270.55
-316.162
-227.253
-323.362
-225.983
-253.991
-156.163
-209.591
-262.557
-279.406
-257.943
-304.309
-313.879
-273.133
-309.002
-319.687
-192.541
-301.846
-273.025
-329.155
-134.92
-160.719
-165.82
-334.038
-315.762
-227.564
-268.193
-272.559
-326.091
-254.395
-330.988
-219.747
-318.088
-283.605
-306.414
-310.759
-327.67
-228.976
-257.127
-75.5393
-226.369
-283.412
-314.893
-261.705
-321.814
-175.872
-303.368
-305.997
-294.352
-319.621
-333.456
-313.781
-308.661
-327.89
-330.05
-321.942
-235.239
-292.56
-330.035
-330.584
-288.907
-260.056
-304.286
-143.944
-327.559
-332.242
-219.374
-275.414
-245.484
-300.854
-313.07
-313.722
-251.073
-309.746
-3.45196
-193.104
-230.041
-308.644
-314.149
-314.981
-302.66
-239.006
-324.879
-266.366
-5.14606
-270.389
-276.597
-311.159
-318.016
-301.178
-306.286
-293.203
-315.304
-322.57
-279.969
-322.31
-309.525
-330.654
-289.871
-0.15654
-298.022
-264.31
-213.916
-285.122
-312.373
-255.8
-332.515
-312.955
-106.459
-187.58
-218.824
-265.818
-224.715
-258.749
-198.253
-322.383
-333.715
-198.97
-233.117
-75.6696
-139.838
-322.257
-242.224
-316.054
-324.808
-328.159
-150.826
-312.793
-60.671
-166.808
-334.279
-290.586
-285.144
-290.063
-276.395
-280.034
-294.971
-282.605
-295.446
-306.344
-317.463
-280.041
-311.493
-281.223
-327.567
-295.145
-318.156
-309.18
-250.458
-288.245
-318.359
-227.022
-134.723
-176.779
-317.925
-327.41
-138.996
-207.664
-255.449
-325.695
-312.908
-224.294
-319.253
-310.185
-292.729
-295.05
-297.221
58.1067
48.3968
11.4156
-115.425
-164.96
-191.744
-275.72
-132.62
-284.245
-289.703
-319.774
-323.319
-121.553
-332.384
-325.119
-325.072
-331.866
-266.373
-123.185
-320.805
-328.614
-186.417
-324.816
-327.052
-283.48
-270.926
-230.452
-242.186
-270.179
-329.695
-113.022
-271.834
-291.057
-305.504
-310.418
-142.656
-156.074
-297.458
-300.196
-126.454
-272.69
-190.007
-215.498
-205.523
-231.63
-231.891
-216.22
-329.097
-287.683
-318.285
-285.635
-245.305
-137.822
-324.606
-330.124
-255.914
-236.723
-306.723
-328.686
-265.451
-251.089
-294.173
-324.098
-289.859
-334.761
-298.656
-299.688
-318.328
-275.614
-298.198
-309.896
-231.264
-283.832
-242.522
-286.991
-330.372
-333.912
-311.451
-276.63
-321.573
-316.281
219.771
-310.836
-314.715
-333.357
-280.838
-38.105
-134.981
-145.733
-208.122
-308.97
-287.291
-270.597
-285.611
-152.933
-210.436
-152.299
-283.592
-210.172
-320.768
-153.859
-190.696
-301.385
-294.511
-92.499
-124.445
-127.596
-294.568
-321.462
-307.796
-219.189
-309.554
-244.041
-286.285
-321.626
-322.542
-237.372
-240.53
-139.527
-193.422
-198.431
-286.265
-288.854
-326.627
-279.195
-299.532
-263.487
-213.969
-255.785
-301.355
-330.073
-298.427
-163.204
-221.365
-332.724
-151.426
-243.801
-270.788
-259.407
-315.715
-205.697
-271.712
-303.456
-300.44
-326.99
-190.93
-220.724
-324.727
-327.236
-331.665
-301.462
-321.849
-292.331
-258.861
-261.814
-317.857
-218.366
-233.274
11.1423
-255.501
-289.008
-290.749
-322.426
-272.101
-170.173
-283.194
-284.858
-309.889
-324.789
-282.313
-249.924
-271.53
-166.244
-328.04
-319.938
-298.251
-268.278
-319.527
-326.903
-310.365
-172.899
-212.884
-289.538
-328.162
-216.251
-326.581
-243.777
74.6607
-246.761
-266.386
-287.025
-310.236
-284.536
-77.9293
-191.275
-268.076
-332.805
-333.882
-260.707
-331.995
-236.51
-169.141
-235.162
-315.58
-279.087
-286.102
-210.083
-323.231
-172.933
-316.23
-318.285
-325.237
-224.599
-298.77
-239.242
-332.647
-228.735
-318.505
-169.551
-284.402
-288.256
-175.822
-296.835
-107.381
-190.674
-119.793
-178.601
-218.61
-324.51
-292.563
-18.4503
-285.874
-328.358
-253.243
-179.619
-328.782
-277.414
-222.533
-323.232
-140.973
-279.685
-333.679
-268.151
-312.6
-269.047
-314.476
-301.6
-309.624
-333.827
-218.567
-238.371
-268.506
-249.935
-236.785
-158.265
-327.137
180.636
-253.625
-266.08
-320.854
-48.5688
-295.993
-292.909
-303.228
-333.032
-296.04
-188.048
-301.477
-301.026
-292.621
-266.621
-328.045
-261.232
-306.367
-238.212
-282.113
-288.359
-259.948
4.83869
-142.011
-238.56
-290.802
-318.707
-333.701
-305.164
-294.144
-311.16
-318.058
-331.459
-298.497
-196.858
-298.98
-327.426
-298.733
-202.223
-236.871
-168.605
-280.643
-245.198
-249.29
-303.401
-178.15
-314.46
-216.343
-144.458
-209.063
-324.064
-308.157
-328.489
-165.16
-248.651
-176.225
-188.109
-309.075
-272.436
-265.41
-281.034
-256.29
-331.568
-228.69
-291.958
-330.152
-220.259
-223.521
-272.854
-134.297
-262.174
-270.371
-324.348
-334.263
-305.483
-302.731
-307.64
-318.619
-256.723
-311.29
-27.1151
-49.2271
-109.117
-263.158
-259.144
-228.315
-321.605
-281.512
-268.308
-221.741
-261.398
-244.57
-291.389
-278.475
-290.133
-329.105
-323.278
-328.009
-303.778
-281.822
-190.732
-295.878
-170.462
-183.139
-260.46
-279.45
-216.967
-272.732
-313.869
-318.429
-298.889
-285.379
-327.339
-271.42
-318.913
-323.339
-325.9
-333.122
-182.237
-238.959
-281.045
-155.355
-166.66
-289.05
-98.3656
-122.775
-197.611
-297.798
-167.774
-270.855
-280.717
-313.803
-289.965
-126.962
-184.859
-252.71
-280.139
-168.939
-296.046
-325.369
-299.655
-329.914
-35.3165
-259.605
-271.597
-311.467
-311.679
-289.231
-311.134
-313.033
-291.746
-293.592
-314.859
-316.977
-299.152
-190.987
-305.081
-333.315
-334.411
-296.081
-315.492
-331.807
-334.928
84.5692
-318.268
-287.465
-310.245
-141.25
-276.682
-306.209
-267.817
-302.23
-318.534
-293.931
-307.95
-269.372
-313.515
-297.512
-316.074
-262.955
-328.415
-253.705
-327.092
-234.819
-300.319
-246.699
-192.913
-160.023
-299.286
-250.236
-309.773
-297.817
-324.699
-330.031
-291.865
-322.681
-305.823
-315.398
-66.8655
-129.44
-222.448
-287.923
-279.186
-319.333
-135.955
-159.321
-317.762
-306.791
-293.505
-331.704
-282.768
-334.06
-322.043
-311.379
-296.081
-149.492
-281.16
-311.536
-311.957
-157.356
-320.883
7.32231
-40.2938
-223.931
-260.526
-334.147
-284.408
-284.731
-305.723
-320.808
-332.692
-260.195
-296.548
-318.359
-293.457
-212.71
-290.489
-251.039
-320.669
-324.846
-298.121
-332.736
-314.86
-223.99
-238.344
-322.141
-309.286
-316.778
-300.729
-219.429
-239.689
-264.057
-305.678
-266.841
-319.925
-287.66
-296.049
-306.405
-258.102
-324.841
-214.382
-229.262
-279.352
-304.484
-307.332
-280.296
-239.522
-325.032
-327.273
-90.062
-131.978
-137.979
-260.544
-310.097
-241.305
-298.076
-261.532
-224.857
-235.719
-307.718
-268.71
-321.845
-295.52
-301.908
-205.995
-302.121
-211.088
-290.448
-274.687
-182.988
-233.466
-312.207
58.1664
-9.25431
-309.369
-326.993
-23.9746
-193.526
-222.511
-326.753
-319.263
-324.981
-329.203
-220.091
-300.645
-315.596
-204.619
-308.761
-250.966
-317.139
-195.3
-205.84
-266.054
-288.812
-330.774
-313.243
56.0199
-262.433
-132.831
-177.343
-235.608
-298.308
-169.979
-226.891
-230.346
-330.392
-322.796
-209.517
-295.164
-102.612
-130.784
-332.015
-267.5
-122.176
-300.157
-204.73
-262.649
-282.117
-217.859
-219.241
-303.529
-284.75
-326.493
-217.901
-301.757
-239.929
-216.987
-289.5
-284.986
-285.407
-319.59
-304.079
-293.347
-332.785
-286.068
-304.181
-312.633
-278.167
-164.083
-209.953
-259.465
-271.601
-311.695
-317.394
-248.182
-289.576
-299.097
-249.028
-232.456
-245.315
-329.33
-278.818
-334.965
-210.092
-270.936
-328.866
-315.945
-115.351
-278.876
-310.124
-284.178
-325.685
-288.586
-256.62
-274.016
-280.586
-205.09
-269.698
-251.124
-303.079
-309.483
-235.547
-283.159
-269.995
-9.91071
-88.9113
-124.899
-223.97
-275.072
-327.928
-317.185
-238.276
-313.664
-330.483
-277.43
-291.791
-318.704
-276.349
-251.875
-256.592
-289.713
-276.001
-313.222
-273.534
-247.249
-215.489
-236.353
-310.743
-321.089
7.13776
-24.4206
-74.1449
-247.775
-313.937
-323.66
-204.079
-264.483
-211.517
-236.839
-290.636
-270.908
-226.588
-303.242
-219.973
-329.036
-317.385
-186.271
-328.956
-267.944
-317.779
-331.031
-257.085
-324.955
-300.833
-258.75
-303.43
-330.709
-293.794
-314.621
-301.546
-322.97
-323.663
-272.48
-287.492
-326.388
-236.013
-240.24
-132.941
-146.27
-162.565
-196.185
-283.024
-297.233
-212.567
-332.941
-329.443
-101.319
-308.966
-300.887
-152.738
-284.938
-248.456
-309.969
-330.225
-328.801
-256.535
-267.839
-311.781
-12.2144
-261.029
-273.062
-303.933
-334.045
-239.651
-257.037
-288.585
-325.842
-229.118
-212.948
-332.774
-285.394
-305.309
-285.29
-316.414
-90.9471
-297.505
-304.346
-290.694
-304.8
-333.479
-309.7
-230.977
-322.596
-292.523
-291.13
-302.034
-106.195
-156.909
-225.835
-327.551
-264.473
4.74781
-13.9564
-164.772
-255.23
-298.533
-326.765
-257.06
-13.9049
-169.072
-176.407
-183.362
-285.578
-262.101
-256.677
-223.845
-293.925
-296.637
-162.998
-241.673
-319.251
-176.916
-239.098
-228.367
-242.884
-289.568
-301.306
-303.196
-316.226
-284.108
-332.563
-309.585
-257.205
-315.699
-322.679
-326.749
75.2601
-323.801
-319.907
-322.909
-231.751
-330.636
-288.394
-233.408
-267.335
-171.671
-287.439
-165.66
-255.09
-233.386
-313.643
-317.237
-328.581
-302.921
-305.972
-244.573
-287.528
-328.707
-318.316
-256.902
-52.9163
-307.576
-299.62
-297.642
-270.732
-127.644
-309.941
-316.059
-322.422
-288.842
-301.103
-326.968
-239.011
-328.118
-232.771
-293.704
-162.759
-281.874
-273.295
-283.526
-313.011
-224.354
-330.09
-322.574
-292.058
-321.062
-61.2635
-164.681
-274.809
-312.325
-305.161
-333.05
-244.779
-310.939
-320.279
-257.328
-329.504
-283.977
-278.877
-310.943
-244.068
-294.078
-249.581
-323.415
-226.483
-243.105
94.7592
70.9863
29.0354
-36.714
-144.768
-153.558
-275.669
-331.359
-330.974
-17.1905
-77.428
-137.15
-147.062
-290.261
-317.378
-321.284
-292.269
-229.323
-315.41
-269.331
-282.767
-323.186
-305.463
-334.056
-241.662
-270.651
-321.304
-300.828
-320.023
-277.123
-300.057
-329.494
-257.441
-319.017
-302.622
-241.448
-99.8163
-319.216
-305.394
-294.626
-332.671
-295.999
-333.541
-218.702
-309.823
-271.025
-241.528
-326.185
-270.922
-61.4379
-247.875
-256.874
-265.355
-296.958
-265.254
-331.366
-324.662
-220.186
-283.741
-308.307
-197.186
-320.013
-306.289
-222.304
-286.88
-328.6
-237.811
-310.706
-244.757
-326.53
-192.673
-228.828
-290.191
-262.88
-34.0529
-124.123
-183.727
-230.95
-291.036
-285.232
-301.432
-203.231
-313.156
-318.053
-182.301
-269.242
-321.705
-97.9295
-188.94
-234.468
-315.128
-184.403
-244.842
-327.013
-274.679
-319.837
-304.55
-313.977
-140.873
-250.033
-188.347
-288.576
-313.109
3.41732
-57.6814
-98.1375
-139.417
-200.558
-208.481
-269.379
-304.893
-265.069
-247.727
-286.606
-311.125
-325.428
-95.9181
-204.824
-291.535
-76.8074
-146.494
-283.521
-268.718
-318.915
-276.186
-318.099
-277.941
-288.846
-307.761
-314.196
-143.936
-292.255
-195.455
-311.089
-159.552
-331.935
-332.676
-277.613
-324.113
-258.977
-331.526
-140.131
-277.469
-333.304
-331.769
-314.083
-318.379
-138.056
-177.516
-291.576
-326.82
-312.254
-328.007
-310.594
-247.451
-247.769
-327.143
54.7438
21.3872
-64.505
-310.359
-270.074
-326.614
-243.842
-297.03
-60.839
-329.027
-173.907
-316.451
-186.877
-236.175
-231.919
-317.427
-288.776
-291.377
-268.989
-332.02
-167.516
-238.674
-259.673
-270.491
-291.529
-318.647
-296.927
-80.3223
-183.104
-241.999
-307.478
-103.301
-128.356
-213.855
-292.954
-322.457
-152.321
-236.29
-310.774
-311.137
-296.232
-331.294
-143.298
-298.85
-150.575
-277.388
-296.294
-330.128
-307.219
-262.421
-280.357
-304.402
-309.523
-334.175
-328.109
-217.829
-298.944
-327.01
-218.866
-264.681
-200.936
-286.224
-213.04
-215.587
-320.553
-318.625
-304.538
-314.944
-322.397
-312.537
-232.242
-293.41
-296.861
-135.886
-169.68
-262.598
-316.477
-306.594
-37.6796
-236.195
-245.109
-251.53
-199.817
-201.094
-209.816
-293.702
-325.163
-278.141
-296.245
-31.0397
-320.439
-327.659
-59.6983
-99.4369
-319.415
-293.593
-299.248
-286.236
-289.084
-185.392
-313.301
-306.042
-282.888
-334.496
-294.744
-225.111
-227.579
-245.646
-273.658
-308.509
-296.876
-310.256
-307.88
-287.147
10.9437
-209.677
-220.556
-319.662
62.4495
-66.8427
-224.186
-227.79
-169.596
-223.681
-321.849
-279.433
-326.559
-322.974
-323.373
-323.276
-302.093
-333.252
-306.6
-326.139
-272.234
-323.46
-210.544
-220.428
-324.526
-292.012
-239.01
-329.707
-280.883
-94.3403
-170.51
-282.743
-276.936
-291.967
-228.877
-317.885
-321.612
-334.266
-333.055
-298.977
-322.02
-61.3032
-155.154
-179.882
-299.553
-208.43
-303.597
-216.146
-228.234
-294.475
-281.775
-281.609
-333.342
-300.713
-267.796
-147.28
-191.587
-233.242
-334.466
-314.991
-228.629
-262.356
-270.589
-84.4472
-130.385
-315.054
-295.566
45.8183
-23.6488
-50.3865
-149.579
-273.595
-301.437
-307.744
-299.646
-314.968
-310.945
-311.135
-263.634
-280.046
-216.013
-259.021
-246.315
-240.348
-289.198
-308.078
-222.218
-316.133
-295.902
-322.394
-261.275
-278.488
-311.909
-268.954
-273.314
-285.89
-289.718
-322.695
-324.397
-18.8506
-30.9858
-149.167
-181.479
-334.884
-242.881
-315.739
-313.865
-306.438
-288.098
-223.739
-254.044
-303.17
-284.225
-279.452
-310.951
-3.02643
-89.5443
-318.497
-307.872
-312.507
-262.256
-215.751
-273.956
-218.406
-223.333
-282.044
-284.32
-312.178
-239.804
-304.209
-254.634
-332.838
-333.802
-328.791
-330.401
-313.71
-334.089
-271.479
-320.714
-331.575
-135.218
-294.543
-249.129
-269.951
-241.31
-261.521
-238.354
-247.26
-234.063
-246.02
-279.953
121.723
47.5241
-181.781
-260.77
-298.735
-304.553
-276.482
-95.3013
-194.539
-213.234
-308.361
-319.818
-322.305
-254.939
-317.642
-278.662
-332.472
-289.751
-289.935
-303.832
-329.392
-303.539
-258.584
-318.05
-327.599
-171.342
-194.139
-182.783
-273.57
-305.086
-295.303
-283.983
-303.437
-333.943
-253.67
-330.005
-72.515
-141.954
-183.668
-328.413
-326.882
-298.814
-193.874
-178.76
-331.394
-288.832
-186.008
-253.929
-312.965
-314.72
-204.731
-212.424
-324.705
-314.804
-296.587
-334.369
-327.795
-306.538
-301.927
-284.94
-307.06
-274.314
-287.625
-294.147
-207.803
-326.086
-317.061
-297.681
-321.743
-324.952
-216.865
-277.707
-210.016
-198.177
-328.771
-212.296
-233.597
-259.592
-303.559
-104.288
-257.746
-85.4638
-136.009
-334.182
-298.552
-299.798
-209.456
-281.636
-256.852
-275.073
-257.508
-287.034
-271.249
-265.442
-300.493
-283.17
-262.229
-326.767
-320.042
-306.074
-333.093
-275.713
-286.108
-284.93
-315.234
-244.361
-236.46
-281.582
-171.53
-269.325
-294.678
-244.427
-184.366
-294.698
-302.962
-257.696
-85.0351
-293.691
-329.958
-293.306
-208.569
-326.583
-332.186
-16.4977
-50.2812
-83.4981
-188.029
-189.519
-204.101
-225.846
-252.252
-313.515
-110.741
-330.35
-231.964
-256.265
-259.838
-298.755
-211.939
-271.839
-322.335
-27.6627
-28.9488
-120.309
-315.272
-268.623
-279.495
-322.364
-292.376
-297.686
-317.209
-321.672
-222.015
-201.324
-274.528
-331.908
-303.218
-308.954
-307.881
-310.308
-266.994
-312.135
-247.925
-314.388
-267.115
-133.077
-331.839
-300.771
-311.08
-154.232
-259.985
-246.487
-331.85
-278.907
-229.872
-313.213
-321.423
-327.541
-288.905
-220.279
-322.093
-115.287
-137.635
-236.828
-292.808
-175.075
-285.1
-216.605
-277.784
-289.857
-237.944
-239.858
-250.769
-128.106
-227.677
-299.552
-303.268
-326.031
-243.92
-315.861
-320.545
-308.028
-317.25
-273.453
-250.75
-311.249
-193.661
-264.681
-282.773
-140.5
-222.07
-321.954
-325.186
-267.687
-188.154
-303.259
-312.392
-311.869
-89.6799
-300.092
-325.511
-293.578
-333.989
-327.449
-322.824
-322.615
-326.967
-131.45
-263.324
-95.7715
-118.403
-162.361
-319.397
-329.493
-318.661
-328.475
-267.827
-297.918
-137.83
-253.918
-206.199
-250.406
-315.643
-272.582
-316.216
-224.893
-310.474
-124.247
-155.573
-218.213
-225.468
-239.421
-277.104
-326.28
-322.497
-330.695
-327.471
-222.626
-322.106
-324.777
-150.132
-188.383
-328.18
-323.793
-238.022
-292.567
-186.926
-161.857
-262.425
-327.812
-318.391
-282.621
-174.602
-310.966
-320.673
-283.561
-213.851
-324.652
-306.601
-156.973
-166.568
-171.136
-317.473
-289.526
-333.496
-135.085
-259.886
-264.84
-156.868
-193.807
-245.584
-332.373
-307.722
-297.185
-253.572
-210.45
-287.775
-334.654
-200.126
-326.938
-331.843
-289.664
-295.59
-324.044
-172.313
-265.099
-148.161
-318.784
50.9285
-32.3151
-284.621
-303.601
-202.107
-327.85
-273.648
-322.079
-212.204
-275.011
-280.51
-274.475
-325.06
-286.764
-199.784
-220.869
-318.573
-276.988
-282.822
-302.723
-314.782
-330.291
-242.905
-122.739
-128.235
-162.394
-324.293
-314.403
-259.893
-312.02
-334.361
-199.14
-268.706
158.23
26.1516
-122.991
-143.128
-190.768
-307.851
-312.415
-275.322
-311.489
-324.597
-231.854
-289.535
-218.479
-225.791
-158.76
-317.862
-216.434
-149.86
-306.16
-139.842
-80.467
-181.077
-190.141
-240.303
-333.991
-295.276
-215.768
-321.752
-333.163
-180.02
-250.214
-328.248
-265.829
-305.631
-111.472
-328.24
-315.139
-261.995
-326.937
-241.684
-321.065
-233.025
-245.204
-307.961
-242.25
-297.809
-252.12
-259.859
-333.005
63.4995
-57.2022
-302.859
-312.179
-284.845
-329.679
-247.462
-332.259
-292.547
-323.558
-248.711
-291.263
-230.92
-144.87
-259.488
-256.944
-264.669
-313.743
-325.585
-251.959
-299.323
-309.4
-28.6537
-197.278
-256.271
-324.776
-315.985
-256.175
-284.341
-285.437
-161.039
-274.89
-302.29
-319.228
-325.443
-297.281
-196.125
-173.124
-260.959
-277.34
-324.944
-296.433
-319.32
-206.516
-313.631
-28.6217
-188.43
-219.853
-192.741
-313.141
-303.475
-293.92
-317.809
-283.657
-215.079
-231.968
-327.506
-307.524
-307.798
-324.929
-314.665
-176.801
-202.909
-255.011
-300.041
-322.357
-190.816
-211.477
-266.602
-317.836
-329.69
-320.797
-109.478
-217.95
-297.464
-204.212
-266.519
-236.633
-266.45
-299.105
-243.831
-290.163
-291.95
-298.717
-277.541
-288.181
-304.529
-321.43
-331.545
-182.191
-170.363
-172.13
-252.417
-301.37
-315.782
-292.281
-250.383
-333.024
-180.605
-261.925
-161.842
-173.167
-306.502
-297.12
-91.4018
-116.737
-255.72
-315.572
-185.514
-269.101
-287.359
-321.316
-323.478
-307.523
-135.791
-227.657
-287.909
-312.737
-247.503
-286.366
-317.085
-314.672
-299.865
-195.703
-273.844
-313.046
-318.967
205.175
-209.812
-300.759
-261.779
-305.686
-328.811
2.0969
-82.5184
-220.309
-326.355
-306.646
-282.457
-317.095
-324.943
-309.297
-299.202
-326.207
-293.705
-249.778
-256.137
-273.105
-322.359
-327.284
-322.191
-248.981
-310.076
-327.979
-127.17
-277.19
-281.445
-333.316
-316.266
-304.63
-327.345
-302.938
-279.214
-285.843
-313.065
-165.946
-293.124
-172.718
-200.058
-320.252
-249.906
-333.731
-273.97
-299.342
-312.929
-299.206
-228.525
-242.515
-328.067
-121.56
-290.812
-164.265
-320.707
-281.625
-296.792
-323.319
-298.171
-301.509
-206.352
-237.872
-255.32
-158.871
-248.237
-284.713
-188.905
-285.467
-304.962
-318.115
-332.268
-103.041
-136.18
-227.365
-275.515
-170.233
-334.602
-293.3
-307.431
-311.744
-313.102
-316.647
-243.449
-241.585
-326.691
-248.403
-132.366
-324.626
-262.872
-282.033
-272.346
-284.633
-324.728
-285.795
-209.777
-213.982
-325.965
-294.065
-321.803
-310.12
-295.821
-157.588
-188.989
-243.395
-247.047
-272.813
-330.514
-221.692
-331.527
-153.015
-273.256
-304.043
-247.961
-328.867
-236.258
-300.152
-311.386
-326.572
-294.204
-271.374
-284.081
-57.6055
-105.586
-263.889
-184.925
-330.867
-334.075
-254.449
-293.836
-296.193
-322.886
-325.515
-277.24
-142.961
-186.52
-212.42
-298.672
-104.284
-235.418
-294.272
-223.681
-58.2754
-121.284
-187.237
-189.94
-239.352
-267.9
-264.954
-249.796
-307.148
-323.058
-169.935
-296.96
-325.192
-269.027
-305.026
-303.184
-315.167
-307.747
-317.818
-230.056
-278.974
-30.9663
-202.112
-325.723
-315.33
-32.374
-281.168
-256.898
-290.681
-177.055
-298.298
-239.12
-261.01
-255.033
-250.967
-266.226
-334.749
-298.15
-288.302
-305.011
-281.737
-310.704
-313.022
-261.099
-269.114
-309.628
-318.681
-332.41
-240.685
-250.918
-281.438
-316.288
-285.549
-284.026
-320.117
-333.602
-328.257
-295.94
-320.4
-255.622
-236.791
-321.761
-327.236
-227.908
-229.408
-211.368
-281.37
-227.98
-132.675
-282.573
60.6575
-171.403
-326.237
-289.457
-316.745
-234.008
-332.265
-271.295
-310.19
-334.017
-320.795
-290.187
-244.879
-292.057
-313.621
-261.695
-301.403
-314.418
-303.223
-282.951
-307.498
-235.665
-86.3964
-117.715
-197.259
-271.316
48.4411
-15.9304
-57.0725
-320.492
-206.994
-294.823
-302.322
-218.398
-331.804
-300.271
-264.948
-333.802
-280.288
-200.919
-274.199
-77.2066
-207.05
-291.089
-205.843
-229.488
-325.071
-248.632
-101.008
-327.587
-329.825
-291.312
-319.9
-305.582
-150.113
-322.32
-300.524
-297.189
-304.222
-283.964
-191.832
-320.304
-306.882
-272.316
-119.95
-241.887
-260.823
-306.158
-329.795
-226.679
-207.033
-261.952
-316.86
-222.215
-285.236
-319.879
-62.1557
-301.264
-266.597
-321.337
-233.031
-315.705
-259.503
-330.137
-300.27
-284.338
-201.03
-219.407
-267.556
-282.205
-204.331
-321.124
-321.388
-110.175
-153.241
-203.6
-236.544
-243.395
-188.711
-279.111
-161.654
-182.984
-289.507
-321.176
-0.758597
-2.41888
-214.259
-331.035
-228.777
-284.459
-324.207
-109.146
-165.09
-179.644
-208.255
-285.952
-321.269
-324.999
-220.11
-261.039
-173.466
-244.582
-334.551
-325.826
-278.481
-271.585
-301.827
-257.438
-307.022
-328.608
-332.083
-290.193
-211.46
-286.509
-305.678
-301.819
-312.47
-299.363
-307.34
-331.189
-233.458
-313.99
-330.953
-307.925
-244.701
-116.143
-257.191
-285.333
-307.437
-318.547
1.49614
-231.289
-216.656
-207.796
-108.1
-328.92
-295.926
237.465
153.681
138.838
-9.26668
-130.405
-286.349
-244.485
-305.567
-247.504
-267.043
-274.894
-158.526
-316.438
-298.368
-317.771
-324.709
-292.915
-247.368
-296.907
-330.892
-256.754
-269.345
-308.799
-146.327
-248.09
-320.786
-295.714
-301.92
-290.271
-298.722
-264.44
-283.891
-325.2
-319.731
-144.56
-232.874
-261.59
-266.443
-333.484
-312.65
-267.799
-314.505
-311.76
-206.301
-215.884
-138.044
-255.931
-302.678
-317.341
-328.47
-274.072
-313.788
-331.347
-333.526
-258.908
-125.26
-256.785
-107.951
-234.846
-141.071
-327.59
-236.308
-258.507
-289.375
-179.246
-188.804
-296.552
-265.212
-170.149
-280.264
-125.487
-228.007
-249.657
-310.087
-316.675
-326.389
-324.04
-260.537
-296.528
-60.9988
-159.438
-299.991
-303.635
-169.798
-132.2
-204.096
-321.544
-219.823
-5.88416
-35.2998
-41.2367
-125.416
-289.628
-322.835
-306.296
-292.61
-256.314
-297.26
-276.816
-331.418
-292.915
-308.933
-215.335
-183.604
-218.4
-228.174
-278.326
-334.76
-248.976
-243.673
-319.047
-319.239
-326.116
-332.536
-322.581
-205.118
-242.153
-190.111
-312.317
-303.804
-117.836
-322.61
-194.916
-313.986
-67.5232
-95.9458
-152.627
-300.409
-146.066
-161.041
-121.674
-323.768
-308.132
-228.31
-327.756
-226.396
-264.657
-309.573
-290.434
-312.945
-212.662
-218.159
-242.387
-223.709
-280.29
-287.363
-314.986
-75.1561
-145.821
-264.483
-298.469
-301.558
-298.114
-176.269
-299.678
-302.359
-325.155
-287.47
-329.506
-275.346
-317.253
-119.403
-302.416
-302.384
-302.355
-316.469
-129.696
-186.458
-197.287
-309.391
-85.6982
-160.854
-176.503
-300.127
-259.094
-309.686
-329.037
55.9604
-212.713
-304.862
-302.744
-330.11
-319.144
-262.48
-313.459
-128.605
-313.718
-326.288
-330.988
-324.333
-174.696
-324.766
-334.552
-167.782
-192.536
-251.575
-320.793
-307.942
-308.757
-333.15
-332.312
-271.021
-275.136
-289.05
-258.413
-329.595
-320.996
-291.745
-331.922
-290.542
-304.113
-301.799
-265.652
-317.07
-306.306
-300.038
-320.056
-227.752
-203.117
-318.461
-238.093
-287.55
-300.849
-307.692
-271.543
-241.513
-261.765
-326.975
-249.016
-334.283
-213.789
-284.909
-309.615
-247.828
-251.658
-270.037
-288.736
-227.721
-89.7746
-108.803
-129.462
-151.955
-289.415
-309.654
-317.23
-313.006
-252.94
-301.562
-298.875
-296.727
-332.701
-100.3
-222.223
-315.291
-286.82
-332.114
-334.114
50.4576
-160.672
-256.485
-306.657
-262.275
-262.731
-195.793
-331.798
-273.909
-322.306
-261.489
-210.735
-313.481
-280.664
-297.561
-330.285
-312.674
-313.142
-311.057
-255.485
-331.575
-183.936
-325.679
-235.681
-284.902
-319.315
-274.266
-187.341
-228.394
-182.242
-193.937
-240.573
-297.428
-295.363
-332.735
-324.289
-281.36
-245.98
-317.694
-323.837
-44.09
-229.505
-298.356
-328.633
-218.063
-222.717
-269.189
-277.508
-330.563
-329.657
-285.228
-265.426
-294.007
-255.906
-317.84
-320.331
-217.635
-195.204
-256.713
-228.211
-310.766
-243.412
-228.907
-329.352
-272.006
-272.948
-216.132
-316.622
-217.422
-230.241
-240.702
-281.83
-293.502
-225.988
-231.306
-331.45
-267.864
-299.245
-304.811
-327.818
-313.998
-134.521
-309.1
-218.826
-242.284
-317.885
-252.354
-243.598
-196.329
-243.477
-281.302
-322.885
-320.681
-310.309
-271.393
-330.156
-321.962
-287.844
-226.326
-272.285
-257.125
-112.332
-119.534
-203.699
-226.189
-300.92
-322.043
-245.113
-305.029
-329.852
-217.918
-317.848
-320.279
-235.139
-162.923
-183.336
-236.367
-293.555
-302.032
-321.138
-333.295
-289.128
-298.66
-246.593
-333.04
-194.645
-308.141
-322.874
-325.507
-172.057
-333.977
-151.719
-294.537
-309.277
-213.441
-295.255
-301.666
-325.582
-326.826
-222.9
-253.837
-329.403
-193.794
-299.498
-318.069
-324.954
-211.52
-315.804
-334.323
-310.453
-331.146
-282.834
-208.031
-304.667
-292.191
-301.444
-314.771
-326.928
-287.471
-205.576
-253.844
-317.486
-317.958
-37.5287
-254.369
-277.911
-289.936
-286.187
-241.601
-290.627
-303.579
-320.388
-309.396
-328.073
-283.383
-334.378
-212.118
-313.425
-124.067
-334.655
-308.315
-152.803
-181.527
-209.53
-238.362
-267.956
-246.806
-277.591
-208.906
-131.016
-167.087
-223.475
-259.291
-323.547
-334.752
-286.208
-329.668
-329.386
-324.383
-210.25
-306.855
-314.91
-333.03
-305.74
-306.987
-298.15
-330.916
-258.16
-302.14
-315.231
-332.824
-322.045
-276.73
-300.95
-315.508
-283.273
-270.969
-299.721
-331.091
-234.913
-317.985
-295.059
-309.17
-323.704
-309.536
-321.455
-253.963
-126.419
-248.96
-279.519
-242.913
-334.406
-301.365
-331.079
-304.121
-315.526
-309.458
-323.637
-263.831
-309.761
-264.123
-187.001
-223.696
-304.572
-269.662
-310.447
-312.458
-283.771
-279.526
-129.184
-299.845
-333.762
-319.295
-55.9893
-90.2098
-169.579
-241.541
-332.296
-320.736
-322.987
-331.035
-322.553
-334.164
-314.558
-282.028
-318.563
-296.249
-74.4598
-92.0711
-146.322
-160.435
-303.536
-20.9941
-238.985
-277.976
-275.816
-314.638
-290.737
-294.917
-297.004
-330.349
-300.15
-189.326
-57.1024
-308.08
-155.524
-224.286
-282.416
-254.173
-304.079
-276.281
-227.375
-191.493
-282.621
-184.338
-258.664
-125.715
-327.385
-262.203
-321.566
-212.555
-238.344
-269.224
-328.107
-284.649
-295.996
-311.748
-230.223
-257.383
-221.412
-284.074
-289.938
-201.244
-309.754
-248.123
-281.707
-314.899
-324.035
-50.9219
-130.344
-183.18
-313.348
-288.53
-292.479
-328
-293.179
-317.449
-245.54
-227.837
-252.943
-328.549
-235.716
-220.404
-329.073
-258.942
-236.13
-261.726
-268.657
-240.302
-317.601
-288.146
-293.15
-308.819
54.6159
-97.9993
-180.689
-196.973
-198.994
-207.678
-254.733
-318.089
-325.002
-201.198
-312.24
-201.867
-201.895
-333.157
-306.626
-173.017
-308.948
-246.521
-287.099
-158.506
-262.954
-165.387
-276.271
-298.349
-222.446
-286.449
-304.351
-330.956
-333.362
-321.961
-289.877
-282.093
-308.681
-313.222
-80.0241
-308.239
-251.754
-288.859
-317.729
-331.995
-257.862
-203.039
-206.265
-213.341
-327.032
-266.223
-310.617
-203.465
-292.222
-314.635
-326.331
-329.235
-327.142
-222.782
-334.339
-299.15
-217.673
-270.264
-293.931
-190.612
-223.661
-289.119
-295.493
-323.983
-325.374
-323.029
-319.365
-267.451
-275.925
-308.615
-262.241
-303.875
-309.996
-224.048
-334.227
-314.654
-327.458
-295.173
-319.562
-326.868
-331.992
-246.775
-295.674
-286.495
-293.656
-330.098
-225.539
-328.401
-210.488
-277.253
-319.332
-169.841
-275.544
-296.652
-260.358
-299.281
-323.013
-298.627
-287.489
-183.845
-259.905
-285.818
-245.72
-135.407
-327.271
-256.522
-292.483
-302.945
-183.653
-309.456
-266.206
-235.953
-265.336
-159.699
-282.137
-243.336
-258.775
-284.371
-62.1099
-269.338
-309.859
-320.201
-288.756
-244.093
-35.8324
-298.105
-192.71
-230.408
-314.009
-326.545
-266.733
-328.304
-331.178
-334.312
-289.266
-245.646
-267.918
-270.763
-295.901
-304.418
-318.112
-280.129
-320.187
-334.579
-128.671
-183.967
-332.591
-321.581
-313.673
-287.334
-292.292
-297.069
-297.431
-237.689
-78.9515
-318.99
-329.069
-328.902
-301.604
-292.092
-326.7
-26.6447
-91.9483
-143.416
-266.562
-276.03
-317.276
-195.474
-306.766
-332.372
-326.163
-275.01
-314.609
-322.2
-311.433
-297.227
-328.553
-308.879
-223.568
-229.676
-291.781
-312.83
-252.847
-284.483
-310.068
-0.0599578
-14.6818
-85.2056
-241.36
-263.579
-263.85
-29.3966
-108.619
-166.679
-305.145
-307.914
-156.515
-262.471
-44.2278
-217.55
-321.634
-168.923
-322.297
-283.846
-290.826
-292.15
-234.393
-288.827
-322.079
-274.754
-253.189
-266.599
-222.383
-311.155
-76.7371
-84.2371
-251.166
-281.455
-333.705
5.18949
-255.189
-325.417
48.025
-45.8814
-55.7113
-170.306
-278.678
-201.422
-260.075
-162.422
-273.205
-222.328
-236.399
-295.294
-259.32
-313.197
-275.108
-284.284
-297.039
-157.975
-250.227
-271.538
-271.936
-292.664
-310.352
-268.133
-304.942
-304.832
-334.773
-273.288
-278.078
-328.454
-250.798
-213.693
-269.238
-296.015
-314.77
-154.245
-270.875
-315.241
-296.924
-182.319
-214.332
-318.668
-315.695
-243.815
-304.759
-137.602
-184.549
-211.876
-290.688
-258.449
-123.404
-141.925
-155.312
-186.193
-332.933
-149.575
-240.007
-309.198
-280.147
-293.681
-326.704
-330.254
-310.464
-185.874
-261.832
-293.008
-277.839
-253.505
-232.436
-295.245
-331.098
-271.763
-319.171
-274.22
-108.469
-202.452
-290.369
-296.692
-297.196
-269.576
-235.27
-232.795
-265.766
-309.004
-277.123
-282.396
-324.148
-305.376
-244.474
-104.082
-318.957
-324.829
-331.039
-232.258
-303.246
-324.983
-334.51
-238.41
-265.584
-287.28
-302.183
-124.974
-227.134
-232.095
-235.483
-235.749
-238.605
-285.332
-44.2306
-57.6567
-296.528
-326.254
-289.261
-331.471
-240.767
-270.075
-283.692
-250.012
-300.723
-247.729
-192.954
-243.165
-319.099
-321.812
-17.9924
-254.369
-307.405
-291.393
-292.991
-319.281
-313.878
-238.053
-300.14
-314.517
-249.409
-236.5
-160.001
-219.068
-241.575
-331.797
-320.147
-334.943
-263.307
-302.824
-256.239
-276.877
-317.451
-274.659
-328.598
-316.588
-267.331
-301.114
-224.227
-207.226
-187.233
-284.956
-333.716
-181.412
-249.794
-156.195
-322.898
-259.213
-301.909
-311.811
-301.932
-327.663
-215.95
-241.741
-285.474
-300.074
-302.272
-172.81
-193.956
-262.549
-269.941
-299.345
-311.729
-292.682
-330.447
-278.404
-282.565
-322.188
-154.911
-247.091
-260.985
-101.481
-293.089
-213.539
-279.156
-292.449
-204.363
-295.266
-322.752
-333.501
-295.431
-281.569
-284.461
-315.061
-239.235
-306.85
-210.114
-293.977
-329.054
-323.439
-262.443
-270.554
-321.959
-273.913
-239.142
-292.482
-299.852
-301.263
-217.476
-235.544
-265.266
-299.916
-0.925922
-71.7619
-193.567
-294.026
-252.001
-278.284
-330.045
-318.412
-332.643
-263.459
-296.832
-276.808
-287.444
-303.098
-326.34
-260.102
-257.41
-210.597
-315.492
-79.0357
-281.581
-315.554
-240.859
-314.196
-58.7059
-330.169
-310.019
-131.263
-187.278
-207.89
-320.431
-324.749
-292.125
-283.819
-266.273
-285.993
-223.771
-262.603
-328.346
-279.248
-266.49
-168.457
99.5166
-184.093
-321.275
-217.126
-323.551
-214.467
-87.864
-174.662
-296.689
-205.875
-190.175
-243.985
-252.513
-327.84
-302.769
-190.688
-306.315
-186.049
-268.896
-312.179
-125.023
-127.538
-328.077
-208.87
-259.519
-327.891
-306.087
-276.484
-306.132
-300.579
-310.42
-205.261
-176.342
-224.889
-267.383
-287.92
-332.621
-329.111
-281.666
-301.427
-257.034
-311.531
-320.893
-294.784
-332.224
-332.385
-160.113
-317.812
-129.058
-325.008
-207.587
-325.561
-122.632
-150.098
-189.184
-318.337
-309.437
-329.574
-310.946
-186.649
-284.683
-319.209
-315.341
-192.547
-229.391
-283.783
-330.887
-296.292
-282.937
-315.443
-327.698
-258.886
-118.493
-310.225
-313.718
-317.347
-269.828
-288.781
-253.951
-257.408
-327.409
-273.197
-311.995
-329.752
-310.835
-331.409
-148.72
-159.752
-304.304
-330.283
-305.383
-238.345
-233.642
-217.366
-283.933
-270.952
-298.306
-308.951
-254.239
-77.2834
-94.2856
-298.049
3.72259
-183.246
-286.382
-321.479
-317.956
-230.591
-244.417
-211.035
-253.517
-242.89
-260.814
-315.416
-320.15
-247.619
-315.504
-323.513
-289.529
-321.581
-319.016
-334
-327.236
-324.047
-229.005
-327.077
-302.564
-312.452
-135.922
-295.876
-267.874
-330.454
-164.991
-171.713
-312.483
-304.358
-310.872
-313.171
-333.835
-320.71
-314.2
-311.515
-232.515
-327.964
-182.844
-196.674
-187.985
-309.394
-154.142
-216.861
-302.688
-334.252
-305.648
-303.004
-313.752
-278.648
-231.555
-242.271
-228.097
-172.889
-210.636
-245.047
-259.216
-290.606
-273.973
-329.923
-202.471
-333.178
-228.661
-231.924
-227.453
-235.964
-241.296
-330.026
-273.644
-307.624
-322.998
-238.934
-196.311
-290.542
-145.862
-229.011
-164.845
-324.648
189.934
159.469
79.569
-34.8696
-40.7659
-314.873
-328.244
-290.241
-302.703
-226.257
-333.446
-272.882
-257.91
-247.003
-307.906
-310.689
-52.4629
-199.409
-275.727
-293.507
-302.494
-329.268
-275.663
-172.162
-225.847
-319.362
-76.8872
-296.895
-158.196
-239.335
-293.183
-334.031
-204.771
-300.891
-323.141
-332.56
-247.883
-234.011
-293.082
-285.114
-314.085
-248.208
-313.987
-321.707
-79.7092
-319.263
-187.573
-244.515
-291.832
-121.39
-328.166
-273.306
-296.846
-307.453
-300.543
-308.629
-325.548
-282.775
-311.048
-309.26
-305.906
-304.262
-315.001
-168.048
-261.337
-69.044
-90.7233
-200.015
-239.532
-279.339
-311.937
-181.831
-158.617
-334.693
-327.811
-316.494
-329.203
-326.789
-332.053
-180.728
-331.107
-163.929
-314.955
-154.241
-179.484
-210.122
-318.756
-120.143
-297.859
-311.682
-332.054
-312.907
-322.131
-282.3
-318.104
-329.818
-271.208
-213.288
-307.587
-312.998
-332.042
-289.462
-290.3
-295.813
-250.746
-273.251
-331.695
-276.563
-307.809
-307.144
-225.265
-330.845
-290.019
-287.522
-276.43
-294.288
-326.113
-229.467
-249.339
-269.957
-204.089
-302.454
-322.184
-270.647
-331.522
-140.319
-140.727
-332.003
-180.984
-295.354
-284.532
-319.75
-145.196
-244.367
-268.503
-333.999
-300.489
-298.628
-287.205
-299.567
-32.7641
-145.918
-34.7453
-150.913
-297.288
-325.096
-278.133
-313.626
-320.353
-92.6323
-258.098
-98.0212
-114.328
-166.645
-302.024
-322.096
-318.421
-186.238
-293.198
-312.313
-293.177
-334.2
-282.55
-302.412
-321.015
-304.698
-280.86
-256.429
-284.704
-192.984
-241.025
-305.966
-315.824
-271.572
-188.068
-230.52
-293.064
-317.988
-274.868
-283.668
-295.744
-202.613
-330.21
-163.549
-303.887
-312.368
-315.265
-312.593
-319.126
-284.869
-119.218
-290.079
-192.313
-229.126
-276.966
-274.113
-307.504
-217.098
-245.623
-307.834
-128.755
-142.008
-309.71
-331.284
-326.165
-199.277
-316.653
-323.583
-308.713
-273.8
-315.882
-309.619
-247.69
-151.669
-312.267
-250.909
-333.981
-332.781
-285.726
-298.46
-281.115
-239.109
-285.63
-320.165
-204.866
-287.083
-291.238
-189.646
-288.777
-266.8
-254.063
-196.747
-267.274
-327.009
-322.924
-188.995
-301.347
-314.679
-98.3322
-242.644
-311.335
-303.504
-28.8684
-101.75
-134.405
-247.351
-306.029
-260.507
-309.875
-321.994
-324.718
-314.369
-302.362
-312.841
-292.182
-268.848
-304.235
-82.4484
-138.11
-229.506
-170.226
-333.704
-300.832
-333.431
-329.948
-284.249
-74.9791
-127.492
-185.959
-246.976
-304.381
-288.812
-247.604
-303.326
-312.761
-272.736
-234.773
-289.811
-264.61
-325.616
-307.56
-311.668
-268.048
-249.161
-222.088
-259.018
-271.936
-318.938
-324.067
-136.985
-172.462
-51.4522
-263.95
-318.607
-190.716
-271.67
-327.779
-334.609
-283.53
-274.127
-329.1
-321.09
-233.133
-299.318
-323.17
-135.758
-180.575
-326.517
-211.439
-254.079
-256.954
-273.244
-102.382
-191.783
-207.074
-295.839
-334.258
-107.01
-128.861
-151.935
-216.718
-149.764
-145.12
-316.645
-329.979
-285.508
-187.233
-233.411
-332.233
-248.319
-261.453
-323.561
-198.029
-162.384
-214.037
-332.944
-317.68
-207.817
-326.117
-275.167
-156.193
-168.233
-314.888
-269.578
-242.095
-207.891
-232.821
-296.961
-254.745
-294.914
-270.798
-318.248
-287.803
-177.828
-217.176
-89.1976
-166.441
-315.77
-329.161
-272.473
-177.961
-291.196
-276.039
-278.411
-284.095
-327.02
-246.11
-250.725
-258.518
-248.761
-124.307
-231.096
-273.158
-181.926
-267.882
-59.4612
-161.508
-165.576
-249.982
-283.994
-215.13
-270.811
-317.491
-325.501
-272.042
-313.171
-237.009
-304.591
-301.944
-232.848
-296.856
-264.642
-283.97
-314.287
-322.295
-311.473
-330.221
-244.657
-320.339
-266.807
-302.919
-281.502
-304.858
-258.495
-317.25
-320.401
-251.667
-318.04
-316.696
-320.197
-257.132
-321.875
-226.19
-285.541
-268.02
-185.838
-311.155
-279.905
-216.844
-303.576
-269.249
-329.408
-316.452
-319.603
-129.067
-211.354
-307.445
-285.5
-294.837
-306.745
-214.894
-309.591
-186.378
-229.405
-263.233
-131.726
-238.886
-67.1328
-88.6255
-323.523
-240.341
-122.759
-99.0641
-275.455
-90.836
13.0939
-165.457
-188.955
-286.972
-302.449
-327.904
-234.961
-310.309
-184.78
-290.883
-291.28
-281.737
-322.332
-118.504
-207.893
-275.501
-292.276
-309.966
-250.807
-306.858
-294.537
-323.772
-317.223
-330.126
-277.119
-307.444
-292.482
-308.69
-270.439
-320.723
-239.845
-286.185
-247.359
-316.798
-313.81
-329.6
-308.683
-334.676
-302.966
-303.782
-320.787
-230.07
-208.37
-219.744
-274.089
-297.452
-324.911
-325.86
-297.697
-303.901
-264.323
-253.255
-282.868
-289.354
-262.52
-323.6
-286.111
-113.358
-309.275
-229.844
-303.481
-305.267
-251.942
-298.91
-240.369
-202.13
-230.295
-323.333
-181.904
-244.077
-243.987
-283.615
-227.543
-321.166
-7.27668
-96.273
-200.666
-284.028
-235.955
-289.869
-318.169
-283.62
-332.348
-200.39
-274.276
-217.84
-244.179
-278.432
-308.439
-288.253
-307.384
-150.73
-303.505
-305.775
-171.81
-260.153
-223.737
-266.434
-268.258
-286.855
-189.065
-324.616
-261.026
-286.194
-230.333
-276.055
-305.587
-330.576
-323.274
-81.1038
-183.375
-324.163
-151.363
-208.544
-215.394
-311.953
-325.194
-296.779
-47.1527
-253.348
-311.521
-287.522
-329.805
-251.416
-319.991
-331.096
-311.109
-267.338
-125.86
-161.93
-172.677
-227.409
-329.239
-310.411
-316.294
-310.224
-290.266
-298.939
-256.993
-232.54
-334.331
-251.955
-241.342
-314.49
-134.423
-181.524
-224.257
-258.803
-91.4629
-293.663
-295.797
-314.702
-273.93
-192.768
-248.99
-216.886
-330.788
-281.736
-298.643
-315.087
-262.05
-315.052
-315.236
-327.539
-330.182
-329.514
-327.272
-296.538
-334.414
-239.325
-290.331
-152.861
-307.092
-214.152
-188.907
-268.177
-255.284
-311.944
-334.383
-181.191
-298.947
-203.478
-327.113
-294.455
-285.947
-283.055
-262.37
-319.467
-320.495
-265.955
-283.61
-205.771
-304.385
-320.781
-244.414
-117.454
-152.087
-269.129
-299.182
-330.637
-279.389
-297.638
-331.369
-292.354
-178.854
-256.251
-275.216
-312.97
-328.36
-326.192
-169.013
-178.236
-312.992
-333.81
-310.955
-275.966
-196.615
-300.43
-322.343
-315.721
-316.194
-266.574
-112.223
-248.045
-270.682
-325.64
-235.423
-301.856
-324.434
-98.3037
-189.938
-314.346
-230.281
-185.07
-300.201
-275.421
-321.43
-287.396
-275.396
-226.784
-293.767
-265.317
-290.928
-52.1403
-263.84
-329.924
-217.056
-320.062
-204.349
-266.237
-282.556
-298.882
-137.877
-159.163
-299.585
-330.003
-196.514
-288.963
-216.939
-193.725
-213.938
-289.672
-305.684
-257.397
-257.479
-251.773
-280.448
-214.36
-334.833
-28.1358
-287.838
-243.224
-205.53
-222.072
-193.164
-216.146
-285.093
-320.273
-321.428
-311.255
-317.724
-308.021
-244.38
-245.741
-266.769
-278.888
-281.614
-97.092
-153.407
-258.709
-260.868
-302.237
-136.68
-236.169
-327.909
-291.669
-329.394
-319.46
-211.832
-312.965
-244.722
-169.887
-269.242
-273.716
-246.091
-327.095
-261.244
-300.845
-319.293
-322.894
-317.991
-293.038
-310.673
-327.103
-321.752
-301.05
-308.411
-323.214
-300.25
-189.157
-199.382
-310.89
-312.711
-160.609
-237.296
-302.521
-312.351
-334.123
-283.005
-248.834
-263.051
-330.949
-294.028
-326.333
-306.841
-291.279
-230.167
-233.416
-267.551
-285.934
-333.042
-300.047
-333.937
-280.172
-187.553
-226.454
-195.988
-308.381
-134.301
-294.532
-243.943
-292.99
-323.104
-230.507
-315.451
-306.047
-258.813
-303.156
-314.367
-288.359
-309.086
-303.578
-304.026
-331.508
-225.413
-328.02
-285.855
-228.158
-281.926
-326.326
-168.452
-196.461
-221.174
-316.49
-324.326
-305.792
-253.289
-90.3525
-252.927
-297.033
-308.126
-175.568
-272.621
-309.995
-176.99
-267.365
-296.943
22.677
-206.949
-218.38
-231.892
-273.239
1.17496
-307.931
-278.6
-324.043
-301.673
-299.825
-212.15
-262.894
-115.183
-305.59
-257.94
-157.038
-316.503
-301.572
-295.7
-286.548
-281.858
-180.9
-207.966
-304.956
-266.146
-285.48
-325.283
-325.21
-276.875
-322.278
-330.163
-245.126
-197.464
-305.559
-319.14
-129.611
-331.443
-254.114
-259.982
-299.246
-279.442
-183.177
-197.361
-332.598
-245.522
-258.67
-273.347
-289.059
-318.214
-268.252
-230.776
-238.613
-293.249
-295.131
-255.579
-219.614
-237.547
-267.083
-281.774
-309.581
-328.671
-213.887
-258.888
-274.333
-334.659
-270.665
-206.502
-234.481
-283.264
-304.608
-316.226
-279.408
-259.821
12.4773
-144.449
-187.882
-296.911
-283.795
-278.277
-330.778
-290.141
-79.4375
-329.351
-257.95
-261.434
-297.188
-283.618
-193.475
-228.677
-285.135
-310.138
-318.5
-79.9108
-192.808
-213.509
-272.467
-262.981
-318.726
-322.021
-293.819
-329.118
-315.598
-286.732
-320.612
-320.974
-314.455
-308.06
-331.815
-169.431
-247.647
76.7877
-2.36107
-23.5549
-41.2097
-210.06
-33.468
-72.4316
-231.808
-333.601
-315.516
-311.567
-321.711
-307.409
-328.532
-284.172
-225.909
-270.904
-279.329
-262.008
-172.417
-178.647
-324.744
-15.202
-93.1313
-173.94
-312.417
-301.886
-323.62
-297.381
-326.725
-269.252
-295.332
-334.347
-332.716
-23.5131
-188.178
-189.5
-198.369
-280.531
92.3255
-99.0176
-279.438
-212.78
-243.355
-254.09
-256.202
-332.443
-318.848
-283.974
-301.04
-297.272
-287.578
-324.256
-326.365
-78.2604
-306.996
-183.649
-305.939
-289.306
-324.949
-299.115
-308.991
-300.755
-198.572
-261.552
-324.683
-239.269
-298.029
-292.001
-332.95
-231.227
-302.26
-310.146
-316.698
-212.362
-300.765
-308.166
-283.536
-224.787
-240.662
-329.025
-327.746
-313.174
-304.278
-313.783
-61.8499
-169.198
-194.486
-246.614
-281.511
-324.202
-331.369
-240.825
-311.398
-183.006
-186.28
-270.743
-308.422
-327.646
-244.977
-330.202
-243.776
-269.055
-116.609
-126.917
-316.155
-292.756
-266.127
-227.01
-232.351
-288.84
-286.928
-297.182
-183.203
-320.207
-256.213
-316.782
-153.396
-268.948
-293.622
-227.134
-321.998
-310.577
-302.985
-310.64
-255.658
-85.2997
-173.318
-70.8191
-187.952
-224.399
-276.132
-325.82
-316.058
-280.25
-299.02
-280.677
-292.96
-332.844
-310.805
-269.481
-231.921
-296.344
-106.214
-328.555
-316.429
-305.464
-264.571
-285.528
-277.711
-269.159
-330.423
-266.491
-294.785
-255.949
-238.506
-311.298
-330.383
-175.684
-332.941
-250.812
-317.805
-37.0908
-330.43
-331.8
-290.536
73.8623
-107.674
-317.711
-168.409
-182.655
-220.888
-325.881
-322.099
-261.833
-123.281
-320.523
-295.764
-154.128
-323.974
-107.665
-263.305
-305.968
-181.715
-215.775
-231.619
-251.678
-305.83
-309.734
-276.911
-162.031
-181.39
-303.061
-300.389
-321.72
-267.438
-334.94
30.7067
-31.8284
-98.732
-178.783
-306.746
-314.303
-299.828
-266.765
-181.284
-332.209
-178.757
-217.817
-240.598
-189.874
-149.087
-203.956
-262.642
-304.048
-321.008
-325.625
-312.817
-302.806
-247.318
-307.915
-326.406
-302.209
-276.912
-65.9032
-304.811
-327.506
-330.452
-241.482
-259.5
-298.809
-179.554
-329.956
-289.031
-164.049
-305.526
-319.923
-242.348
-299.118
-332.518
-300.459
-332.667
-277.004
-316.097
-75.0586
-296.423
-293.799
-265.201
-319.538
-305.856
-189.72
-214.344
-293.41
-273.937
-320.494
-313.815
-303.122
-305.61
-298.032
-298.679
-332.854
55.2691
-75.2184
-188.746
-167.48
-201.401
-262.008
-316.512
-304.958
-287.033
-322.923
-285.35
-244.376
-304.372
-310.453
-270.807
-313.046
-293.898
-313.358
-260.404
-216.947
-282.398
-278.771
-333.565
-308.121
-186.318
-322.491
-325.894
-215.066
-273.024
-220.665
-250.566
-223.856
-318.221
-201.898
-249.286
-317.368
-313.801
-267.18
-262.627
-317.038
-269.061
-332.601
0.0147391
-23.6716
-295.109
-208.271
-239.556
-310.888
-241.208
-315.962
-233.244
-268.199
-119.424
-236.032
-280.821
-256.056
-287.157
-135.112
-229.62
-328.715
-321.178
-60.1248
-224.752
-333.331
-318.185
-331.268
-194.032
-180.114
-273.106
-319.229
-291.908
-334.188
-76.9938
-166.814
-310.058
-304.799
-271.98
-306.779
-304.698
-197.394
-135.231
-217.56
-274.514
-304.323
-258.88
-319.165
-329.218
-237.915
-333.042
-314.919
-333.144
-328.105
-299.955
-262.713
-320.755
-278.255
-292.346
-282.749
-176.514
-257.211
-272.82
-277.13
-321.992
-298.062
-252.135
-204.749
-322.077
-321.607
-241.279
-318.609
-225.276
-230.573
-256.285
-293.269
-304.86
-45.8372
-193.301
-227.889
-262.545
-299.561
-307.768
-232.569
-283.74
-234.344
-292.366
-309.446
-268.607
-311.127
-330.244
-237.974
-289.545
-306.04
-308.347
-321.587
-156.729
-223.059
-295.898
-229.79
-248.207
-147.562
-184.29
-216.181
-230.333
-241.475
-278.773
-257.249
-293.287
-317.805
-269.078
-185.868
-218.671
-263.386
-309.546
-287.273
-309.181
-284.335
-177.811
-313.112
-326.133
-167.28
-303.965
-161.082
-284.984
-323.195
-284.598
-308.405
-190.261
-333.11
-262.296
-294.093
-320.657
-231.457
-261.918
-307.446
-260.987
-279.794
-289.749
-221.498
-254.816
-271.556
-168.397
-249.774
-213.565
-297.604
-146.384
-150.862
-247.521
-256.475
-316.95
-306.613
-329.922
-209.726
-332.701
-309.771
-192.381
-301.716
-197.911
-296.483
-301.602
-225.82
-246.876
-280.006
-296.384
-320.203
-323.056
-209.969
-306.336
-144.893
-190.344
-261.6
-272.403
-333.272
-287.895
-152.514
-217.405
-276.54
-237.797
-318.404
-329.354
-211.368
-194.363
-253.935
-281.668
-329.729
-187.734
-328.206
-291.652
-306.044
-286.642
-319.661
-214.205
-317.881
-247.647
-285.821
-83.6793
-160.801
-184.958
-239.401
-277.205
-306.997
-313.327
-328.844
-321.474
-275.564
-320.293
-278.063
-312.884
-314.062
-243.023
-333.219
-299.495
-226.664
-327.175
-278.943
-299.675
-212.838
-233.488
-329.649
-249.337
-214.365
-222.724
-325.854
-252.014
-255.281
-254.129
-331.89
-256.302
-260.156
-316.625
-290.365
-256.673
-290.572
-286.006
-272.706
-282.77
-111.063
-325.582
-316.639
-170.183
-253.976
-215.386
-265.505
-300.679
-304.781
-318.786
-194.622
-302.506
-306.248
-222.691
-225.142
-296.571
-300.88
-328.447
-333.978
-255.976
-299.904
-331.791
-230.565
-285.745
-295.339
-284.076
-160.301
-191.559
-223.32
-250.841
-254.912
-263.155
-275.545
-334.286
-151.064
-289.114
-298.988
-254.382
-279.667
-325.564
-332.983
-243.838
-311.457
-297.282
-233.677
-237.633
-247.372
-254.664
-279.54
-213.784
-272.821
-301.922
-310.881
-216.179
-232.958
-299.449
-310.877
-103.524
-283.652
-208.435
-224.5
-311.997
-300.426
-305.637
-163.222
-211.315
-279.143
-270.022
32.553
-319.109
-323.289
-306.321
-264.785
-105.151
-238.445
-259.732
-293.003
-294.767
-300.231
-299.387
-228.041
-276.374
-199.656
-237.553
-309.758
-258.701
-319.713
-291.331
-198.947
-251.335
-304.098
-102.126
-117.667
-213.925
-225.068
-236.624
-269.634
-244.656
-245.13
-250.743
-263.844
-319.185
-298.422
-289.626
-320.798
-313.062
-319.421
-67.174
-296.711
-328.108
-306.28
-164.763
-291.401
-329.157
-296.458
-330.496
-300.774
-280.501
-104.421
-161.673
-211.605
-323.06
-330.877
-297.29
-323.96
-238.174
-241.509
-307.316
-128.156
-137.38
-149.761
-316.459
-256.503
-284.362
-330.257
-288.306
-254.247
-297.9
-329.683
-311.54
-334.102
-265.122
-304.772
-321.904
-134.511
-279.489
-249.128
-67.9858
-200.549
-220.697
-282.108
-327.143
-198.319
-290.615
-325.052
-316.261
88.0509
-111.787
-226.313
-242.745
-262.343
-268.718
-299.992
-261.501
-265.682
-322.464
187.697
-31.5141
-34.451
-152.708
-161.184
-181.624
-253.953
-255.664
-301.125
-305.498
-312.413
-269.577
-224.822
-222.262
-84.338
-91.652
-153.138
-271.493
-175.081
-208.81
-213.787
-322.754
-250.673
-332.812
-161.621
-262.617
-303.337
-330.16
-171.57
-294.539
-176.061
-258.547
-1.44344
-101.211
-290.223
-322.48
28.2691
14.5549
-122.269
-131.403
-301.912
-310.703
-256.505
-284.301
-333.329
-46.2841
-301.845
-296.239
-323.764
-92.9133
-312.558
-54.4856
-286.838
-305.7
-180.766
-209.977
-306.786
-283.097
-205.657
-179.287
-273.8
-281.238
-328.398
-333.014
-309.023
-286.337
-306.348
-200.35
-244.33
-257.268
-54.3261
-102.56
-217.136
-163.166
-332.139
-333.841
-277.805
-334.823
-315.569
-304.048
-288.011
-302.018
-61.4229
-94.419
-324.224
-224.802
-331.188
-323.685
-240.046
-191.475
-268.108
-334.192
-247.498
-269.433
-286.471
-306.801
-262.684
-329.723
-308.132
-278.17
-294.644
-325.803
-315.802
-295.646
-208.32
-316.566
-256.61
-332.932
-307.714
-310.119
-267.975
-280.796
-93.8552
-105.143
-326.279
-333.958
-113.117
-118.532
-187.611
-240.241
-274.505
-315.31
-324.09
-277.349
-230.722
-300.885
-271.329
-332.078
-310.724
-281.92
-305.669
-230.087
-278.722
-305.047
-263.053
-57.9783
-221.259
-242.157
-317.704
-320.571
-322.395
-316.676
-246.679
-333.724
-91.336
-250.143
-293.735
-256.326
-233.349
-288.087
-333.573
-313.061
-270.851
-35.8426
-73.6077
-199.577
-307.671
-291.211
-333.059
-320.264
-300.48
-284.307
-309.567
-319.284
-303.322
-293.088
-316.898
-211.726
-320.11
-303.299
-205.008
-330.451
-327.435
-333.83
-283.358
-284.626
-265.712
-297.792
-245.316
-68.9819
-248.251
-333.82
-329.365
-228.033
-289.257
-305.369
-256.302
-270.52
-302.119
-262.863
-324.089
-196.916
-315.411
-187.636
-212.261
-269.206
-314.414
-326.142
-274.293
-325.112
-299.403
-311.617
-229.905
-330.748
-313.634
-249.427
-320.586
-332.274
-72.2387
-195.79
-252.376
-249.192
-300.194
-156.434
-287.423
-314.071
-323.278
-267.899
-95.1584
-170.086
-296.877
-101.677
-321.786
-308.387
-333.836
-314.94
-321.28
-259.767
-311.012
-296.383
-331.761
-271.911
-317.971
-316.889
-180.785
-329.75
-332.042
-17.3216
-22.0283
-47.3983
-75.8699
-231.32
-319.332
-201.596
-167.243
-326.849
-283.492
-297.879
-256.8
-325.482
-325.19
-326.195
-226.867
-269.232
-302.521
-241.611
-301.019
-332.345
-285.947
-283.985
-216.275
-288.852
-217.891
-305.367
-325.524
-303.836
-258.59
-309.2
-308.056
-313.082
-310.39
-226.703
-304.574
-286.169
-181.519
-159.603
-233.881
-145.145
-213.446
-303.621
-320.337
-326.357
-272.09
-307.156
-303.237
-315.41
-310.76
-195.152
-301.751
-290.433
-185.288
-246.876
-264.298
-75.9003
-166.376
-238.925
-242.606
-245.907
-144.777
-270.465
-218.888
-223.897
-322.369
-200.367
-240.801
-244.413
-328.219
-276.042
-319.591
-323.585
-271.776
-262.377
-301.382
-302.958
-331.579
-330.857
-282.806
-295.34
-334.572
-286.8
-52.5805
-136.72
-334.471
-295.984
-314.344
-333.158
-210.053
-250.291
-267.522
-274.6
-119.536
-210.859
-53.0056
-76.1854
-120.63
-231.99
-269.832
-290.062
-312.982
-251.093
-293.617
-292.25
-309.685
-284.474
-213.503
-299.565
-310.982
-300.111
-193.192
-285.344
-269.075
-112.91
-138.829
-162.196
-285.303
-320.192
-316.996
-188.66
-334.086
-292.108
-298.144
-294.13
-331.063
-196.772
-144.618
-241.146
-315.935
-313.134
-314.425
-266.613
-229.091
-309.931
-203.767
-224.692
-309.803
-326.906
-245.245
-177.573
-319.284
-331.457
-328.644
-321.572
-290.27
-291.734
-321.731
-279.823
-322.907
-325.409
-328.382
-311.941
-202.879
-286.456
-239.836
-275.439
-273.379
-251.212
-324.558
-241.968
-286.043
-223.254
-283.527
-167.982
-314.13
-275.868
-291.883
-309.469
-226.48
-327.789
-333.79
-317.871
-270.637
-288.327
-166.042
-284.376
-217.318
-294.426
-211.583
-331.782
-301.138
-307.755
-284.114
-268.229
-298.725
-204.482
-213.718
-331.777
-332.838
-279.456
-284.813
-169.871
-265.019
-298.963
-263.677
-283.345
-257.38
-303.477
-313.332
-124.217
-170.314
-317.048
-289.783
-226.724
-239
-287.978
-321.418
-309.688
-331.336
-320.685
-318.916
-330.652
-320.659
-286.224
-271.585
-329.785
-40.0741
-327.728
-334.68
-292.725
-285.116
-315.125
-112.701
-301.027
-197.574
-243.939
-312.557
-304.816
-333.088
-226.839
-314.427
-212.18
-292.583
-268.636
-283.853
-264.119
-311.781
-312.59
-206.167
-327.539
-329.825
-224.952
-332.269
-329.459
-207.662
-305.927
-220.405
-228.633
-293.346
-108.456
-131.626
-225.053
-314.741
-310.325
-305.555
-332
-10.1134
-178.227
-296.407
-316.433
-133.661
-141.469
-316.324
-277.546
-295.912
-320.371
-22.0352
-33.3693
-253.124
-276.661
-314.104
-132.955
-288.073
-312.26
-200.003
-124.689
-193.495
-211.872
-190.958
-29.7278
-203.384
-179.652
-255.081
-246.817
-307.727
-327.916
-301.615
-279.529
-322.375
-245.753
-306.676
-287.08
-162.755
-172.621
-299.267
-325.282
-328.6
-211.434
-165.023
-182.673
-305.93
-298.684
-243.918
-264.768
-300.207
-294.43
-323.999
-288.761
-300.915
-334.365
-314.631
-229.383
-268.237
-311.936
-177.551
-188.295
-320.382
-276.343
-246.471
-282.461
-328.27
-143.038
-262.146
-320.329
-330.106
-318.771
-137.815
-318.32
-334.92
-199.854
-204.941
-300.353
-311.124
-304.027
-302.217
-250.482
-263.834
-282.104
-294.553
-245.615
-333.472
-285.791
-301.907
-324.073
-298.427
-302.682
-216.302
-308.548
-252.126
-279.784
-134.754
-318.287
-247.2
-331.513
-98.6
-315.823
-322.722
-166.647
-167.171
-295.644
-334.182
-128.591
-172.7
-314.626
-288.742
-303.999
-310.845
-262.934
-305.68
-285.814
-231.957
-304.316
-235.226
-285.624
-331.243
-313.943
-227.698
-279.664
-207.759
-234.76
-251.62
-255.748
-278.63
-292.138
-255.947
-265.153
-331.414
-281.108
-307.562
-289.853
-286.55
-183.639
-211.998
-212.337
-112.473
-188.422
-292.705
-201.262
-266.068
-296.674
-321.512
-272.575
-302.837
-241.854
-324.832
-284.672
-286.036
-299.244
-124.761
-333.096
-301.232
-260.447
-274.828
-304.758
-333.336
-248.025
-313.126
-297.812
-334.234
-312.387
-318.747
-324.106
-288.437
-277.793
-158.549
-177.044
-230.205
-207.817
-285.132
-326.539
-282.604
-331.556
-40.4953
-160.363
-216.641
-329.407
-303.067
-85.1648
-305.817
-310.893
-303.021
-317.694
-95.393
-234.747
-172.555
-181.081
-200.538
-302.055
-288.791
-334.217
-316.225
-153.525
-155.845
-222.013
-272.82
-268.077
-296.773
-304.457
-139.547
-230.522
-240.793
-283.807
-306.404
-207.325
-322.8
-285.743
-307.38
-160.79
-273.394
-307.246
-319.672
-326.279
-295.723
-295.992
-282.177
-232.923
-308.864
-257.302
-282.946
-226.726
-290.529
-198.177
-250.378
-269.725
-281.167
-330.496
-123.625
-38.9337
-114.387
-123.105
-136.808
-325.75
-306.994
-319.222
-286.588
-282.958
-332.885
-137.836
-297.353
-205.948
-249.042
-262.687
-292.098
-299.673
-303.908
-300.31
-272.44
-59.6423
-195.354
-294.645
-237.43
-320.595
-266.995
-331.11
-313.536
-322.506
-298.701
-98.2959
-288.386
-207.469
-250.9
-277.883
-304.391
-213.619
-317.215
-300.22
-182.233
-237.703
-288.237
-314.682
-226.887
-246.548
-280.353
-330.138
-288.301
-326.655
-314.077
-317.55
-279.268
-254.393
-257.448
-167.499
-259.196
-322.39
-131.94
-324.03
200.222
29.1509
-8.73615
-80.3983
-131.014
-212.658
-283.392
-319.485
-247.284
-282.866
-329.95
-307.442
-133.993
-322.272
-200.493
-250.794
-321.907
-205.894
-329.048
-240.108
-233.774
-283.755
-329.434
-281.096
-296.817
-276.845
-245.8
-236.59
-252.227
-296.302
-249.922
-296.81
-237.814
-295.512
-273.882
-281.819
-196.091
-200.199
-231.672
-235.427
-330.26
-246.773
-185.251
-304.685
-298.485
11.8296
-212.829
-313.631
-256.328
-293.938
-203.486
-312.832
-334.992
-267.318
-190.34
-240.437
-314.697
-293.102
-287.656
-302.763
-330.215
-230.923
-241.952
-239.724
-332.843
-318.136
-320.229
-323.191
-306.432
-305.614
-288.002
-310.04
-311.735
-334.203
-320.694
-228.24
-263.679
-329.477
-75.8516
-297.058
-321.468
-251.792
-314.674
-312.378
-318.78
-278.204
-212.842
-241.003
-329.045
-334.581
-268.926
-141.446
-256.908
-168.261
-317.858
-331.48
-265.323
-318.513
-309.461
-324.165
-299.838
-311.593
-202.698
-298.356
-285.251
-192.913
-176.573
-262.847
-323.36
-330.446
-308.91
-320.378
-304.224
-204.046
-231.075
-301.787
-283.996
-308.289
-300.839
-323.223
-215.389
-230.957
-74.9912
-128.903
-184.46
-197.878
-277.915
-218.817
-158.482
-204.682
-332.967
-292.733
-223.854
-283.625
-301.81
-320.938
-322.426
-143.087
-255.35
-200.334
-224.988
-282.413
-283.401
-286.497
-318.149
-326.803
-300.433
-293.077
-325.6
-324.06
-306.102
-334.551
-304.49
-220.572
-252.662
-193.878
-287.435
-319.787
-330.555
-158.255
-265.73
-203.315
-110.983
-140.959
-192.983
-299.827
-290.839
-307.366
-113.291
-202.437
-244.473
-262.801
-304.85
-128.309
-302.31
-307.842
-285.101
-306.696
-255.537
-286.478
-326.4
-305.728
-290.809
-281.944
-296.697
-310.5
-67.2956
-92.6729
-229.161
-235.754
-243.964
-211.88
-332.269
-199.242
-287.239
-37.3037
-310.565
-331.865
-183.423
-308.337
-308.368
-54.8196
-62.8376
-283.464
-289.305
-254.881
-196.12
-304.782
-162.752
-187.214
-258.864
-8.02731
-243.411
-261.606
-310.4
-273.892
-326.474
-302.924
-325.746
-301.567
-284.931
78.4742
-107.974
-145.392
-177.539
-273.554
-285.546
-316.955
-219.535
-214.197
-271.548
-332.428
-152.825
-190.005
-306.676
-256.224
-327.647
-138.951
-268.366
-320.545
-228.187
-67.3493
-142.02
-284.535
-290.293
-285.792
-236.929
-308.085
-316.463
-294.988
-236.34
-239.484
-306.121
-230.465
-286.863
-300.816
-301.831
-276.808
-92.9131
-204.833
-295.773
-134.666
-151.722
-157.108
-323.098
-316.334
-281.25
-333.824
-299.111
-305.308
-171.316
-285.457
-332.756
-322.688
-187.976
-126.091
-295.946
-288.738
-297.822
-289.744
-217.62
-230.486
-240.108
-287.323
-298.415
-181.964
-204.894
-309.872
-329.412
-333.815
-232.848
-247.164
-253.349
-296.02
-312.914
-301.98
-331.713
-248.638
-281.513
-310.826
-148.422
-332.196
-35.625
-135.417
-230.745
-235.229
-250.392
-231.528
-271.25
-309.722
-147.03
-274.401
-325.109
-210.555
-263.12
-268.732
-307.652
-310.434
-254.767
-310.329
-211.922
-205.656
-191.052
-208.305
-258.488
-240.123
-286.517
-306.381
-277.617
-278.15
-317.5
-311.131
-328.633
-328.104
-300.534
-327.348
-124.794
-187.734
-188.284
-199.492
-248.58
-278.258
-205.546
-240.798
-140.29
-215.501
-277.341
-296.975
-270.629
-229.497
-268.998
-223.357
-253.355
-114.305
-135.801
-288.399
-182.375
-5.91143
-27.6389
-207.087
-263.617
-325.198
-291.299
-261.6
-284.039
-307.995
-330.049
-326.311
-330.536
-159.264
-287.536
-265.892
-246.466
-272.175
-235.396
-328.678
-313.231
-287.229
92.3991
-106.222
-128.291
-146.586
-174.869
-294.949
-323.762
-300.578
-306.195
-310.678
-308.609
-289.961
-308.899
-312.067
-232.097
-278.47
-185.52
-324.608
-211.909
15.1604
-123.627
-164.79
-237.583
-247.03
-328.331
-331.105
-321.564
-327.375
-326.437
-330.63
-283.002
-271.367
-281.767
-71.5624
-322.063
-324.253
-293.866
-174.579
-216.639
-267.685
-91.9343
-291.289
-329.859
-329.093
-215.845
-295.724
-334.511
-334.278
-327.61
-322.392
-275.684
-316.006
-85.5953
-211.415
-305.782
-294.912
-332.942
-316.223
-319.009
-278.491
-285.453
-333.274
-190.313
-196.202
-288.157
-287.384
-326.594
-325.636
-314.567
-281.668
-252.499
-333.293
-211.525
-309.354
-224.103
-321.039
-321.54
-284.825
-317.955
-326.392
-275.094
-331.438
-306.621
-313.767
-199.233
-301.323
-70.378
-113.835
-127.032
-199.326
-301.066
-263.519
-245.058
-290.319
-195.581
-259.387
-320.262
-316.212
-208.83
-260.889
-321.115
-184.724
-295.162
-312.504
-332.498
-317.026
-324.965
-216.305
-95.7787
-213.945
-5.78749
-81.292
-109.787
-323.251
-323.386
-126.982
-228.508
-313.735
-193.254
-240.409
-268.924
-230.001
-280.514
-326.214
-309.177
-285.226
-303.112
-206.679
-293.44
-315.692
-197.063
-270.576
-262.578
-290.596
-299.112
-300.816
-293.792
-272.31
-302.859
-293.348
-311.733
-329.99
-300.235
52.1565
-253.117
-296.338
-171.997
-299.86
-289.889
-292.241
-306.847
-329.796
-322.024
-326.516
-107.596
-317.329
-288.345
-274.37
-174.833
-264.614
-244.297
-308.815
-52.3238
-144.357
-234.68
-281.185
-285.007
-321.923
-331.184
-324.346
-327.772
-244.813
-330.023
-331.31
-279.243
-315.535
-313.636
-285.126
-278.92
-333.73
-185.535
-292.849
-322.734
-256.949
-321.887
-207.414
-265.123
-262.55
-286.167
-322.72
-307.147
-309.105
-310.799
-309.066
-310.523
-116.494
-281.481
-218.317
-311.817
-213.804
-266.422
-277.273
-292.818
-318.095
-183.586
-269.366
-277.169
-289.545
-195.975
-323.237
119.453
-47.7998
-186.32
-196.218
-243.665
-298.905
-160.792
-260.941
-334.227
-249.391
-321.076
-258.694
-325.138
-322.791
-93.5539
-134.469
-252.397
-275.229
-315.37
-318.702
-325.331
-301.184
-226.293
-197.593
-288.989
-322.647
-330.68
-219.305
-318.879
-263.993
-141.503
-230.289
-296.21
-312.656
-319.769
-296.536
-323.534
-243.041
-265.335
-244.764
23.651
-55.1114
-218.029
-234.786
-319.151
-226.18
-288.557
-322.776
-272.274
-289.083
-306.645
-316.08
-298.013
-331.04
-229.961
-289.103
-320.407
-230.842
-314.427
-148.527
-253.969
-309.789
-139.228
-223.522
-286.919
-327.633
-279.958
-262.232
-334.199
-334.484
-279.697
-264.662
-74.2012
-101.466
-238.156
-322.344
-129.771
-186.313
-258.397
-289.069
-318.185
-321.143
-328.97
-246.24
-328.509
-332.996
-294.641
-332.025
-238.706
-300.671
-328.012
-322.097
-324.533
-313.157
-318.115
-330.132
2.23171
-288.426
-236.102
-95.111
-156.329
-199.172
-239.156
-311.414
-243.594
-266.049
-313.104
-320.118
-240.354
-39.2338
-206.235
-73.7371
-231.415
-296.142
-324.048
-250.65
-281.917
-319.047
-122.991
-303.546
-332.299
-326.591
-322.726
-209.341
-217.162
-326.355
-120.25
-124.756
-204.135
-240.897
-24.4312
-89.8149
-250.523
-306.705
-333.409
5.90753
-164.942
-244.088
-292.762
-321.358
-305.575
-316.571
-312.808
-315.253
-320.536
-311.463
-216.425
-281.22
-250.619
-267.663
-329.574
-248.732
-325.064
-333.855
-216.192
-84.8524
-322.624
-119.033
-160.066
-230.359
-324.277
-226.371
-306.71
-316.656
-334.843
-280.631
-257.997
-296.37
-296.647
-292
-306.391
-290.389
-300.866
-262.33
-309.874
-269.587
-258.769
-298.822
-303.822
-326.453
-313.084
-142.756
-222.261
-268.174
-184.403
-203.846
-271.36
-317.979
-334.687
-273.687
-129.76
-230.493
-316.595
-288.874
-245.035
-263.766
-290.971
-320.526
-324.161
-322.151
-246.746
-71.6825
-76.0319
-119.171
-303.905
-255.858
-303.898
-296.19
-270.764
-271.919
-238.789
-313.044
-231.866
-328.166
-307.02
-308.892
-270.958
-269.604
-268.196
-334.208
-310.676
-271.359
-329.715
-308.883
-235.644
-260.969
-138.824
-161.868
-182.836
-290.411
-174.212
-233.939
-244.381
-297.7
-316.491
-303.891
-268.28
-302.597
-320.871
-290.894
-301.6
-198.109
-334.144
-298.114
-236.133
-316.298
-273.199
-322.283
-180.746
-323.111
-169.136
-179.995
-306.189
-291.333
-291.033
-317.872
-323.254
-321.362
24.5109
-256.324
-263.113
-293.622
-302.826
-286.986
-319.427
-230.323
-327.993
-333.14
-321.077
-267.129
-166.313
-169.085
-180.222
-247.758
-277.67
-259.696
-330.882
-290.419
-324.633
-332.541
-248.574
-69.2409
-143.222
-305.883
-189.982
-258.964
-314.067
-295.503
-326.476
-241.373
-324.958
-213.178
-328.196
-282.84
-236.503
-250.163
-178.214
-188.653
-301.544
-311.397
-317.573
-123.179
-301.053
-319.379
-203.749
-327.738
-149.903
-192.34
-231.209
-246.168
-282.658
-271.251
-278.859
-332.363
-120.474
-158.52
-327.911
-270.347
-329.803
-311.718
-72.7251
-124.738
-188.281
-246.833
-257.959
-259.147
-239.072
-251.6
-265.696
-271.351
-305.48
-311.282
-237.727
-288.639
-284.004
-162.139
-181.349
-312.146
-316.904
-333.793
-332.925
-172.992
-279.988
-306.27
-240.753
-287.197
-330.463
-198.937
-297.627
-331.086
-312.902
-216.251
-331.094
-155.165
-203.488
-277.891
-297.605
-274.89
-289.306
-313.681
-86.0802
-128.796
-234.073
-175.722
-260.676
-269.244
-329.566
-245.456
-246.274
-250.024
-274.881
-252.476
-253.533
-156.701
-277.377
-95.7244
121.899
-41.881
-65.1116
-76.6489
-223.833
-224.941
-304.213
-314.969
-332.141
-189.877
-131.7
-302.685
-292.937
-181.609
-282.742
-151.039
-161.781
-268.341
-300.703
-302.93
-194.742
-235.102
-321.279
-224.995
-332.2
-330.924
-331.769
-289.678
-131.581
-184.24
-201.541
-242.777
-137.808
-133.343
-136.464
-188.78
-319.86
-320.478
-263.488
-230.55
-199.429
-298.633
-328.331
-46.0318
-62.2554
-66.188
-151.733
-327.25
-331.331
-334.217
-141.846
-150.873
-170.013
-286.69
-316.813
-194.181
-275.981
-280.872
-226.298
-319.48
-327.608
-306.955
-319.814
-326.206
-219.502
-328.613
-327.374
-183.73
-160.062
-231.467
-306.169
-298.292
-280.172
-267.388
-318.137
-318.641
-303.681
-269.718
-267.959
-332.009
-325.956
-197.402
-243.959
-314.717
-170.431
-334.989
-309.181
-276.039
-334.168
-223.935
-310.705
-329.205
-291.44
-223.3
-227.095
-229.468
-324.153
-177.889
-285.083
-333.656
-267.836
-181.369
-280.558
-304.78
-326.981
-320.931
-289.907
-271.705
-329.932
-226.215
-268.377
-75.5088
-324.656
-104.329
-176.318
-259.912
-62.6202
-270.375
-309.227
-263.133
-225.139
-330.767
-226.301
-66.6017
-324.373
-204.105
-310.797
-176.386
-333.265
-279.362
-270.013
-268.987
-283.259
-299.698
-315.433
-290.242
-296.699
-327.641
-311.123
-322.853
-251.198
18.6969
-71.7793
-259.116
-314.037
0.974958
-135.487
-268.516
-281.795
-200.295
-295.317
-258.294
-331.819
-292.99
-304.956
-257.022
-273.123
-154.92
-280.406
-306.761
-310.55
-310.965
-312.514
-56.0433
-85.1526
-170.445
-295.682
-306.442
-189.434
-289.869
-326.911
-324.874
-240.286
-333.46
-262.889
-293.315
-332.081
-309.664
-271.646
-185.825
-309.66
-242.188
-259.413
-314.323
-334.949
37.3443
-24.8704
-308.689
-266.029
-284.689
-304.813
-288.907
-302.403
-277.504
-311.259
-297.632
-212.742
-252.559
-332.474
-325.258
-96.9054
-169.398
-170.784
-287.545
-310.543
-295.879
-224.964
-209.779
-212.864
-235.931
-239.389
-260.756
-305.485
-293.695
126.244
56.9465
-37.7579
-298.108
-327.815
-307.389
-326.668
-281.217
-312.29
-258.624
-317.566
-246.403
-316.806
-299.591
-327.291
-282.149
-118.399
-323.449
-324.887
-332.428
-30.0165
-151.354
-270.505
-317.043
-210.09
-229.444
-238.363
-256.636
-256.232
-284.998
-303.073
-268.236
-258.314
-323.785
-178.749
-189.462
-302.149
-284.526
-289.638
-325.611
-314.121
-265.978
-315.491
-225.591
-333.783
-124.048
-146.724
-203
-269.778
-330.014
-308.195
3.54389
-118.717
-250.79
-297.442
-301.418
-241.892
-293.759
-140.84
-184.581
-211.615
-232.49
-270.033
-280.768
-321.483
-324.095
-324.739
-303.508
-133.334
-217.557
-323.454
-298.314
-314.744
-332.469
-281.719
-231.576
-262.841
-323.311
-222.616
-282.795
-239.1
-277.807
-313.163
-322.784
-167.209
-256.918
-295.31
-326.034
-199.354
-251.784
-274.223
-309.355
-321.038
-318.894
-319.625
-148.168
-239.7
-242.796
-268.048
-306.54
-323.409
-222.587
-287.187
-258.949
-293.464
-185.803
-204.74
-300.42
-302.768
-299.781
-240.066
-306.303
-165.668
-287.788
-308.574
-319.218
-306.372
-326.202
-278.366
-285.874
-314.075
-318.452
-86.5701
-126.161
-166.457
-322.081
-103.915
-245.178
-255.882
-152.098
-329.891
-293.872
-242.018
-78.2747
-179.489
-195.704
-277.281
-323.531
-180.158
-239.401
-144.182
-332.635
-333.871
-329.584
-101.31
-152.04
-230.022
-307.751
-325.895
-217.502
-298.276
-184.279
-248.897
-318.2
-280.216
-323.797
-322.26
-314.918
-320.193
-332.481
-331.419
-217.706
-245.211
-55.8771
-82.9982
-187.648
-259.481
-264.089
-305.81
-313.573
-334.797
-319.088
-43.5643
-273.732
-285.306
-275.261
-218.362
-247.616
-203.337
-313.995
-216.29
-235.944
-281.357
-291.452
-119.293
-287.237
-308.237
-326.085
-332.07
-280.593
-323.443
-334.489
-292.341
-190.532
-191.937
-220.123
-289.205
-322.7
-268.866
-304.537
-318.214
-276.459
-296.237
-308.725
-234.652
-132.142
-138.377
-144.422
-283.999
-328.773
-301.33
-329.707
-333.914
-194.78
-218.814
-325.725
-106.264
-128.351
-192.52
-272.643
-209.807
-280.346
-257.978
-322.606
-325.938
-332.72
-25.8705
-266.085
-317.171
-333.341
-274.03
-178.294
-211.613
-258.929
-249.134
-315.068
-332.122
-187.884
-282.06
-290.746
-329.817
-295.282
-301.128
-320.214
109.291
-18.8095
-301.497
-39.4177
-207.32
-214.99
-219.353
-110.078
-236.984
-289.711
-316.361
-294.716
-334.355
-285.799
-274.858
-297.964
-147.138
-281.804
-316.06
-204.36
-309.608
-82.9076
-142.822
-202.052
-222.894
-263.089
-268.793
-202
-198.443
-130.164
-249.681
-258.351
-282.015
-22.5876
-68.2125
-122.604
1.31911
-112.385
-282.231
-255.574
-206.747
-199.502
-261.787
-311.301
-262.908
-328.746
-246.26
-75.0313
-292.466
-324.546
-323.945
-277.419
-308.552
-316.693
-169.972
-317.074
-284.172
-328.585
-256.476
-228.882
-241.111
-313.162
-308.844
-309.051
-313.019
-323.917
-330.023
-305.308
-331.945
-180.838
-184.135
-287.867
-216.198
-278.105
-138.381
-179.703
-206.603
-252.477
-321.88
-254.354
-152.347
-234.216
-318.779
-283.327
-281.522
-320.247
-215.295
-327.909
-299.747
-313.078
-332.499
-151.971
-312.319
-178.045
-184.472
-253.691
-267.835
-162.869
-189.783
-237.827
-294.416
-297.238
-311.902
-270.75
-294.935
-304.239
-253.873
-188.908
-234.488
-89.5535
-237.527
-233.697
-310.187
-184.303
-248.068
-258.462
-325.956
-308.236
-261.892
-266.083
-300.227
-165.427
-258.046
-280.551
-329.425
-279.105
-306.114
-116.632
-223.077
-151.949
-312.349
-205.793
-222.081
-241.166
-327.339
-328.896
-186.695
-308.116
-276.203
-110.42
-334.301
-244.779
-334.557
-270.503
-270.83
-288.096
-280.16
-268.599
-272.948
-226.005
-12.5517
-194.425
-277.358
-234.508
-242.299
-322.205
-306.922
-317.646
-223.432
-216.002
-245.612
-267.661
-294.135
-258.186
-283.95
89.7782
7.30344
-186.867
-243.816
-281.699
-297.652
-259.704
-282.404
-324.214
-304.672
-318.208
-328.756
-121.435
-137.358
-162.269
-313.578
-300.432
-214.831
-331.833
-298.302
-313.075
-92.7289
-139.88
-177.995
-293.807
-323.899
-252.357
-331.363
-334.258
-334.685
-287.329
-295.98
-191.97
-231.757
-260.486
-158.999
-309.328
-85.453
-89.0117
-112.351
-264.917
-305.638
-268.39
-312.379
-318.041
-317.764
-301.807
-309.528
-210.002
-284.315
-323.311
-226.333
-321.672
-323.995
-246.105
-252.431
-287.277
-65.6514
-264.359
-267.953
-329.76
-311.781
-205.874
-122.608
-150.454
-267.803
-212.209
-260.379
-307.716
-328.244
-314.719
-311.605
6.35389
-104.805
-139.365
-225.371
-152.315
-308.461
-279.55
-328.556
-202.614
-244.349
-215.219
-319.459
-312.805
-332.845
-282.943
-272.326
-260.023
-287.662
-152.637
-261.259
-316.404
-330.187
145.425
138.037
-159.103
-263.798
-117.901
-212.518
-249.737
-311.183
-306.394
-326.334
-314.097
-290.938
-270.308
-326.924
-326.395
-326.238
-192.603
-201.176
-314.19
-289.388
-198.249
-333.545
-317.337
-307.025
-276.233
-304.959
-159.891
-284.616
-261.216
-267.644
-333.346
-207.6
-334.872
-326.514
-193.011
-267.592
-227.216
-301.051
-226.832
-237.882
-228.705
-309.314
-288.332
-161.971
-188.908
-245.438
-264.199
-272.856
-285.889
-267.649
-138.089
-228.274
-294.453
-318.866
-246.48
-273.506
-283.139
-290.819
-136.499
-143.92
-237.936
-314.084
-327.195
-309.995
-328.337
-226.432
-266.807
-137.237
-333.14
-25.4715
-44.6612
-93.3865
-99.5986
-266.459
-249.29
-325.121
-320.297
-307.606
-278.761
-292.388
-334.355
-305.171
-285.6
-229.653
-298.029
-206.358
-332.087
-212.371
-333.078
-258.918
-284.23
-182.19
-219.119
-153.382
-251.37
-272.509
-325.833
-269.615
-305.738
-142.442
-312.573
-217.942
-299.61
-297.807
-324.46
-332.612
-307.514
-314.949
-187.026
-328.773
-269.772
-331.821
-329.146
-271.561
-105.156
-115.213
-124.517
-184.399
-318.686
-320.361
-223.791
-226.434
-240.475
-174.607
-253.072
-305.466
-316.266
-317.933
-328.41
-295.365
34.879
-306.671
-319.839
-249.519
-328.664
-286.644
196.311
104.142
-94.2954
-334.969
-319.638
-330.239
-326.246
-334.007
-279.847
-24.5843
-199.717
-199.783
-272.203
-293.632
-273.428
-325.259
-231.33
-270.223
-328.105
-56.1016
-331.151
-273.572
-303.183
-140.444
-245.398
-317.794
-112.555
-129.996
-168.446
-315.679
-293.272
-331.062
-289.995
-305.18
-120.839
-131.779
-292.639
-294.049
-297.687
-287.284
-315.344
-323.53
-307.08
-304.795
-295.334
-271.514
-283.104
-285.418
-304.386
-175.599
-181.387
-231.679
-294.008
-314.689
-292.814
-212.507
-240.73
-26.6354
-71.9673
-109.43
-125.757
-304.671
-330.345
-304.291
-314.72
-322.731
-218.921
-276.705
-288.241
-334.448
-111.463
-125.453
-196.817
-256.976
-292.998
-305.096
-283.236
-125.71
-182.577
-287.122
-302.109
-140.145
-201.722
-202.794
-253.936
-291.118
-138.834
-184.08
-312.194
-245.362
-326.173
-334.5
-274.282
-113.353
-272.444
-320.875
-290.708
-210.665
-304.672
-131.44
-264.814
-314.398
-148.773
-192.868
-282.64
-312.848
-75.6458
-334.427
-319.082
-229.027
-196.899
-24.9977
-223.268
-328.784
-272.84
-296.802
-279.491
-244.775
-66.4687
-137.517
-221.11
-329.889
-283.478
-200.501
-239.114
-328.559
-210.702
-256.212
-300.087
-127.17
-216.848
-280.226
-299.197
-270.78
22.0919
-9.77597
-18.5988
-268.709
-172.811
-208.827
-324.872
-298.301
-221.315
-288.872
-210.409
-297.864
-305.294
-259.472
-326.357
-270.219
-300.814
-223.345
-300.19
-283.335
-317.117
-311.549
-218.053
-243.678
50.43
-101.434
-229.106
-240.097
-318.956
-294.614
-282.823
-330.703
-329.553
-137.963
-179.636
-327.422
-319.038
-177.878
-334.451
-302.206
-240.351
-311.644
-327.799
-330.555
-316.864
-261.67
-316.677
-330.583
-162.956
-278.984
-320.92
-308.853
-284.456
-327.25
-328.673
-183.462
-254.301
-291.78
-315.882
-206.855
-222.627
-169.307
-304.363
-272.848
-267.416
-235.963
-101.903
-207.997
-304.867
-271.102
-313.359
-311.499
-234.433
-276.284
-300.787
-267.704
-281.79
-254.016
-187.935
-283.495
-241.303
-251.636
-313.842
-333.136
-219.912
-324.064
-272.692
-295.944
-42.0458
-261.02
-107.676
-290.279
-289.962
-240.231
-305.304
-313.942
-274.679
-235.259
-244.064
-286.914
-163.045
-171.527
-255.056
-126.962
-240.562
-257.121
-274.023
-317.374
-318.215
-274.967
-322.677
-278.407
-238.765
-195.066
-264.204
-149.622
-284.265
-307.131
-326.924
-278.64
-310.53
-325.473
-326.875
-320.058
-330.188
-270.057
-322.994
-326.566
-326.745
-182.486
-214.471
-261.854
-282.866
-303.022
-266.067
130.05
-55.7104
-197.131
-289.959
-203.889
-206.758
-250.052
-317.928
-294.109
-320.603
-105.153
-157.245
-171.019
-216.07
-254.913
-296.777
-284.637
-224.667
-234.096
-316.519
-299.526
-283.422
-312.923
-294.225
-150.334
-230.78
-217.449
-317.774
-307.089
-206.229
-269.982
-162.097
-241.208
-285.963
-310.941
-283.009
-242.968
-246.817
-105.783
-179.767
-186.051
-284.3
-289.812
-313.356
-254.689
-186.218
-274.032
-274.043
-324.43
-271.077
-321.296
-207.507
-257.037
-240.875
-315.007
-315.382
-252.184
-318.734
-313.267
-333.522
-331.763
-302.035
-271.169
-303.768
-330.671
-246.544
-312.673
-322.109
-192.052
-236.67
-296.978
-295.504
-310.606
-295.8
-331.745
-295.893
-117.08
-268.573
56.3296
-10.2581
-165.173
-285.452
-188.531
-217.442
-265.349
-322.716
-275.077
-258.389
-307.89
-263.001
-332.654
-330.162
-196.661
-309.881
-250.801
-262.533
-280.349
-167.242
-205.497
-227.447
-180.075
-153.61
-237.031
-264.806
-243.772
-198.871
-318.577
-308.205
-326.847
-293.176
-322.965
-330.141
-282.546
-239.707
-289.327
-267.348
-198.762
-207.159
-310.439
-298.304
-203.6
-258.206
-320.537
-292.425
-323.05
-323.501
-235.402
-285.444
-302.739
-305.308
-225.435
-331.039
-334.421
-293.481
-322.594
-217.854
-318.421
-292.764
16.722
-57.973
-58.2183
-75.5459
-128.094
-150.645
-221.658
-292.643
-248.833
-264.397
-323.531
-325.509
-274.151
-288.523
-285.336
-304.566
-311.155
-111.593
-210.845
-321.58
-309.593
-284.66
-254.836
-312.631
-287.296
-276.175
-290.507
-304.484
-267.579
-331.291
-331.763
-201.069
-302.464
-321.932
-312.3
-332.4
-179.673
-328.826
-233.235
-307.72
-323.413
-146.744
-332.62
-333.616
-263.355
-245.824
-253.384
-321.02
-264.095
-308.096
-282.205
-305.802
-161.676
-240.684
-315.489
-216.334
-260.398
-329.457
-330.602
-228.133
-218.251
-317.167
-287.753
-301.56
-296.442
-329.918
-277.748
-229.628
-333.274
-208.309
-330.048
-166.183
-272.718
-334.129
-301.764
-328.148
-300.355
-304.263
-311.481
-325.902
-217.085
-239.778
-274.23
-320.38
-282.276
-284.704
-225.82
-288.94
-230.582
-192.348
-200.409
-330.312
-216.882
-295.383
-329.53
-281.45
-297.321
-332.837
-323.53
-327.053
-149.351
-206.883
-240.604
-140.407
-310.286
-285.173
-229.864
-269.381
-165.898
-331.276
-278.7
-330.951
-323.743
-288.585
-314.924
-231.251
