0.154663
0.4283
1.06447
0.114505
0.571829
1.15965
3.04955
0.552719
0.102886
12.9341
0.10521
0.497787
0.241731
2.33747
0.301778
0.409887
5.37671
0.576752
0.204201
0.89027
1.77098
7.19935
0.221336
0.211058
0.117066
0.198197
2.22819
0.111723
0.444341
0.800131
0.654222
0.217899
0.277842
1.15824
0.165288
2.93926
5.83909
1.34733
0.448875
0.151964
3.41579
0.621724
12.1547
1.26291
0.644268
0.52987
0.230917
1.19922
0.994308
0.106983
0.327581
0.320928
0.154059
1.82408
0.311238
0.16922
0.130993
2.83799
0.561327
3.17382
0.214112
0.13752
0.390855
0.532614
0.606896
0.200458
1.21305
3.5989
3.80854
0.320956
0.57521
1.52106
0.166837
0.400865
0.121197
0.528266
0.314134
0.143631
0.120521
0.342493
0.294578
0.654422
0.122243
0.116242
0.104357
0.196388
0.880825
0.118122
0.226913
0.12791
0.197076
0.132813
0.133559
1.75473
0.85019
0.581308
1.43464
0.144677
0.47308
0.135606
5.92748
4.07705
0.474683
0.308221
1.63588
0.120146
0.18291
0.798944
1.54917
0.265056
0.115826
3.56254
5.73837
0.220039
7.03156
1.12934
0.175601
0.241278
0.164793
0.107347
4.07373
1.96117
0.474796
0.676651
7.78991
1.11352
0.52932
0.28105
2.60943
0.158192
0.308062
0.167483
0.132304
4.61276
5.24081
0.185521
6.37605
0.27037
0.235923
0.107912
0.285315
0.420313
0.981217
6.49167
0.179871
0.116166
0.951402
3.67443
0.85298
1.21402
0.624804
13.0424
0.808652
0.215005
0.415257
5.05139
9.03151
0.10031
0.585578
0.218522
0.213469
0.261648
0.278172
9.46363
3.20182
0.475529
0.177841
0.251851
2.4229
0.287185
1.91295
2.18269
0.146241
0.535053
0.286967
0.168102
1.03245
0.734534
5.69336
0.624658
0.470119
0.173204
2.41545
3.66796
1.84832
0.579186
0.174748
1.84375
2.68953
0.696526
2.24352
0.107333
0.34025
0.210284
1.0108
0.345974
0.575397
1.78856
0.169949
0.59823
0.108696
1.83425
0.711869
0.474172
1.54311
2.712
0.511372
0.218931
2.97519
0.132498
0.263797
2.74296
0.105094
0.179073
0.285027
0.1801
0.283455
3.08289
0.277975
3.06709
2.88507
0.703166
0.162208
0.266184
0.100813
1.09504
0.321402
0.508945
0.314785
0.142953
0.365758
0.442724
13.0707
3.06341
0.769006
0.154448
10.5964
0.320306
0.924826
0.904911
2.48837
0.180055
0.184565
0.197744
0.279403
0.183086
0.260114
0.970004
0.384111
0.155946
0.235122
0.340624
0.82107
0.231442
0.72741
0.209198
1.66869
23.8574
0.117276
0.13387
0.68646
1.30356
4.98114
0.265649
6.50742
0.483264
0.14357
2.16443
0.110931
0.267053
1.3006
0.137971
0.140701
0.180179
0.893193
2.32134
10.5729
0.25348
0.114739
0.376905
2.49621
0.472939
1.31482
0.239333
0.113427
0.843723
0.111519
6.48489
1.4844
1.90677
1.19389
7.87046
0.185895
0.327826
0.4117
1.94712
0.230293
0.350522
0.542643
0.205493
0.886729
0.328223
0.686141
0.326468
0.586096
0.274081
0.226032
0.138925
0.796975
2.83531
0.566709
1.33319
1.42421
0.615982
0.181364
0.292005
0.144708
6.05132
0.335519
0.317417
4.30695
0.377334
0.151984
1.24527
1.08903
0.243341
1.33379
2.13148
0.206976
0.272753
0.213368
0.167277
0.33115
0.351512
3.12119
3.55498
0.141665
0.476896
0.137815
0.28221
0.308449
24.6059
5.7612
1.33028
0.670939
0.432262
2.34476
0.230648
0.118945
0.909422
2.63019
1.25848
0.140927
0.407461
0.424311
0.434611
0.203319
0.319008
0.253959
0.745078
0.790605
0.209131
0.211443
0.125914
0.118331
1.04652
1.19424
4.79383
0.180466
0.23296
0.171667
1.14461
0.375307
0.607339
1.44201
0.20182
0.244937
3.35782
7.90646
1.03475
0.102683
11.6178
0.264997
3.31333
0.656452
0.15175
0.105802
1.11965
0.861536
0.660383
0.768882
0.188504
0.13753
1.53489
0.705536
0.930243
0.839656
0.706091
0.170679
0.480286
0.298465
2.3559
0.909165
0.221669
1.01936
0.142354
0.365113
0.166984
0.102869
1.60362
0.70071
0.398568
7.32981
0.914767
0.133531
0.543051
0.545446
0.177853
0.121509
0.142108
0.320893
0.298219
12.2798
1.5604
0.252663
0.589044
0.160007
3.91323
9.98978
1.267
2.27644
0.206391
1.83594
0.25348
1.14451
2.28598
0.648358
0.194072
0.220411
0.150368
0.214888
0.265326
2.25832
3.96458
0.206811
0.861793
0.290757
2.05562
0.21774
0.545906
0.102848
1.06377
0.151926
3.71293
0.216268
0.310396
0.332305
0.251154
0.513458
0.143881
0.122811
1.78623
0.109071
0.330642
0.164044
0.249006
0.314718
2.05343
0.415227
15.4276
0.300898
0.291107
0.204201
1.14511
0.117327
4.86751
0.250419
1.32713
0.22195
0.159157
8.05653
0.157166
9.60856
2.43884
4.63331
0.314154
0.203101
2.696
0.28338
4.29998
3.12178
0.112137
0.120312
0.14658
1.25034
0.204194
0.199173
0.954847
1.37074
0.231092
13.0164
2.47774
0.750449
1.85026
0.805873
1.04148
0.308138
0.360921
0.358636
0.201238
4.64818
0.380983
1.90294
0.875288
1.81862
0.639576
0.748266
4.48537
0.127668
0.227364
5.11857
0.81827
1.42114
1.4241
0.132272
0.644217
0.13808
0.225542
0.223267
1.29368
0.250519
0.170609
0.20218
2.47497
0.209888
0.227863
0.118534
0.138942
0.160373
0.544706
0.13979
0.486575
1.86819
2.02836
0.507963
10.4111
0.522484
0.345901
2.55405
0.123291
1.18828
0.261556
2.65351
1.16981
2.8497
0.32751
1.79036
1.64411
0.245566
0.852516
3.39211
0.733346
2.21271
0.171258
0.520621
0.248132
0.107542
0.12299
0.59457
2.73187
0.156939
1.90222
0.47126
10.1746
0.390349
1.91597
0.285
4.2626
0.714501
0.364144
0.277252
0.971035
3.4926
0.121346
0.730363
1.58735
12.7226
6.25998
0.696564
0.304945
4.06818
0.131721
0.244208
0.972852
7.51174
0.355163
0.950642
0.139992
0.124125
1.88698
0.200616
0.191854
0.47661
15.3937
0.115808
0.729628
1.17593
0.147469
2.74809
0.558656
1.33791
0.162122
1.33857
0.118935
0.19436
6.16467
4.95275
0.369518
0.17681
1.77618
3.91898
0.108899
1.38703
10.6785
0.163639
0.313953
0.162085
0.137051
5.62201
1.68094
4.03299
0.325365
1.06888
1.76966
0.772064
0.399905
0.315534
0.973285
2.25888
0.290252
2.0572
1.53828
5.05055
0.131699
1.1289
0.584699
1.15353
1.0738
1.11051
3.57413
0.179428
0.112631
3.51232
0.374506
0.687618
1.98286
0.250245
0.113836
0.139965
3.10572
1.26873
0.803875
0.191014
1.44438
1.16266
0.22594
0.332674
0.933599
0.119994
3.86227
0.206481
4.87249
0.423069
0.655918
0.105613
0.262309
6.86
1.23654
0.755404
0.922767
1.14991
0.151981
1.21849
5.4502
0.900026
3.50855
0.796585
2.21387
0.445373
0.119887
2.63008
0.747012
0.2906
4.76148
0.113605
0.352062
0.827444
2.57037
1.74035
0.315499
0.688676
1.20143
2.51672
0.303515
0.737819
0.100307
0.141061
1.36956
0.790531
0.240625
0.145496
0.879592
0.595469
0.687774
0.158901
0.175236
0.214424
0.300276
1.19807
0.228381
0.783601
1.05232
7.81599
0.186519
1.8264
0.840633
0.199762
0.662692
2.80348
3.21294
1.65649
0.152144
1.17862
0.436279
0.279187
0.149904
0.347464
0.100168
8.4799
0.350498
0.204494
0.224969
1.7241
0.143402
0.59874
0.503576
2.7578
1.14939
0.110145
1.45319
1.12857
0.403522
0.223163
3.65274
0.748777
4.97358
0.244819
22.7563
1.23145
0.377305
1.25879
4.24845
1.13738
0.231275
0.583259
0.809905
0.816215
2.53884
0.450075
1.41426
2.19362
1.14169
0.143627
0.145571
0.149447
0.249884
0.130317
0.252245
0.277054
0.493407
2.30504
2.0726
1.31362
0.463938
23.1523
1.80302
0.878833
1.86159
3.43351
0.299342
1.68894
0.42317
0.229975
0.115641
0.252025
2.8708
0.925995
0.169551
0.570944
1.67155
4.75071
0.234526
0.81036
0.157866
7.39686
0.450429
0.397171
0.214818
0.949915
0.621406
9.03543
0.140913
0.302178
4.94194
0.63913
0.238873
0.837874
1.68452
0.882248
3.61262
7.27759
0.157168
0.235425
0.477887
2.79491
0.162723
0.195131
0.297477
0.382934
0.18682
0.36241
2.29642
0.307876
0.187447
0.109001
0.291707
0.372491
1.02852
0.262806
0.780013
7.91444
6.98311
0.477081
0.524798
0.26391
1.26714
0.180805
0.876756
1.2089
1.85234
0.654799
0.256286
5.86526
0.611386
3.83744
0.134476
0.302109
0.250469
0.710475
0.128128
0.26885
0.120803
0.176076
0.506891
26.6884
0.476796
0.711615
0.880091
3.21603
0.217084
4.04515
0.356256
2.02836
0.373093
0.252181
0.437477
0.759143
0.165033
0.429739
1.92821
0.564048
0.118193
6.29479
0.439265
0.712353
1.57842
0.234715
0.863163
0.267341
1.27519
31.9198
0.151148
0.36316
0.350835
0.291255
7.3913
1.75261
0.28427
0.109619
0.809079
2.19215
1.82864
0.255262
0.189389
0.247631
0.278294
1.34941
0.52441
0.104037
0.522395
0.198369
0.177694
1.49052
0.638782
0.449824
0.290071
0.681865
2.386
2.20529
0.815368
0.720503
0.143634
0.112928
9.21842
4.73143
0.679694
0.143159
3.22507
1.41514
2.36218
3.86788
3.38694
1.19161
1.27513
2.845
0.2995
0.112131
0.135199
0.976513
0.421683
2.07594
0.46679
0.527411
0.132198
0.449627
0.339389
0.119515
0.94568
0.844651
1.32539
2.05971
0.410247
0.290581
0.104146
3.07093
0.259606
0.268906
3.62934
0.120145
0.876794
0.96449
3.09793
0.111981
0.678301
0.197343
1.81158
0.100849
0.175933
5.49717
0.621574
1.91882
0.164803
0.793968
2.18952
0.163173
0.492983
1.87431
0.171737
4.56689
1.12523
0.101753
0.637225
5.06336
0.118673
0.103652
0.129299
0.405566
1.4794
0.966174
2.8325
0.17251
0.766837
0.772267
0.165188
0.163994
0.878316
0.525613
2.02109
0.144436
1.60419
0.736317
0.427331
0.13442
2.18236
0.675697
1.55817
3.55022
2.04699
0.424284
3.27545
0.20523
0.191865
11.302
2.76832
0.130947
2.13149
0.534153
0.104344
0.33621
0.705212
0.527638
1.43806
1.13899
0.217418
2.1951
0.172451
5.23397
8.24435
4.28318
0.330941
0.13908
0.613884
0.189354
4.11166
1.33574
0.30015
9.55994
0.157623
2.60885
0.287181
0.174006
0.261966
0.816287
1.983
0.900695
0.315295
0.432388
0.103248
0.114345
0.779983
2.64132
0.129027
0.325464
0.142872
15.6531
0.784597
0.56909
1.72164
2.52558
0.467274
2.31027
2.90042
0.254445
1.03352
12.2178
9.13093
2.75578
0.46547
0.186574
0.238115
1.31673
0.200255
0.211638
0.780701
0.117451
0.170356
3.8548
0.144928
0.918623
5.50018
1.38061
0.589258
4.92399
0.209949
1.80363
0.2685
1.28095
0.815598
0.889336
0.308594
0.419414
0.156261
1.9625
0.416988
0.178683
0.121282
2.05424
0.983403
0.174763
0.110209
1.20282
0.468597
0.358476
0.73458
1.01041
0.417163
3.92117
0.668782
2.6842
0.142564
0.813888
5.67085
0.124675
0.338469
0.329408
0.121564
7.1805
0.617561
0.120172
0.272313
0.402133
0.481384
1.04764
0.379276
0.445202
2.23322
0.502948
0.528603
0.368991
3.96668
0.50953
0.58814
1.23168
0.969155
2.10387
0.138124
0.814753
0.404876
0.464502
0.801491
0.166449
6.15161
0.276522
0.728827
4.20257
0.156171
0.139308
1.17418
0.151672
0.186537
0.408763
0.49261
0.142163
0.103623
0.381919
1.71525
3.8787
0.145212
4.76172
0.110395
4.24295
0.581414
0.16995
3.16384
0.28439
0.149065
2.74193
0.116425
0.287132
13.7656
0.991206
0.497706
0.191717
4.17477
3.54422
0.403019
0.218169
0.282332
0.103987
0.484808
0.789494
0.868188
0.123123
0.324517
0.183692
13.4054
0.338071
0.375463
0.130314
0.103384
0.114176
0.285994
0.339062
2.03745
0.159033
7.59798
7.9341
7.0575
0.335383
0.234567
0.420679
0.538266
0.101434
0.193117
0.170078
0.16263
0.817178
0.828192
0.556629
3.11888
0.104172
0.302326
0.273964
2.90159
0.913053
1.09141
0.400956
2.57455
0.115299
0.206009
3.91893
0.392267
1.87353
1.58448
0.406233
0.765785
1.09043
2.32126
0.247
0.617674
2.79231
0.595468
0.115199
0.409737
3.03176
0.111888
4.9407
1.53421
0.382889
2.9889
0.263106
1.93805
2.08689
0.129059
0.264791
0.11901
15.795
1.04813
0.908148
0.580438
0.11008
1.12603
0.106335
1.68751
2.4226
2.31712
0.654679
4.23992
1.65706
5.46626
0.210856
0.872016
0.188188
0.17431
13.7552
0.200508
0.139342
0.659513
0.469681
1.43429
0.788178
0.76876
0.274971
0.466379
0.122892
2.47006
0.149035
10.6911
0.834524
0.408843
0.139298
0.226969
12.247
0.120395
11.9451
0.242551
0.421268
1.20326
7.39528
0.211345
0.158492
0.248022
0.372279
0.136361
0.157291
0.485159
5.25902
0.181716
0.118365
4.43784
1.54403
0.632361
0.237812
0.142672
0.227596
0.294738
0.118434
0.313063
0.387479
0.223093
0.252489
8.50525
0.182699
0.1585
0.100449
4.04203
0.285617
0.78173
0.13974
2.28988
1.00081
0.40536
5.45608
19.135
0.481523
0.124391
0.986196
0.146514
0.435008
0.33246
0.100565
2.39973
0.764509
1.43228
0.211769
2.66282
0.21786
1.58996
0.465403
0.242795
0.100849
0.65429
0.171243
1.51725
0.184882
0.274507
0.169803
0.254001
0.315173
0.390019
0.390196
0.338279
0.344387
0.286318
0.205426
0.537356
7.94578
0.131271
0.14137
2.0195
0.460907
0.160651
0.374121
0.656231
0.203969
0.170006
0.187803
10.2071
0.132399
0.112634
0.736518
0.970578
0.255079
0.23451
1.55684
0.762172
0.222649
0.522279
0.112514
0.111501
0.884006
0.12935
1.75771
0.477064
0.930963
0.222584
9.60656
0.217368
0.248513
0.158971
0.246683
0.10713
0.262945
0.140512
1.25302
0.351929
0.922511
0.135828
0.138781
0.679546
0.152231
0.687924
0.34771
0.255336
0.136874
0.261237
14.8873
0.271223
1.39784
0.50099
3.64625
0.290236
3.80201
8.49075
1.3095
1.13741
0.228305
0.198168
0.151785
0.121311
0.277772
1.09792
0.683611
0.132518
0.141775
0.260892
0.273922
0.28318
0.273492
1.35741
0.702039
0.315984
1.80617
1.09154
0.157306
0.374199
0.332078
0.105934
1.52122
0.969578
0.212535
1.46793
1.32575
0.140828
0.199437
8.06882
1.38597
4.97085
0.114569
0.352263
0.567944
4.08614
0.100576
2.0945
1.21911
2.05504
0.746741
0.282924
9.97435
0.612471
1.74297
0.254873
0.336691
0.148442
2.33652
0.106128
0.116607
0.544359
4.78148
2.83723
0.149868
0.842743
0.153504
0.376989
0.584148
18.6312
0.13247
0.595329
5.20096
0.643586
1.79511
0.229104
0.145947
9.57165
0.425871
0.454768
0.784223
1.30315
0.178748
0.63223
0.133715
3.13865
0.137922
1.8348
0.551842
1.10309
2.41136
4.28154
1.1718
0.443855
0.643578
0.3676
0.489771
0.538288
0.356422
0.822224
5.5227
5.97315
0.292769
0.213252
0.663405
0.381724
0.641835
6.89656
0.328471
0.280488
0.28324
0.424356
0.268209
2.32178
0.114979
0.265724
0.158781
0.141748
0.775109
0.226466
0.392663
3.53609
0.303982
5.92881
0.321601
0.155622
0.402151
0.128327
0.729834
4.63138
0.386243
1.3601
1.52827
2.43782
0.271046
2.06827
0.170197
0.168297
0.437077
1.1183
0.516019
0.144346
0.115065
0.276747
0.104361
0.127924
0.138316
0.417571
0.11887
0.393721
0.23866
0.185845
0.334785
0.13223
0.1761
1.21368
6.09476
0.152073
0.359084
0.247767
0.176446
0.348172
0.385709
4.59914
1.10331
0.128784
0.515309
0.127973
0.24389
0.225219
0.520966
1.10475
0.134609
1.13762
0.46842
0.1121
0.752981
0.180335
1.48697
0.238982
1.17602
0.1727
0.927985
1.16455
0.230753
0.166976
0.225694
4.09819
1.11481
0.228886
0.624659
0.69798
15.6043
0.187978
0.271995
0.132901
0.345983
0.236449
0.514444
0.288191
0.467229
0.100474
0.27398
0.582163
7.5376
0.52499
0.157757
0.359948
0.275593
0.84998
3.43353
0.697466
2.74359
1.32572
23.3855
1.75016
1.60239
0.921202
0.106325
3.48116
0.123501
0.598674
1.72174
2.60577
3.36687
3.86534
0.594104
1.32192
0.976844
0.61422
0.198256
0.192631
0.833763
0.118317
1.99394
0.705158
1.48909
0.973884
0.192086
0.182604
0.105375
0.120762
2.06017
0.527415
0.299685
1.35538
0.512055
7.87089
3.27009
0.131852
0.110316
0.96455
0.554572
2.01352
1.33611
0.669785
2.35961
1.62012
1.12861
10.5924
0.961682
0.22338
5.20879
2.58524
3.53792
0.215352
0.244066
0.858143
0.149524
1.73946
1.06376
0.768394
0.132743
0.196359
3.58269
4.46123
0.130327
0.125311
0.31511
0.42991
0.31207
0.633679
0.201579
0.450134
1.88692
0.847652
2.6951
2.0902
0.311194
0.157143
0.34638
0.748425
1.91981
0.498859
0.10096
1.20139
0.238573
0.363084
2.38503
0.232783
5.13836
0.143734
0.299456
0.482964
0.626135
0.115178
0.656316
1.83745
0.183145
0.812338
1.93373
0.901286
0.229916
0.655024
0.699563
0.20379
20.396
0.215586
0.682935
0.852317
7.39742
0.16854
0.278751
0.576742
0.9434
0.664585
3.00639
0.226672
0.337068
10.7067
0.156905
0.231143
0.23597
0.183613
0.960711
0.229684
2.11602
0.210521
0.573469
0.600769
0.158162
1.38324
0.475096
0.134524
0.412817
1.58578
0.11489
2.19349
0.130217
0.260981
0.213644
2.66684
0.197488
0.713863
0.398613
4.5272
0.264812
7.83773
0.18283
6.38304
0.797915
0.300986
0.765379
0.155107
0.592749
0.157005
0.648602
0.122523
0.833215
2.08125
6.31006
0.445493
7.72573
0.152558
0.243934
1.17706
0.276917
2.61381
1.15726
0.297297
0.859461
0.221873
0.445614
1.32587
0.101506
2.32607
0.183066
0.456056
4.11945
0.167916
0.228934
0.710896
1.2587
0.567358
1.93735
0.327061
1.67065
1.36232
0.110602
1.97737
0.124458
0.18208
0.292012
0.358604
0.640777
2.74266
0.119091
0.387118
0.374989
1.11829
0.276213
0.543254
1.17359
0.146009
0.23888
0.235549
0.26388
0.10264
3.33757
0.110266
0.116556
0.228349
0.273655
0.118877
0.763591
0.187887
0.307826
0.904482
4.80175
0.636121
0.111644
0.316481
0.139404
0.240658
0.622554
1.74224
0.124541
4.46951
0.257068
0.163327
0.215361
0.480899
0.10783
1.15245
0.150225
0.386808
0.467895
0.319783
1.4047
0.61611
0.352878
0.206409
0.882749
0.152462
0.150763
4.69385
1.51659
0.312619
1.74892
0.122663
0.17732
0.382202
5.64708
0.103492
0.14627
2.63453
1.04087
1.48809
0.186816
0.587701
0.28521
0.742229
0.473787
1.59705
0.299914
2.97781
6.54683
0.598496
1.1955
2.68268
4.92169
0.95649
0.191295
0.511212
3.12841
2.51221
0.44749
0.820704
0.779396
0.246253
1.02744
1.34275
0.232216
0.659418
1.54582
0.234627
0.11154
0.428591
0.264797
0.161738
2.67324
1.1166
0.123596
1.56502
1.26974
1.56185
0.393822
2.50204
1.08865
0.393609
0.451087
0.141133
1.2804
1.37351
0.235335
1.24621
0.243914
1.82726
0.109558
0.331654
0.582751
0.1649
0.119896
0.400837
5.01803
2.31036
0.307076
0.662714
1.25948
0.371396
0.21859
0.206522
0.460712
0.287123
0.672575
0.188317
0.110072
10.4863
0.367431
0.259726
0.232168
1.77024
0.128165
2.8793
0.121116
0.110724
11.0157
2.90569
0.202833
0.197583
16.71
8.37156
0.473018
0.198041
0.801203
0.281083
0.405855
0.77535
0.421075
3.77851
0.20286
0.674872
0.108465
2.04518
0.775243
0.389067
0.782619
0.304926
0.186146
0.824175
1.62607
0.436019
0.491238
0.73811
0.173837
0.660464
0.692899
2.42531
1.39114
0.774726
3.3752
0.931072
0.462763
11.7321
0.473692
0.468502
0.113999
0.182496
0.454543
0.233549
6.4909
0.468316
0.31671
0.175776
10.4848
7.59094
1.29481
2.71344
0.665619
0.112872
0.60255
0.133361
0.580919
0.17976
0.428029
0.172237
0.25423
1.29043
0.458391
7.27198
0.964197
0.408796
0.113046
3.02439
0.188855
0.789031
0.358953
0.974405
1.54539
0.229547
0.146251
8.57146
0.895881
2.68138
0.163881
3.6128
1.29962
0.378116
0.661797
4.74609
0.644134
0.136339
0.462966
2.35609
0.127232
1.04026
1.65195
1.92497
0.202257
1.04735
0.136175
0.386526
3.13301
11.2356
0.224334
0.280712
2.03752
0.132064
0.270508
0.177393
6.84054
0.120836
0.124245
0.154339
0.181917
5.89017
0.152279
1.89108
0.197466
0.324033
6.90061
0.201092
0.452965
0.165323
0.111124
2.75899
0.973787
0.87546
1.13302
0.250513
0.174807
0.668624
0.162457
3.41795
0.112485
0.841889
1.15066
6.20822
1.09587
0.556116
0.247036
0.203993
0.105539
0.134993
0.47578
0.214263
0.676101
0.103578
0.370699
0.517198
1.10968
0.665142
5.27034
0.106563
2.34959
0.250358
0.236002
0.842715
0.652416
0.732892
0.265637
0.302789
0.517841
0.301392
0.407435
0.112668
0.172604
0.154697
0.120859
0.406546
0.147987
0.109478
1.92768
0.102846
0.108786
0.297603
0.745754
0.248169
6.39665
0.109874
1.46311
3.08753
0.246865
0.217845
0.331126
1.2586
8.05038
3.6619
1.7956
0.156854
0.159409
0.425165
1.31135
2.34251
0.312921
0.103009
0.106456
0.194281
1.14271
0.178314
0.157528
2.99482
0.298279
0.433028
0.330223
0.153549
0.252634
0.188986
1.71259
0.461537
1.37181
0.966993
0.158591
0.100933
0.115127
1.16155
1.1531
0.752261
1.33803
0.266582
1.39163
0.528117
4.3831
0.247479
0.676087
0.190566
0.297162
0.750368
0.987283
2.41092
1.82942
1.76153
2.65488
0.831932
3.01719
1.16122
7.26546
0.236464
0.418502
0.332388
0.596787
0.111179
0.151222
3.63555
0.147723
0.1943
0.110888
0.975721
2.8995
0.610736
0.216983
0.370254
6.48013
0.706334
0.516106
0.113844
0.729279
0.187418
0.200003
5.53796
0.966409
3.54598
4.84114
0.119607
0.228065
0.354434
0.233199
0.76515
0.269618
0.29244
3.36248
0.475036
1.8104
2.25772
3.1954
0.494216
0.200843
3.72171
0.341806
0.1267
1.10615
2.17163
0.706141
0.273342
0.841646
0.81938
0.280763
0.576833
0.123123
0.113309
0.130566
0.149349
0.151937
0.154981
1.37892
0.332494
5.228
1.80936
0.759557
33.5877
0.391227
0.261542
0.48086
3.62489
0.268207
0.986994
1.37483
0.463405
0.165624
0.369885
0.130061
0.217602
0.295733
1.27538
3.93052
0.116246
0.187183
0.777135
1.03028
0.606528
0.253134
0.235866
1.64643
0.176199
1.79827
0.229435
0.769576
3.95003
0.334829
0.359925
0.420862
0.290227
0.24192
1.10805
0.314598
1.69711
2.81927
1.24998
0.24408
0.131062
0.130326
0.823621
0.105637
2.49742
0.591492
2.48078
0.413786
0.146062
3.94661
0.148022
0.498851
0.197876
14.375
0.350682
2.93051
0.470706
1.41904
0.141724
3.86443
0.745907
0.347873
0.12703
0.480916
0.113127
3.31438
1.96695
0.214593
0.143207
9.849
1.69743
5.44866
0.195342
0.120615
0.622251
0.141087
0.817059
0.466294
0.162407
0.152335
0.569523
0.196724
1.6176
0.14417
0.388766
0.291632
2.96407
0.204796
1.25196
0.102432
3.1675
0.89982
1.27698
0.603402
0.108965
0.264974
0.145214
0.894761
1.02512
0.235253
0.165653
2.99358
4.73727
0.809157
0.428261
0.459696
0.124869
1.38941
0.487226
0.119617
0.13535
0.539161
10.7663
0.295034
1.15124
0.680378
0.143975
3.39748
0.129728
0.206187
8.99835
0.676247
0.157029
3.55766
0.230938
2.12024
0.331768
0.166699
0.254905
2.27534
3.68129
0.12486
0.445902
0.81038
1.70649
0.555576
7.06935
0.277341
0.645306
0.125279
2.09245
1.22217
0.229818
1.03088
0.117029
2.47918
0.873334
2.60306
0.13803
0.40548
0.159027
0.214309
0.745423
0.26225
0.244314
0.156303
0.107631
0.279521
1.99384
0.525373
0.146756
0.149726
0.149157
0.118265
0.310603
0.838872
0.291687
0.26923
1.99473
0.210487
2.02832
1.27363
0.338939
1.02081
0.123282
0.450835
0.687987
3.91764
0.853417
1.00963
0.205749
0.22503
0.550891
0.109343
0.917442
2.7777
0.214459
0.564081
2.0014
0.214124
3.34281
0.817496
7.74563
0.151327
0.782264
0.351967
2.24997
0.33457
0.152393
0.198473
1.50163
1.21643
0.226443
0.37121
12.0474
2.70483
0.744797
0.159826
3.82458
1.6733
0.104577
4.96475
1.27162
0.144973
0.507005
0.747977
0.145958
0.757767
0.228227
7.61397
0.266056
0.119815
9.90144
0.358822
0.223974
0.111439
0.310357
2.07748
2.71233
2.73184
0.877214
1.49842
0.249156
0.29058
0.249473
0.129972
3.43998
0.145472
0.129229
0.311401
1.1375
0.163876
0.301668
0.588227
1.45246
0.637458
0.163797
0.122595
0.365482
0.341829
0.133203
0.189701
0.193739
1.127
0.300944
2.13798
0.183931
0.113235
0.477616
0.623462
0.405681
1.71591
0.121103
0.201469
0.507578
0.140854
0.692302
0.339368
1.82976
0.383929
0.178386
0.111136
0.613113
0.209086
0.258992
0.235953
0.439598
0.428334
0.608309
1.23061
0.717159
0.522037
0.205531
0.103226
0.790978
1.09795
4.12451
0.285057
1.86041
0.272368
4.59362
0.306923
0.317216
1.10526
0.127121
0.150085
0.199887
0.165209
0.619257
3.19327
0.174832
0.37973
0.415099
0.715907
5.0181
2.20305
0.341605
2.48355
0.231784
0.120166
0.358154
0.300267
0.120375
3.42554
14.7488
0.199349
0.908389
0.18582
4.25658
4.76632
0.147166
1.8522
0.119227
0.611554
2.13173
0.113474
0.548053
0.284181
6.61298
1.46962
0.105048
1.04338
3.89831
1.76435
0.151403
0.180264
0.167166
0.154612
0.236687
0.14515
0.397473
0.315614
0.71687
1.94819
0.432665
1.22235
0.767681
1.95596
6.19282
3.21378
0.400825
0.82753
0.129201
0.108387
1.99703
0.890432
0.317315
1.77014
0.657651
0.125682
0.160476
2.08774
0.182988
0.106575
0.549796
1.28277
0.100585
4.73001
0.198183
0.23409
2.16785
0.757876
7.58975
1.39211
0.100377
4.95655
1.87541
2.79313
0.103857
0.144888
0.164765
0.185126
0.198973
0.817211
0.513391
0.281868
0.427004
0.246915
0.102644
0.271257
0.276236
0.215577
2.53765
0.232811
1.72811
0.155988
0.59787
2.17004
0.199515
1.03605
17.0138
2.09442
0.291775
2.53841
0.364929
0.279072
0.149894
0.101407
0.683364
0.247654
0.403259
0.451303
0.169402
0.116355
0.229614
1.75186
0.131783
0.215004
0.123888
0.46357
3.33782
0.87135
0.33316
0.141137
0.773151
11.6621
0.167557
4.25789
1.08136
2.94041
0.126396
0.481414
0.196591
0.157162
1.74947
0.140133
0.210807
0.309729
0.134348
0.197019
0.725125
9.43973
14.6683
0.171141
1.17397
0.770205
2.41359
0.423933
2.8298
1.78347
0.310111
0.778782
0.241918
0.262625
0.194623
5.35859
0.398364
0.506655
0.571384
0.16974
0.152669
0.373962
0.846403
7.85072
0.217006
6.9468
0.244285
0.314596
0.417673
0.129662
1.09981
0.161942
0.168025
0.797988
0.172954
2.05535
0.494984
0.212138
0.156495
0.831459
0.117251
1.33488
0.148981
0.115051
0.168226
0.82577
0.111032
5.06233
0.743834
0.343582
3.1112
5.73591
1.7998
0.316206
0.108479
3.24308
0.861953
0.136798
0.129845
3.40107
4.5243
0.236252
0.599032
1.10182
0.147096
0.131293
0.48076
0.390859
0.414504
0.234128
2.55415
0.612632
0.331733
0.315345
1.84919
2.99668
5.44776
1.01316
0.299323
0.775313
0.11905
0.296284
0.132143
0.431236
0.345769
2.86969
0.795208
0.394313
11.001
0.266519
0.301941
0.302964
0.361978
7.10592
0.448672
0.173046
0.901012
2.4137
5.95101
0.122893
4.4605
0.447311
0.827611
0.502145
1.0487
0.107542
0.718342
0.184798
0.29639
0.180403
0.554164
0.114534
1.14839
0.148598
4.98636
1.16231
0.173331
0.148702
1.27136
0.206246
0.272975
1.33217
0.292059
0.225713
0.354375
2.4897
0.115052
0.108062
0.204124
11.7618
0.358294
4.05754
0.314631
0.157571
0.105343
0.259557
1.51424
0.204601
1.23999
0.355648
0.187553
0.202005
7.03756
0.216221
0.275442
0.192958
0.10504
0.391679
1.02912
4.64489
2.41787
0.337071
2.27388
0.149951
0.719365
0.34917
0.817063
2.80908
16.6134
0.622127
0.658267
0.896247
2.24505
0.700465
1.3378
0.390287
3.10374
0.173489
0.184244
0.967496
0.345777
2.41415
8.82965
1.99349
0.144767
0.979483
0.353331
0.275324
2.42742
0.207129
0.182232
0.193255
1.50133
0.336116
3.36017
0.166247
0.199521
1.61712
0.5108
0.432839
0.936363
0.268902
1.86192
0.719057
0.132221
3.0835
3.35313
1.74609
0.173495
0.114328
0.516663
2.23723
4.09113
0.165308
0.110782
0.143984
1.41255
0.222437
0.585738
0.143272
5.44611
0.233077
0.100633
3.27235
0.206962
0.204347
0.788958
0.341954
2.23333
2.12967
3.52026
0.237816
0.158985
0.153329
2.31468
2.91825
0.127302
2.25415
0.578054
0.668161
0.102532
0.224583
0.517992
0.718889
0.899499
0.203211
0.210768
0.207814
0.188514
0.30805
0.526004
0.257595
0.125491
13.5387
3.05056
2.19401
0.728177
0.280123
8.09846
0.181492
0.298296
0.183134
0.518857
0.108336
0.116971
1.57149
0.300478
0.271274
0.188907
0.163237
1.00401
0.454732
3.03788
0.158632
4.00639
3.27954
0.351101
5.79209
0.822804
0.563755
1.46294
1.44223
3.66772
0.123346
0.693885
2.86239
1.33646
0.193912
0.107312
0.146166
3.69072
1.03106
0.427917
0.428802
0.107277
1.90665
0.372156
1.77001
0.216929
0.662552
0.360157
0.778725
0.857579
0.117736
2.47326
2.31099
0.259172
0.126691
5.73681
6.81071
0.196692
1.50517
0.398219
0.823776
0.571695
0.803949
0.452653
2.45572
0.56047
0.120066
0.481893
0.250348
0.10647
0.449151
0.554303
0.474379
3.78918
0.232791
0.868158
4.33248
0.120529
0.185369
6.37436
1.50922
0.501503
0.105677
0.264114
0.136133
0.21722
1.31185
1.02199
0.348963
0.142169
0.721051
0.277044
0.221961
0.248852
0.669376
9.15067
0.879658
1.73605
0.176724
38.2403
0.203797
2.23638
0.218957
0.601493
0.101751
0.840085
0.188795
0.335656
0.595431
4.9061
0.293743
0.451981
0.139388
0.196023
0.559708
3.02532
10.8006
0.898423
0.490635
2.35675
0.122262
0.73364
0.21837
5.33153
15.7504
3.16777
12.7442
1.86932
2.68953
0.157182
0.277388
1.88487
0.242859
1.74235
6.54115
0.165264
0.122748
0.263898
1.07779
2.96363
0.86904
0.539845
0.140707
0.970536
0.179026
1.2777
0.149361
30.2238
0.232782
0.109025
0.609804
12.9904
0.162401
0.124567
0.177382
1.95645
0.389744
0.166386
0.168126
0.23513
4.18284
2.3679
0.259234
1.15832
1.16031
1.03177
0.255688
0.258819
0.1691
3.38174
0.533989
0.72477
2.37793
0.992032
0.121913
0.149271
3.01413
0.119926
0.246448
0.14785
0.123372
1.46247
17.9561
0.17095
0.202222
0.164129
0.238183
0.387636
0.218655
0.12347
0.316239
0.233877
0.674798
3.87138
0.124885
0.462585
0.947819
6.9363
0.15978
0.706341
2.60771
2.39924
0.126085
0.554168
0.629661
0.734638
0.442252
0.113447
0.395124
1.57024
0.857012
0.393307
0.203691
6.87456
0.860704
14.7704
0.503568
0.441162
0.613645
16.9325
1.27998
0.717596
0.363484
0.115597
1.75192
4.67568
0.180302
0.133696
0.286887
0.752602
0.130993
0.194047
0.564898
0.175283
0.598251
0.117399
0.116496
2.87123
0.38223
0.86822
0.983045
0.127061
13.2035
3.92115
0.147939
0.32308
0.726048
0.703259
1.63462
0.139735
0.749695
2.05432
0.646819
4.18951
1.15182
0.30151
0.827777
2.03773
0.172098
0.343469
2.75275
0.372802
8.92183
1.32122
0.10875
0.123947
2.21467
10.0607
0.18827
0.221053
0.210528
0.895564
1.57726
5.68335
0.792551
0.487066
0.100787
0.89261
0.709289
8.97261
0.332855
0.171518
11.6641
16.1734
3.47003
1.3158
0.19494
11.4405
2.90403
0.979553
0.319846
0.564068
0.15814
0.319857
0.639752
0.226559
0.588252
0.100903
0.105751
0.113031
11.0251
1.36039
0.208036
0.374047
0.122486
0.27471
0.243681
0.173422
0.290621
0.76918
0.115932
0.449259
0.66719
0.112412
1.34908
0.112123
20.2993
0.180857
3.74416
0.248753
1.28349
1.28103
0.540373
0.289106
0.933378
1.22649
0.19756
0.297122
11.8699
0.168077
1.03057
0.230551
1.1892
0.251653
0.193955
0.813878
0.197171
0.223615
0.667636
0.752869
2.90416
0.368631
2.35336
0.116918
0.298697
2.57983
0.188289
0.298261
0.229203
5.84507
0.515713
35.2911
2.09742
1.58273
0.387903
0.582423
0.105544
2.8975
1.48614
2.8023
0.703171
0.181471
0.419568
0.181861
0.381301
0.375831
1.40466
0.241776
0.976458
0.965313
0.260527
0.154959
0.554489
0.327229
0.291963
1.07028
0.169733
0.146572
0.85713
0.119973
0.40474
0.707446
0.390661
0.171374
0.841605
2.34639
2.26164
0.862574
0.362289
0.423546
0.150547
8.47625
0.193874
0.769586
3.85071
0.171177
0.416187
0.355476
1.41288
0.51982
1.41602
0.133774
0.115961
0.408987
11.5859
0.657278
0.865382
0.111646
2.25797
4.57815
0.823994
0.148213
6.17869
0.33454
0.956618
0.224753
1.9781
0.171523
11.6777
0.700187
0.144539
2.88629
0.316359
0.108801
1.85337
0.178063
1.15566
1.91434
0.339686
1.08473
0.859408
0.287339
0.174336
0.244757
6.64295
0.108143
0.10664
0.13429
0.191619
0.120267
0.187846
0.972724
0.115507
0.891204
0.387462
0.249949
0.115256
7.74789
1.17109
0.298031
0.104931
0.153075
0.263317
8.35589
5.00903
0.396668
1.72747
0.12563
1.18841
0.636386
0.314385
0.19432
5.44338
0.594997
0.338668
1.28936
0.210835
1.06931
0.336151
20.1073
2.9675
1.37865
0.81854
1.10697
0.675848
0.107218
3.54646
0.728727
0.747426
0.399812
0.222605
0.625659
0.152328
1.12706
0.13836
1.1131
0.195966
0.255764
0.105653
0.950975
0.109679
0.399852
0.435884
0.206864
0.238172
0.496109
0.476637
0.499031
0.240643
0.180642
0.367944
0.452556
0.148521
0.588432
0.159988
1.0871
0.154106
3.25412
1.19913
0.398973
0.968415
0.565744
0.271893
2.98487
0.103685
0.996129
0.131969
0.367035
0.740809
0.15532
0.10135
1.86402
0.533067
0.116607
4.12881
0.115682
3.10829
0.512371
0.21207
0.545825
5.03526
0.801069
14.3295
0.541248
0.641473
0.791935
0.171935
0.375388
0.165824
0.620508
4.92042
1.34597
0.182325
1.20995
0.319962
3.85132
0.209152
2.32711
0.961349
0.326824
0.436218
0.259304
2.59761
1.38875
0.113067
0.215205
1.91926
0.556311
0.894724
0.417526
5.54046
0.435172
0.221017
0.904092
3.16471
0.334419
0.273046
0.23
1.01973
2.37197
0.328668
0.490059
0.376061
0.355295
3.21778
1.65782
1.56534
0.321995
0.140034
0.694492
2.36442
4.04115
0.154184
2.1492
0.446333
0.20434
1.61492
0.677904
0.875656
0.915252
0.254966
0.202453
0.111965
0.47816
0.260082
0.555013
0.123938
1.24522
8.50509
1.38252
0.527012
0.767689
1.39448
0.440301
0.344368
0.150581
0.375055
6.68068
0.192527
0.232591
2.11807
0.847857
0.587469
0.448315
0.126617
0.378463
8.14636
0.106428
0.138159
0.997264
1.54779
9.54499
3.74605
0.537811
0.117323
0.481155
0.139771
0.345707
0.166247
0.384082
0.138545
0.269443
0.189295
5.18588
3.40951
0.202241
0.12948
4.54043
0.875836
0.266049
0.460794
0.258998
1.00957
0.7233
35.3915
2.10281
1.06832
0.33849
10.7424
16.7612
0.931192
0.164389
3.79212
1.40786
0.307815
1.0274
0.22491
0.113521
0.506259
1.39658
0.110007
0.522814
0.349449
19.4025
0.235808
0.489301
0.373993
0.212544
0.200075
0.132335
0.110833
1.10229
0.249454
3.0743
0.425964
0.379445
0.111635
1.13589
0.212052
0.103606
2.72493
0.496448
1.13328
0.106078
0.368629
0.579775
1.92885
0.14571
0.680701
0.822492
0.761837
0.444764
5.13345
0.564152
0.108912
0.404593
0.263381
0.183524
0.630677
0.447326
0.129277
3.10656
0.184928
1.14306
0.197685
1.08866
7.83549
0.247115
0.154788
3.80618
0.145693
4.15699
0.170916
0.135041
0.153289
0.211757
1.04771
0.216016
3.44633
0.139782
0.363108
0.597503
0.113137
0.688081
0.177531
0.320036
0.250306
7.3347
0.141628
0.598807
0.74572
0.144948
0.376982
0.958279
0.159023
0.114617
0.747339
11.9935
0.456298
0.280334
2.5461
2.80931
0.199049
0.147051
0.160031
0.242397
1.49233
0.149811
0.139503
0.583671
1.51803
3.22529
0.826865
0.29179
0.165344
0.238537
1.68064
0.197658
0.110848
0.81753
0.319972
3.56439
0.119248
0.407154
1.07966
0.689153
1.08679
0.234531
0.534532
0.432893
0.721351
3.96159
0.16789
2.10091
0.395809
0.229771
0.277999
0.638643
0.250805
0.387055
0.194038
0.351758
0.375526
0.481777
0.591945
0.5866
0.286122
19.6409
0.279398
4.20611
3.78198
0.387256
3.23262
2.34519
1.04315
8.09187
3.19872
0.10077
1.24401
0.174026
0.102928
0.192309
0.141154
2.96571
0.280353
3.51368
0.259551
1.14766
0.153152
1.46036
1.06565
0.352021
0.241724
0.110062
1.04493
0.105131
0.311829
0.845767
8.42693
0.214237
0.761843
0.770507
0.534232
0.668889
0.162151
0.106774
0.190515
0.124345
2.12904
0.964538
0.120325
0.281033
0.26542
0.409045
2.62253
5.69635
0.245749
0.20582
0.33123
0.280668
15.769
2.21387
0.733132
0.505434
0.260974
0.102895
0.105353
1.14351
0.144019
9.23181
1.31644
0.343226
1.32235
0.264063
0.816526
0.252995
0.842519
8.86008
0.132805
0.545608
0.937808
0.157986
9.11207
2.6609
1.53044
0.218193
1.35218
14.5127
6.78666
0.120351
0.586794
0.243238
0.312822
0.492763
0.123151
0.265028
0.703291
0.767065
0.171784
0.21164
3.41782
6.56342
7.10262
0.664557
0.131909
2.08596
0.524599
0.175001
0.367819
0.28499
1.92066
8.41218
0.539214
2.15032
1.08335
0.382501
0.125255
0.451239
0.146756
0.130034
1.73353
0.169307
0.123611
0.112262
1.32272
1.63576
0.180889
0.171343
0.609025
0.227938
0.184406
0.409328
0.413911
0.164559
5.22764
0.192796
0.832913
0.264114
0.146988
0.105247
0.753957
1.11351
0.162957
0.681979
0.988097
0.767332
0.110676
0.189103
0.125239
0.495828
1.19329
15.5416
0.146611
0.382775
7.53091
0.41283
0.125141
0.333454
0.261043
0.104625
0.851138
0.103283
1.40529
0.394766
0.15281
0.501975
1.26733
0.153926
0.369491
0.23281
0.294956
0.46842
0.228098
0.172196
0.136985
0.15045
0.297359
2.20083
0.856009
0.862573
2.12513
0.120278
0.677677
0.549398
0.993189
2.32237
0.10195
1.43551
9.01352
2.01904
0.595453
22.3592
0.178745
2.29753
3.2204
0.706127
5.15966
0.1433
2.69862
7.52433
0.262611
0.263668
0.396529
0.121858
0.394303
0.20285
0.41046
0.395745
0.352906
1.21549
2.17407
0.344127
0.128638
0.52556
0.406472
4.34021
0.412977
0.561855
1.74428
5.62334
1.71885
0.106682
2.5548
0.127046
1.21599
0.158148
0.18987
0.228034
3.0646
0.174533
0.100314
0.187981
4.85065
3.2231
0.12032
0.82231
0.157362
0.378047
0.226527
0.909495
0.393672
0.3159
0.437103
1.60257
0.19079
0.649597
0.21745
1.06574
0.509109
1.05971
0.222449
24.7429
0.861662
0.218811
0.521344
1.3011
0.696525
3.14047
1.1317
0.118291
0.139552
0.960498
0.690467
0.215794
0.120886
0.536474
0.177276
0.339473
1.87881
1.98227
1.87735
1.1925
0.34241
0.157701
0.156681
0.307111
0.95927
1.2231
0.701929
0.140847
1.45595
1.84816
0.662128
4.2883
0.113731
2.23873
0.535282
0.118607
0.979636
0.14589
0.305952
0.661421
0.147966
0.760427
0.704692
1.20428
3.06015
0.394794
1.38969
0.531506
2.58389
0.140921
0.320655
0.624838
0.156107
0.205813
0.168962
2.21321
0.400156
0.811214
0.676443
0.234506
2.82709
0.408472
0.632388
0.421491
0.682303
0.137232
0.121305
0.955165
3.79298
0.838119
12.8751
0.170466
1.92201
0.140352
0.426321
2.96196
2.22017
0.264736
0.133298
0.578924
0.22937
0.183016
0.102585
0.91921
5.42994
0.381869
1.98559
0.526846
1.22771
0.101127
2.52161
2.64562
2.45804
0.161443
0.784813
1.99578
0.119472
0.278601
0.106518
2.12022
0.449299
0.705432
0.201248
0.208524
13.9785
2.42789
2.8684
0.17367
4.10319
0.586287
0.868038
2.83423
1.00614
0.703798
0.103299
0.814837
2.49553
0.150314
1.09199
1.04594
0.165353
0.526565
0.620441
0.852586
0.501346
2.61017
0.31879
0.301941
0.887431
2.71012
0.493859
0.156138
0.109363
0.134439
0.317585
0.288523
0.153787
0.422035
0.290946
0.231363
6.70518
0.135826
7.11931
2.398
5.08778
3.03647
0.29759
0.155917
13.1097
0.21215
1.08874
0.505372
0.767111
2.57882
1.49784
0.112251
6.33673
0.637296
0.675146
1.67831
0.504645
0.228802
1.31868
0.870789
0.495444
0.499819
0.122704
0.732746
0.110186
0.144015
0.89166
0.499073
0.360824
3.65358
2.72805
1.01774
0.552374
0.599117
0.413092
1.43592
0.140538
8.78182
0.858173
0.725906
2.13935
0.801209
3.47335
1.75869
4.24927
1.13532
0.658873
0.451304
0.551825
0.400802
0.365272
0.210325
0.4753
0.328604
5.2444
0.544081
0.328623
0.342688
0.467769
0.155324
0.201519
15.4592
9.57035
0.755323
0.333417
0.45836
5.69371
2.93756
0.335346
0.576502
0.549599
0.42508
2.15175
0.368578
0.225239
0.906031
0.242934
1.22495
0.240167
0.165875
0.159115
2.56952
0.999155
0.229237
0.765218
0.171905
8.4935
0.230411
7.00528
0.465815
0.293575
5.26198
0.287889
0.529203
0.111281
6.0347
0.277833
1.91699
0.116763
0.593311
0.639144
0.556878
2.2985
0.148484
2.29321
2.08698
0.694352
0.119861
0.170149
0.350017
0.867574
0.31358
0.405389
0.301359
0.477061
0.786942
0.47994
0.1553
0.502224
4.00467
3.39775
0.228793
1.01313
0.179698
0.280733
1.01037
0.757004
0.103689
0.60449
1.69887
0.751025
0.539991
0.135727
0.499002
1.50325
2.51321
19.6314
0.146964
0.402723
0.143788
0.127134
0.239743
0.27124
0.785221
0.101026
0.585725
0.17888
0.436769
0.103629
2.58373
1.61459
3.87616
8.17666
0.870697
1.28293
5.19714
0.100375
0.945385
0.201386
0.601751
0.12878
0.167789
4.07677
0.69968
0.718527
1.40858
0.260394
0.125648
0.140556
0.691771
0.324925
0.302618
0.697802
0.128069
1.31908
0.693192
7.00894
2.09146
0.18001
0.348315
0.572692
0.267154
10.4689
0.707826
0.272027
0.13636
0.180514
0.252513
0.105112
0.354765
0.150126
0.143797
0.132542
0.144489
0.162549
0.111338
0.151731
0.39094
0.520293
0.438627
1.22431
12.0114
0.123302
0.113421
12.0053
2.04603
0.144516
0.29215
0.728249
3.36093
0.105886
2.71028
0.272965
2.61267
0.174858
1.3382
4.51999
0.72628
1.68102
1.27132
0.209928
0.373272
3.41271
0.147364
0.905226
0.285218
0.197807
0.743464
0.140091
6.26705
4.93073
0.262604
1.45141
0.103414
0.186691
0.217738
0.150747
2.68891
4.65815
0.253897
0.200389
2.53639
0.874528
1.91719
0.607577
0.636558
3.42565
4.58152
0.228245
0.156029
0.214604
0.154842
0.132995
0.183585
4.0894
0.130201
0.477538
10.9349
1.61062
0.225853
6.44547
0.12323
0.162688
6.01527
1.18978
0.203004
0.42528
4.38984
4.13511
0.298094
0.843456
0.151231
1.4011
4.85978
1.1157
2.52257
0.236145
4.23952
9.65755
0.354078
0.265116
0.198434
0.897769
0.338131
0.2882
0.271744
2.71424
1.10973
1.63416
0.578613
1.15293
0.182273
0.164574
0.636707
0.12596
30.4265
0.130469
0.255901
0.919078
1.86283
0.338381
1.69226
0.108308
4.27432
0.544498
0.26367
1.75971
0.257072
0.107026
1.10075
0.260582
0.16361
0.143455
0.181225
0.331438
2.01331
0.106001
0.628482
0.112155
18.5863
0.315908
0.222264
1.57814
0.198802
0.216057
0.10898
3.0114
0.173572
0.419858
8.17285
0.502645
0.636397
0.173079
0.681605
1.16378
0.759376
0.254823
0.829191
2.97385
0.364297
2.6827
0.175497
3.21096
2.96696
0.107727
7.55034
0.208609
0.133662
0.257827
1.20236
1.09429
1.60935
0.132018
3.85167
0.11799
0.793732
0.101339
3.60809
20.5993
2.20655
0.102242
0.719083
0.204085
0.356717
0.281876
1.96229
0.342268
0.383786
0.244233
5.23004
0.470219
2.2198
1.10815
0.926769
0.138296
0.342468
0.241506
1.096
1.47124
0.697653
0.333097
0.124587
0.910275
0.287955
0.180402
0.268263
2.89676
2.0544
1.12923
0.142674
0.849262
10.331
0.138956
0.109026
2.57375
0.717383
1.91909
0.157646
7.86033
0.589622
0.535172
3.22237
0.418257
0.309991
4.96541
4.48835
16.6285
0.669578
0.164581
0.277315
5.61078
3.24064
0.22034
7.72604
2.08682
0.279176
1.40642
3.29231
2.36223
5.33981
3.21511
1.25942
3.5148
0.937376
1.20376
0.101558
3.41336
0.579797
0.220369
0.154113
0.302397
1.89874
0.447801
0.253832
0.446546
2.9564
0.29539
2.64919
0.468141
0.156849
0.51968
1.68983
0.369416
0.417186
1.64379
0.126185
0.140298
0.606371
0.150982
1.08868
9.26304
0.15182
0.29342
0.177315
0.410826
0.211306
0.705544
0.241469
0.162984
0.695195
0.602605
0.107619
9.40402
0.123491
8.25139
0.382561
0.170126
0.773375
0.116449
0.104778
0.539021
0.158685
0.555616
13.3288
0.101906
2.38988
1.10521
0.937278
2.35175
0.308684
0.266035
1.00259
0.221792
0.850547
0.161738
0.575275
5.99078
0.107553
0.102542
0.786329
0.305561
0.144233
0.327853
0.977852
0.233684
1.42675
0.818592
3.26611
6.62441
5.39052
0.13786
0.498569
0.107543
2.78711
0.429202
0.740101
0.245176
0.735596
0.448128
0.642475
0.518517
0.290642
0.661274
0.170158
0.196419
0.107089
2.43283
0.340552
3.13482
0.139428
0.280411
2.17978
4.53446
0.142392
0.557278
0.266395
0.451802
0.437313
0.182889
0.986138
0.160666
0.114378
0.30704
0.16719
0.120968
10.9851
1.31352
0.699297
0.758876
2.517
6.31096
0.318599
0.891996
0.396673
0.118509
2.6608
0.548385
0.239971
0.293089
25.6442
0.440368
0.230426
2.67515
0.386171
0.271873
0.319108
0.173578
11.826
1.37943
0.797107
0.820183
2.3237
0.331775
0.143967
0.26238
0.10542
3.65867
0.169479
4.4778
0.30817
1.61398
0.55275
0.614352
2.10542
2.1725
1.92909
5.04256
1.18077
0.255052
0.287615
0.822945
4.6771
1.14769
0.438048
0.114186
0.604167
3.94043
0.119755
26.9982
0.48957
2.51664
6.60174
5.59539
7.88359
0.434988
1.8042
0.488333
3.07075
1.22247
0.347427
2.15453
1.01915
0.835561
1.88167
0.830705
1.44316
0.590359
0.292037
8.47618
0.116593
0.61551
3.7988
2.97472
0.189521
0.569807
3.36626
1.37645
0.367427
0.146813
2.49616
0.287786
10.9224
3.25998
0.117021
0.131983
0.68424
1.79304
0.639281
0.22542
0.103047
0.491066
0.904189
0.286597
1.01071
0.184078
7.77873
0.215593
0.425406
0.285781
1.03762
0.353553
2.35354
0.582117
2.37205
0.181594
0.341773
0.839857
0.180226
0.283368
3.12276
2.57481
0.25394
2.09694
3.93473
0.423557
2.09723
5.24363
0.459223
0.183926
0.811596
0.530355
1.55685
0.127814
0.811291
0.204554
0.166743
2.09816
0.122947
0.344018
0.128782
0.298416
5.54471
0.138581
0.452659
1.58294
0.12875
0.196508
0.123525
0.597912
1.01173
1.46812
0.21711
0.136936
0.729853
0.128144
0.837331
0.12932
1.0318
0.131177
1.23672
0.151099
0.397961
0.305143
0.886773
3.65329
1.39534
0.194651
0.156534
0.877493
0.101157
0.123392
21.3063
0.656515
0.228243
0.125015
0.539348
0.645504
1.25968
0.788284
1.90161
0.223381
0.106792
0.178193
1.05447
0.257122
2.11597
1.94275
0.396108
0.847371
0.458838
0.45207
0.198198
3.16935
0.322881
0.212632
4.21135
0.1467
3.44092
1.35206
0.133371
5.61026
18.6402
0.188513
0.870146
1.23341
0.132013
0.574554
0.17727
0.170122
7.03155
0.295906
0.403223
1.2798
0.383071
0.787949
0.733712
0.176538
3.57249
0.114864
0.766447
0.708761
1.83667
0.247233
0.111846
0.517739
1.62719
0.319469
0.720754
0.167054
4.83812
5.16457
0.355756
1.55674
0.269292
1.65176
15.5705
0.314186
0.182257
1.39997
0.10025
0.213224
0.156857
1.0348
0.856079
1.78774
0.223493
0.463737
0.511313
0.386831
0.307102
1.75603
0.242768
0.144608
0.262349
0.398231
3.70554
0.278553
0.605252
0.133428
0.192442
0.178239
0.158518
2.11703
0.163917
1.31974
1.12479
1.99296
0.180058
1.53649
1.54113
15.6549
0.13466
0.184015
1.18151
0.233253
0.149597
0.555458
0.168346
1.22048
1.09312
0.279021
0.390628
0.136367
0.388715
1.02172
0.832712
0.253668
0.231724
0.143146
0.110978
0.1181
0.260474
1.00276
2.31066
0.116237
0.152287
10.2422
5.22967
0.566668
4.71996
0.189287
0.106666
0.637202
0.860324
0.424323
1.93217
0.240607
1.53777
1.29168
0.114124
0.189129
0.633098
5.36813
0.417398
2.68498
0.775963
0.271145
5.05088
0.469657
0.125225
0.352831
0.399395
0.867493
1.62123
0.285193
0.191045
0.174451
4.4281
1.00606
1.5187
0.127872
0.208055
0.193701
0.188741
0.55868
0.952553
7.27108
1.31818
0.177132
1.27209
0.57214
0.637797
1.69511
4.98268
0.101422
0.590007
0.198942
0.638909
0.809757
2.18556
0.342204
0.12274
0.473486
0.322951
1.91014
0.114606
1.20567
0.325607
0.240166
1.74211
0.212443
3.86873
3.0504
6.29697
0.130417
0.203519
0.464408
8.70622
0.783988
1.26419
0.71004
0.103827
0.205304
10.1309
0.211933
1.23543
0.419151
1.19286
0.176947
0.66551
0.365381
0.120857
0.146199
0.322108
1.21451
0.263332
0.247159
1.3023
3.69994
0.657008
0.351105
0.193562
2.80993
0.542968
0.355058
4.06323
0.45233
0.45602
0.197936
0.324466
0.209733
7.30063
0.302194
0.380604
1.41836
2.85932
4.47646
0.217994
0.161378
0.197475
2.08365
0.101373
0.582134
0.689712
0.570719
0.444903
0.808344
1.90202
0.189923
0.190795
0.248904
0.145069
0.109716
0.163134
0.119291
0.376378
1.40686
0.389791
0.28414
0.431085
0.215607
0.121641
0.190867
0.24992
0.120218
0.129875
0.416996
0.428137
0.12766
3.80157
1.11072
0.700986
5.71569
0.481856
0.105269
0.374457
0.201794
0.41318
1.95883
0.153478
0.369318
0.894281
0.49242
0.621802
0.229599
2.41039
7.29378
3.38191
1.21219
0.926338
1.09339
0.583116
0.15529
8.93186
3.38494
0.129165
0.178498
0.542487
0.150589
0.43714
1.77625
8.34208
3.93966
1.01677
0.103438
0.189531
0.145563
0.52398
0.628415
7.12446
0.46014
0.762966
0.37935
0.716299
0.112035
1.05084
0.947506
1.35121
0.193678
5.31383
0.484947
5.889
1.39543
0.307855
0.132274
0.154266
0.389615
0.582814
0.259952
0.279657
0.331917
0.143196
0.321002
0.135691
0.357257
0.200512
0.115174
1.64878
0.516989
0.218216
0.523048
0.118005
0.744034
1.1945
0.117801
2.26483
0.733249
0.433887
2.68355
0.292761
2.72902
0.397314
1.10621
0.942377
1.04489
0.750473
0.180326
0.121482
0.136155
0.143738
1.48102
0.282259
0.270442
0.153838
6.21103
0.10836
0.128031
1.80985
1.35671
2.26786
9.86148
0.519651
0.522908
0.538802
2.88296
4.3977
1.05634
0.118679
0.115247
0.289877
1.57432
0.726612
0.283559
0.127273
0.144312
1.90718
0.156035
6.41692
6.14251
1.13269
3.36269
0.326449
0.251705
0.172423
0.525439
2.24471
8.14511
0.892246
0.276889
2.22074
2.46332
2.29993
3.38939
0.547035
1.54984
1.83786
0.665263
1.30857
0.151485
0.67493
0.99318
0.335068
1.97791
0.139064
0.517442
0.297411
0.537221
0.10556
3.77673
0.377735
0.326841
0.134854
0.170021
23.219
1.06808
0.765356
0.428748
0.948346
0.252784
4.3101
3.36815
2.35914
0.29904
1.16086
3.64598
0.350167
2.75123
11.1898
1.0353
4.33594
0.808032
1.26608
1.04911
0.449268
5.87435
1.03215
15.3862
1.71354
0.263741
0.476252
0.162474
0.14552
0.113675
0.127304
0.547693
0.200098
1.51997
0.896324
9.56314
0.589392
0.632845
0.178772
0.501045
0.446659
0.467875
0.758807
0.284583
0.177079
0.207313
2.29316
1.10781
0.817636
0.236864
1.88314
0.979394
4.02973
0.122596
0.383111
0.344597
0.178169
0.215699
0.194053
0.31854
0.118875
0.120437
0.480499
1.38273
0.157763
1.25996
0.198951
0.662834
0.184363
0.141918
2.22725
0.154535
0.103673
0.801655
0.134799
7.59073
0.127835
0.183913
0.263711
0.884573
0.666996
0.858132
0.160879
0.188905
0.186958
0.14139
2.08296
0.924415
1.34218
0.204002
0.305757
2.58519
0.255959
6.38162
0.477537
0.163971
4.46581
2.73431
0.485346
0.113548
1.33547
0.516545
7.43916
0.70817
0.58369
0.480509
0.201545
0.111681
2.07044
0.149223
0.191025
17.7531
3.85776
1.00133
0.293455
7.07966
0.203667
1.10763
0.83853
0.177655
0.43284
0.107668
0.193735
0.124995
7.14908
0.277514
1.32972
0.519882
0.133933
6.64942
0.334999
0.130807
0.301544
0.221752
0.424199
0.36157
0.134395
0.119381
0.530718
0.125611
0.498304
1.71455
0.102412
0.216359
0.250223
0.119408
0.497031
0.415482
2.04734
1.10486
0.564236
0.329171
0.116476
1.20383
32.8174
0.205148
0.210157
3.2194
3.56099
0.364142
0.34372
0.25003
0.875172
0.130462
0.289105
0.177451
1.66119
0.19466
0.360679
1.37546
0.231973
0.436369
0.342521
1.4852
0.169467
0.265066
0.197133
0.418956
0.864403
0.38259
5.04275
0.204781
0.306035
0.153639
0.103985
0.314298
0.919088
0.190931
0.444185
0.16786
0.243771
0.226384
0.181953
2.47855
4.63577
0.511879
0.649629
1.10711
9.63893
0.256411
0.257822
0.173252
0.620534
0.694199
0.20289
0.793927
0.681613
0.759068
0.232822
2.48796
0.502302
0.481011
0.486504
0.3153
0.513236
0.848298
3.57206
0.128661
0.123779
0.116684
0.867363
4.56172
0.231362
0.390194
0.145854
13.8915
0.113355
2.07636
0.105368
1.28732
1.3661
1.53999
0.281811
2.82419
0.131692
0.50208
0.436457
0.38383
0.233472
0.15194
0.750861
0.310773
8.10348
3.93224
0.118622
6.30665
0.150551
0.191201
0.175304
15.0441
0.158589
0.36584
5.49478
0.420072
0.117389
1.37568
0.171657
0.565216
1.40752
0.174914
0.109773
0.927746
0.19778
0.256885
0.254445
0.459053
0.108458
0.108399
0.312324
1.77843
1.79401
0.121269
0.350452
0.653068
2.03864
0.690646
0.80791
0.870753
2.66594
1.93598
0.712685
0.137227
0.260798
0.153703
0.467477
0.23244
0.15977
0.228871
0.134239
0.396853
2.26255
0.123661
0.424315
0.119022
0.55215
7.64896
0.951639
0.457255
0.430828
0.109322
0.356803
0.126236
0.183227
0.107652
2.1439
16.6042
1.15641
0.367627
0.483798
2.42213
1.07369
0.160726
3.33913
1.08147
0.119416
1.1249
0.408298
0.499339
0.2163
0.132186
8.65342
0.631933
0.236051
11.0437
0.254558
0.777917
2.1298
0.290505
0.299771
0.144745
0.708406
0.1386
4.91006
0.34594
0.84807
1.86382
1.04297
7.09894
3.89559
0.367372
0.169481
2.61955
1.10396
1.79095
10.8058
0.162617
0.192925
0.768924
4.99825
1.59834
2.99879
0.823398
1.95279
0.881867
0.532548
0.241755
0.150768
0.181225
1.39709
0.664214
0.231258
0.191651
0.220987
2.31255
0.317912
3.51866
0.189945
0.422088
0.197192
0.20925
2.16554
0.118915
0.259523
2.04417
0.594813
0.183403
0.37483
15.2388
2.7658
5.06425
1.36201
1.77471
0.763767
1.01706
0.88689
5.01896
1.58205
0.58919
0.392236
0.289444
0.227006
2.10317
0.762792
0.116562
0.105293
0.301769
1.31684
21.3729
1.72873
1.10953
1.11272
0.427296
1.01419
0.150013
0.261089
0.33828
2.94056
0.143088
0.713288
0.239123
0.679748
0.100919
0.105455
0.221842
0.153828
0.244502
11.8148
2.22316
0.321972
21.2099
0.267863
2.38799
2.02078
0.97259
0.664257
0.127947
0.440407
1.49954
0.454209
0.732916
0.922959
0.206738
2.52028
0.624978
0.14705
0.115908
0.271232
0.58883
6.12393
8.70036
0.121729
0.892938
0.137416
0.419592
1.93335
7.02019
1.05188
0.375346
9.67922
0.24307
5.35092
2.64711
0.709135
0.450683
3.04805
0.206796
0.609689
0.848344
0.181474
1.32309
1.38727
0.439331
0.16934
0.436971
0.721167
0.218906
0.101135
0.424514
0.243825
0.236651
0.163333
2.39508
1.82768
2.43387
0.61258
0.406054
0.141378
5.33855
1.08949
3.26262
0.476453
0.674778
3.69028
0.3544
1.13982
0.18395
0.319964
0.649981
7.23016
0.135957
3.71878
0.404279
0.389032
1.23269
0.699855
0.148411
0.290872
0.157452
1.62558
0.240986
0.544968
3.7196
1.26189
5.12745
0.427722
8.28991
0.238799
0.22724
5.60993
0.162049
0.366157
5.65949
0.470121
0.143975
1.01686
0.136293
0.141309
0.515548
1.34474
0.19821
10.4544
2.20369
0.214263
0.175567
1.08129
3.54575
1.31244
4.5835
0.284734
0.16651
0.124278
0.127548
0.175851
0.560401
4.23045
0.570497
0.218384
0.5211
0.974774
0.10783
0.434245
0.28472
0.553292
0.461808
0.957685
1.29462
3.0151
0.460917
0.460218
3.655
0.224525
0.647927
3.89344
2.62515
0.258933
0.300592
0.936409
0.19963
0.16155
2.20127
0.52886
0.194027
1.31639
0.176237
0.108433
0.998414
0.13693
6.51823
1.73006
0.327686
1.09979
4.64146
0.326911
0.668777
1.82047
0.297697
0.617719
0.14499
2.47998
0.564663
3.93265
0.101461
0.464684
0.164664
1.0455
0.280525
0.515377
0.146048
0.213914
0.104178
0.102658
0.104365
0.143303
0.176225
1.0141
1.5154
2.48104
0.102528
0.205961
1.96164
0.267417
0.203788
0.107588
4.42044
0.578987
0.783306
0.220556
8.90254
0.166606
0.51241
9.7777
0.154164
1.37584
12.7091
0.210358
2.03148
2.47644
1.50708
1.03377
0.595305
0.644395
0.606583
0.285366
8.52623
0.879043
0.124081
0.347332
1.50705
0.267238
0.113299
0.104775
0.166333
0.140141
0.515627
0.997065
1.4515
0.495784
0.393675
2.93582
0.277793
2.12767
0.205782
0.203296
0.162316
0.686317
0.60512
0.112816
0.47904
2.0833
7.86249
1.89119
0.224696
0.378264
0.245039
0.180983
0.172541
6.78524
1.93496
1.18489
0.158509
0.402301
0.84247
0.935758
0.223707
0.144266
0.550367
1.58666
0.295994
0.172568
0.124965
0.382741
0.278271
0.299433
0.530148
0.118645
0.9235
0.609638
0.419694
0.526733
0.13799
2.18903
0.163619
0.484311
4.50615
0.143142
0.112217
0.537455
0.163642
0.307023
0.800719
0.112235
0.179095
1.86691
15.6768
0.85802
1.34295
0.17704
5.08435
0.201256
0.140542
0.126272
0.181384
1.32925
0.199109
0.109845
0.286407
1.55319
3.97984
0.588378
0.103218
0.517737
0.406486
2.04789
1.43662
0.566429
0.311464
0.664973
1.33908
1.84135
1.76652
13.5759
1.12557
0.117363
1.20248
0.881751
1.96658
2.4125
0.199503
0.242819
0.405855
14.4551
0.130418
0.164829
0.165831
0.106536
4.39285
1.17971
1.03113
0.227445
0.119315
0.717257
0.280338
1.26075
0.367414
0.41343
0.227338
0.258832
0.230846
0.151177
0.556196
0.368252
0.569326
0.561431
0.172519
2.09807
0.963285
0.203657
0.366497
11.0746
0.640484
0.944867
3.98929
3.00814
11.4099
0.695488
1.51683
0.126186
0.968073
7.24276
0.650276
1.20682
0.100678
0.461331
0.240075
3.64629
2.08824
1.18342
0.26464
0.12103
0.139341
0.365914
0.59217
0.150861
1.12442
0.840722
0.288486
3.12403
0.411167
0.770382
0.587914
0.110096
0.762365
0.370622
0.400193
0.118201
1.2781
2.46552
11.7563
1.40938
3.25282
1.2651
0.176555
0.139145
4.90729
0.276708
0.14771
0.122193
1.94672
2.72955
2.69372
0.11819
7.74615
0.659321
0.148663
0.277645
7.81121
0.116725
0.344955
0.440111
0.235166
0.172431
0.319578
0.998918
5.42772
0.108252
0.796571
4.08724
1.10767
0.189912
0.100174
0.144739
1.75437
0.308041
1.49863
0.140122
2.41616
0.372154
7.08743
4.07932
0.239372
2.25928
4.63276
0.484046
4.02855
0.132018
0.585499
0.471352
1.67825
0.171701
2.69463
3.93164
0.327056
0.350791
0.841844
0.317194
0.679278
0.109866
0.344663
0.218906
0.451784
1.13762
1.35359
0.222249
0.129701
0.233333
0.196644
6.80456
0.289033
0.546133
0.187979
0.12756
0.621718
0.418531
0.253237
2.52042
0.229981
0.308784
5.98922
0.183209
0.104664
4.29534
0.56318
1.59078
2.88485
0.34886
0.143328
2.43843
0.85669
3.83929
4.44586
2.43989
1.68834
0.104361
0.108584
2.94387
1.49381
6.86006
0.153829
0.129899
9.64308
1.59254
0.259184
0.105848
0.961133
0.58583
0.138968
0.376992
0.625894
0.500096
0.382374
0.29005
1.36009
0.327953
1.13736
0.295542
0.17621
2.39253
0.192822
1.31314
0.954479
6.32553
8.9667
9.54918
0.323191
0.131846
0.105627
0.652904
0.445852
0.443692
0.135966
1.62882
2.37118
0.211197
0.147476
0.317312
0.223456
3.83933
2.37456
2.14926
1.44891
0.128006
0.204962
0.451305
0.231612
0.285148
0.191717
0.203047
0.49338
0.110894
14.3245
0.219116
1.66683
0.219812
1.83786
0.16168
0.110022
0.950624
1.89278
0.406239
0.14655
0.267609
0.310891
0.295525
0.259436
0.241466
7.4675
0.142146
0.100789
0.105202
0.779539
0.255654
0.22292
2.15105
0.641375
0.299418
0.76863
0.362917
0.103426
0.588738
0.355635
0.204322
6.00457
1.8271
1.43477
2.54526
11.7605
0.122824
0.541306
3.56738
1.23008
0.397928
0.415239
6.08358
0.436189
1.50358
0.186805
0.373032
3.53578
0.193838
0.548896
0.480898
0.617398
0.10926
0.198279
0.106431
1.28055
0.188203
3.94104
0.194601
0.206959
0.98128
0.145543
0.585523
1.09824
0.473352
2.56335
1.99396
1.23266
0.695214
0.401092
0.103237
2.00644
0.454346
4.56909
1.01025
9.53056
0.587002
0.866162
0.389163
1.29453
0.178868
0.220814
0.603335
7.49847
0.724751
0.252316
0.410517
0.92866
1.9876
8.10611
1.2402
0.363285
0.193421
1.20245
0.181959
1.5609
1.47487
0.503699
0.215308
0.344437
0.415622
0.247952
0.104497
0.346999
2.4003
2.48344
0.226034
2.30952
2.3495
0.321423
1.0599
1.12675
3.45815
0.129856
0.677425
4.4973
0.187339
0.144258
5.14788
0.132419
2.36244
2.3882
0.997288
1.7897
0.619946
0.122632
1.22356
0.694164
0.901006
0.345648
0.179593
0.310759
0.330261
1.56741
0.443014
0.11714
0.214184
3.92544
0.266978
1.80783
0.111574
0.208706
2.29617
0.637351
0.104941
0.16846
0.126786
0.237292
0.222243
6.31909
1.48214
0.533757
0.585219
0.360102
0.743298
1.56338
0.562066
0.483726
0.45432
2.35564
0.633126
0.234998
0.509671
0.227951
0.362892
0.201693
0.336532
0.171378
0.210074
6.12418
0.399133
0.472809
0.115825
1.52375
0.995983
1.05942
0.866825
2.94451
4.90708
0.552455
0.447983
1.09529
0.258415
0.323555
1.45588
1.16628
0.356783
0.315439
0.429401
0.258885
1.37496
0.655707
0.379513
0.187375
0.150075
0.151117
0.976777
0.385477
0.282268
3.07331
0.847677
0.145245
0.151539
0.108483
0.430434
0.115837
0.229629
4.65823
1.25538
3.2857
0.149743
1.13958
0.174531
0.180461
0.115134
0.387027
0.140204
11.6387
8.80217
4.15273
0.272996
3.18825
8.39258
3.56441
1.24731
0.429501
13.7241
2.1822
1.83319
0.525827
2.86342
0.239171
0.904945
0.759907
0.588423
1.0185
0.606593
0.428475
0.206726
4.37189
0.501767
0.918389
1.21136
0.288148
0.221153
0.778188
3.24286
0.341579
0.148406
0.386178
0.652486
0.258233
0.109958
21.4607
13.4976
0.558724
4.35502
0.756946
0.16965
0.170079
0.16238
0.411128
0.100962
0.596634
2.04713
0.679377
10.5923
0.213545
0.21132
1.09117
0.357932
0.336719
0.10807
1.73997
2.35088
0.664227
1.09909
1.65097
5.12557
0.301357
0.481739
0.20478
0.58141
0.511353
0.973978
2.31651
1.17718
0.109234
0.186217
1.72357
0.253576
10.1602
3.75667
1.1497
0.468582
3.46656
2.8913
0.49156
0.134507
0.210276
14.3111
0.192575
0.665501
9.96424
0.270084
0.539639
2.60258
2.44199
2.72074
0.231816
5.55031
0.713368
11.3306
1.99084
0.104043
0.211051
10.7649
0.143101
0.913746
5.29008
1.64158
0.154484
1.35967
5.16975
0.231044
0.114151
0.928187
0.612076
1.48136
0.449431
1.26692
3.45402
4.92368
0.242215
4.65489
3.40998
0.393146
0.851963
0.975437
8.16851
0.663519
3.30694
0.242812
0.25521
0.29178
0.151058
2.11965
1.4829
5.20353
0.313447
1.75082
0.410396
0.556522
3.73222
0.663024
0.197578
1.80657
0.144213
1.69944
1.41905
2.36823
0.10384
8.41636
0.475481
1.27897
2.53276
1.58868
0.168295
1.19209
0.187367
1.54415
0.412356
1.20063
0.207164
4.41118
0.174065
0.120708
0.103855
0.354576
0.432422
0.193282
0.100473
0.166301
1.20424
1.4286
0.144297
0.136825
7.25935
0.208762
0.154517
0.188963
0.177261
0.191732
0.573898
0.102068
10.1116
0.100378
0.434416
0.312636
0.11042
11.27
0.267305
0.148335
1.5853
3.43356
1.73215
0.663422
0.321515
2.64903
1.16763
0.191077
0.227015
0.393927
0.158593
0.210702
0.367452
0.205965
3.30977
2.8797
0.2458
2.4397
0.272974
3.96009
0.521863
0.179159
0.485897
0.144926
0.458188
0.266358
14.1191
0.221842
0.123406
22.1499
2.68052
1.54039
0.599517
0.10208
2.69327
0.139157
0.113634
17.2451
0.139321
0.234851
9.25568
0.265231
0.68242
0.218633
0.318377
1.82596
0.211282
0.137541
6.56676
3.22456
6.59891
0.161833
0.563025
0.115542
1.89601
0.553462
0.358763
0.522623
0.101662
0.145303
0.64466
0.46824
10.7591
1.0298
3.41097
0.65549
0.597466
0.346179
1.74878
0.507607
3.63037
0.373137
0.156927
1.06469
0.749596
0.253528
0.666344
0.359267
0.901939
0.457449
0.764592
0.194059
0.100305
0.712583
0.295136
0.369484
0.1428
0.676691
1.91948
0.22415
0.105373
0.177798
0.21717
0.35627
0.56926
0.239811
0.424607
1.35983
2.21339
0.267003
1.31851
1.38498
0.558289
0.300065
0.591211
1.65147
0.123004
2.07848
0.133801
0.116888
2.37704
0.675555
0.322775
0.331065
0.116219
0.813874
0.148795
2.48821
1.05024
0.342194
0.121435
0.74672
0.128957
0.771206
0.779409
8.66533
1.05341
0.411377
0.570319
0.825066
1.01743
0.266223
0.113887
0.128213
0.633622
5.92508
0.185708
0.14062
0.222582
0.577564
0.146521
0.116371
1.81991
1.12661
0.856123
0.329346
3.38028
0.106379
0.191706
0.200156
2.4189
0.130717
1.16875
0.120644
0.563839
2.98586
3.12898
0.319423
0.277927
0.531526
2.6044
0.326955
0.255524
0.59214
0.169756
0.114163
0.190109
0.10732
0.321452
0.138742
0.178419
0.233924
0.283585
0.194944
7.7179
0.117371
0.350967
0.255279
0.596148
1.33531
0.746349
0.255366
0.201598
1.19522
0.413685
2.32016
0.113332
0.25989
3.69045
0.475407
0.139255
0.586632
2.7906
0.181962
0.336397
2.03635
0.782091
1.77421
4.39185
4.37649
0.405699
1.82317
2.68677
6.34092
0.426112
0.343718
0.574571
1.05133
0.149079
0.264741
0.665291
0.640278
2.25599
4.92717
1.72124
0.636471
0.172092
1.23842
0.725322
1.24548
0.225023
0.828787
0.101774
2.14355
0.237617
1.66407
1.58724
3.79501
0.239264
0.345612
8.10574
0.711789
0.859054
1.079
0.739108
0.168123
0.1718
1.29046
0.170612
0.507148
1.54915
0.123391
3.83974
0.102779
0.889495
0.261886
0.203564
0.812728
1.36925
0.221838
0.30069
1.03143
0.718435
0.428874
0.299319
0.999584
0.291953
11.9452
0.617524
0.11958
2.60444
0.258989
0.98179
6.33059
7.24234
9.75909
6.92279
0.183603
0.292936
0.605129
6.21815
1.38125
0.258273
0.1002
0.331992
0.132383
0.13738
0.378338
0.888357
0.199281
0.691641
0.406438
1.67558
1.74954
16.1386
0.21126
0.157077
1.10566
0.424387
0.116919
1.68017
2.32029
8.35462
0.284536
0.57324
0.98087
5.18823
0.638953
0.148737
6.50118
0.154142
0.231984
1.13048
1.08589
0.262241
0.10254
1.21088
0.317323
0.917694
0.213506
2.8311
10.8725
4.88719
1.48686
0.397789
1.11059
0.151941
0.520097
0.279143
0.227625
3.37154
1.07085
0.173332
0.44624
0.215664
0.222291
1.04256
0.83342
0.394703
0.306507
3.59125
0.411704
0.134618
0.666479
1.00275
0.155832
0.279427
0.100543
0.845232
1.41713
0.377824
0.213188
0.214502
2.74194
0.484465
0.372923
0.94775
0.213641
0.81844
0.423182
0.901986
23.7433
2.67082
2.96266
3.48033
0.613178
0.247625
0.516943
0.287411
0.16769
0.821872
0.130479
0.292634
2.67665
0.144797
0.22181
0.251325
1.31345
0.128451
1.53985
8.26071
0.168411
0.102141
0.141887
1.72156
0.531079
2.56301
0.740444
0.253704
0.42891
0.268624
1.09239
2.21139
0.12308
0.292726
6.40591
5.47709
0.681504
7.60733
0.28687
0.455184
1.02679
0.173125
0.193903
0.163756
0.180523
3.70795
1.80019
0.181775
0.126083
0.122418
1.38764
0.416821
2.31516
0.192438
0.205736
3.59386
3.5691
1.08075
2.04143
0.224872
3.2382
0.264276
0.144167
0.804991
0.802761
0.331745
0.103031
0.249302
1.08247
0.896984
1.27655
0.237933
0.905435
0.106214
4.3159
0.892271
1.08125
1.13472
2.30726
1.18511
0.238266
0.106688
0.948896
0.583744
0.442628
0.750435
0.186357
0.10836
0.132665
0.107096
13.0316
5.56351
0.246665
0.469015
1.75812
0.775676
0.345245
0.365
0.381631
0.503121
0.118871
0.100793
0.268376
0.643577
0.527069
1.34452
0.732988
9.1185
5.13232
0.273796
0.628387
2.74006
0.279024
0.639314
0.28952
1.76466
0.244939
0.28292
0.379112
0.374829
1.71406
2.88906
0.518573
1.24723
0.849811
1.13784
2.52431
0.128784
4.60157
0.445822
0.122629
2.31694
0.347097
1.45494
3.32615
0.776257
1.11434
0.891188
1.87818
3.8569
2.72412
2.6226
0.110775
6.76029
0.991678
0.172389
0.979761
0.129242
1.14937
0.139712
0.977013
0.614366
0.103598
0.918523
0.245602
0.22652
0.375961
0.197994
0.502855
0.160021
0.539794
0.225717
0.345365
0.10977
0.979368
0.380978
0.206389
0.656931
0.319181
0.18939
0.454028
0.420816
2.86261
0.349302
0.111614
0.184253
0.207245
0.21472
0.126037
4.38052
0.568704
0.224553
0.274552
0.104687
0.219884
0.244888
0.694702
0.512515
1.94026
0.76894
0.399454
0.179563
0.232039
0.287674
0.533054
0.250994
0.843057
0.324349
0.222411
0.643932
1.18121
1.85896
6.05394
0.163294
0.635453
0.356808
0.799865
0.298991
0.120934
7.12334
0.325692
0.260197
0.255679
0.212759
0.106934
0.348332
2.2944
1.08394
0.636464
0.353096
0.278707
0.154007
0.210272
1.37393
0.63505
0.723386
0.261936
0.355869
0.319477
0.624867
0.43214
0.444922
0.4846
3.97414
0.243813
0.766908
0.238684
0.129839
0.104233
0.577777
0.202916
0.683228
0.601629
1.00964
11.312
0.179641
2.54188
1.14647
0.26067
0.405313
1.02793
0.511505
0.263403
2.15575
0.326124
0.108382
1.56306
0.12971
0.157061
0.274131
4.05781
0.188082
0.101491
0.13193
1.52017
0.123351
0.142741
1.02937
0.140565
0.232188
28.4114
0.190303
0.739177
0.252886
2.1501
1.07753
1.73349
0.308179
0.702723
0.224277
0.208582
0.298193
0.120304
0.965033
0.815869
2.20163
0.470077
0.23639
0.72634
3.48627
1.19518
1.14536
0.335738
0.434117
1.57424
0.696642
0.28309
1.03738
0.193439
0.101702
0.14002
0.709888
0.200808
0.107198
5.41032
0.126607
0.100536
0.415022
0.162913
1.3861
0.825129
1.59228
0.143218
0.225807
3.94442
0.871029
0.422777
0.174369
1.02339
1.68087
0.247272
1.26023
1.14895
6.3039
11.9377
0.518004
0.130916
0.328442
0.789606
0.144187
1.3031
0.503448
0.581978
0.165364
0.1151
0.157378
0.909544
0.254282
1.65235
0.422598
0.145195
0.175957
0.426392
0.132511
0.143662
0.440148
0.187489
0.202684
1.11461
0.445422
1.14112
0.218237
1.13388
0.107897
6.94666
2.50859
0.667823
0.112909
1.31325
1.88987
10.8674
0.374674
0.257646
3.57548
2.17446
0.279235
0.249145
0.113936
1.7711
1.46994
0.213084
4.88834
0.43775
6.29449
0.130457
0.298587
0.701694
1.79133
1.12172
3.36359
0.174455
1.20645
0.235298
0.134677
1.05892
0.334748
0.340137
0.913596
0.345664
1.11015
1.17391
0.117838
0.307739
0.434591
0.210507
0.508405
11.5898
0.126979
0.700137
0.320589
0.114564
0.728888
7.13647
0.169325
2.32714
0.141967
1.64238
0.586621
0.209236
0.205641
0.515008
6.15575
0.175499
1.43243
1.27565
0.169438
9.52694
0.757548
0.994769
8.61023
0.129942
1.89098
1.06412
0.200847
0.432898
0.130191
0.196986
1.06134
3.62268
0.130785
0.104133
0.271297
4.4833
0.373863
0.201567
1.71436
0.347185
0.849499
0.45928
0.192112
0.626058
0.131432
10.8625
1.93042
0.478732
0.157051
7.31993
1.68584
0.191016
0.442029
0.358417
0.24564
13.4763
7.9844
0.591557
0.423271
2.50333
0.7634
0.140661
0.245286
0.321349
2.59007
0.228314
0.38605
0.45398
0.501365
2.14151
1.5732
0.12182
1.21018
0.168952
0.202899
0.14916
0.978515
1.50372
0.75257
9.55116
0.189517
0.50959
1.14333
0.152695
0.566798
0.588648
1.15541
0.121979
0.356062
0.251374
0.777923
0.502208
5.06973
0.723847
1.34275
0.74227
2.1796
0.30206
0.938297
0.796768
5.53256
0.360616
0.268345
0.190412
0.241098
1.20577
2.85845
5.55143
0.746619
0.203228
0.379623
3.23639
0.38687
2.02572
2.98923
1.02581
4.6568
0.304164
0.582568
0.733942
0.101076
0.143931
0.183278
2.22292
0.790948
0.102455
0.101263
0.300549
0.168752
0.303809
0.717299
0.102376
0.495886
0.12866
6.32574
0.523371
0.37381
0.15334
0.321442
0.693609
0.441563
0.20025
0.108063
0.409409
0.208206
0.125846
0.289424
0.311991
0.19185
0.782666
8.90671
0.259339
6.61114
0.453646
0.406651
0.977002
9.08112
0.19743
0.165174
0.378496
0.259554
0.143193
0.314376
1.41758
13.9198
0.994962
0.32664
1.16806
3.38476
3.94934
0.108534
0.192751
0.380972
0.344073
0.224787
0.576335
8.89212
0.213068
0.103154
0.129655
3.08929
0.261203
0.350438
1.90337
1.2457
0.122087
0.279774
2.44632
0.171774
0.101343
0.894623
0.467536
0.199311
0.396886
0.146948
4.2163
0.155443
0.809008
0.223427
0.10514
0.583577
0.992303
0.560874
0.131717
0.150297
0.267874
0.114454
0.571663
4.94747
0.143063
1.52997
2.56113
2.67624
0.18092
0.367356
0.244443
2.08648
0.187855
0.523475
4.12553
6.789
0.113237
0.128618
0.51198
0.250292
1.33184
0.417787
0.257154
0.779055
1.54482
2.54735
1.20603
0.520211
1.76969
0.333904
0.254718
0.611925
0.135916
1.33755
0.473949
2.41759
0.301767
7.34919
0.405135
2.80295
2.59027
0.183921
1.06558
4.7298
5.64279
0.36738
0.301119
0.802234
0.210116
0.270813
0.325341
0.131406
2.67129
0.45664
0.228776
29.1996
0.139933
4.01577
0.227448
1.00775
0.759195
0.831728
2.01008
0.567982
0.704317
0.192813
1.23938
0.355646
0.578033
0.884007
0.109241
0.17579
0.160029
0.489451
0.230897
0.318256
14.2078
0.578003
8.02297
0.247044
0.136356
0.29048
0.328978
0.231725
0.642354
2.62687
0.420031
14.8525
0.759612
0.635363
0.767912
0.978131
0.896931
0.225122
0.10389
0.157892
3.96003
0.861595
0.123885
0.499663
0.321247
1.25661
0.151569
0.208832
0.273893
0.215629
5.778
0.120852
12.6149
15.8926
0.174491
0.110876
6.98983
0.459801
0.101898
0.107685
2.2319
4.8089
0.393145
0.527681
0.184156
0.185083
0.157407
2.41752
0.126176
0.321783
3.26963
1.89863
3.84588
1.25812
0.632727
0.258589
0.197387
0.153252
0.778896
0.148252
0.168268
0.505707
0.875269
2.17856
3.31902
2.86757
0.922478
4.6772
0.164429
0.713939
0.253193
0.306558
2.09723
0.223587
0.269081
0.453784
0.10208
0.172861
0.104856
0.155561
0.526636
0.178275
0.955416
2.30567
0.109221
0.710335
0.395408
0.189527
0.167163
0.520535
1.04517
0.229906
21.6721
1.10435
3.11293
0.153881
0.337427
0.476415
0.516705
0.652405
0.194855
0.947392
3.97126
0.494924
0.679182
0.616189
0.364332
0.114895
1.5037
0.27942
0.157777
0.322395
2.02192
0.526267
3.17571
0.165927
0.953935
0.399737
2.23683
0.124069
0.22637
1.25078
1.69975
0.925153
0.109232
0.116647
2.864
0.184004
1.00321
1.14672
1.01037
0.263711
0.112665
0.204157
0.192958
0.113444
4.15327
1.10094
0.313809
0.519176
0.304557
1.89127
0.303105
0.171148
0.377518
0.179359
0.10884
0.777799
3.94648
13.6574
2.49739
9.67793
0.597746
0.215377
11.7093
2.37946
0.115887
0.759377
4.71815
9.36749
0.190942
9.74698
1.62938
0.46727
0.346058
0.935516
0.144258
3.79481
3.5755
0.380598
0.169877
0.241141
0.171888
0.480959
3.53999
0.209522
0.284971
9.60897
0.676469
2.19372
0.251867
0.117737
0.149771
1.38654
6.3229
0.144276
0.552928
0.105282
0.111575
3.03445
0.166573
0.444058
0.965097
1.31651
0.284437
2.26202
0.117315
5.01388
0.225057
0.204936
0.120664
0.756634
0.135319
2.45289
1.10121
0.220713
0.273567
0.371952
0.307814
0.465529
0.182534
1.54528
0.408517
0.277064
0.448979
1.26617
0.465209
1.2046
0.561584
1.00784
0.105682
1.59194
0.608869
0.169032
3.87042
1.3634
0.153284
1.56487
0.151766
0.143854
0.121807
1.37638
0.261492
0.483171
0.117176
0.201532
0.161708
0.135504
0.446071
1.11201
0.431703
1.22147
0.114794
2.44966
0.466486
0.260002
1.02661
3.40473
6.21936
0.193772
2.16259
0.219133
2.64587
0.106946
0.175561
0.124886
1.2972
4.12851
0.412977
0.162069
0.188396
1.40979
0.111641
2.44434
0.668668
5.94011
0.122891
0.220083
0.100745
0.180213
0.216842
1.37863
0.155859
0.13716
0.703159
0.221281
0.605318
1.3836
0.143291
1.45469
0.130894
9.16869
0.43336
0.444703
3.14853
0.288211
0.211684
7.65368
0.214029
0.3493
0.141308
0.147991
9.0722
1.35161
0.413594
2.10447
0.369779
12.71
1.5057
2.57568
3.11118
3.33634
0.223185
0.277169
0.620181
1.18584
0.218598
2.9158
0.253995
6.8311
0.56453
4.62312
0.184173
7.3639
0.467154
0.241283
0.43229
0.117754
3.91202
0.100971
0.161538
2.77091
0.35719
0.284232
0.594692
0.122973
2.05243
0.215844
0.137944
0.132294
0.13039
0.203004
0.555284
0.189684
2.79408
0.258808
11.704
0.252687
0.118684
0.136223
0.293705
0.559952
1.20673
0.357721
0.295344
0.22361
0.641424
3.92983
0.350276
0.288896
0.208822
0.260469
0.248696
1.11846
0.139679
0.145138
0.661677
0.372248
0.14287
0.666099
4.97364
0.489706
0.322774
0.116668
7.371
3.20537
5.91898
0.168803
0.301752
1.59759
6.29128
8.91415
0.815932
0.492118
3.33209
0.227724
1.35433
0.350126
0.105458
4.64791
3.78144
0.137263
0.305731
1.40174
13.227
1.74054
5.1948
0.163528
0.101542
0.237379
4.20929
0.812699
0.26057
0.322974
0.170482
0.557312
0.616714
0.431617
0.471573
0.14305
0.163171
0.990024
0.300379
0.153227
0.332032
0.107176
0.176946
0.160741
0.13749
0.297149
5.62684
0.866421
0.833266
0.685003
0.292311
0.153358
0.629889
0.158994
0.552482
0.314647
0.123012
2.18596
1.63831
0.754318
0.700172
0.25349
0.122705
0.107289
0.133153
1.32545
0.132398
0.619346
0.360087
0.759687
0.114906
0.181431
1.58692
1.80868
0.794484
2.63367
0.711459
0.710305
0.385972
1.44702
1.41395
1.19344
0.271118
1.19754
6.73466
4.21863
0.119893
0.883265
0.496549
2.28077
2.68576
0.794276
5.11384
0.137678
1.19781
2.78058
0.684993
0.197923
0.91889
7.75914
0.188969
0.233676
1.8307
0.375714
0.206588
0.888121
4.08278
0.667647
0.642391
0.156343
0.848215
4.20388
0.85774
0.108039
0.133497
0.451405
0.495706
0.18462
0.781084
0.598349
2.68059
0.859578
11.7355
0.351725
0.114573
6.3281
1.00782
0.133919
0.862377
2.65006
0.207714
0.888333
0.317466
0.193749
2.4727
0.201465
0.150111
0.12593
0.592796
0.104754
0.724584
0.159744
0.269816
0.465648
0.443674
0.184605
1.82868
2.93149
0.925118
0.558975
0.124807
0.132828
0.411288
1.07904
0.371967
0.143679
0.451407
0.846576
0.250877
0.171971
0.519282
0.149766
1.71538
8.53961
0.109594
0.153414
0.110505
0.215014
0.137129
1.68064
0.118229
3.73256
7.47851
0.319065
5.06947
2.99791
0.563279
0.174988
4.46294
1.97295
0.184666
1.62729
0.178004
2.2766
1.10375
0.684417
0.991195
0.451986
3.48988
1.79679
18.3198
0.923886
0.119011
3.05644
13.974
1.29713
0.139844
0.159711
2.99184
0.287174
2.73021
0.749264
0.203039
0.54024
0.115937
0.507353
4.63594
0.419808
0.609675
0.180607
3.57564
1.90709
0.265821
0.111644
6.70531
2.18364
0.583391
6.78176
1.21374
3.30944
0.494037
0.1602
14.6944
0.150293
0.502739
0.104649
0.201331
4.71728
0.295798
3.00012
0.383391
0.162194
0.409501
0.217715
1.01874
2.03124
0.722319
0.605536
3.12608
1.04432
0.262247
3.76764
0.312798
0.11588
1.80645
0.259256
0.202285
0.358534
0.124696
0.140729
2.11847
0.186957
16.2733
1.57843
0.211214
0.158435
0.162898
0.603597
0.852425
1.30869
0.841662
1.30898
0.671651
0.152517
0.601909
0.323682
0.167437
2.8665
1.80954
0.214884
0.173959
0.189498
0.122655
0.439738
1.92984
2.62815
0.109933
0.836445
0.28785
0.187245
1.50147
0.211645
0.256781
0.172887
0.376333
0.624898
9.27893
5.13638
4.57434
1.61215
2.48603
0.184843
0.440612
0.603683
0.133644
0.101208
5.45141
4.20722
0.142461
5.82607
0.100814
0.567442
1.21969
2.15583
0.596689
0.15168
3.52578
0.162283
0.427852
3.37777
0.129111
5.69798
0.156049
1.19736
0.600603
6.5933
0.557209
0.508816
4.60881
0.365434
0.659046
0.339592
1.6097
0.480092
0.924398
0.326283
0.295463
0.972637
0.638732
1.09467
0.955979
2.34787
4.53022
0.130171
0.207328
2.16697
0.795266
2.9156
0.21317
0.289715
0.161504
1.32805
0.576076
0.135024
0.150172
0.107674
1.06327
3.30157
1.56677
0.187188
0.255403
2.0226
1.88694
0.188924
0.532933
0.564028
0.354265
3.86244
0.369495
0.268231
0.337566
0.498788
0.146727
2.44866
1.42227
0.127269
0.567062
2.61706
0.106467
10.5342
0.289037
0.191748
0.355016
0.219144
0.454469
0.386205
0.64165
0.509817
0.229195
1.5048
0.531919
3.31787
0.707239
0.440653
0.852755
0.936575
1.56397
0.120945
0.111337
0.595155
1.08179
3.11857
8.83765
1.14251
0.204852
0.245747
0.246009
0.236501
2.37993
0.179548
1.25378
0.698962
1.78232
2.64729
0.401606
6.28688
2.1667
0.159799
0.109271
0.674339
0.270565
0.184462
0.564184
2.63363
1.05549
0.231905
0.129059
1.79887
1.2842
2.78194
2.01413
0.2094
1.09632
1.49169
0.974597
0.539127
3.62972
0.149164
0.348886
11.6354
0.612967
0.100757
1.20867
1.3067
0.712942
0.122054
2.79086
1.19086
0.505468
0.391703
1.60007
0.792736
1.22384
6.81914
0.129416
0.156478
0.341145
0.103317
0.312347
0.384934
0.889808
1.53187
0.584898
3.63943
0.306019
2.85607
2.17595
5.96868
2.44531
0.958915
0.10361
1.098
0.125815
0.278708
13.4486
0.806787
0.278289
0.182518
0.240618
3.4092
1.13425
2.41225
14.901
1.2647
4.5406
1.11589
0.151935
1.51289
0.15459
0.342913
0.148099
0.280463
0.116768
0.236405
4.44117
0.179748
0.204709
0.38825
0.135926
0.140392
0.634075
0.114494
0.144757
0.11752
0.199152
0.751453
0.113114
3.5209
0.252985
0.547702
0.224582
0.224118
2.26466
0.259936
2.79628
0.18073
0.114219
0.391277
10.6474
2.85518
9.99812
3.10718
0.174069
0.120502
0.284678
10.9627
1.16627
0.45494
0.653874
0.188413
4.73914
0.446054
2.5534
0.528634
2.58615
3.74336
0.158175
0.115486
0.243989
0.333056
2.36093
0.189396
0.540769
0.800928
0.296935
1.10712
0.149679
0.183563
0.734564
0.447035
1.11567
1.96822
0.205486
0.202319
3.5706
16.0573
0.251024
13.2146
0.219625
2.14728
0.193387
1.2583
0.499474
5.11699
0.147511
0.100107
1.17396
0.250102
0.561203
0.11672
0.986447
0.414378
0.872318
1.15009
0.112295
0.110415
0.1367
0.244827
1.39239
3.64901
0.661191
0.845678
3.41327
1.61226
2.78748
3.7312
0.112292
7.42828
1.66208
0.504867
0.99967
2.24386
0.602975
0.46395
3.48571
0.229082
0.183578
0.293811
0.219853
4.23626
8.91347
0.228968
0.135632
0.395196
4.14134
2.12839
1.5283
0.178916
1.26045
1.49909
1.39646
0.194352
0.169936
0.15933
0.112157
2.73505
2.38031
0.648579
0.455802
3.46201
5.34377
2.10372
2.14855
0.135022
0.212191
0.260681
0.105339
0.122572
3.70468
0.116506
0.198687
1.0494
0.804717
0.315418
0.17348
1.5707
2.81171
4.86353
0.895643
1.07741
1.21359
3.55693
1.33507
3.01927
2.12271
35.2925
0.469389
0.635987
5.15198
0.252416
0.260988
1.96291
4.98114
0.3778
0.519229
1.98927
8.37601
5.06408
1.28283
6.02495
0.194374
1.24269
0.129032
0.233156
0.291581
0.272956
0.646495
0.103627
0.890792
5.01791
0.164883
2.39471
0.396977
0.205211
0.470101
0.518064
0.132088
0.426861
4.57161
2.21533
0.926647
0.171614
0.311765
1.19587
2.09513
0.612032
0.241039
1.09931
0.404456
0.11065
0.230786
0.230205
0.320319
0.548295
0.245309
0.155048
0.105902
3.93272
2.95539
0.78888
1.08569
0.366402
0.101078
0.14512
0.167346
1.59784
0.108344
0.935313
2.24671
1.05522
0.508656
0.18003
1.19001
0.239942
0.138273
0.812048
0.339123
12.6274
0.119152
0.275789
0.122255
2.95064
0.388982
0.161672
0.13459
1.42914
1.66775
0.131597
2.22948
0.199532
0.494585
0.165003
0.365373
0.197454
0.389902
0.224912
2.93886
0.690416
0.10606
0.901202
0.195315
0.407553
0.857556
0.345936
0.119838
0.826968
0.170552
0.225045
0.113748
0.159221
0.297834
0.272613
0.110309
0.848581
0.108509
0.421884
0.10824
0.291858
0.15472
0.155242
0.184201
0.251339
0.488852
0.124627
1.22004
1.21388
6.3946
0.572252
2.0075
0.744903
0.117095
1.7452
0.764037
0.29165
0.150979
0.465332
1.71755
0.24154
0.112322
0.287208
0.142445
1.20831
2.55786
0.277079
0.110338
0.209863
1.06839
0.855956
2.13584
0.148411
0.75905
0.362389
0.169273
5.65493
4.25957
0.149137
0.56678
1.3731
0.532516
0.342102
0.119703
1.0022
3.17437
0.246398
0.509365
0.52086
2.36074
0.320259
0.910723
1.78393
0.969986
0.401616
0.744196
0.150873
0.213449
1.23446
0.254158
0.440634
0.610251
0.159195
0.2636
0.696156
0.22745
1.16954
0.764988
0.102497
0.114032
0.584559
2.78581
0.397383
0.474764
4.80146
0.55413
0.842376
1.20036
0.426521
5.9893
0.480419
0.22376
0.192249
0.414436
1.3045
2.59723
4.68533
0.192441
7.2185
0.22949
1.88806
0.161011
0.151815
1.02202
0.175118
1.02341
0.260144
0.595033
1.86546
0.229209
0.101477
0.350207
1.78052
0.18816
0.348398
2.71383
0.113587
0.439524
0.52562
1.05239
0.209368
0.359196
13.4265
0.983354
0.189987
0.474525
8.51351
0.729825
2.78724
22.566
2.12993
0.464819
0.1145
0.167175
0.152137
0.614959
0.169043
0.153529
0.309026
0.266153
5.79977
0.304279
0.189329
0.3843
0.739523
0.871452
3.88299
0.835821
0.316114
0.150973
0.342526
12.1769
2.20002
0.212326
0.127549
0.479288
1.47297
0.665543
0.640594
1.06808
0.116655
1.17849
0.159829
0.343359
0.155265
0.131618
0.134627
0.783514
7.8303
0.754531
0.185976
0.57783
0.201812
0.207514
0.104532
0.102878
0.151555
6.45244
0.210312
0.314644
14.4221
0.184004
1.68658
0.299949
1.40747
0.233457
0.183533
0.69076
0.946593
0.26617
3.25679
4.6755
4.04496
1.09716
9.25185
0.595982
0.167132
0.985242
0.382593
6.91902
0.864576
4.19424
0.545919
1.01322
0.375738
0.453655
4.21699
0.166662
0.768216
0.218881
0.729895
0.231693
0.402273
0.345934
1.605
0.121685
2.10418
0.448533
1.11246
1.13642
4.83736
0.228131
0.213701
5.07104
1.04336
2.08382
10.5992
0.130614
0.107021
1.99278
1.12288
0.347407
2.13409
0.200584
0.443482
2.12585
0.279645
0.167793
0.204293
1.97113
1.54848
0.266796
0.376295
0.39196
0.294511
0.424228
0.209448
0.817051
1.11592
0.109853
0.109665
2.33948
0.137816
0.431909
1.69565
0.179655
2.44157
0.437391
1.49312
0.781489
0.974868
2.65674
5.45832
0.154061
1.27735
0.191035
0.538284
1.21016
1.30809
5.80418
0.21123
0.373263
0.978939
0.650104
0.441646
0.271748
0.618198
0.141506
0.47693
0.277999
0.132023
0.208761
0.708345
0.288956
0.437104
0.50734
0.9768
1.07332
0.443813
1.60237
0.192211
0.995212
0.60378
0.125142
3.10208
0.4309
0.161843
1.2061
0.77286
0.177564
2.20529
0.4424
0.31654
0.191275
0.165751
0.474642
3.44218
0.35233
0.530695
0.179297
0.190413
0.100727
0.111768
0.214098
2.97891
6.78726
0.898395
0.103161
0.195405
0.284491
5.65739
0.751735
0.6277
0.666967
0.199533
1.19113
2.23253
0.178237
0.273328
0.125967
1.37572
2.03899
0.342476
3.52327
0.16442
0.132306
0.199097
2.26947
1.23799
1.35678
0.666844
0.316292
0.98098
0.295552
9.42761
0.77107
0.292734
0.90072
0.131767
0.409796
2.20593
0.309167
0.523508
0.183895
0.375306
3.02313
0.461819
0.229937
0.490578
4.1453
0.326536
0.324405
0.518765
0.501943
0.252053
0.238724
0.388503
0.378412
0.219101
0.223438
1.37684
1.67176
0.627783
1.50323
0.558704
0.160877
3.22213
0.201446
0.376652
1.6542
3.42202
4.57175
0.292272
0.182075
0.30867
0.262488
0.412923
0.264696
15.9638
1.50741
0.179707
0.505921
0.39425
0.248654
0.366055
0.393532
0.449329
0.23398
0.186214
0.129113
0.215659
1.90581
0.113142
0.997072
0.857111
0.452682
0.206682
3.29704
2.40061
2.7367
6.9843
0.158954
1.79979
0.163899
0.119925
2.00345
0.273667
0.227251
2.08657
0.1243
0.112317
0.142722
0.133537
0.658084
2.60974
2.26776
1.96019
3.49202
0.124285
4.43133
0.230957
0.445431
0.144579
4.0378
0.552712
0.393229
7.59228
0.274299
4.98273
3.32203
5.48381
5.08528
3.83556
1.82409
0.173274
1.37583
0.191536
0.696552
1.45287
0.103675
0.90265
2.52905
4.69504
0.473609
0.316936
2.48719
0.189906
0.638234
0.188425
0.145252
2.36755
1.04428
0.147416
0.176026
0.532062
0.292701
1.97272
0.960989
0.405061
0.203105
2.66065
0.578204
0.194374
0.109787
0.59551
0.557024
2.24589
0.187686
0.723463
0.197365
1.18411
0.602383
0.126685
0.687803
1.13698
0.191187
0.452823
2.21489
6.1997
0.228667
8.57923
0.332137
0.513825
0.379573
0.190956
0.141384
6.67178
0.129827
1.3551
0.349562
0.212061
0.215233
0.683393
0.114185
1.95807
0.411819
0.207492
1.17439
0.668324
1.62134
0.134805
1.80978
0.737963
0.181052
1.02773
0.177406
0.19363
3.31468
5.22397
1.29764
0.446291
1.33632
0.366704
0.16421
0.977763
0.147614
0.112209
0.672412
0.477795
2.46669
0.114107
0.161729
0.872062
0.129392
2.14054
0.639035
0.434602
0.825973
0.134573
1.04191
1.89828
19.0137
0.479364
0.646244
16.8952
0.161577
0.376774
0.67607
0.173869
0.609486
1.3759
0.168912
0.309351
2.43092
0.254833
2.52614
5.11788
2.15632
0.429608
0.101863
0.131142
0.124612
1.26239
0.531825
0.131046
0.569904
4.07476
15.5841
10.0336
0.291857
0.106056
1.24684
9.02244
0.269825
6.95284
0.121144
1.96671
4.41868
0.192798
0.467028
0.851447
0.177648
0.135497
9.24181
0.130411
0.106906
0.115711
17.3667
5.84179
0.702688
0.597974
0.400216
4.87722
1.44902
0.506953
0.114112
0.322376
0.108625
0.141031
0.491885
0.12291
3.02989
1.78042
0.405294
0.279066
0.950353
0.147212
0.935615
0.433035
1.92607
1.99002
0.246876
4.60434
1.31815
0.198027
0.75596
0.415534
0.318544
2.72488
0.119746
0.224145
0.546975
8.06725
0.429596
0.366856
0.515031
0.192124
0.538787
1.09485
0.150534
0.49453
0.203988
0.132811
2.24326
0.248148
0.976111
5.12485
2.54391
3.39255
0.117742
0.492427
0.18947
4.2303
3.29419
0.872517
1.93504
0.760503
0.484968
0.341362
0.411915
0.460606
3.58741
0.125078
1.45495
6.46454
0.541545
2.96774
2.04211
0.578175
0.807422
0.368205
0.31058
1.41503
0.557459
0.212104
0.172139
7.01546
2.83672
1.15157
0.117571
0.888719
1.88686
3.17127
0.220071
0.292762
3.05729
0.778478
39.939
0.496528
2.24054
0.133318
0.159734
0.147555
1.3586
0.178168
1.54735
0.856112
0.774333
5.33597
0.841962
0.292235
4.99623
0.602347
4.44639
0.12702
1.23865
0.148635
0.125718
0.793709
0.750845
0.363941
1.61045
3.63924
0.11639
0.410833
0.245994
0.124693
1.58947
0.425371
1.23351
0.935702
0.769108
0.153076
0.382497
0.658964
0.178662
0.960156
0.209941
0.114408
0.511136
0.926709
0.171809
0.151639
0.409151
0.281898
0.248922
0.352154
1.50569
2.36919
13.4452
3.01018
0.462355
0.161186
0.217309
0.123592
0.206983
0.514342
0.276027
2.32667
0.164728
0.617884
0.864317
0.304515
0.428187
0.134854
0.832553
1.54016
0.804656
5.1382
0.307768
0.261455
0.431945
1.52444
0.637167
0.111885
0.715838
0.217132
3.6295
4.21713
0.471646
0.198412
0.187617
0.880387
0.129486
1.11965
0.644233
0.416436
0.15019
0.272064
1.97695
0.752883
0.128966
0.52745
1.39564
7.78709
1.0313
0.725565
1.00307
2.12394
0.434218
6.31624
0.262077
4.89915
0.158264
0.794784
7.8968
0.108854
0.687832
0.355454
1.18913
0.164401
0.437775
0.305108
0.673462
0.603464
0.243586
0.169188
0.130201
0.867602
1.19341
0.220423
0.241111
0.155724
0.144387
2.46814
0.483949
0.3044
9.56575
0.269611
0.275374
0.223051
0.79607
3.07866
0.227888
0.317474
3.09811
0.344429
0.260865
0.490784
0.624712
0.288556
0.227331
0.362986
1.33187
1.26742
0.247988
0.219652
0.1281
0.138527
0.115503
9.82105
1.0048
0.200616
3.21614
0.124004
0.127577
0.38255
0.108816
6.14873
4.62104
0.621973
0.162996
0.209664
0.299031
0.269113
0.307922
4.17697
7.42986
0.799943
0.554345
0.140998
0.179215
0.803742
0.199104
0.273414
0.390365
0.100668
2.41799
0.503578
0.53638
1.60241
0.13098
3.27212
7.14158
5.15781
3.325
0.254555
0.16366
0.100766
0.9346
1.0187
2.52443
6.43425
0.129621
0.417356
0.140749
3.09906
5.1696
0.460783
4.18016
0.104916
0.413715
0.142591
20.9977
0.236899
2.43137
0.192301
10.0228
1.16184
0.188127
9.63403
1.09398
0.134856
0.484924
0.53832
0.123399
0.198827
14.2151
4.26593
0.137417
0.276496
0.113052
0.119498
0.512325
0.133806
2.69703
1.27919
0.43698
0.130526
0.144526
1.58011
1.3652
2.75605
1.66177
0.254023
6.14691
0.960063
0.115956
0.948579
2.74544
0.669391
0.363021
0.179647
8.88188
0.907402
7.41048
0.146336
0.141133
0.135165
0.660721
0.518246
0.279692
0.369769
0.180668
0.309779
0.602795
4.56293
0.218848
1.72355
0.25217
0.549086
0.241875
0.362886
1.83813
0.275511
0.378495
0.680768
0.631011
0.511109
2.21428
0.547233
0.101906
0.197807
0.300388
0.375041
0.492097
1.82052
0.150852
1.43853
0.483295
0.147222
1.72098
0.189824
6.96345
0.406015
2.44709
2.22244
0.177948
0.434552
0.502153
0.419648
2.86018
2.20635
0.469455
0.335832
1.09422
1.67763
0.117637
0.140904
0.927653
0.105221
0.215675
0.185645
0.567546
2.26131
5.79697
0.156275
3.54135
5.20183
0.989879
0.358359
0.315774
4.61883
1.25849
0.191593
0.458161
0.16735
6.26199
0.635341
0.226715
0.17821
2.45204
0.413164
4.70603
1.33273
0.538543
1.27129
0.224094
0.273331
0.11615
3.10401
1.51435
0.161661
0.142955
1.81492
0.613486
0.459033
6.16841
0.124852
1.0033
0.211155
0.489477
0.263368
0.338815
0.138587
0.261249
0.35536
0.153151
0.912633
0.111166
0.119287
0.397513
1.59395
0.403023
0.340213
7.07735
0.106664
0.27797
0.289519
1.24282
0.158926
1.05457
0.294222
0.910836
0.213603
1.46765
1.07747
1.15012
0.186503
0.37905
0.616995
0.448767
0.697097
0.191773
0.171286
13.0923
0.550042
0.154183
0.446745
2.77268
0.956201
3.3964
0.116684
0.112511
0.32187
0.206328
0.760606
0.18467
0.503328
0.367322
0.13359
0.20269
1.11968
0.312929
1.60233
3.34715
0.367596
0.242292
2.52537
0.167559
0.784592
0.905926
0.486247
4.497
2.12516
4.56517
10.4662
0.144211
1.60355
4.24356
0.100056
0.667719
1.66268
0.138241
0.112522
0.32461
1.03155
3.48418
0.34911
0.326798
0.169309
5.90461
3.356
12.0974
0.40896
1.26085
0.677378
0.199074
0.258225
0.498187
0.111534
3.76613
1.92533
0.667473
0.156564
0.824573
12.1998
0.190746
8.2263
2.53016
1.60005
2.82217
0.282937
0.942139
0.349923
4.21662
0.166527
0.413264
3.23437
0.444572
0.449541
0.148578
0.277699
22.1323
0.472453
1.34623
0.520786
0.13595
0.439875
0.180858
0.549549
0.485435
2.85156
0.381368
0.449527
0.14316
0.158623
0.111435
0.696173
0.122002
9.40023
2.39346
1.15436
5.5797
6.23899
0.113208
0.324331
1.27724
0.232445
0.719225
2.33539
1.45377
2.36956
0.166726
1.27089
0.370846
0.214027
0.102189
0.286114
2.30386
0.630459
0.344813
0.123047
0.459271
0.123426
8.75615
1.20066
0.127702
0.125042
0.554946
5.15235
1.11574
0.831442
2.57586
1.2045
0.15949
0.733232
3.65014
0.695563
0.254021
3.4202
0.748111
0.548538
0.106814
4.24104
0.158196
7.53645
0.148659
0.102212
0.305692
0.100755
1.28291
0.503908
0.386517
0.106582
0.192165
0.237528
0.342414
0.685589
3.66402
1.13634
0.583006
1.50797
9.35773
0.576274
0.428811
0.989174
0.317807
0.672992
12.5583
2.0798
2.35926
0.119616
0.222313
0.627875
2.66719
0.247179
0.155852
0.566266
0.53506
0.719468
0.667282
0.109563
1.08657
2.19936
0.171939
0.155419
0.178847
0.879121
6.13724
0.579779
0.217503
0.851868
0.645019
0.513889
5.11696
1.85417
1.96104
0.148935
1.90616
2.56369
3.71572
0.674717
5.83734
2.28639
0.137547
0.828999
0.453128
5.08527
1.05757
0.435008
0.132145
0.884319
14.0812
2.64209
0.367735
1.81356
0.125694
1.50081
2.79584
0.808118
0.745952
0.118957
1.1702
0.219047
0.35109
0.609477
0.768809
0.332628
1.23572
0.539249
0.182037
0.490895
0.574071
0.183986
0.274815
1.56796
0.326613
0.876901
0.381679
0.29846
0.142801
1.10627
0.442538
0.219257
0.489023
1.49027
2.84368
0.347364
0.164466
0.670648
2.07607
0.277168
0.597526
1.03477
0.702178
0.555645
0.757038
0.336536
0.231862
6.27604
0.124804
0.83194
0.133875
3.86136
3.5818
0.113905
0.730771
0.175726
0.2589
3.31397
0.115922
0.874095
0.190988
0.402001
2.5377
0.282573
1.7679
0.14342
0.659112
4.14824
0.347454
0.170605
0.610789
3.83274
8.7696
26.7148
3.25293
0.228399
1.79507
3.32524
1.96578
0.488737
0.13157
0.253659
0.195356
1.11805
0.94968
1.20993
3.41728
0.389364
0.773134
0.125676
1.29264
1.78692
1.91235
0.538768
0.437369
0.312737
0.108278
0.202251
0.577353
0.237865
0.320291
0.203644
0.318591
0.129273
0.224319
0.170191
0.283463
0.513871
0.591544
0.590364
0.79515
1.71185
0.101361
1.25008
10.1619
13.3331
0.246886
0.13257
0.101076
0.130058
4.57707
3.45511
0.23182
0.993413
0.177609
0.15679
1.67333
0.640687
0.100857
0.486218
0.185155
0.133628
1.14555
7.62167
4.81504
0.864342
0.694252
0.177559
0.457277
1.02203
0.19351
18.6231
3.1467
0.411873
0.270127
0.212177
0.165672
0.753367
0.379059
0.324359
0.443384
0.285323
1.45474
0.74652
0.600498
0.245972
0.182471
0.13926
0.182924
0.427296
8.83253
0.92258
0.594726
0.481984
0.310325
0.547358
0.119265
0.131225
0.288857
2.01748
0.28178
0.708394
0.684423
10.7162
0.193081
2.73919
1.08504
2.38526
0.690754
0.259974
0.56872
2.52581
0.493209
0.277163
0.265393
0.274219
0.419138
0.331962
0.155074
2.44234
0.347149
0.575043
0.553004
0.407783
0.858875
2.97653
0.11563
0.34936
1.13259
0.24457
1.35962
9.3475
3.91483
1.54375
11.6617
1.56634
6.58752
4.86538
7.21874
0.203647
0.788939
0.514209
0.159113
0.969171
1.8045
0.121258
0.144929
0.970456
0.520225
0.519278
0.12602
5.54912
0.546341
3.66731
0.420684
0.454679
0.217185
0.201355
0.16825
0.694001
7.46192
0.102494
7.60876
0.232452
0.611365
0.598982
0.123882
0.222701
0.381277
1.27068
1.74159
2.52148
0.198528
5.26745
2.98684
0.462093
0.30688
0.292194
0.311532
0.398063
0.344107
0.100024
5.80501
0.254151
2.03672
1.99143
0.156751
2.21392
0.935566
0.4252
0.186767
0.817377
0.781527
0.147835
0.444658
2.41938
0.163034
0.197974
0.726344
4.40213
1.37276
0.411946
0.196212
0.11684
2.34265
0.10066
0.104505
0.178585
0.251152
0.214398
0.162113
0.211003
0.375749
0.152818
0.813666
0.1609
5.18602
2.89854
0.24332
0.519117
1.58111
0.494214
0.252885
0.375235
0.452074
0.314523
4.73689
0.115366
1.71348
2.58456
0.108763
7.40441
0.12116
0.253319
0.222931
0.260912
0.893972
1.62239
1.20587
0.376866
0.198215
0.145084
0.103731
0.252763
0.251172
0.192806
15.8923
1.20223
11.9511
0.987402
0.217523
5.63313
0.122489
0.338588
0.118924
0.166337
5.12175
10.9619
3.62684
0.290085
0.619876
3.06726
0.277769
0.547223
0.158362
6.5477
1.71235
1.77814
0.109772
0.267639
0.158559
0.60101
2.15877
0.231032
7.70909
0.227243
6.66395
2.31438
0.563502
0.377873
1.0577
0.489408
0.583516
14.9338
1.56617
3.60787
0.476334
0.146836
0.176949
0.467246
1.63292
0.387534
0.143095
0.94093
0.161085
0.103777
3.81443
1.26857
0.16328
3.58764
0.174687
1.50441
3.10406
0.821839
7.36784
0.969812
0.141086
0.210855
3.61482
0.437245
0.194706
0.201606
0.149728
0.931977
1.74165
0.248582
3.52788
3.22932
8.05131
0.14427
5.45666
5.58976
9.86295
0.123638
10.1795
0.127592
0.344887
3.52784
0.255658
0.253804
0.520906
0.23806
0.206895
0.160075
0.151395
0.492154
0.384946
0.176386
0.147024
0.284238
0.105678
0.222361
1.36048
1.85159
0.12037
5.00698
0.121205
0.295206
2.83393
0.112587
4.62096
0.114146
0.113902
0.134773
5.17578
0.173245
0.719487
0.815847
0.512673
1.07341
0.192757
1.45416
0.284907
7.53807
9.71584
0.115485
0.126909
0.563941
0.107778
3.37811
0.686506
0.123291
0.447429
0.465803
9.93648
0.173143
0.164543
0.135912
0.38358
0.236423
0.103953
0.132365
0.950443
0.557074
1.84609
0.965759
1.15228
0.850361
0.492184
0.336365
1.1655
0.151146
1.32933
0.225623
1.49483
1.64579
2.61064
2.17994
0.16599
0.312686
4.97137
0.253437
0.201852
0.239036
0.420415
12.3483
0.238026
1.34227
0.167559
0.116262
0.21692
0.227088
0.199856
4.04987
4.49965
0.30009
0.185353
1.21759
0.347819
0.175181
0.183008
0.195049
0.115145
0.379832
0.309287
0.276634
1.05734
1.82861
5.65893
0.196851
0.136152
0.742837
0.419249
0.641249
0.822996
6.74884
3.59777
2.38658
0.279883
3.63873
15.9513
0.123999
0.196579
0.564265
0.13531
0.14969
0.7127
0.479199
0.484559
0.63563
0.21703
1.54929
0.162146
0.316843
0.102335
0.479859
0.606892
7.36078
0.405166
0.222683
0.227079
0.274149
3.7387
8.01102
0.479169
0.660929
7.74206
0.522662
1.43021
0.454174
0.275698
1.46618
3.89011
0.183964
0.117381
1.27055
0.781699
19.0016
0.771361
0.267676
3.68193
0.491773
2.68924
0.39684
0.255064
0.737331
0.271374
0.11927
5.91488
12.1613
0.131948
0.282164
3.7954
0.28522
2.24592
1.21033
0.409898
3.83515
0.13205
0.96915
0.165832
0.675582
0.134086
0.295486
1.04427
0.100075
2.82205
0.46435
0.896021
0.339472
0.371313
1.63882
0.510958
4.08567
0.243022
5.6497
0.42902
0.110731
8.69103
5.36072
0.275022
0.131321
1.99516
1.04898
0.104444
1.14442
0.103474
0.626225
0.609547
0.226067
0.348447
0.256986
1.26439
2.16699
1.08688
1.94336
11.9135
1.53001
0.81712
0.283723
0.864842
0.321423
1.01212
0.137113
1.15184
0.383596
2.79711
0.322097
0.180955
0.115417
0.312229
0.123267
0.148979
1.93483
0.419823
0.304304
0.292958
0.197226
0.327416
0.58501
0.477266
0.200771
0.321261
0.271488
0.686671
4.18825
0.181954
1.53694
0.104586
0.159736
0.841194
0.159513
0.304876
3.52537
1.40077
0.259325
0.481806
0.186797
7.45897
0.632737
0.134934
1.08122
1.70507
3.58135
0.21052
0.536384
1.12611
1.05388
2.80919
0.216086
0.645704
2.67928
0.223004
0.504702
3.32073
10.3152
0.797425
0.215206
0.826624
5.64911
0.106457
0.197703
0.473675
4.76144
12.0285
3.42353
0.253039
1.14072
0.153619
0.216715
2.13039
0.117962
0.396579
0.599248
0.49446
0.2493
0.73916
2.61848
0.788555
3.61007
1.76826
0.788262
1.02622
1.1672
0.461767
0.168278
0.222448
0.253076
3.18323
0.217584
0.254823
0.132754
1.33115
1.08837
0.111658
0.2304
0.293584
0.13045
0.970468
0.563497
0.230894
0.521487
10.7574
0.927215
0.122148
1.8424
0.453843
0.15263
0.733085
0.284879
1.21891
2.11925
0.408386
0.150938
0.171882
22.6567
1.66809
0.650036
0.503443
0.187115
4.46338
0.33208
0.406567
0.205636
24.2268
9.23197
0.7045
11.4039
0.107454
2.51943
0.183425
10.9698
2.18755
0.341275
0.308652
1.15105
0.186142
0.32678
0.887538
0.280685
0.247178
0.383614
1.47681
0.486468
0.478183
1.33479
0.173404
0.314258
0.253901
1.43254
0.337404
0.37824
2.58588
0.336739
0.690624
4.70723
1.94671
0.28873
0.821164
0.549139
2.3046
2.48066
0.210274
3.05792
0.233527
1.80369
0.594728
0.293095
4.47262
0.102034
0.433682
1.35419
7.17514
0.677229
0.194468
2.85551
0.168676
0.53356
1.16692
2.36968
8.66433
1.10445
0.843171
1.479
0.900516
0.106031
0.131046
2.99858
0.16183
1.99205
3.82181
0.108533
0.577684
0.906236
0.410946
1.06405
0.114629
1.08588
0.107908
0.194907
0.904177
2.91867
11.1812
6.52612
2.18241
0.824104
0.342752
1.05454
0.759081
0.586535
0.221651
0.22441
0.656083
1.0094
2.41888
0.128031
2.80028
3.8207
0.622507
4.67286
0.154349
0.661307
0.115528
1.17945
0.310173
1.77195
0.240784
0.10703
0.112308
11.388
0.169234
0.334231
1.10605
0.250655
1.94738
0.113055
0.747035
0.398843
0.120264
0.413609
0.960177
4.12577
4.97384
8.3686
0.673804
0.261947
0.304195
0.136372
0.467381
5.09784
0.496442
0.330298
1.22886
0.450224
0.156371
0.104083
0.128223
0.106744
0.244394
1.1915
0.645652
0.175019
0.571473
5.42439
0.192412
0.281714
2.05689
1.13572
4.55753
0.329222
0.70662
0.187962
0.267784
0.222714
0.110988
0.111054
2.62234
0.257311
0.13243
0.897564
0.255373
0.415595
0.36432
0.12214
0.600492
0.608151
0.521411
0.183716
2.62838
0.440322
0.448899
0.73157
0.105238
0.309858
0.306603
12.0786
0.166973
0.544896
5.82456
0.735918
2.2119
0.20099
0.434498
0.316701
1.97135
0.112748
1.13842
0.417434
4.71649
0.18748
0.540232
0.245238
0.172651
15.4692
0.312968
1.15103
0.130548
1.36906
0.786858
0.204853
3.90226
0.221859
0.117187
0.264771
2.3926
13.4745
0.6427
0.963696
1.12389
0.601952
3.80609
1.15282
0.332695
11.4037
3.24267
0.50586
0.301688
0.223394
0.242886
0.461686
0.10128
0.21093
1.04368
0.10542
0.258449
1.16388
0.877112
1.16928
1.72106
0.197732
1.84863
0.781502
12.4276
0.110128
0.208213
0.681152
2.59135
8.64034
0.148854
0.244789
0.291345
0.259948
2.22789
0.139504
1.87484
0.928999
0.12234
0.163735
2.57342
1.62216
1.92673
0.448581
0.284203
3.58261
0.527966
0.330185
0.305259
2.14642
4.27692
0.166959
1.11313
0.349116
0.133415
0.197761
0.15709
0.172782
0.253916
0.311151
0.518533
0.151959
1.99252
0.663417
3.65873
0.375704
0.276536
1.12939
0.17766
3.04462
0.148426
5.25392
4.08738
19.0756
1.66524
1.91312
10.8289
0.50826
0.399631
2.37654
0.357493
0.363029
0.104839
0.220952
0.173016
0.539658
0.156771
0.363653
0.388785
4.65242
2.99265
0.319018
0.13874
0.362174
0.108847
9.32646
0.123948
0.100473
0.545406
0.152938
0.283819
6.00031
0.305946
0.723731
0.650245
1.53016
0.220987
0.109205
0.158055
0.349872
0.224682
0.294268
0.10072
3.96053
0.456918
0.207925
0.599514
0.273764
0.102917
0.252424
0.188535
2.52824
0.287936
0.28004
2.76847
0.198473
0.132737
0.21153
0.893881
0.101935
12.2986
0.43312
0.608329
0.211261
0.426669
1.79243
0.147191
7.00936
4.36496
12.415
0.125372
2.39633
0.203961
0.115444
0.136607
1.0994
2.13152
0.618627
0.895483
0.320402
0.425489
0.112662
0.921814
0.218845
3.41218
1.27152
0.30561
0.115914
0.255871
0.124435
0.100999
0.212532
0.189178
0.210307
0.631916
1.02732
0.362247
0.535646
0.644276
0.119463
0.327989
0.111053
0.205556
4.17671
0.296677
0.551856
0.167726
0.573761
1.48628
0.46504
4.17106
0.259616
0.337271
0.255137
1.69056
1.78613
0.160229
0.114957
0.202776
0.219021
3.46509
0.505021
0.499624
1.65016
1.97832
0.133826
0.393279
0.188266
0.896574
0.196516
0.132641
0.187122
3.41235
0.20825
3.97837
0.199662
0.51782
0.109861
4.34388
2.19328
0.440689
0.154265
0.4826
2.68893
0.162003
0.71475
0.832358
0.115162
0.161004
0.613542
0.644184
0.559566
0.182489
4.28736
0.596519
0.19334
5.04034
0.365146
3.159
0.217313
0.205956
0.153853
0.445087
0.254218
2.85843
4.99285
1.21134
0.104858
0.157127
0.88167
0.343836
1.41128
0.530809
5.62852
0.125958
0.290177
0.12633
0.377789
0.198883
0.115567
5.24564
8.91341
0.259559
0.711154
0.100197
0.8165
0.100832
0.288008
0.992027
0.720931
0.170156
0.187326
1.12467
0.264229
0.189518
3.05683
6.65563
0.548859
0.167992
0.214404
8.63547
0.724041
1.2111
0.403441
0.157332
0.896598
0.437081
1.03237
1.18239
1.77524
3.11921
0.24874
0.305645
0.620724
0.836017
0.141214
1.07349
0.106916
0.207654
0.235832
2.88604
1.10366
0.238842
0.106531
1.32188
3.73758
2.27085
0.421733
0.961874
0.639192
1.23258
6.95657
7.50945
0.749451
0.515086
0.417473
4.85627
0.159995
0.934707
0.337766
15.9319
0.253442
0.19853
0.109831
1.35098
0.398457
2.19131
13.6694
0.156355
1.74135
0.201386
0.951726
0.217047
2.0328
