2.48864
0.659814
2.86459
1.51379
0.443406
0.342826
2.26841
0.331014
0.625542
0.656754
1.3999
18.7656
0.756834
0.283583
2.23873
2.24037
0.436951
6.83392
0.222555
0.973626
0.134462
0.193005
0.849625
4.56071
7.23848
0.369834
0.446394
0.110589
0.588726
0.3685
1.15619
0.386869
11.8583
1.4236
0.100328
0.242584
0.127682
0.151905
0.413164
0.122861
8.93623
0.228704
0.280026
0.206128
0.160315
0.203245
0.165079
0.157589
0.454243
0.146766
7.6441
0.14315
1.24867
0.430752
0.90784
0.181418
0.276423
0.358654
0.556385
0.167658
0.244609
0.854853
0.157956
0.582108
0.282006
2.16192
0.205369
0.528059
0.58965
0.295285
0.141152
0.106578
1.18007
0.471204
0.134988
0.114558
0.479904
0.537777
0.343824
0.552138
0.109512
0.463261
0.449018
0.418326
3.26207
8.93895
2.67104
0.821805
1.62068
0.1119
3.38237
0.688867
0.102565
0.100213
2.56058
0.111401
4.51445
21.361
2.99202
0.238418
0.255972
1.54131
6.26163
0.12798
2.29177
0.129585
0.389311
5.31864
0.154665
0.331309
2.29123
7.24848
0.179648
1.48283
0.133835
3.26262
0.238959
3.03606
7.75743
0.486132
0.194686
0.859181
1.92372
4.06886
0.280092
0.107109
0.171709
0.607986
4.89761
2.90266
0.881519
0.378646
0.228533
0.379359
0.609509
0.324157
0.111376
0.540589
0.116084
0.402199
0.108183
0.143044
0.25399
0.117573
0.264766
0.238668
2.58357
2.14815
0.109236
0.686376
0.330779
1.01722
2.61466
1.24817
0.317876
0.942572
4.20409
0.134737
0.457571
0.269929
0.106821
1.00682
2.39699
0.296564
0.146684
0.74069
1.79537
10.5797
4.30149
1.96392
0.137739
0.728444
0.715292
0.530445
2.21386
0.368755
1.29189
0.332534
1.36314
2.67842
1.43176
3.33849
1.05873
0.117769
0.168181
0.626738
0.101676
3.43883
3.46046
0.963269
1.30449
0.204554
2.49288
0.182284
0.110508
1.42291
0.68154
0.206257
0.226061
1.78814
0.794622
0.174218
0.192887
0.12836
0.276302
0.139357
0.117116
0.147331
0.452449
0.195172
0.661301
0.417588
0.467111
4.78615
0.339974
0.160111
0.259046
0.19709
12.1244
2.00609
0.116354
0.224303
1.72091
5.88564
14.4142
0.121244
0.204631
9.09024
0.261965
4.75096
0.260638
0.776854
0.346226
0.157101
1.03093
0.120529
9.03326
0.984596
1.12208
0.165372
0.448951
0.794421
0.104139
0.79108
0.100348
0.224688
0.257039
0.337192
0.622957
0.459989
1.41128
2.85343
0.130292
0.344409
5.42782
2.90682
17.0143
5.22339
0.350184
0.20065
1.64368
1.09529
6.45652
1.49419
0.806816
0.251507
0.305058
1.29393
0.307242
0.644876
0.964675
0.182839
0.127744
0.188238
0.133429
0.431622
0.251651
0.923385
0.525566
0.126846
0.309814
0.11172
2.10223
0.75606
0.166711
2.23934
0.294589
0.110935
0.937275
1.27244
1.36248
10.2585
0.571162
5.24943
1.35774
0.309232
4.00633
0.246716
4.74287
0.161434
0.116356
0.148213
1.44637
0.104073
0.102733
0.10191
0.290906
4.22807
0.142192
2.36134
3.13761
3.45709
0.324589
0.304603
0.20643
0.232295
0.584737
0.922145
0.299367
1.36081
2.31152
0.172796
0.212411
6.59791
0.263547
0.902568
0.500669
13.5606
0.288852
0.134315
1.14991
0.727524
0.112687
0.308173
0.207546
2.03635
0.21213
2.72424
0.73985
6.48199
5.01373
2.57466
0.191137
0.158973
0.396206
0.273646
0.23283
2.21491
0.726833
0.168833
3.04451
0.772264
0.160984
0.162941
0.125544
6.56613
0.291546
0.111076
0.274274
0.404237
0.551594
0.229483
1.34289
0.389636
0.334984
0.902739
0.1122
0.12993
0.399189
0.509665
0.176139
0.57355
0.129719
0.205885
0.199363
0.128905
0.459857
4.06681
0.288355
3.35441
0.269842
0.238699
0.202092
0.913553
0.799802
0.1897
0.705011
1.93534
0.18089
0.926224
1.45772
0.302296
9.30064
6.91869
1.24039
0.180045
0.131946
0.11083
0.390526
1.58394
4.57973
0.257074
0.344374
0.489513
3.3026
2.34433
0.762953
1.79245
1.10573
3.97175
0.626032
0.133301
0.363838
0.325591
0.407121
4.09822
1.52187
0.925252
1.57155
2.69326
5.44014
0.169439
0.111839
0.168076
0.451902
2.68596
0.103494
0.104294
0.186004
2.15949
8.71975
0.143767
9.08077
17.5171
0.276281
0.124231
4.55469
0.27721
0.606137
1.24963
1.3017
0.349304
2.15321
0.119741
0.155578
1.8597
1.74131
2.29076
1.06527
0.114244
0.201189
0.120173
0.129667
0.660715
0.391561
0.641377
0.349907
0.493829
0.665911
1.21052
0.469194
0.12334
4.69835
0.3119
9.07018
1.24958
0.385425
0.158052
14.3892
2.2881
1.08158
0.113888
5.3259
0.517148
1.07993
0.609741
0.730272
0.778249
0.687481
1.47676
0.210372
1.29677
0.197326
0.496616
1.11291
0.130342
0.481812
2.53413
3.02983
0.201482
1.12349
1.61142
3.50411
1.49719
0.386247
4.39398
0.296166
0.142193
0.246784
1.20678
0.350824
0.422705
0.438994
1.33859
3.57723
0.239901
0.692762
0.157141
5.72465
2.42254
0.229395
0.398441
0.292133
0.177139
0.235283
1.99878
