-0.988502
-0.98695
-0.990187
-0.997998
-0.935242
-0.994102
-0.958735
-0.865545
-0.656761
-0.990426
-0.957888
-0.978858
-0.990917
-0.944285
-0.988392
-0.964034
-0.984499
-0.953431
-0.887146
-0.827148
-0.36345
-0.949759
-0.822751
-0.968298
-0.982716
-0.973759
-0.85678
-0.998236
-0.992693
-0.982513
-0.981366
-0.89226
-0.976541
-0.867916
-0.976319
-0.995745
-0.972459
-0.644336
-0.928255
-0.998953
-0.999382
-0.303206
-0.89276
-0.800699
-0.993677
-0.502491
-0.976435
-0.991004
-0.845763
-0.971966
-0.875834
-0.995067
-0.92691
-0.996573
-0.986547
-0.472607
-0.989075
-0.698192
-0.86042
-0.951203
-0.938612
-0.957729
-0.73524
-0.925316
-0.970587
-0.962029
-0.296921
-0.972831
-0.864819
-0.985814
-0.955178
0.190521
-0.78229
-0.962025
-0.381306
-0.935364
-0.968836
-0.964901
-0.975073
-0.986254
-0.990675
-0.66415
-0.768034
-0.302125
-0.954081
-0.994598
-0.990718
-0.920764
-0.909822
-0.944554
-0.932134
-0.983379
-0.848078
-0.951891
-0.832723
-0.895211
-0.985247
-0.98031
-0.993831
-0.923357
-0.842637
-0.99957
-0.972989
-0.925459
-0.93947
-0.996699
-0.990045
-0.971702
-0.971303
-0.726145
-0.922875
-0.899192
-0.882349
-0.776255
-0.788669
-0.929642
-0.983915
-0.945615
-0.984021
-0.992286
-0.736899
-0.800451
-0.940101
-0.977669
-0.883766
-0.906711
-0.843124
-0.521889
-0.771829
-0.985764
-0.944794
-0.519796
-0.943561
-0.998275
-0.881427
-0.748781
-0.821423
-0.984095
-0.965264
-0.9656
-0.96807
-0.740988
-0.999114
-0.916542
-0.755305
-0.973277
-0.885567
-0.910731
-0.914401
-0.866038
-0.984659
-0.980882
-0.938023
-0.887674
-0.980016
-0.92849
-0.959907
-0.987098
-0.80723
-0.919132
-0.999759
-0.994628
-0.670774
-0.932495
-0.783588
-0.956093
-0.96243
-0.977246
-0.88277
-0.969451
-0.330986
-0.754169
-0.914872
-0.972141
-0.986899
-0.847063
-0.98219
-0.98968
-0.853961
-0.929394
-0.991671
-0.99522
-0.990244
-0.933137
-0.846854
-0.785939
-0.964507
-0.978116
-0.993547
-0.92577
-0.936681
-0.919773
-0.572026
-0.657782
-0.837944
-0.927955
-0.901467
-0.986556
-0.828263
-0.913378
-0.844543
-0.890925
-0.988227
-0.979313
-0.912692
-0.875391
-0.708559
-0.646958
-0.994379
-0.889994
-0.989005
-0.961255
-0.921029
-0.987827
-0.879692
-0.975751
-0.970274
-0.998597
-0.996198
-0.904102
0.119862
-0.879575
-0.680181
-0.958528
-0.95415
-0.8758
-0.980309
-0.854976
-0.61595
-0.920391
-0.965701
-0.985113
-0.961902
-0.0583397
-0.997802
-0.964418
-0.937513
-0.965755
-0.986184
-0.681465
-0.973818
-0.983183
-0.923568
-0.944984
-0.648637
-0.969485
-0.980911
-0.977215
-0.995223
-0.910026
-0.965849
-0.933779
-0.155574
-0.98182
-0.973838
-0.93516
-0.992454
-0.963077
-0.995661
-0.984133
-0.935129
-0.98793
-0.999373
-0.938077
-0.975733
-0.874344
-0.995724
-0.995171
-0.972907
-0.897697
-0.983664
-0.984978
-0.842756
-0.70913
0.872579
-0.902456
-0.959281
-0.88472
-0.0250262
-0.998624
-0.994315
-0.861082
-0.97945
-0.993251
-0.999666
-0.973303
-0.984223
-0.952057
-0.921265
-0.662072
-0.991539
-0.970049
-0.985349
-0.885343
-0.985203
-0.998178
-0.989894
-0.862493
-0.979159
-0.9433
-0.572961
-0.872957
-0.709647
-0.913378
0.843736
-0.910519
-0.955339
-0.974127
-0.978754
-0.976378
-0.999163
-0.970832
-0.924202
-0.954417
-0.947564
-0.978005
-0.975111
-0.985119
-0.91257
-0.977882
-0.990996
-0.980203
-0.996851
-0.997438
-0.733503
-0.550893
-0.981585
-0.985618
-0.969773
-0.971112
-0.983192
-0.992775
-0.923633
-0.990972
-0.983539
-0.92122
-0.655822
-0.999582
-0.851567
-0.967921
-0.95793
-0.975473
-0.997954
-0.984967
-0.975012
-0.982298
-0.756876
-0.897217
-0.917512
-0.263573
-0.995237
-0.988526
-0.99526
-0.981932
-0.975791
-0.964364
-0.950702
-0.998711
-0.993073
-0.984046
-0.993103
-0.933722
-0.544193
-0.485054
-0.976086
-0.905456
-0.304019
-0.888956
-0.925493
-0.997366
-0.777039
-0.870646
-0.637975
-0.920715
-0.964145
-0.979583
-0.991431
-0.96655
-0.970776
-0.999087
-0.991906
-0.952746
-0.964323
-0.982049
-0.969061
-0.949603
-0.655871
-0.96939
-0.874501
-0.843211
-0.85981
-0.96012
-0.988849
-0.988497
-0.935574
0.659036
-0.945863
-0.99927
-0.904258
-0.984246
-0.994048
-0.900233
-0.837988
-0.935918
-0.763481
-0.985023
-0.978397
-0.976594
-0.996359
-0.999057
-0.975035
-0.910511
-0.965694
-0.88725
-0.509318
-0.508453
-0.9917
-0.960788
-0.96387
-0.941685
-0.971111
-0.900387
-0.993318
-0.990692
-0.998528
-0.91455
-0.999666
-0.975524
-0.999804
-0.882325
-0.997463
-0.938553
-0.982866
-0.964441
-0.993011
-0.990495
-0.990506
-0.988922
-0.837262
-0.996369
-0.975087
-0.845366
-0.962939
-0.998769
-0.789118
-0.897827
-0.89378
-0.963097
-0.924947
-0.959417
-0.960628
-0.997141
-0.998921
-0.944534
-0.756153
-0.871916
-0.818457
-0.971896
-0.881279
-0.957587
-0.902205
-0.965663
-0.998977
-0.890444
-0.99895
-0.856434
-0.993265
-0.736234
-0.92482
-0.47101
-0.94805
-0.975512
-0.998332
-0.989766
-0.935525
-0.412375
-0.986913
-0.999924
-0.949302
-0.998244
-0.98401
-0.987085
-0.990282
-0.995858
-0.859151
-0.982012
-0.777135
-0.58032
-0.941792
-0.854938
-0.980945
-0.99926
-0.983894
-0.99056
-0.893857
-0.991461
-0.91516
-0.953877
-0.90892
-0.917891
-0.892319
-0.999447
-0.951911
-0.967731
-0.985631
-0.997111
-0.997971
-0.970603
-0.99894
-0.945593
-0.98981
-0.946275
-0.871592
-0.158458
-0.891134
-0.6509
