23.6256
8.0591
-93.9181
-206.681
-324.194
-208.315
-288.663
-281.143
-282.536
-308.197
-15.9044
-318.303
-206.303
-285.882
-243.246
-289.863
-306.098
-311.767
-318.008
-247.585
-244.419
-254.784
-238.024
-236.245
-285.616
-295.017
-298.68
-230.765
-301.971
-286.256
-236.327
-149.981
-315.568
-255.415
-300.97
-263.386
-323.133
-287.182
-265.667
-301.954
-252.812
-300.369
-253.365
-270.919
-257.45
-212.744
-312.366
-305.114
-193.836
-259.597
-315.534
-288.585
-274.103
-199.598
-243.348
-172.623
-214.7
-280.723
-187.979
-289.454
-270.054
-264.934
-222.865
-273.823
-290.735
-320.862
-69.421
-143.313
-211.92
-290.955
-284.028
-224.185
-288.334
-314.621
-323.394
-170.607
-295.935
-312.967
-291.846
-321.891
-323.905
-268.243
-310.833
-186.912
-277.696
-311.127
-258.324
-249.557
-158.003
-298.398
-184.604
-290.915
-271.733
-299.755
-71.5846
-306.261
3.12398
-239.131
-267.268
-316.36
-16.8163
-195.605
-288.337
-231.869
-255.751
-304.902
-294.64
-302.316
-225.039
-84.4117
-98.8429
-101.707
-262.077
-236.95
-282.988
-321.814
-292.239
-309.721
-224.666
-308.878
-291.585
-212.908
-286.693
-319.578
-300.589
-309.482
-270.746
-320.821
-167.62
-306.494
-272.895
-302.554
-272.763
-281.709
-319.361
-303.396
-205.239
-303.105
-257.544
-234.419
-304.918
-307.109
-244.719
-290.765
-297.703
-311.985
-235.511
-272.444
-273.099
-195.369
-268.143
-321.672
-296.01
-285.45
-284.157
-224.232
-280.091
-315.826
-295.646
-205.462
-301.419
-323.108
-205.759
-287.066
-209.278
-241.297
-214.728
-186.486
-309.953
-318.917
-297.457
-299.739
48.747
-268.516
-320.275
-300.738
-84.0533
-172.37
-213.385
-318.459
-319.991
-208.586
11.8133
-201.173
-242.463
-243.123
-286.334
-276.81
-166.329
-167.301
-190.778
-323.486
-276.172
-290.786
-300.956
-233.645
-255.403
-215.138
-253.864
-59.5211
-322.029
-324.054
-137.746
-155.01
-168.39
-296.12
-272.006
-267.647
-274.125
-258.031
-275.549
-304.817
-256.26
-247.665
-250.082
-285.615
-294.794
-282.74
-288.163
-258.127
-322.054
-257.438
-305.344
-306.859
-282.711
-196.696
-209.169
-257.234
-274.111
-285.723
-299.87
-262.918
-303.603
-250.538
-303.801
-304.874
-62.9396
-231.524
-257.259
-185.844
-287.438
-252.02
-251.699
-254.765
-240.977
-145.377
-296.012
-80.3531
-241.422
-181.917
-282.291
-259.958
-276.711
-318.689
-317.932
-186.725
-257.193
-318.781
-303.116
-256.163
-271.552
-193.831
-265.074
-286.393
-315.288
-229.095
-289.404
-290.424
-298.451
-315.554
-224.975
-310.963
-244.864
-281.066
-249.168
-306.194
-324.036
-310.319
-268.17
-244.886
-251.378
-180.699
-312.083
-65.0104
-78.1909
-123.62
-222.889
-316.314
-323.588
-216.119
-151.236
-275.038
-295.18
-102.615
-310.024
-275.913
-220.527
-253.37
-158.191
-237.076
-196.009
-292.817
-307.781
-301.331
-317.839
-111.789
-69.5971
-111.881
-137.069
-144.173
-292.117
-168.511
-196.322
-261.447
-139.175
-143.857
-259.359
-301.634
-202.601
-266.814
-295.93
-254.277
-181.702
-265.821
-133.304
-221.768
-297.49
-259.277
-322.868
-247.58
-322.953
-292.659
-315.36
-309.807
-314.555
-253.523
87.3809
-296.02
-218.353
-193.652
-245.743
-262.583
-304.069
-174.877
-269.05
-270.879
-301.732
-231.933
-239.839
-196.122
-310.271
-312.109
-319.138
-156.745
-299.249
-320.185
-129.934
-196.498
-306.505
-283.889
-313.869
-277.478
-306.691
-310.808
-323.714
-294.266
-301.337
-234.369
-311.46
-251.956
-248.183
-252.354
-301.705
-306.232
-288.754
-102.84
-130.857
-206.113
-214.724
-297.589
-201.237
-245
-278.023
-299.111
-238.053
-239.851
-228.886
-317.121
-108.514
-115.218
-177.505
-74.2751
-261.337
-292.371
-321.83
-292.815
-280.045
-308.871
-319.548
-319.514
-186.061
-252.432
-220.69
-255.46
-292.516
-246.398
-280.499
-291.894
-301.392
-289.153
-323.953
-165.525
-238.592
-302.511
-305.525
-288.361
47.2263
-261.603
-213.94
-187.047
-304.253
-321.706
-146.038
-308.439
-295.526
-317.899
-276.552
-266.998
-301.594
-246.544
-291.099
-169.901
74.7567
-83.6244
-216.648
-246.993
-318.312
-323.831
-281.1
-273.531
-281.398
-89.5136
-156.057
-256.342
-305.611
-313.861
-320.517
-244.754
-267.347
-301.891
-302.465
-304.529
-323.246
-298.962
-291.614
-306.193
-315.63
-173.736
-278.39
-281.184
-291.255
-307.039
-318.268
-89.412
-185.407
-246.97
-309.533
-75.7167
-226.343
-230.658
-256.295
-286.784
-317.67
-296.302
-275.772
-320.935
-161.967
-247.196
166.99
-76.9125
-179.843
-180.226
-259.539
-308.229
-262.585
-280.504
-273.963
-214.897
-229.103
-320.012
-239.378
-204.188
-276.198
-204.07
-269.582
-302.561
-241.743
-308.927
-309.653
-315.531
-235.429
-310.116
-321.039
-321.341
-295.813
-306.51
-272.007
-123.3
-288.854
-188.955
-282.426
-299.257
-316.251
-314.896
-288.787
-249.882
