-297.501
-297.291
-186.744
-249.218
-223.678
-281.853
-272.279
-284.149
-284.302
-291.707
-252.578
-273.623
-293.184
-150.551
-191.89
-140.825
-286.496
-298.764
-225.557
-266.513
-208.503
-169.908
-210.632
-257.056
-191.833
-261.528
-262.666
-286.302
-281.968
-295.582
-49.7188
-199.155
-189.439
-278.509
-285.285
-193.948
-245.559
-289.819
-26.3409
-146.884
-205.419
-235.77
-245.269
-231.998
-250.502
-190.081
-289.637
-83.9999
-275.599
-161.697
-136.622
-136.755
-247.346
16.4357
-108.337
-199.047
-218.534
-250.515
-272.244
-228.494
-231.774
-287.9
-274.405
-289.703
-268.852
-123.466
-145.854
-167.046
-294.472
-266.224
-214.635
-250.83
39.5592
-87.5668
-155.64
-230.969
-199.159
-211.821
-249.676
-278.827
-129.711
-173.176
-258.101
-241.811
-189.765
-284.213
-295.417
-283.716
-292.153
-290.821
-285.553
-290.1
-231.513
-269.094
-286.23
-252.579
-32.3626
-72.3082
-106.199
-277.933
-241.845
-268.366
-58.2038
-61.1635
-141.89
-293.388
-288.932
-244.551
-287.322
-286.761
-150.624
-278.584
-276.543
-267.94
-161.039
-263.92
-269.959
-293.228
-296.41
-264.357
-213.571
-290.193
-298.865
-255.593
-270.896
-170.725
-201.849
-219.897
-257.054
-280.779
-272.264
-235.401
-225.754
-256.743
-281.879
-127.976
-161.512
-284.143
-132.558
-291.328
-293.141
-262.308
-254.726
-154.392
-220.122
-297.635
-230.526
-231.55
-241.759
-292.335
-289.73
-262.98
-286.618
-271.709
-275.797
-282.112
-264.527
-271.485
-277.438
-274.252
-209.38
-231.008
-202.947
-272.2
-116.529
-143.847
-183.388
-196.559
-199.716
-280.562
-222.004
-240.235
-260.007
-97.7578
-136.147
-178.956
-260.73
11.7587
-232.076
-271.08
-272.675
-184.9
-248.602
-185.307
-277.556
-39.5076
-112.73
-267.835
-238.888
-196.5
-284.764
-229.868
-256.175
-226.055
-285.016
-252.146
-282.449
-275.354
-218.764
-232.222
-249.916
-254.858
-273.531
-258.906
-297.392
-285.514
-134.817
-234.441
-260.988
-223.005
-256.226
-188.936
-180.048
-287.98
-260.906
-270.232
-147.089
-156.998
-242.841
-183.506
-214.888
-211.251
-213.512
-266.291
-257.626
-28.1332
-129.164
-149.308
-160.636
-235.878
-242.197
-201.619
-213.963
-246.139
-202.895
-284.333
-266.043
-87.6502
-219.353
-222.076
-14.9658
-67.196
-287.091
-256.231
-80.3983
-289.663
-284.432
-272.456
-223.986
-208.41
-161.081
-196.7
-290.725
-283.926
-263.881
-283.194
-299.771
-245.528
-223.406
-293.607
-297.457
-282.081
-143.604
-248.112
-192.508
-282.77
-266.083
-283.452
-296.671
-273.014
-290.556
-153.788
-214.749
-182.222
-285.239
-269.762
-251.099
-281.021
-189.917
-249.435
-264.14
-284.113
-256.178
-285.274
-251.667
-291.408
-280.98
-218.823
-259.347
-98.957
-179.967
-260.153
-276.968
-284.856
-210.548
-235.704
-273.58
-280.258
-266.36
-270.306
-72.0921
-285.316
-284.944
-283.262
-153.157
-283.632
-299.289
-288.871
-184.724
-191.637
-288.065
-249.453
-159.555
-221.339
-229.359
-133.08
-214.331
-287.407
-250.991
-92.4233
-257.336
30.538
-119.655
-201.203
-245.982
-85.4333
-252.916
-296.103
-13.8387
-170.847
-191.921
-284.921
16.5607
-139.232
-226.109
-169.748
-204.069
-196.911
-263.058
-291.237
-268.864
-299.461
-249.76
-211.575
-276.316
-293.599
-295.584
-238.411
-240.886
-275.5
-293.601
-216.105
-242.949
-237.262
-271.498
-289.082
-195.697
-247.482
-271.397
-210.179
-266.101
-298.933
-298.715
-296.133
-69.7096
-195.933
-226.754
-291.499
-277.087
-287.884
-234.748
-281.404
-212.366
-242.363
-252.319
-298.264
-256.355
-252.381
-223.638
-273.18
-276.707
-262.296
-226.986
-248.052
-263.024
-292.75
-265.928
-258.297
-235.357
-260.154
-275.953
-167.475
-187.141
-261.216
-277.995
-179.522
-279.202
-109.09
-247.284
-275.905
-162.389
-234.916
-207.332
-228.039
-267.398
-268.571
-272.894
-258.063
-234.913
-292.065
-276.876
-229.53
-242.274
-297.641
-243.281
-273.953
-143.695
-243.864
-257.054
-278.182
-219.906
-279.765
-289.627
-261.337
-264.467
-220.531
-264.453
-95.146
-271.594
-249.925
-245.196
-278.302
-79.139
-120.565
-205.373
-193.487
-190.855
-132.963
-283.479
-262.169
-222.998
-281.048
-292.09
-276.564
-272.763
-294.545
145.549
31.3049
-24.7622
-110.069
-170.285
-281.965
-254.4
-276.007
-286.969
-299.903
-226.601
-261.469
-85.474
-237.696
-242.829
-283.637
-41.7106
-54.8266
-277.133
-284.728
-79.3305
-163.706
-291.005
-234.911
-288.703
-269.84
53.5272
-125.468
-134.516
-266.391
-168.056
-278.376
-257.389
-232.929
-273.196
-276.956
-133.506
-297.748
39.2654
-80.1657
-106.349
-121.95
-171.101
-228.777
-288.914
-209.681
-230.618
-198.421
-290.31
-268.395
-108.582
-196.972
-197.99
-249.462
-284.198
-139.392
-216.658
-244.034
-248.548
-291.442
-58.665
-238.486
-256.691
-273.66
-279.949
-255.195
-287.015
-297.485
-297.964
-24.5042
-76.2333
-231.487
-294.2
-240.879
-222.575
-248.505
-286.074
-277.945
-278.542
-282.022
-185.105
-254.419
-224.985
-215.219
-211.089
-21.5246
-189.855
-255.925
-262.959
-298.939
-250.987
-269.035
-187.992
-270.314
-289.349
-187.608
-237.254
-233.494
-252.106
-258.581
-299.674
-255.442
-222.446
-89.9249
-249.352
-172.192
-272.352
-281.795
-299.747
-208.198
-263.619
-216.212
-273.294
-287.122
-273.204
-263.745
-274.372
-199.509
-219.232
-289.725
-118.236
-237.537
-285.197
-294.449
-230.042
-291.212
-287.09
-289.494
-258.716
-298.961
-266.135
-237.835
-279.222
-295.883
-55.1994
-164.625
-276.15
-181.626
-297.999
-229.77
-292.845
-180.962
-293.743
-191.006
-224.176
-247.814
-271.802
-138.106
-200.25
-259.263
-289.42
-272.266
-161.716
-280.065
-183.44
-213.964
-270.582
-270.483
-291.068
-186.586
-233.86
-132.22
-177.626
-282.557
-293.759
-211.506
-213.058
-290.048
-235.833
-245.27
-166.56
-219.042
-238.9
-287.105
-296.167
-295.251
-299.766
-175.11
-258.748
-269.304
-286.177
-24.1842
-143.646
-215.984
-257.404
-243.527
-290.793
-228.168
-229.989
-291.575
-275.667
-267.183
-223.598
-224.935
-209.171
-289.131
-272.357
30.1434
-15.6144
-53.5265
-93.4505
-109.272
-249.868
-184.834
-281.311
-201.018
-284.416
-276.288
-295.879
-252.737
-287.19
-240.417
-269.927
-12.7902
-48.5731
-140.63
-87.592
-116.901
-263.319
-284.328
-258.225
-292.672
-296.01
-274.847
-295.008
-164.461
-187.71
-202.09
-208.193
-220.47
-262.81
-280.881
-257.482
-230.007
-238.13
-274.184
-293.969
-299.735
-299.814
-147.833
-208.624
-235.986
-166.935
-213.983
-209.74
-215.154
-230.421
-243.036
-252.656
-298.154
-278.824
-282.695
-249.263
-267.865
-278.487
-131.161
-84.9563
-281.061
-199.266
-250.975
-264.885
-259.886
-213.917
-191.777
-266.784
-275.41
-260.752
-298.57
-274.245
-275.13
-154.56
-204.661
-254.227
-275.789
-293.991
-160.416
-238.098
-274.421
-136.116
-218.547
-222.248
-262.331
-196.325
-261.921
-284.506
-207.851
-292.713
-203.354
-229.491
-267.583
-184.245
-247.645
-296.497
-175.846
-298.19
-225.639
-256.604
-287.649
-264.367
-289.294
-158.955
-106.509
-238.115
-263.26
-288.607
-248.183
-298.947
-173.247
-298.527
-173.786
-286.81
-269.561
29.8078
-28.4008
-209.943
-278.888
-235.954
-244.88
-290.267
-291.306
-94.6144
-114.906
-153.574
-88.5692
-188.281
-147.612
-269.054
-288.69
-264.608
-294.661
-192.9
-299.154
-293.615
-177.457
-180.366
-254.079
-182.755
-236.671
-275.661
-275.537
-286.863
-295.948
-283.825
-262.089
-298.901
-293.63
-211.656
-261.531
-232.535
-249.933
-265.107
-296.462
-242.885
-217.532
-233.172
-240.9
-245.249
-97.1528
-104.811
-141.903
-169.125
-218.027
-264.931
-240.11
-235.603
-240.306
-257.28
-278.631
-273.579
-287.645
-85.2589
-296.146
-229.733
-47.0388
-257.339
-272.41
-280.441
-296.21
-285.171
-155.438
-176.817
-260.181
-250.968
-282.91
-198.79
-214.415
-267.559
-269.088
-293.358
-217.034
-251.639
-268.698
-299.809
-289.745
-264.302
-253.292
-265.61
-273.983
-288.779
-246.68
-200.008
-273.186
-266.938
-42.9665
-170.003
-74.7445
-232.502
-205.757
-279.795
-290.796
-168.361
-251.001
-231.758
-36.5179
64.3535
48.6564
-40.6029
-98.3972
-177.203
-268.842
-261.2
-278.627
-214.95
-190.205
-274.723
-194.334
-280.224
-283.007
-299.621
12.2489
-183.096
-286.741
-165.026
-84.7688
-257.465
-258.354
-167.832
-287.015
-218.758
-169.888
-286.201
-187.805
-280.343
-290.727
-158.348
-164.71
-178.63
-249.401
-268.006
-235.692
-267.856
-189.073
-297.944
-169.917
-166.061
-284.155
-292.339
-275.413
-131.545
-287.827
-255.085
-277.872
-9.33904
-87.8341
-115.732
-207.808
-220.791
-288.78
-246.277
-282.138
-292.496
-207.183
-246.367
-261.678
-272.015
-288.039
-260.458
-284.838
-291.627
-229.034
-289.215
-177.464
-283.566
-242.332
-225.264
-223.117
-190.233
-211.971
-274.385
-263.896
-231.512
-293.369
-253.195
-270.889
-208.008
-170.675
-209.897
-244.937
-248.875
-271.371
-154.187
-225.035
-239.738
-236.893
-258.057
-84.8461
-267.224
-249.692
-265.831
-289.473
-275.182
-239.287
-202.236
-299.203
-266.415
-195.411
-268.946
-207.746
-146.555
-292.647
20.5651
-131.041
-262.291
-277.22
-206.905
-259.556
-135.58
-250.532
-298.735
-292.418
-280.132
-6.60846
-153.488
-259.201
-191.004
-255.792
-238.088
-258.69
-252.934
-270.036
-225.121
-227.87
-299.866
-229.001
-209.619
-263.568
-243.82
-257.081
-222.575
-127.829
-218.192
-184.004
-236.242
-296.508
-294.479
-253.676
-275.253
-217.494
-256.7
-272.328
-285.428
285.307
81.9334
31.3731
-248.51
-266.043
-44.4492
-268.125
-214.576
-259.112
-285.913
-258.326
-259.935
-295.103
-246.328
-242.22
-292.412
-142.449
-288.045
-228.795
-238.77
-296.841
-247.46
-256.797
-294.854
-262.628
-202.612
-208.954
-130.58
-225.29
-260.043
-241.757
-159.993
-236.215
-273.31
-258.51
-203.862
-180.608
-255.051
-278.417
-212.915
-268.863
-239.215
-293.485
-269.393
-0.223336
-158.258
-192.529
-252.14
-249.464
-187.976
-267.971
-264.445
-291.608
-133.494
-253.262
-292.811
-246.008
-264.011
-227.791
-214.387
-166.794
-203.869
-244.084
-119.578
-296.533
-187.007
-130.318
-299.1
-270.056
-14.6166
-45.9393
-104.698
-165.14
-223.042
-265.787
-291.843
-68.9188
-173.475
-247.664
-297.256
-109.933
-163.778
-272.946
-269.522
-133.715
-154.135
-263.018
-286.491
-155.236
-173.749
-201.233
-184.79
-246.961
-273.532
-72.877
-121.227
-278.553
-258.629
-276.167
-279.237
-290.376
-247.504
-243.489
-248.991
-291.102
-164.459
-268.26
-147.462
-40.5974
-105.461
-117.048
-255.567
-192.273
-277.807
-269.436
-293.298
-134.635
-234.319
-266.062
-9.12876
-132.473
-188.063
-176.554
-296.237
-282.154
-284.459
-247.977
-168.535
-282.766
-283.758
-273.72
-50.3406
-192.976
-248.583
-236.9
-240.824
-263.29
-247.204
-291.614
-197.662
-252.429
-234.817
-159.048
-222.754
-285.3
-291.263
-128.461
-250.118
-289.498
-246.465
-295.782
-257.733
-276.785
-166.077
-195.983
-196.64
-269.705
-280.612
-174.962
-221.018
-136.284
-209.013
-295.597
-169.31
-174.227
-269.481
-40.2261
-74.5475
-160.18
-254.86
-284.893
-201.638
-269.51
-58.9144
-102.01
-235.88
-245.66
14.7033
-252.636
-155.001
-223.978
-251.691
-282.326
-170.469
-246.357
-238.629
-279.879
-252.58
-275.641
-280.078
-268.596
-202.917
-244.777
-287.501
-271.714
-153.689
-152.355
-157.583
-232.012
-258.387
-299.041
-171.83
-281.7
-102.467
86.3181
-227.811
-121.587
-207.939
-276.181
-298.99
-253.727
-213.057
-247.728
-199.342
-232.064
-108.867
-182.975
-203.456
-262.722
-253.391
-211.119
-238.826
-292.935
-245.594
-269.117
-244.919
-255.293
-277.093
-297.173
-82.3399
-274.584
-280.709
-8.52002
-53.223
-250.334
-246.599
-279.191
-279.879
-207.424
-108.4
-186.356
-243.485
-150.589
-164.535
-294.132
-242.714
-218.047
-224.591
-244.816
-221.173
-222.152
-285.638
-244.757
-231.128
-218.473
-247.318
-272.71
-284.294
-285.096
-291.914
-280.249
177.85
-23.123
-283.109
-283.74
-200.355
-189.767
-234.219
-152.691
-289.117
-151.017
-66.8267
-226.251
-298.73
-296.617
16.7824
-207.244
-241.29
-192.747
-279.992
-167.531
-222.863
-281.953
-292.148
-299.241
-245.71
-285.841
-270.254
-211.333
-193.529
-203.292
-263.16
-216.864
-273.304
-152.772
-200.832
-222.519
14.3178
-31.4059
-149.904
-179.395
-278.692
-170.658
-290.635
-267.71
-263.863
-299.916
-203.267
-277.653
-286.099
-236.869
-243.914
-268.044
-299.849
-230.487
-198.35
-92.3033
-251.684
-166.765
-249.461
-75.1671
-88.8394
-122.933
-168.268
-181.889
-177.7
-224.194
-236.439
-238.53
-254.88
-263.649
-147.673
-222.71
-249.07
-272.441
-175.787
-183.246
-187.466
-258.05
-290.5
-295.706
-192.682
-294.332
-58.4521
-298.46
-181.635
-291.827
-295.689
-175.338
-274.008
43.6835
-62.6119
-293.235
-296.002
-262.774
-299.697
-297.027
-120.898
-211.389
-290.387
-252.916
-292.314
-209.512
-171.994
-180.775
-231.929
-229.029
-298.664
-243.24
-287.189
-283.203
-177.612
-184.519
-262.6
-201.874
-254.388
-226.419
-282.733
-235.729
-145.873
-205.955
-150.957
-171.393
-219.634
-286.734
-155.538
-296.002
-238.604
-273.46
-263.511
-286.005
-175.409
-291.308
-105.446
-149.886
-297.353
-150.82
-266.016
-233.275
-246.051
-57.15
-254.703
-244.622
-199.844
-269.562
-269.354
-206.842
-237.603
-135.366
-281.654
-298.319
-275.663
-298.697
-184.352
-297.311
-254.211
-215.844
-296.781
-30.3923
-88.617
-126.847
-161.701
-290.03
-290.181
-297.062
-223.604
-261.195
-274.625
-287.408
-271.352
-175.469
-294.065
-274.272
-230.184
-212.784
-268.519
-283.118
-213.574
-292.431
-292.267
-246.594
-199.158
-237.175
-242.77
-269.905
-279.471
-198.069
-251.513
-224.639
-268.956
-59.9109
-151.897
-222.123
-153.633
-298.991
-297.768
-287.313
-292.166
-298.264
-97.1453
-252.949
-135.708
-258.691
-238.457
-75.7001
-216.387
-264.684
-269.504
-207.098
-228.741
-293.373
-270.22
-216.704
-134.606
-270.334
-288.67
-288.237
-292.219
-208.924
-128.127
-204.782
-259.197
-273.709
-254.278
-268.909
-275.029
-285.258
-230.364
-214.579
-244.284
-298.076
-227.128
-259.159
-251.782
-260.974
-142.305
-223.631
-281.046
-299.083
-298.964
-170.277
-295.056
-284.336
-299.312
-299.394
-220.9
-295.194
-274.86
-293.224
-250.551
-229.518
-232.882
-236.23
-282.197
-145.715
-254.131
-262.159
76.2537
-101.893
-198.9
-282.889
-296.948
-259.622
-277.918
-294.254
-274.732
-296.671
-176.209
-201.208
-298.737
-199.629
-240.267
-287.492
-0.477144
-214.086
-248.226
-277.425
-256.372
-244.378
-277.312
-262.222
-245.223
-276.886
-234.888
-249.667
-270.199
-229.672
-260.239
-254.635
-261.624
-296.267
22.8437
-142.801
-169.258
-292.582
-238.23
-274.17
-272.427
-294.271
-90.8774
-268.783
-97.4011
-111.963
-158.667
-229.605
-265.356
-297.602
-177.451
-229.346
-255.686
-257.552
-197.584
-182.571
-223.575
-241.414
-267.928
-107.533
-255.617
-289.757
-204.982
-266.11
-296.082
-288.02
-263.231
-167.026
-250.574
-223.894
-238.123
-281.39
-246.167
-291.122
-238.103
-238.867
-281.96
-286.484
-194.981
-223.574
-250.664
-246.781
-271.185
-292.607
-67.4365
-114.304
-296.274
-202.002
-296.698
-292.991
-155.738
-293.847
-167.723
-225.827
-284.581
-251.185
-278.95
-199.69
-209.404
-191.993
-266.623
-196.353
-285.504
-155.668
-269.778
-209.369
-179.538
-212.146
-266.865
-272.923
-284.1
-275.467
-291.491
-285.627
-79.025
-289.383
-188.161
-223.191
-252.228
-287.47
-201.929
-212.663
-257.328
-286.411
-242.071
-259.932
-243.658
-230.589
-254.202
-284.466
-271.314
-231.604
-249.649
-162.155
-188.491
-203.322
-297.965
-200.764
-104.396
-117.604
-225.483
-234.812
-231.613
-231.036
-296.518
-237.78
-258.169
-265.534
-296.448
-194.214
-260.855
-222.998
-286.889
-232.769
-189.357
-285.313
-239.867
-195.218
-239.954
-257.048
-292.716
-271.997
-217.262
-261.242
-193.737
-289.579
-290.264
-262.241
-97.6335
-169.244
-178.662
-140.365
-101.985
-118.611
-122.737
-257.129
-74.1981
-138.846
-180.327
-162.196
-162.551
-178.575
-269.257
-269.345
-276.881
-267.237
-204.601
-229.476
-286.111
-294.598
-285.266
-92.4834
-134.896
-255.967
-261.536
-292.012
-195.59
-281.123
-185.763
-248.442
-228.817
-262.358
-212.41
-294.268
-257.206
-283.436
-248.014
-103.051
-191.089
-251.094
-294.554
-273.779
-289.667
-201.488
-194.62
-199.57
-232.576
-185.981
-189.146
-294.941
-173.649
-290.922
-230.302
-97.6078
-182.069
-125.272
-268.11
-266.932
-283.799
-249.248
-279.479
55.944
-268.105
-288.234
-293.356
-111.552
-216.61
-217.831
-236.432
-271.487
-290.137
-207.034
-212.812
-226.494
-93.7561
-275.141
-288.941
-281.638
-140.197
-265.946
-274.485
-106.998
-139.967
-280.134
-216.619
-134.655
-173.63
-198.106
-229.773
-282.765
-290.11
-182.846
-233.053
-294.379
-280.841
-144.417
-182.719
-246.246
-262.062
-239.979
-286.431
-18.581
-121.144
-166.522
-132.655
-294.834
-29.6064
-84.7905
-138.806
-261.689
-149.999
-246.03
-248.062
-290.632
-123.976
-285.651
-228.115
-282.548
-296.524
-173.611
-269.887
-295.102
-297.982
-283.525
-212.934
-168.401
-155.668
-193.677
-191.919
-278.9
-256.401
-92.8018
-120.258
-131.65
-214.958
-210.885
-218.432
-207.066
-276.101
-266.357
-265.668
-208.392
-207.469
-235.288
-166.537
-195.205
-203.012
-271.498
-193.686
-270.111
-298.59
-79.1694
-147.041
-258.63
-249.694
-260.199
-297.414
-224.288
-292.196
-225.303
146.242
-166.985
-222.728
-292.799
-121.29
-205.842
-273.704
-263.945
-287.472
-192.923
-211.787
-174.228
-235.153
-298.138
-283.631
-285.021
-236.076
-225.373
-289.827
-193.668
-218.212
-255.032
-264.947
-293.077
-170.062
-174.767
-206.062
-223.58
105.027
96.1013
-172.135
-195.645
-204.652
-231.811
-247.374
-190.648
-278.546
-182.935
-209.261
-256.732
-223.92
-275.924
-123.447
-215.762
-228.021
-285.483
-295.132
-291.942
-297.032
-71.6259
-201.013
-227.768
-289.305
-293.965
-286.582
-237.954
-274.837
-226.144
-213.754
-261.996
-165.935
-219.764
-264.334
-263.429
-279.241
-219.216
4.64717
-5.96373
-13.2064
12.3355
-107.997
-290.432
-254.06
-218.478
-247.117
-283.556
-223.219
-295.833
-250.325
-206.906
-285.059
-250.108
-259.072
-287.369
-281.655
-296.142
-282.606
-275.994
-289.443
-146.913
-187.771
-190.058
-268.831
-247.101
-163.848
-208.836
-270.257
-197.218
-195.294
-273.598
-189.588
-250.134
-266.845
-182.719
-257.539
-298.196
-42.8636
-106.848
-203.709
-211.77
-295.109
-298.061
-273.324
-208.445
-282.079
-280.555
-109.384
-145.98
-292.606
-297.843
-177.509
-279.126
-238.596
-125.626
-282.941
-245.547
35.4952
3.58579
-59.5911
-117.714
-173.306
-289.869
-213.899
-222.711
-273.216
-226.726
-295.288
-284.612
-87.951
-130.904
-208.5
-247.499
-277.899
-176.148
-181.051
-210.567
-232.055
-291.972
-256.067
-248.028
-257.982
-241.73
-134.926
-172.194
-232.003
-283.26
-249.329
-235.77
-258.567
-295.094
-294.841
-244.676
164.322
-175.627
-293.644
90.3112
61.5825
-37.4552
-247.899
-285.64
-274.289
-231.501
-191.395
-242.644
-263.394
-286.616
-64.2308
-249.879
-167.692
-87.2212
-129.459
-172.471
191.861
-210.138
-270.117
-277.467
-293.764
-299.742
-299.813
-284.514
-297.129
-297.347
-232.609
-226.507
-274.979
100.318
72.0358
22.4017
-124.037
-151.523
-262.179
-271.595
-194.806
-214.68
-143.812
-260.917
-212.363
-253.314
-257.313
-287.502
-290.783
-279.192
-281.358
-297.646
-276.538
-185.129
-135.477
-149.607
-160.823
-220.599
-262.226
-196.993
-249.554
-279.229
-224.63
-247.115
-275.654
-270.738
-286.146
-291.088
-239.209
-254.377
-181.075
-240.384
-250.173
-239.622
-263.04
-175.507
-219.397
-283.944
-260.992
-238.367
-265.554
-280.08
-299.323
-209.816
-287.172
-292.853
-294.453
-289.247
-254.537
-82.5462
-117.202
-208.02
-296.557
-76.6896
-129.122
-293.69
-293.081
-200.587
-194.871
-235.283
-257.984
-225.399
-288.719
-299.445
-182.079
-277.582
-280.816
-281.252
-278.513
-233.246
-299.749
-254.214
-266.407
-243.581
-296.098
-250.756
-120.374
-209.659
-238.037
-247.455
-187.368
-157.467
-242.946
-255.976
-221.075
-283.33
-184.498
-242.262
-263.353
-279.058
-285.677
-129.155
-142.548
-294.463
-232.752
-299.492
-288.719
-92.5455
-115.49
-118.826
-188.243
-193.269
-228.065
-251.145
-297.494
-248.63
-255.103
-230.585
-237.263
-263.826
-271.74
-209.94
-245.423
-299.25
125.527
-135.269
-210.969
-273.523
-91.4006
-182.846
-230.25
-237.449
-286.169
-259.347
-275.39
-293.307
-296.024
-247.221
-268.37
-129.163
-238.888
-250.219
-259.34
-287.606
-213.917
-276.337
-296.993
-202.875
-214.923
-282.004
-259.961
-288.686
-234.481
-236.485
-166.339
-177.743
-145.757
-285.216
-296.775
-273.604
-290.421
-274.933
-196.213
-259.961
-294.427
-252.311
-268.206
-168.911
-233.937
-259.707
-181.018
-231.287
-260.704
-113.479
-147.032
-33.2752
-116.188
-279.403
-270.243
-299.648
-122.695
-180.903
-211.195
-180.14
-296.741
-224.077
-287.441
-199.757
-292.326
-287.925
-270.477
-299.143
-144.332
-250.031
-171.652
-249.938
-244.626
-276.94
-258.177
-257.347
-187.404
-249.899
-292.189
-116.96
-262.509
-191.734
-266.947
-271.172
-205.126
-292.938
-270.239
-277.048
-172.543
-264.705
-270.866
-290.289
-79.3427
-130.961
-169.231
-178.006
-228.648
-272.36
-224.551
-247.2
-286.406
-268.676
-223.758
-216.231
-232.149
-130.593
-167.512
-195.655
-230.745
-187.46
-288.11
-290.47
-193.699
-210.185
-65.7788
-154.228
-163.945
-179.026
-192.964
-196.756
-178.536
-270.782
-285.626
-180.826
-273.223
-127.214
-222.639
-109.142
-118.476
-178.403
-166.932
-256.494
-295.916
-206.953
-168.164
-243.52
-255.503
-259.012
-226.301
-237.967
-293.945
-54.0913
-66.1159
-179.678
-284.25
-248.432
-153.295
-177.763
-228.698
-273.803
-244.684
-135.055
-275.204
-101.069
-278.917
-275.783
-298.966
-254.548
-229.844
-219.834
-274.831
-298.829
-272.064
-246.605
-294.291
-297.734
-103.26
-120.851
-158.371
-190.136
-212.549
-255.529
-273.465
-280.356
-212.898
-240.618
-293.413
-241.193
-173.718
-236.313
-14.0558
-42.6673
-84.7107
-235.016
-225.555
-249.253
-275.706
-190.382
-269.286
-195.019
-198.733
-277.545
-295.217
-205.716
-246.155
-281.447
-293.64
-292.429
-288.527
-253.159
-231.534
-297.726
-266.284
-226.43
-203.736
-203.283
-288.869
-263.833
-54.7095
-152.503
-245.069
-202.911
-256.883
-280.244
-284.558
-285.166
-231.976
-282.961
-87.4302
-191.971
-214.269
-241.126
-237.187
-299.585
-270.562
-282.141
-279.342
-250.456
-251.502
-275.156
-293.321
-276.145
-186.945
-189.399
-196.942
-279.891
-130.014
-147.297
-27.878
-292.663
-216.568
-260.001
-172.677
-237.093
-279.431
-297.904
-275.016
-163.152
-250.928
-286.562
-223.471
-263.936
-1.45014
-36.4796
-39.9334
-100.431
-287.723
-296.055
-253.148
-244.552
-262.385
-221.571
-262.344
-281.668
-248.666
-177.737
-254.462
-207.236
-292.834
-187.762
-257.398
-285.335
-252.689
-223.32
-208.31
-295.399
-234.183
-164.053
-260.859
-204.524
-215.986
-276.357
-290.185
-153.312
-259.128
-269.249
-172.141
-229.437
-233.426
-279.752
-296.366
-298.427
-252.651
-285.564
-289.316
-217.574
-192.697
-270.205
-282.879
-297.436
-85.5434
-114.111
-275.207
-47.0338
-139.984
-280.693
-265.236
-166.398
-194.889
-260.714
-271.321
-292.846
-272.24
-5.32431
-52.9186
-227.648
-265.641
-224.314
-73.5925
-137.504
80.4733
-129.158
-237.425
-248.396
-289.559
-197.57
-233.444
-164.35
-257.439
-214.533
-292.392
-245.556
-266.961
-230.72
-233.897
-268.771
-290.022
-255.658
-173.962
-260.581
-225.61
-222.999
-281.256
-292.512
-258.274
-240.62
155.638
-33.8072
-126.421
-189.003
-270.317
-168.4
-175.117
-261.998
-290.091
-295.679
-151.485
-252.673
-254.5
-292.521
-155.432
-231.468
-147.217
-258.344
-259.658
-268.498
-252.186
112.369
-7.51656
-121.043
-131.185
-159.726
-178.202
-70.3274
-87.2489
-148.985
-232.343
-246.736
-257.258
-269.455
-164.534
-251.685
-26.9279
-298.398
-294.029
-138.198
-217.598
-253.988
-213.247
-159.533
-285.957
-248.447
-258.307
-209.187
-227.089
-299.755
-290.366
-227.74
-259.128
-284.684
-233.855
-237.44
-193.341
-252.266
-205.6
-230.393
-160.226
-191.961
-197.389
-265.767
-272.549
40.5762
-234.474
-265.735
-283.115
-257.42
-230.971
-172.616
-244.705
-178.906
-267.216
-291.34
-152.703
-294.178
-125.087
-192.481
-209.49
-273.509
-190.798
-252.145
-262.565
-268.916
-293.428
-295.742
-272.178
-289.614
-182.28
-199.88
-216.685
24.6776
-107.394
-144.455
-217.165
-222.067
-237.313
-273.689
-247.835
-275.564
-216.618
-277.51
-149.646
-274.871
-243.26
-285.764
-295.36
-241.145
-290.644
-61.0086
-79.9687
-94.6199
-237.53
-289.6
-248.076
-251.272
-229.812
-177.283
-222.709
-299.89
-271.292
-274.589
-292.128
-267.103
-205.159
-220.952
-270.555
-155.689
-224.772
-237.799
-278.826
-297.115
-112.997
-252.939
-262.726
-220.907
-275.594
-239.425
-202.553
-270.45
-174.739
-283.436
-254.988
-289.881
-296.954
-298.684
-0.211797
-15.9948
-123.294
-139.984
-295.874
-276.871
-266.737
-298.119
-208.468
-161.693
-206.925
-297.837
-67.2282
-198.048
-257.253
-285.186
-293.681
-294.625
-296.793
-20.479
-229.67
-208.788
-264.429
-113.87
-227.973
-252.317
-226.045
-228.623
-281.796
-139.455
-266.377
-250.098
-290.73
-213.788
-272.037
-273.997
-297.835
-261.217
-263.404
-283.359
-168.181
-266.262
-283.975
-285.481
-294.988
-178.832
-191.762
-240.896
-284.925
-296.379
-250.112
64.3642
-15.4857
-33.1447
-84.0785
-262.966
-278.39
-281.16
-265.513
-286.901
-290.986
-265.465
-270.721
-232.213
-274.971
-265.107
-261.921
-256.072
-194.347
-279.463
-112.945
-192.458
-241.931
-262.511
-292.281
-259.566
-288.479
-281.433
-230.465
-124.583
-276.139
-241.204
-124.923
-199.022
-284.906
-266.621
-282.409
-232.026
-237.101
-276.515
-299.901
-253.084
-98.8222
-230.357
-296.97
-261.769
-291.937
-255.041
-290.943
-251.049
-163.762
-261.693
-89.1176
-266.138
-290.357
-267.235
-257.92
-299.573
-288.91
-268.787
-295.733
-288.172
-227.963
-276.468
-26.0265
-70.216
-106.065
-249.981
-274.826
-148.806
-247.413
-249.121
-233.954
-257.16
-34.069
-120.337
-166.264
-276.604
-260.986
-284.012
-276.47
-229.599
-247.704
-111.212
-139.335
-211.205
-260.28
-291.434
-95.6687
-205.405
-247.063
-286.829
-234.743
-295.182
-267.886
-297.356
-6.87561
-145.593
-244.897
-297.062
-250.651
-257.108
-293.546
-294.388
-275.024
-223.008
-220.062
-244.031
-292.217
-273.564
-286.994
-263.058
-269.912
-294.914
-289.403
-234.256
-268.725
-189.846
-287.059
-208.259
-264.591
-281.746
-294.828
-193.572
-238.246
-297.041
-241.342
-263.02
-152.409
-123.86
-286.201
-211.817
-242.592
-249.91
-141.486
-107.339
-170.095
-225.891
-142.815
-240.081
-257.853
-274.394
-278.421
-224.499
-146.397
-270.709
-253.49
-201.338
-155.57
-213.021
-249.866
-270.677
-239.566
-258.97
-267.104
-289.227
-286.208
-285.949
-245.274
-142.328
-280.069
-280.583
-287.597
-299.649
-228.991
-269.484
-176.851
-205.305
-256.456
-273.243
-212.972
-246.798
-273.433
-299.849
-51.2644
-290.552
-182.69
-211.354
-184.022
-284.116
-100.696
-251.808
-260.112
-216.404
-161.812
-167.242
-209.362
-286.232
-258.363
-238.262
-263.836
-282.735
-127.077
-252.325
-292.202
-299.701
-181.833
-257.68
-276.051
-69.4161
-260.963
-234.9
-144.959
-206.066
-281.374
-265.336
-282.277
-298.51
-241.818
-269.868
-278.179
-193.394
-283.342
-270.326
-115.669
-182.756
-205.321
-256.817
-210.12
-258.327
-262.052
-264.727
-286.514
-299.833
-268.658
-242.985
-180.902
-299.726
-137.562
-252.569
-290.799
-94.2457
-175.417
-241.6
-238.361
-284.867
-173.841
-205.184
-273.946
-297.496
-262.287
-280.481
-134.352
-193.473
-288.466
-239.198
-103.543
-184.507
-239.302
-282.602
-236.001
-269.611
-263.289
-279.924
-97.028
-209.662
-188.532
-235.27
-255.432
-69.5252
-222.844
-244.307
-244.789
-251.352
-284.474
-50.1132
136.407
-55.2403
-218.655
-209.78
-216.612
-261.821
-298.222
-214.499
-285.989
-21.9174
-259.922
-281.533
-184.649
-27.3966
-260.021
-285.542
-266.923
-291.955
-298.452
-280.629
-242.209
-267.022
-267.984
-159.802
-211.443
-249.345
-270.767
-136.699
-195.838
-296.246
-178.675
-179.347
-287.413
-299.664
-94.0219
-218.952
-179.22
-254.696
-166.105
-257.949
-181.983
-198.166
-268.925
-228.723
-289.272
-284.237
-285.011
-289.27
-253.41
-292.968
-208.061
-233.94
-90.0478
-120.658
-250.091
-289.653
-292.21
-246.552
-279.283
-276.294
-285.502
-240.568
-287.055
-234.592
-226.647
-240.501
-278.174
-254.849
-265.903
-212.675
-232.755
-136.087
-163.309
-290.855
116.496
-23.4083
-184.728
-290.288
-242.065
-268.376
-245.495
-258.629
-240.449
-262.258
-274.304
-280.374
-286.989
-254.996
-226.42
-223.738
-289.123
-299.487
-211.216
-259.447
-116.46
-277.499
-14.2794
-121.733
-201.328
-65.1735
-255.136
-277.741
-223.265
-232.078
-217.501
-298.016
-258.666
-295.405
-185.982
-287.083
-269.918
-276.072
-144.332
-235.443
-237.492
-285.436
-289.165
-291.776
-221.874
-284.968
-283.421
-242.692
-270.343
6.79859
-67.5733
-113.348
-213.197
-293.143
-252.971
-293.479
-299.46
-234.707
-236.774
-267.836
-288.999
-251.361
-290.18
-224.466
-113.836
-248.29
-261.087
-185.646
-148.465
-257.118
-27.4491
-132.411
-223.07
-243.23
-299.004
-223.051
201.889
-83.7469
-245.428
3.49807
-0.852075
-10.8338
-14.6577
-165.193
-211.499
-205.728
-255.419
-236.31
-132.159
-178.159
-264.138
-289.534
-230.887
-299.805
-214.108
-246.679
-262.382
-281.211
-194.325
-250.149
-106.995
-237.863
-252.144
-286.174
6.35227
1.93969
-153.066
-251.892
-292.373
-229.698
-273.19
-54.0354
-287.76
-287.215
-214.772
-209.176
-176.285
-190.636
-267.788
-280.341
-237.309
-293.756
-142.937
-115.073
-253.658
-286.818
-232.145
-221.032
-244.198
-293.202
-222.354
105.468
-214.122
-283.168
-221.377
-218.375
-234.596
-233.421
-274.384
-273.936
-260.639
-279.064
-137.984
-148.556
-240.194
-271.387
-286.877
-275.179
-226.932
-264.21
-291.711
-256.447
-221.96
-252.072
-278.734
-255.01
-299.087
-197.793
-290.296
-280.415
-266.857
-290.943
-228.419
-276.171
-279.394
-294.167
130.546
-293.391
-234.251
-242.694
-289.983
-296.061
-229.796
-267.579
-192.217
-269.107
-141.565
-192.133
-241.512
-261.878
-290.826
-105.525
-113.384
-270.256
-162.701
-225.779
-123.595
-3.78083
-235.574
-235.236
-280.449
-296.377
-295.825
-286.093
-251.068
-61.6616
-93.7059
-261.04
-263.654
-259.882
-298.709
-293.285
-216.603
-272.587
-242.595
-120.986
-92.8722
-294.509
-56.105
-155.132
-262.363
-281.072
-90.4331
-289.556
-194.576
-285.622
-298.267
-197.072
-236.234
-106.461
-273.668
-235.079
-245.528
-284.044
-204.694
-293.617
-41.2593
-198.37
-199.858
-236.514
-251.359
-166.671
-268.252
-290.568
-298.963
-276.816
-278.754
-110.468
-203.235
-209.17
-245.159
-290.592
-250.218
-294.83
-110.954
-254.245
-280.413
-282.769
-169.528
-296.536
-228.796
-246.848
-258.515
-220.995
-252.339
-298.419
-239.722
108.385
-104.175
-106.502
-119.536
-150.966
-248.387
-280.408
-270.496
-283.927
-284.206
-263.078
-183.198
-196.754
-296.214
-144.101
-222.783
-288.715
-183.657
19.954
-63.1912
-84.0998
-289.641
-298.469
-260.906
-276.69
-226.502
-252.55
-158.713
-196.998
-269.395
-212.358
-188.006
-274.132
-253.283
-297.027
-295.445
-238.187
-231.44
-288.634
-146.518
-272.502
-249.84
-159.518
-199.791
-222.686
-240.921
-296.185
-218.612
-294.109
-44.1053
-161.607
-168.044
-174.442
-189.701
-286.823
-138.788
-183.164
-260.825
-235.667
-181.968
-250.121
-275.375
-205.505
-183.84
-202.49
-231.498
-257.137
-159.757
-212.525
-278.952
-259.702
-149.289
-100.311
-267.458
-298.683
-281.967
-282.427
-203.051
-253.685
-201.83
-184.388
-249.641
-298.465
-184.132
-206.165
-258.924
-271.254
-146.085
-258.19
-233.492
-251.109
-248.14
-264.878
-289.972
-261.087
-272.674
60.6653
-239.187
-240.525
-91.1804
-140.78
-206.285
-217.903
-299.904
-140.737
-149.984
-138.161
-239.778
-241.77
-258.863
-270.837
-265.331
-274.063
-299.33
-184.546
-256.995
-77.6645
-288.398
-168.303
-249.976
-200.768
-291.161
-297.26
-210.695
-227.444
-291.933
-248.903
-298.674
-143.039
-253.891
-279.487
-263.661
-270.297
-281.018
-271.948
-277.699
66.7033
-67.6689
-214.831
-295.705
-177.982
-278.516
-69.1271
-277.476
-32.1142
-223.346
-269.094
-236.937
-178.631
-152.82
-215.357
-96.4327
-198.461
-199.34
-289.103
-64.8689
-140.607
-284.931
-286.666
-272.868
-297.444
-276.584
-261.777
-289.561
-231.091
-294.613
-178.012
-283.463
-291.039
-280.419
-279.667
-245.529
-249.068
-298.076
-248.249
-271.639
-240.258
-277.224
-296.293
-297.367
-239.183
-272.329
-289.823
-244.636
-223.362
-255.982
-284.616
-274.761
-212.497
-295.149
-158.989
-240.065
-290.621
-247.29
-236.214
-263.795
-167.483
-287.61
-278.395
-218.488
-264.145
-288.289
-172.333
-254.198
-280.136
-293.229
-252.094
-277.137
-281.248
-117.521
-118.733
-278.266
-251.617
-168.9
-290.83
-186.441
-263.119
-297.426
-291.648
-285.216
-212.771
-261.051
-254.827
-265.634
-273.51
-143.103
-113.269
-210.676
-216.06
-119.221
-272.963
-256.788
-279.075
-99.8604
-271.402
-253.66
-276.39
-231.127
-253.504
-228.131
-213.832
-268.134
257.331
230.989
146.689
-254.447
-161.522
-188.898
-211.467
-172.324
-99.7204
-289.254
-39.0163
-154.408
-148.064
-201.066
-166.063
-214.295
-295.415
-157.532
-190.058
-291.47
-189.719
-175.645
-295.045
-259.094
-158.675
-226.407
-263.053
-282.773
-285.459
-45.9956
-148.757
-107.686
-189.446
-215.35
-249.947
-20.3851
-143.749
-245.302
-165.158
-207.724
-247.548
-127.926
-159.281
-241.793
-254.161
-214.248
-229.164
-239.869
-279.33
-241.777
-224.254
-235.404
-238.957
-268.018
-286.585
-240.479
-108.215
-147.662
-299.119
-229.637
-142.624
-144.735
-172.97
-195.603
-241.659
-202.073
-291.943
-98.653
-170.838
-276.983
-292.713
-252.503
-279.484
-220.754
-263.8
-270.41
-197.736
-212.93
-268.839
-247.566
-250.352
-55.7608
48.4282
-69.4054
-83.6775
-289.922
-296.921
-178.861
-271.681
-225.307
-226.886
-227.66
-278.497
-288.623
-229.841
-241.989
-250.818
-288.659
-216.702
-283.642
-253.851
-271.477
-111.749
-207.692
-278.578
-228.655
-289.201
-298.826
-266.894
-283.173
-267.632
-216.963
-230.287
-289.52
-284.133
-166.38
-262.396
-85.6621
-177.905
-187.336
-269.809
-41.2851
23.6708
-2.14151
-257.091
-295.174
11.6595
-28.1523
-283.338
-265.944
-297.685
-284.006
-247.216
-250.624
-285.787
-278.428
-253.749
-294.351
-270.753
-297.468
-256.008
-259.383
-4.04183
-299.023
-289.755
-297.654
-184.584
-243.245
-250.711
-184.956
-193.171
-222.527
-252.168
-295.204
-223.022
-143.757
-270.288
-249.135
-280.671
-289.144
-199.983
-19.1987
-75.3584
-213.631
-238.815
-279.197
38.7637
-219.961
-249.466
-7.00734
-27.6742
-152.071
-175.02
-199.85
-215.57
-284.008
-236.135
-247.834
-125.588
-152.891
-171.474
-203.292
-277.459
-143.644
-158.658
-170.198
-238.34
-101.626
-111.792
-229.064
-217.414
-203.658
-279.479
-294.611
-158.459
-195.05
-276.061
65.442
-35.2584
-81.449
-173.106
-179.77
-210.98
-279.943
-239.842
-278.879
-298.193
-109.079
-277.334
-184.571
-254.013
-298.862
44.6572
26.7484
-16.6877
-145.643
-163.307
-266.808
-272.585
-273.484
-264.497
-251.45
-260.065
-116.725
-263.104
-285.598
-244.166
-291.266
-293.305
-222.446
-228.288
-250.764
-146.558
-184.481
194.038
-57.8584
-217.432
-209.89
-249.894
-149.02
-206.626
-285.664
-204.496
-244.984
-277.22
-284.024
-298.53
-257.104
-284.937
-291.615
-225.183
-211.895
-213.223
-246.177
-251.018
-256.691
-282.365
-238.548
-219.706
-282.172
-254.034
-281.868
-282.652
-296.818
-298.303
-270.889
-278.934
-245.013
-286.004
-276.569
-220.572
-249.338
-220.996
-106.537
-164.656
-178.644
-284.716
-288.628
-153.334
-246.411
49.1475
-121.626
-213.609
-249.556
-224.141
-196.409
-282.183
-220.902
-231.475
-269.861
-195.893
-212.054
-240.348
-275.924
-186.702
-278.377
-243.955
-259.086
-275.269
-244.147
-281.648
-98.1967
-150.113
-193.575
-289.084
-299.822
-167.507
-267.455
-290.833
-215.81
-167.795
-229.184
-226.956
-281.127
-208.001
-220.772
-277.347
-296.929
-273.63
-291.887
-293.976
-206.395
-183.584
-49.0197
-286.315
-231.721
-297.71
-150.607
-284.793
-206.909
-290.403
-249.72
-258.025
-27.7127
-97.4221
-197.976
-212.419
-256.488
-258.349
-257.571
-285.918
-270.358
-256.626
-297.825
-290.138
-268.508
-159.452
-268.022
-276.198
-265.261
-292.333
-261.852
-98.5964
-203.911
-278.262
-270.126
-294.855
-294.138
-223.92
-135.003
-102.985
-177.193
-164.14
-231.126
-232.969
-163.678
-198.195
-257.89
-299.427
-141.33
-279.442
-299.011
-194.314
-282.235
-270.3
-225.428
-273.079
-93.6889
-174.507
-271.669
-224.762
-290.742
-214.335
-211.661
-154.042
-158.051
-212.888
-258.039
-288.157
-265.137
-267.381
-216.205
-275.5
-298.854
-241.381
-247.609
-270.859
-240.826
-285.326
-265.054
-221.207
-251.943
-13.2832
-244.755
-232.873
-39.0514
-135.842
-246.428
-251.03
-299.294
-225.141
-231.259
-283.877
-244.162
-214.403
-287.621
-213.66
-268.396
-203.446
-256.401
-285.352
-276.197
-291.837
-235.872
-244.204
-286.036
-254.546
-273.133
-274.387
-291.664
-299.465
-245.19
-289.541
-282.532
-228.468
-296.921
-169.132
-184.634
-244.368
-264.742
-206.316
-253.006
-289.295
-286.605
-163.591
-299.842
-153.701
-256.796
-283.156
-297.287
-77.1234
-178.979
-45.8904
-170.366
-178.944
-195.839
-279.488
-135.815
-282.801
-257.61
-273.859
-272.411
-287.445
-275.625
-282.509
-241.356
-293.145
-245.114
-124.535
-188.67
-265.277
-277.755
-282.595
-294.415
-277.815
-177.479
-212.17
-219.956
-274.979
-111.086
-231.213
-259.009
-268.896
-277.288
-141.658
-285.368
-231.008
-258.25
-166.958
-282.823
-295.055
-236.177
-240.285
-212.788
-240.294
-258.684
-262.922
-288.678
-286.8
-73.6596
-230.754
-256.937
-257.833
-264.241
14.2566
-83.5016
-231.007
-192.98
-220.347
-263.878
-211.061
-201.601
-228.749
-279.759
-71.4238
-147.686
-187.19
-188.833
-144.995
-298.221
-297.645
-253.863
-244.84
-269.013
-261.071
-139.325
-256.693
-297.347
-297.054
-187.169
-245.08
-272.244
-226.656
-293.04
-169.027
-293.954
-181.188
-241.32
-289.242
-286.848
-273.74
-166.42
-246.229
-244.174
-233.049
-246.436
-239.384
-274.956
-269.852
-261.604
-205.294
-292.341
-295.002
-125.995
-248.096
-193.607
-261.255
-296.705
-298.161
-137.249
-124.608
-229.885
-234.9
-267.833
-241.806
-51.8989
-77.082
-223.642
-298.782
-283.462
-260.436
-238.494
-281.64
-170.008
-241.326
-120.977
-281.914
-244.326
-259.567
-83.7892
-149.362
-194.808
-148.561
-249.244
-296.998
-258.111
-159.189
-269.028
-274.349
-62.9986
-191.306
-259.955
-291.198
-230.417
-231.818
-247.843
-298.961
-240.772
-223.513
-269.037
-253.776
-268.677
-170.41
-284.005
-220.173
-235.78
-264.253
-217.429
-275.843
-272.651
-299.266
-279.87
-298.317
-258.915
-288.811
-118.935
-158.282
-170.719
-259.596
-188.24
-245.546
-261.019
-283.103
-147.429
-170.971
-254.417
-277.738
-211.274
-250.557
-283.758
-157.8
-276.372
-252.494
-232.444
-218.699
-233.457
-250.364
-276.831
-194.444
-263.945
-246.743
-285.519
-210.874
-235.64
-252.742
-273
-215.809
-290.48
-265.745
-207.899
-299.125
-199.369
55.9482
-3.53037
-137.698
-244.822
-176.854
-189.866
-241.048
-286.894
-282.712
-105.503
-132.424
-179.089
-44.6876
-122.406
-257.136
-271.181
-246.264
-288.569
-46.405
-220.865
86.7928
57.5984
-18.9997
-35.7907
-284.346
-270.899
-194.445
-281.562
-261.265
-173.04
-250.618
-250.705
-286.788
-293.767
-121.333
-147.166
-288.062
-207.939
-281.017
-296.639
-274.668
-289.739
-207.588
-297.219
-223.857
-297.706
-274.67
-245.743
-291.466
-294.483
-167.351
-294.351
-209.325
-225.652
-248.493
-211.62
-274.594
-254.757
-262.596
-296.86
-250.178
-283.003
-154.681
-295.359
-268.084
-169.631
-203.673
-241.225
-289.638
-72.974
-120.958
-207.633
-297.134
-282.272
-299.067
-273.307
-151.019
-149.104
-296.509
-298.238
-299.592
-299.46
-216.401
-216.746
-219.142
-299.471
-226.034
-228.077
-245.491
-245.745
-222.137
-229.066
-187.563
-174.604
-293.485
-282.064
-294.547
-285.08
-223.083
149.202
-109.203
-246.988
-299.513
-175.536
-206.101
-262.131
-265.903
-185.822
-239.796
-257.876
-56.9209
-199.89
-233.473
-206.574
-212.105
-291.312
-247.182
-296.23
-110.826
22.422
-10.4206
-128.499
-260.89
-287.084
-295.593
-256.99
-269.634
-228.172
-257.734
-244.585
-255.649
-294.425
-112.35
-193.258
-154.784
-251.591
-299.256
-289.657
-212.798
-229.424
-254.377
-58.6645
-293.114
-238.257
-275.779
-256.826
-154.517
-144.39
-283.01
-287.572
-224.76
-191.096
-264.85
-285.111
-225.889
-282.743
-263.275
-275.943
-227.719
-234.555
-280.627
-243.671
-296.292
-102.891
-279.683
-127.963
-192.397
-294.884
-228.829
-230.237
-280.698
-218.343
-254.448
-201.377
-295.505
-265.97
-186.9
-239.011
-175.476
-198.196
-272.073
-18.88
-264.545
-260.086
-165.795
-239.223
-170.787
-174.072
-252.455
-122.32
-284.417
-293.193
-249.913
-276.957
-271.385
-292.663
-164.548
-176.917
-145.801
-180.976
-292.108
-71.7447
-285.511
-257.797
-260.232
-275.461
-299.346
-215.125
-248.959
-282.56
-287.356
-165.561
-223.949
-291.992
-281.704
-223.358
-224.642
-228.662
-224.33
-274.816
-225.914
-286.038
-147.486
-291.78
82.5645
-31.5453
-213.737
-210.796
-299.353
-174.423
-113.774
-298.992
-114.14
-267.78
-234.604
-277.242
-297.256
-197.798
-272.81
-221.079
-252.723
-282.276
-243.939
-277.841
-174.291
-274.462
-295.3
-202.257
-284.251
-92.6518
-278.535
-280.641
-279.461
-236.912
-225.92
-295.043
-299.813
-264.762
-294.274
-216.482
-265.831
-106.454
-206.85
-219.989
-246.556
-215.304
94.7201
-12.0788
-153.58
-212.337
-298.172
-261.269
-25.941
-256.81
-290.042
-245.738
-273.014
-274.457
-239.976
-273.507
-294.436
-284.104
-85.0518
-281.981
-269.888
-219.831
-186.514
-214.411
-294.687
-157.734
-197.775
-152.574
-155.566
-224.492
-251.805
-278.961
-125.514
-265.084
-216.056
-280.847
-295.12
-271.089
-155.712
-205.289
-109.548
-204.355
-252.316
-291.054
-132.975
-185.568
-196.416
-227.468
-286.571
-221.446
-199.803
-234.98
-276.723
-261.015
-139.478
-164.52
-190.909
-236.419
-295.829
-235.589
-258.674
-294.791
-168.597
-204.116
-201.882
-237.917
-272.271
-298.301
-269.748
-263.814
-264.592
-265.129
-134.651
-269.857
-241.457
-256.821
-285.193
-273.468
-248.356
-238.744
-268.208
-266.517
-199.651
-235.373
-287.771
-259.616
-238.584
-290.985
-261.623
-92.0064
-28.947
-232.638
-154.417
-257.898
-213.85
-219.352
-228.652
-251.131
-222.88
74.0294
-138.086
-76.8431
-295.818
-200.515
-279.026
-286.616
-293.117
-256.516
-285.389
-186.506
-293.695
-281.889
-292.508
-276.079
-257.269
-258.244
-262.233
-236.118
-266.322
-279.777
-145.123
-248.497
-239.853
-247.471
-279.439
-243.982
-232.479
-279.435
-104.369
-229.102
-278.366
-280.324
-223.716
-244.46
-286.296
-290.771
-292.806
-267.195
-231.908
-235.214
-179.472
-275.18
-298.201
70.1431
59.8005
-108.809
-124.596
-137.929
-232.278
-270.647
-216.158
-291.078
-226.584
-280.547
-265.835
-211.893
-287.888
-32.3799
-231.103
-257.459
-282.855
-151.001
-231.945
-284.669
-112.08
-254.218
-226.374
-299.848
-282.428
-278.722
-261.88
-278.354
-221.083
-236.275
-258.851
-297.263
-143.007
-237.49
-240.781
-272.01
-283.568
-200.94
-252.841
-285.094
-101.152
-233.958
-234.949
-288.796
-253.119
-183.238
-203.983
-183.644
-221.772
-69.4591
-184.506
-283.383
-123.123
-166.963
-178.207
-255.875
-289.345
-272.097
-276.123
-234.948
-282.519
-269.487
-269.38
-259.395
-252.853
-289.143
-291.617
-271.058
-299.259
-255.712
-275.488
-211.763
-205.749
-263.578
-260.338
-274.224
-268.298
-234.978
-243.111
-172.746
-197.533
-118.333
-68.0586
-104.365
-205.782
-253.098
-276.223
-119.572
-139.916
-286.395
-242.034
-188.147
-249.575
-271.787
-295.302
-281.715
-252.718
-226.072
-284.323
-270.792
-295.738
-284.937
-219.654
-299.343
-273.46
-240.51
-293.722
-155.969
33.5111
-216.275
-287.213
-261.307
-271.242
-264.39
-266.835
-40.5128
-99.9618
-210.28
-216.52
-158.317
-243.617
-278.277
-270.784
-287.079
-294.972
-207.967
-299.183
-296.56
-187.104
-254.223
-269.075
-282.99
49.4841
-73.5581
-263.195
-219.444
-198.435
-217.495
-253.439
-241.147
-296.273
-274.885
-179.505
-289.965
-233.767
90.6948
16.149
-81.9914
-157.246
-284.732
-152.25
-198.782
-289.588
-271.248
-294.76
-299.595
-286.294
-284.641
-274.608
-174.425
-242.461
-275.463
-200.702
-231.321
-210.515
-219.304
-265.716
-286.101
-247.098
-298.385
-265.171
-262.784
-202.929
-293.96
-246.131
-268.879
-270.938
-224.792
-256.218
-264.772
-133.307
-181.299
-201.896
-296.491
-255.927
-169.649
-199.828
-298.36
-174.492
-241.731
-202.194
-289.053
-285.621
-181.108
-235.723
-287.766
-292.269
-237.12
-227.525
-119.067
-279.388
-274.215
-195.265
-277.188
-231.857
-251.253
-159.388
-159.486
-166.69
-237.748
-280.413
-204.871
-246.653
-278.97
-69.5058
-84.3008
-227.694
-147.468
-280.519
-277.469
-249.857
-270.046
-251.528
-134.826
-200.455
-249.03
-289.072
-176.467
-216.625
-138.322
-139.225
-24.8387
-219.743
-117.864
-191.512
-212.565
-203.764
-237.789
-240.524
-158.27
-221.357
-251.076
-298.859
-279.696
-35.7115
-237.685
-207.578
-280.683
-252.477
-258.36
-43.3763
-64.8124
-98.0466
-102.647
-249.848
-230.545
-241.618
-263.956
289.504
93.4433
92.4306
-157.347
-227.43
-258.121
-287.611
-284.523
-294.865
-265.493
-295.807
-260.164
-282.791
-268.083
-73.4652
-91.7522
-159.837
-267.258
-169.24
-261.042
-205.402
-293.971
-215.179
-283.448
-84.3632
-86.702
-243.121
-266.279
-199.261
-290.377
-250.167
-155.678
-294.145
-142.248
-204.153
-201.028
-176.405
-286.105
-223.786
-280.171
-247.721
-172.297
-258.43
-285.337
-287.979
-279.96
-248.009
-275.107
-290.632
-278.304
-259.265
-279.304
-226.432
-270.32
-256.142
-240.274
-197.44
-293.159
-222.208
-244.594
-237.101
-252.596
-287.35
-214.484
-269.134
-211.443
-242.235
-102.746
-222.219
-240.188
-165.788
-227.201
-253.044
-236.837
-284.279
-267.139
-153.803
-173.514
-240.797
-59.3007
-167.469
-251.606
-206.416
-212.849
-271.423
-229.985
-252.354
-298.411
-167.763
-249.451
-227.542
-278.234
81.8904
54.9705
-122.556
-267.104
-276.852
-171.144
-232.633
-260.097
-213.129
-277.284
-270.575
-293.734
-271.229
-294.205
-253.309
-271.982
-136.186
-272.659
-288.825
-183.408
-239.71
-239.288
-164.08
-254.528
-298.045
-196.682
-231.69
-269.347
-261.319
-202.927
-59.818
-130.754
-231.001
-138.051
-183.419
-294.521
-146.653
-150.559
-208.792
-128.563
-204.689
-221.164
-146.873
-219.028
-274.773
-294.546
-285.451
-294.449
-231.987
-291.97
-256.439
-276.69
-262.337
-295.415
-146.971
-204.829
-240.522
-281.727
-294.845
-271.253
-284.825
-282.983
-218.126
-293.836
-286.462
-150.967
-240.352
-294.276
-281.997
-132.638
-157.229
-161.381
-219.189
-92.5601
-171.111
-206.676
-290.455
-174.312
-183.678
-298.645
-269.598
-263.171
-233.436
-249.439
-278.592
-251.667
-285.1
-182.608
-187.66
-258.231
-251.164
-272.741
-247.844
-220.999
-273.352
-265.685
-279.506
-244.946
-191.682
-216.856
-248.571
-280.131
-289.292
-211.41
-266.242
-277.404
-287.71
-281.631
-260.021
-271.09
-298.166
-295.4
-275.911
-174.558
-235.19
-283.808
-294.607
-286.038
-115.282
-165.52
-209.333
-243.653
-241.545
-241.874
-295.285
-248.443
-250.09
-143.181
-237.166
10.3426
-25.9328
-277.683
-239.336
-228.18
-238.958
-246.881
-265.6
-287.162
-146.663
-198.608
-18.9797
-66.3599
-79.3948
-217.076
-248.12
-187.928
-246.207
-260.967
-265.676
-215.411
-246.796
-135.928
-168.659
-291.713
-291.75
-276.217
-259.536
-282.126
-290.265
-274.638
-230.808
-288.691
17.5278
-93.315
-133.142
-140.595
-172.724
-270.126
-201.342
-52.3821
-155.621
-11.3745
-184.705
-253.156
-192.515
-281.094
-217.301
-235.974
-265.219
-284.227
-186.74
-251.51
-218.01
-281.176
-294.764
-248.033
-230.572
-288.839
-249.858
-298.432
-299.1
-286.903
-75.154
-212.077
-107.233
-193.405
-247.489
-160.017
-159.85
-259.214
-295.689
-270.911
-270.93
15.2845
-95.8682
-98.6821
-140.491
-263.416
-180.938
-234.417
-271.287
-249.45
-57.5298
-252.91
-297.995
-255.735
-165.208
-251.112
-287.484
-219.715
-137.046
-273.299
-159.911
-208.838
-213
65.1042
14.476
-93.2392
-94.1928
-158.334
-246.425
-282.916
-288.172
-273.318
-102.624
-241.952
-273.826
-214.452
-213.011
-250.66
-268.105
-274.955
-299.179
-181.208
-298.943
-195.802
-274.795
-68.5239
-171.602
-262.57
-298.925
-248.196
-245.699
-188.162
-298.711
-269.865
-279.154
-285.29
-279.796
-269.103
-157.337
-176.193
-226.067
-275.65
-278.017
-290.959
-182.894
-273.473
-276.941
-173.069
-241.157
-4.90745
-63.5304
-248.894
-270.876
-288.97
-169.908
-219.345
-272.572
-284.178
-260.491
-270.76
-283.46
-281.428
-243.404
-230.08
-253.653
-261.223
-147.109
-295.29
-55.5372
-121.631
-268.717
-289.98
-126.579
-157.232
-278.181
-251.896
-195.86
-268.681
-293.142
-178.269
-194.424
-202.297
-217.943
-274.187
-172.029
-274.119
-239.179
-278.034
-231.33
-226.8
-289.925
-230.208
-234.646
-279.375
-189.947
-249.631
-32.5287
-191.856
-222.3
-266.635
-251.936
-159.457
-295.553
-240.39
-275.985
-192.382
-272.744
-242.24
-212.227
-281.74
-290.054
-194.586
-176.469
-296.718
-221.195
-245.421
-133.154
-263.61
-284.036
-285.113
-297.573
-137.287
-292.667
-290.41
-196.635
-226.895
-252.025
-273.532
-275.612
-263.63
-185.431
-297.666
-122.509
-133.624
-227.188
-250.297
-195.276
-287.931
-288.579
-286.573
-137.415
40.9862
-227.91
-296.79
-198.361
-231.926
-269.627
-271.482
-197.708
-281.009
-249.16
-295.309
-247.805
-231.424
-273.765
-290.922
-221.292
-226.266
-177.839
-186.881
-253.625
-272.133
-276.64
-281.369
-222.914
-224.267
-270.36
-25.1842
-254.693
-258.79
-297.613
-269.007
-277.591
31.1223
-31.553
-121.497
-299.362
-192.839
-242.666
-88.4908
-281.765
-286.313
-210.886
-275.476
-282.029
-185.906
-272.725
-299.022
-282.827
-284.867
-282.66
-11.5249
-289.445
-261.331
-283.487
-292.934
-220.461
-81.9615
-224.035
-263.159
-249.127
-269.654
-271.798
-226.358
-214.833
-250.791
-265.091
-265.524
-88.9559
-95.5962
-167.18
-207.196
-219.016
-272.421
61.2022
-191.513
-259.185
-152.318
-181.976
-185.545
-204.21
-283.839
-248.121
-272.615
-199.359
-252.271
-262.981
-278.274
-277.352
-282.542
-194.779
-243.768
-276.112
-278.945
-138.196
-224.752
-245.493
-252.541
-279.674
-266.18
-252.21
-266.119
-114.082
-228.905
-194.03
-224.439
-287.206
-127.638
-48.543
-85.6998
-235.712
-247.193
-288.358
-243.534
-19.6376
-259.423
-250.942
-257.85
-207.273
-218.458
-276.413
-112.574
-170.911
-194.246
-267.488
-291.753
-299.032
-263.547
-298.869
-60.3649
-290.127
-256.306
-156.7
-274.829
-205.828
-244.092
-183.07
-219.771
-270.121
-223.972
-253.76
-273.587
-294.44
-277.276
78.0977
-0.885515
-148.46
-172.843
-195.971
-273.561
-250.619
-259.164
-275.892
-294.262
-299.498
-191.673
-11.1568
-288.365
-165.439
-202.806
-188.778
-286.185
-277.068
-297.822
-292.944
-154.631
-257.243
-253.82
-291.285
-284.502
-272.076
-298.401
-282.611
-217.325
-231.034
-269.475
-260.214
-201.651
-212.73
-284.677
-179.714
-254.011
-219.752
-256.195
-280.867
-273.062
-299.727
-137.661
-167.903
-205.993
-222.814
-117.423
-139.064
-293.214
-168.154
-289.704
-264.128
-299.917
-276.014
-247.547
-264.389
-288.906
-266.205
-263.28
-160.172
-285.903
-255.874
-101.539
-175.818
-23.1768
-178.468
-199.187
-264.921
-288.615
-293.333
-254.549
-217.734
-226.549
-108.939
-291.403
-255.007
-260.87
-299.993
-179.042
-241.451
-254.325
-280.933
-229.018
-171.612
-202.093
-266.77
-162.587
-254.79
-236.994
-200.466
-206.981
-294.292
-74.1594
-119.49
-189.525
-239.286
-298.707
-297.527
-295.705
-236.776
-239.619
-284.178
-234.482
-271.869
-296.69
-288.727
-297.931
-180.835
-203.949
-190.299
-207.756
-255.922
-233.255
-263.848
-296.909
-297.217
-125.11
-158.118
-178.353
-262.267
-268.476
-281.063
-270.429
-280.604
-194.702
-288.298
-285.534
-54.4208
-166.466
-241.591
-281.235
-289.11
-190.007
-78.7205
-109.425
-189.212
-92.2044
-163.502
-180.204
-203.63
-279.821
-240.439
-285.209
-227.779
-254.088
-202.36
-281.053
-225.512
-242.337
-240.487
-271.55
-115.95
-224.806
-252.344
-270.03
-299.417
-264.704
-297.205
-122.472
-192.11
-231.391
-284.193
-267.367
-227.824
-291.553
-296.785
-28.1078
-101.786
-262.815
-160.134
-299.855
-265.278
-43.678
-249.187
-209.522
-268.086
-209.699
-183.618
-282.663
-284.814
-280.063
-234.204
-255.219
-256.829
-254.051
-293.363
-179.036
-282.703
-297.066
-254.182
-297.664
-267.517
-242.046
-269.545
-180.928
-225.539
-262.66
-181.581
-231.37
-209.219
-273.092
-284.259
-178.203
-179.031
-279.041
-247.546
-53.8081
-87.5327
-274.951
-268.47
-161.425
-226.145
-229.194
-245.021
-298.337
-247.555
-195.297
-163.916
-275.91
-149.338
-229.125
-27.7418
-43.2071
-81.9528
-253.491
-253.896
-250.476
-298.441
-299.483
-65.874
-263.687
-277.021
-135.154
-290.072
-269.491
-285.689
-288.512
-175.18
-277.852
-268.343
-294.349
-264.781
-267.152
-292.247
-215.009
-181.896
-295.24
-288.113
-289.363
-286.243
-168.004
-269.551
-217.643
-265.314
-236.895
-219.149
-289.48
-289.011
-141.89
-231.78
-263.526
-206.706
-231.845
-237.124
-82.235
-193.503
-275.74
-215.868
-231.751
-204.482
-263.428
-271.608
-209.806
-248.525
-297
-296.366
-199.825
-234.992
-142.759
-218.464
-243.42
-254.205
-287.845
-245.418
-77.7963
-283.858
-284.23
-160.448
-208.003
-288.368
-265.889
-277.068
-246.813
-281.306
-294.373
-192.724
-292.55
-191.633
-176.221
-268.545
-142.474
-295.434
-229.269
-285.525
-244.974
-208.546
-291.608
-182.652
-231.81
-234.013
-245.824
-292.431
-248.944
-293.796
-1.5423
-266.034
-243.412
-298.872
-264.342
-285.845
-186.59
-223.542
-281.158
-191.296
-181.781
-214.271
-250.31
-268.226
-234.228
-228.591
-262.659
-256.31
-265.525
-248.405
-277.074
-230.692
-251.792
-248.422
-283.701
-226.961
-285.909
-218.16
-235.675
-241.812
-297.527
-233.165
-170.993
-266.789
-209.649
-263.426
-46.2872
-76.2957
-139.561
-275.213
-297.763
-171.598
-191.638
-284.03
-286.677
-294.65
-122.815
-125.996
-189.227
-255.895
-299.023
-110.786
-124.891
-140.26
-269.953
-40.979
-212.212
-221.933
-249.993
-271.211
-253.28
-256.76
-141.613
-188.117
-233.341
0.0322137
-198.803
-280.012
-240.75
-173.372
-187.014
-256.031
38.2983
3.24343
-98.4877
-115.311
-258.921
-249.952
-107.683
-273.345
-291.315
-294.553
-292.232
-293.688
-158.673
-271.866
-211.688
-252.778
-257.792
-146.907
-152.252
-225.673
-167.226
-204.941
-273.438
-262.202
-144.112
-285.059
-227.51
-276.503
-284.505
-298.498
-196.11
-122.651
-228.347
-216.933
-230.778
-127.454
-267.514
-297.644
-231.859
-288.98
-279.81
-272.466
-274.092
-182.253
-276.675
-273.749
-299.352
-217.32
-256.038
-292.983
-264.793
-205.032
-248.367
-272.384
-221.907
-271.455
-283.983
-221.833
-225.031
-193.111
-273.944
-299.905
-246.964
-65.5017
-159.53
-197.747
-205.429
-284.043
-278.611
-157.504
-242.299
-260.825
-294.33
-239.95
-126.667
-124.621
-295.993
-252.917
-276.231
-220.545
-272.573
-279.447
-281.947
-282.697
-211.71
-255.616
-141.325
-156.181
-183.293
-278.312
-254.825
-297.16
-226.852
-241.511
-236.211
-295.895
-132.637
-180.959
-197.777
-230.965
-227.941
-298.502
-140.143
-212.377
-279.748
-263.859
-283.032
-285.514
-225.585
-229.039
-289.167
-279.941
-280.872
-253.313
-285.038
-288.84
-298.555
-232.942
-270.369
47.7132
5.22557
-56.4477
-70.7801
-178.687
-268.829
-297.647
-289.454
-284.076
-290.912
-264.949
-277.512
-255.047
-202.162
-180.303
-170.832
-281.731
-204.082
-269.898
-290.452
-284.459
-276.542
-252.357
-196.603
-210.661
-273.704
-263.661
-120.164
-242.149
-72.5792
-74.4881
-270.602
-299.76
-115.638
-296.702
-270.06
-212.565
-247.476
-266.151
-178.201
-269.233
-295.277
-279.398
-266.095
-291.241
-78.2449
-214.722
-266.822
-288.007
-273.258
-290.307
-267.014
-288.391
-176.667
-239.227
-292.064
-292.693
-269.984
-174.618
-202.056
-227.347
-232.325
-233.627
-234.069
-149.536
-277.504
-152.256
-163.581
-261.42
-282.577
-276.863
-284.09
-99.1006
-71.061
-138.805
-220.034
-214.054
-276.678
-129.102
-181.8
-206.582
-298.137
-299.289
-13.4392
36.9228
-36.9306
-106.215
-118.098
-141.23
-78.9326
-200.388
-260.751
-281.378
-184.055
-78.8772
-241.431
-256.327
-297.279
-230.75
-229.164
-270.441
-192.113
-196.963
-246.154
-297.076
-299.782
-293.336
8.80075
-210.957
-245.932
-265.457
-298.94
-3.55205
-145.545
-257.739
-286.496
-257.078
-296.023
-279.535
-283.008
-227.918
-237.14
-261.5
-279.789
-262.657
-264.96
-159.197
-61.6545
-244.293
-116.43
-246.555
-287.341
-287.524
-119.566
-196.936
-250.218
-263.938
-274.845
-295.924
-283.748
-261.233
-278.189
-298.16
-132.75
-297.371
-173.909
19.3075
-266.931
-220.568
-161.149
-235.634
-218.992
-241.732
-267.946
-232.926
-203.93
-251.517
-283.338
-81.6921
-100.084
-250.855
-283.816
-282.991
-260.972
-245
-269.151
-294.092
-277.548
-295.284
-226.792
-258.797
-284.707
-253.458
-178.421
-52.47
-81.6719
-156.776
-223.154
-168.413
-200.332
-250.451
-225.953
-267.251
-256.219
-283.69
-182.386
-260.056
14.8068
-152.342
-166.562
-298.405
-187.16
-252.373
-112.363
-147.182
-287.804
-299.286
10.3789
-203.004
-161.819
-268.315
-121.061
-249.808
-291.539
-237.208
-295.079
-163.976
-184.017
-215.562
-246.612
-289.345
-298.065
-157.748
-235.679
-259.277
-289.571
-292.845
-291.858
-191.991
-278.627
-274.03
-281.024
-251.173
-233.909
-277.029
-200.313
-87.8786
-130.448
-174.911
-181.581
-200.341
-224.888
-255.36
-230.345
-255.693
-264.719
-281.345
-256.43
178.861
-204.008
-208.983
-272.594
-250.326
-256.961
-282.101
-299.018
-229.975
-296.055
-247.149
7.9763
-59.6796
-125.966
-190.607
-221.967
-293.215
-163.647
-82.4928
-135.225
-192.85
-260.078
-220.29
-296.21
-274.747
-196.347
-286.473
69.0659
-152.368
-293.953
-231.84
-253.159
-244.667
-278.792
-220.027
-251.02
-213.965
-186.42
-289.969
-239.239
-294.738
-213.195
-234.059
-262.345
-276.083
-255.377
-210.663
-290.86
-262.909
-298.207
-243.379
-286.051
-286.154
-255.947
-275.163
-251.565
-279.816
-74.135
-88.6329
-296.844
-279.268
-284.789
-248.635
-258.847
-266.471
-271.29
-283.311
-31.4684
-65.4664
-215.418
-294.901
-222.737
-286.526
-250.883
-299.037
-274.601
-287.054
-294.183
-286.669
-244.746
-282.893
-188.357
-167.54
-191.27
-259.673
-261.231
-214.695
-289.7
24.6184
8.47489
-92.1633
-126.982
-164.399
-195.391
-250.326
-85.7657
-285.926
-9.80105
-271.565
-285.533
-285.988
-69.169
-200.945
-241.642
-268.651
-231.223
-209.821
-243.612
-285.885
-213.858
-171.282
-10.4817
-254.919
-281.676
-231.856
-298.487
-253.285
-210.189
-283.321
-14.7893
-204.34
-289.586
-246.195
-246.455
-287.9
-293.281
-286.535
-220.89
-250.407
-291.594
-183.918
-258.669
-294.591
-177.306
-102.046
-287.172
-270.27
-253.188
-274.21
-189.779
-182.439
-160.348
-275.397
-69.4072
-125.925
-147.332
-188.697
-266.396
-290.352
-138.231
-199.048
-295.524
-287.021
-212.559
-264.741
-293.11
-265.262
-278.635
-285.734
-267.356
-280.185
-251.147
101.707
-106.965
-232.656
-248.88
-297.83
-297.135
-120.573
-294.993
-208.829
-202.949
-272.386
-209.523
-217.319
-223.893
-271.936
-251.518
-187.009
-235.034
-261.009
-273.095
-274.582
-197.714
-85.2953
-298.588
-181.384
-290.52
-280.684
-218.137
-297.292
-294.849
-283.255
-190.753
-291.966
-288.802
-194.644
-164.509
-299.889
-261.906
-287.446
-150.191
-296.785
-101.485
-171.052
-299.963
-294.919
-276.438
-267.456
-217.2
-291.897
-263.451
-265.429
-283.797
-151.03
-222.567
-257.219
-287.369
-220.725
-239.337
-271.179
-173.134
-204.777
-155.841
-165.17
-194.82
-290.791
-272.799
-294.753
-265.353
-185.76
-195.939
-200.543
-135.618
-165.93
-257.031
-243.268
-287.474
-191.646
-211.769
-247.046
-7.81355
-58.8256
-135.266
-222.924
-192.363
-267.067
-298.2
-211.55
-107.084
-166.231
-247.845
-270.594
-287.492
-192.066
-260.851
-218.28
-270.598
-266.613
-299.855
-295.938
-119.542
-200.801
-245.199
-129.04
-162.999
-232.062
-268.905
-243.036
-248.447
-103.936
-236.412
-197.336
-236.686
-273.485
-296.161
-178.919
-217.606
-255.836
-286.926
-246.655
-181.99
-264.073
-280.313
-287.792
-227.787
-292.639
-220.253
-278.089
-168.767
-235.536
85.8731
-95.1577
-203.731
-245.296
-271.435
-227.545
-271.718
-285.811
-155.056
-297.923
-286.528
-271.4
-287.105
-278.905
-289.122
-269.103
-298.301
-264.323
-26.7066
-123.504
-202.977
-109.369
-251.309
-224.817
-106.162
-110.516
-237.739
-282.256
-247.454
-124.84
-194.978
-138.242
-140.605
-265.809
-141.848
-246.34
-163.112
-169.376
-230.702
85.3337
-260.216
-291.735
-285.63
-298.16
-141.646
-145.671
-287.45
-223.025
-286.825
-295.73
-238.44
-217.595
-265.169
-283.787
-299.279
-181.275
-68.3907
-71.4421
-286.707
-294.902
-265.998
-268.389
-284.626
-292.496
-195.232
-255.259
-288.549
-277.591
-229.52
-172.738
-294.159
-241.973
-92.6043
-249.939
-227.226
-263.685
-40.2603
-215.769
-203.582
-281.956
-213.748
-243.637
-245.054
-274.215
-242.374
-285.819
-276.868
-299.025
-262.412
-19.3173
-107.291
-166.4
-274.72
-249.856
-144.328
-243.74
-264.909
-288.659
-273.465
-284.047
-249.085
-275.796
-298.296
-272.299
-292.741
-257.874
-219.724
-287.315
-282.623
-178.168
-259.486
-250.069
-287.029
-143.701
-196.329
-264.241
-241.439
-147.025
-261.189
-276.807
-295.13
-259.196
-290.547
-111.83
-279.781
-291.86
-126.302
-242.224
-299.579
-274.221
-171.625
-267.944
-280.164
173.061
143.313
-183.603
-269.064
52.0671
50.1433
24.1263
-144.395
-185.698
-275.76
40.9806
-190.599
-196.526
-261.417
-255.893
-258.533
-286.93
-260.378
-291.893
-276.078
-280.877
-212.493
-232.81
-271.926
-288.637
-148.388
-272.225
-219.443
-238.015
-236.259
-296.016
-252.813
-69.9329
-131.429
-203.091
-290.868
-229.757
-102.819
-193.138
-227.453
-185.799
-250.28
-252.078
-279.338
-239.801
-279.787
-210.774
-66.2908
-173.572
-235.123
-263.128
-69.4468
-241.336
-266.406
-256.12
-283.77
-291.81
-255.404
-167.589
-198.613
-208.023
-284.557
-270.542
-247.446
-249.392
-267.369
-279.933
-146.629
-196.017
-253.005
-290.832
-266.242
-266.622
-207.668
-103.806
-232.866
-297.048
-167.716
-268.791
-191.123
-282.194
-281.765
-295.192
-266.394
-209.981
-284.333
-180.413
-208.129
-298.971
-295.018
-263.85
-154.509
-251.813
-281.206
-250.571
-299.786
-196.902
-234.216
-261.393
-116.528
-163.383
85.9873
-217.337
-223.323
-219.973
-260.807
-142.559
-207.835
-180.032
-216.759
-253.292
-285.355
-294.252
-236.355
-283.526
-243.386
-298.849
-204.365
-295.405
-148.505
-274.965
-291.954
-117.032
-199.087
-213.59
-249.801
-204.268
-234.442
-143.969
-282.267
-136.607
-185.072
-208.879
-216.004
-258.857
-292.92
-252.774
-294.882
-284.937
-288.598
-55.9715
-281.101
-235.443
-293.948
-290.231
-274.532
-278.986
-293.839
-280.164
-165.473
-271.36
27.7977
-195.826
-285.752
-281.141
-231.339
-86.3574
-144.55
-145.258
-258.474
-290.794
-269.158
-262.757
-273.809
-223.691
-224.409
-193.094
-199.512
-132.698
-145.478
-153.241
-159.173
-212.676
-283.971
-138.696
-171.208
-289.612
-152.721
-228.885
-250.08
-294.342
-207.627
-281.688
-271.166
-272.114
-240.442
-292.545
-213.84
-285.032
-257.936
-180.088
-103.918
-125.551
-264.129
-200.387
-238.21
-234.236
-265.819
-298.41
3.44308
-24.6718
-60.5413
-212.87
-237.843
-245.818
-271.051
-291.008
-253.298
-246.922
-293.745
-218.84
-253.224
-199.496
-265.037
-198.595
-185.766
-297.221
-244.964
-249.226
-281.665
-298.555
-292.176
-289.827
-271.34
-285.33
-231.846
-229.388
-263.439
-269.984
-284.44
-295.304
-293.391
-145.594
-269.157
-186.63
-298.073
-216.898
-299.221
-208.43
-282.005
-299.178
-277.969
-296.523
-136.612
-242.587
-164.259
-227.855
-240.49
-215.135
-261.352
-268.117
-248.271
-69.7648
-134.749
-246.332
-296.652
-195.99
-217.082
-230.43
-270.926
-244.446
-260.832
-192.182
-220.82
-271.233
-272.551
-282.053
-295.673
-289.503
-254.858
-232.651
-22.207
-104.217
-166.8
-192.29
-11.291
-105.402
-247.691
-254.435
-175.13
-293.889
-277.926
-258.844
-272.378
-287.035
-170.224
-274.281
-231.875
-156.9
-201.465
-225.404
-168.571
-254.279
-292.43
-243.3
-209.586
-246.911
-271.904
-286.05
-251.007
-151.055
-113.59
-122.22
-261.637
-152.373
-264.03
-272.653
-293.878
-227.756
-299.135
-265.204
-296.006
-206.144
-292.899
-4.00217
-153.571
-299.273
-269.103
-244.394
-209.715
-295.083
-214.478
-285.185
-286.199
-225.13
-154.332
-167.144
-299.298
-297.835
-195.641
-222.902
-295.52
-247.284
-279.388
-299.314
-275.866
-268.493
-241.925
-294.404
-241.085
-292.615
-259.2
-243.262
-288.631
-152.641
-212.667
-295.033
-235.713
-270.209
-272.608
-145.271
-160.432
-258.127
-283.963
-290.058
-295.944
-261.024
-290.693
91.7115
70.0174
37.5724
-209.194
-127.444
-168.53
-211.56
-162.814
-288.149
-239.082
-293.187
-139.165
-151.613
-268.559
-227.2
-269.606
-265.071
-2.01588
-78.7282
-169.677
-221.334
-167.82
-248.133
-117.7
-289.262
-254.949
-250.398
-288.2
-276.232
-138.449
-242.108
-151.202
-293.781
-250.87
-286.064
-227.072
-234.948
-234.958
-217.204
-286.289
-290.301
21.3192
-35.4203
-222.67
-272.386
-94.0753
-108.596
-282.794
-283.93
-299.942
-255.807
-224.163
-242.023
