1.03502
0.246957
0.336231
4.0603
0.146537
1.52906
0.254836
0.138501
1.01215
1.77444
0.494817
0.978424
0.101033
0.217746
3.60661
0.852681
0.207894
0.53823
0.420173
2.47473
0.734934
0.152349
1.98251
0.10208
1.55728
0.319262
0.884982
2.07898
0.117995
0.238028
0.95843
3.89055
1.51904
0.16845
0.108063
38.8248
0.137131
1.45636
0.247271
0.197745
1.48035
0.117869
0.346283
0.56162
0.208551
0.258029
9.35897
0.240256
2.12481
1.08113
1.42737
0.139698
0.199996
0.260987
1.13698
0.282408
0.152148
0.117797
1.86035
0.733208
0.499301
2.40897
0.11492
0.239543
0.512564
0.4326
1.33147
3.32582
3.14936
0.25048
1.16013
1.98339
0.283248
0.191342
0.800492
1.55162
0.665779
0.374247
0.196269
0.235873
0.217763
0.364229
2.58043
0.270841
0.266593
3.54755
0.112141
0.136113
13.0402
1.34446
0.119515
2.13457
7.00727
11.8583
1.96928
0.22481
0.269388
1.04828
1.3896
0.203305
0.569644
3.31643
0.113975
0.20359
7.45651
0.173629
0.244965
0.171239
0.939107
4.5186
4.3475
1.9048
0.252372
0.74935
4.31228
0.959024
0.152179
0.419693
0.164924
0.118758
7.08274
2.89916
4.95388
0.282327
0.338822
0.958489
2.98862
0.372054
6.43829
0.290251
0.713276
0.361903
0.585469
0.184323
0.156442
4.06553
5.58838
0.563444
0.436501
10.5598
0.127019
0.239413
2.06052
0.179039
0.118848
0.442539
0.109576
0.362011
0.364179
2.25419
14.0967
2.67771
1.23053
3.89952
5.78414
1.51256
0.247683
0.947933
0.781339
0.11751
0.149782
0.290172
0.27658
0.176695
0.698007
0.359576
0.754537
1.41611
0.39607
0.119047
0.190813
0.118761
0.108311
0.803719
0.180297
0.109691
1.69428
0.226624
0.120708
2.25576
0.164374
0.164681
1.22359
0.669607
0.165701
1.31598
0.427406
0.177308
0.349291
0.489794
0.537794
0.145393
1.1077
3.00301
15.1465
0.213395
0.156512
0.642092
10.8192
1.52322
0.468412
0.320946
0.450745
0.150111
0.306731
2.40564
0.457546
0.463334
0.247166
1.04702
0.553815
0.228699
0.783904
0.535032
0.128185
0.19832
0.163347
1.62984
0.145592
0.13292
0.227401
0.316923
0.741828
3.93339
0.190689
0.666058
5.66649
5.50388
0.623858
5.24823
4.49958
0.884609
2.01394
0.199663
1.13922
1.42345
1.72437
0.159408
0.193594
0.286068
0.19722
1.73777
0.19578
0.387846
0.652463
0.174893
0.137736
0.160684
0.360264
7.17328
0.153629
0.265734
0.261327
0.820736
1.65409
0.226897
0.159431
0.16157
2.30122
0.127235
1.08001
0.936709
0.232159
5.1859
3.23155
0.145958
0.322141
0.352893
0.5532
1.83031
0.15011
0.259062
1.75977
0.205959
0.227262
0.45002
1.68185
4.9407
0.602565
1.8511
0.359186
0.101634
0.162177
0.164266
0.126562
0.646381
0.877787
0.841034
4.51939
3.02033
0.140103
0.180132
0.468075
0.277897
0.744227
0.438798
4.04251
0.180737
0.54273
0.237846
0.104729
0.432802
0.277818
0.125886
8.56344
0.181031
0.670874
0.407897
0.1474
1.51374
0.152105
0.687666
0.452312
0.207809
0.317828
0.201213
10.7574
0.500815
0.174567
0.242442
15.1613
0.487229
2.45733
6.82183
0.2136
0.135677
0.407473
0.973406
0.262604
2.53984
0.114091
0.293242
0.377408
1.58105
4.86505
1.38861
6.50997
0.109406
1.4235
0.492712
0.147987
2.954
0.182333
0.187389
0.220107
0.425172
0.226438
1.22504
0.633974
5.06208
4.9947
0.222215
0.10562
0.121423
0.448585
2.13127
0.306964
0.337851
0.102664
0.161091
0.121391
0.250839
3.56496
0.349644
0.485606
10.33
2.16843
1.26665
2.62412
0.107133
0.809021
0.364018
0.24902
0.14997
0.273457
0.517394
0.578073
5.52527
1.34412
0.647287
0.880713
10.9627
4.64196
0.133114
0.592935
0.102813
0.200447
0.198117
0.52259
0.103516
1.70984
0.190318
5.18847
0.425271
0.607827
0.635764
0.415252
0.280494
0.29823
7.07111
0.250685
0.163552
0.459348
5.71537
3.08586
2.8454
2.87718
0.636742
0.526882
0.149051
0.147462
1.98012
0.122507
0.855987
0.324032
4.47995
1.02199
0.868813
0.122236
0.283535
0.86606
2.70706
0.134936
0.132398
0.494815
0.573196
6.1491
0.521436
24.2381
0.687942
0.138184
0.495207
0.19691
1.32815
1.50942
0.137108
0.155231
0.77194
0.45735
0.153031
0.162916
0.800588
0.839756
0.190472
1.69665
0.31788
1.06998
0.719599
1.29082
0.484239
1.61865
0.36637
1.08086
2.34703
0.169269
1.23502
0.317332
1.64006
1.63692
0.618206
0.585753
11.0314
0.212967
0.218439
0.296671
0.151956
1.38263
0.652218
6.30197
0.132797
0.967111
0.139778
2.22059
0.227716
0.991654
0.138668
0.134831
0.803147
0.732141
0.2328
0.463469
0.535163
1.75269
1.25172
0.397811
0.180292
0.520017
1.28293
0.728334
0.230815
2.71698
0.63352
0.27289
0.496506
1.18911
1.7703
3.34766
1.50627
0.499483
4.10358
0.180857
0.934701
0.117727
1.39182
0.303256
0.297163
0.233073
0.413445
1.26349
1.92468
4.40567
6.62717
0.135095
0.193099
2.91059
1.45786
7.00336
0.32464
1.07376
0.668905
0.535444
0.107155
0.536959
0.285673
0.121268
0.25803
4.83669
0.143889
0.257534
0.331619
0.447783
0.521042
1.41661
1.1398
0.589266
0.11616
1.29988
0.144306
0.149094
0.42171
2.17014
0.178185
0.451465
0.267376
0.562014
1.6724
0.184898
0.384726
0.659659
0.203553
1.69026
0.281472
0.391987
1.54447
0.132627
0.143802
2.58566
3.43998
0.530311
0.228708
0.133242
1.16944
0.172829
2.50823
1.00936
0.349998
0.350874
3.16098
3.64283
0.161705
2.20042
0.111756
1.82686
0.241827
0.23927
2.08687
0.265293
0.187936
0.516668
0.374003
0.388559
1.40245
2.30989
11.3286
0.985197
0.179269
2.44156
0.114446
0.184126
0.710773
0.282921
0.77679
0.557688
0.473976
1.48376
0.109019
0.339407
1.29705
0.112947
4.83193
0.176444
0.982328
0.331514
0.339037
1.65222
0.263874
0.879254
0.240041
1.63432
0.172032
0.128833
0.135084
0.247299
0.137319
1.68526
1.17556
1.48247
0.126611
0.176752
5.30084
0.121937
0.612349
0.310247
0.167593
1.02035
3.90261
0.301598
0.162545
0.201734
4.16493
0.126401
2.3889
0.810713
0.395713
0.674268
1.99494
1.0282
0.939046
0.89457
2.60513
0.169867
9.54328
1.65201
0.221406
0.287622
14.3419
0.407445
0.344764
11.785
0.43819
0.377402
0.179906
1.89871
7.33015
0.515336
0.113189
0.259987
0.227567
0.12352
0.280302
4.25122
0.43872
1.2287
1.10193
0.216399
3.48389
0.897201
1.35956
0.227388
1.1757
0.131997
0.38784
0.216595
0.171855
5.12419
1.92565
0.264229
0.280298
0.375075
0.722667
0.893606
0.840511
0.107978
0.553578
0.632718
0.37082
0.113519
0.690147
0.156224
2.51852
0.621496
0.739781
1.25831
0.17891
1.27615
0.559082
0.106346
0.951431
0.186206
0.695688
0.194289
1.73023
0.365646
0.193027
0.537641
0.99921
0.155003
2.38855
1.00877
0.109736
0.117721
0.852382
0.580374
0.886116
0.284685
0.157596
0.157818
0.124635
0.128334
2.3254
1.90022
0.306473
0.126603
0.76765
0.491116
0.643303
8.83879
0.19997
0.274251
0.100828
3.11069
10.3924
1.97318
0.185829
3.95018
11.6206
1.2085
0.106885
1.19295
0.129563
0.156122
0.834582
0.864295
5.74289
0.335248
8.23897
0.123275
0.432206
8.50878
0.155857
4.70384
0.167226
0.949384
4.25663
0.624674
0.154135
1.38494
0.175771
3.9873
0.210397
0.188031
0.116186
6.06943
0.369976
0.880388
3.24896
1.64014
0.381416
0.790615
0.206924
0.116484
0.709995
0.101874
0.742425
0.221426
0.162887
1.3141
0.593002
1.34427
0.237494
0.78399
0.599248
1.95225
0.112745
1.30997
0.679938
4.42202
0.843139
5.44555
0.122602
0.851147
0.200245
0.12257
0.290787
0.188344
0.164468
5.92769
0.19761
0.107784
1.42188
0.393562
0.214646
0.446852
0.888235
7.52281
0.727292
0.269175
0.506015
0.766418
0.228007
4.39959
0.112705
0.279495
4.01998
0.187744
0.310422
1.84057
0.112698
0.560393
0.136701
0.34441
0.662811
0.203016
2.23564
1.67392
0.285001
0.144227
0.256668
0.210884
6.42073
4.90819
0.879966
0.20779
0.577209
1.979
0.172653
0.164059
0.370223
8.2024
0.225027
3.44015
4.59763
0.607133
1.37226
1.93258
0.290046
0.216202
0.106906
0.582443
0.500165
0.144222
0.123991
0.124168
0.300774
0.131197
0.19557
0.244021
0.325623
0.201528
1.48453
0.631649
0.409416
0.435162
0.179525
1.22927
0.195554
0.314851
0.128228
1.71361
3.15778
0.158851
0.135875
0.427361
0.449744
2.63738
0.361481
0.14237
5.40217
1.68286
4.47123
0.223466
0.381588
0.375811
2.74972
0.312921
0.107579
1.32339
0.306732
0.400121
4.41558
3.62432
0.852527
0.104712
0.125356
0.389558
5.01379
1.91995
0.466134
0.159643
0.121554
1.23517
1.50846
0.506037
0.164021
0.148398
0.119636
0.719677
0.230755
0.108203
0.340396
0.651579
0.712476
0.413949
3.91266
0.949293
0.544428
0.951194
0.120193
0.132084
0.476484
1.0178
0.11568
0.996651
8.04693
0.253236
0.269779
8.27721
0.133221
0.218602
0.42303
0.26947
0.119344
0.120151
0.212785
0.111146
0.119486
0.718844
0.297392
0.358683
5.08402
0.299641
0.147549
0.40503
2.34461
0.421431
3.25054
0.382246
1.75204
0.28397
0.902391
0.922632
0.273477
0.153467
1.0736
0.118491
1.59557
0.149164
0.973386
0.194497
0.183963
0.704378
0.140597
0.956821
1.8202
0.2124
0.29822
0.252654
9.33208
0.149459
18.4278
0.19049
0.183027
0.485908
0.436865
0.648631
0.166032
0.280797
1.51896
1.6717
1.69838
3.40159
0.42038
0.295698
6.11404
0.143068
7.75619
0.2484
0.260295
1.89742
1.61043
0.230852
1.04962
0.592643
0.335392
0.330055
1.01786
0.308447
0.416709
0.407645
1.16775
1.24927
0.376869
0.11534
0.157685
0.736521
0.350644
0.180323
0.229183
0.356095
9.85863
3.25018
0.271092
1.44726
0.378413
0.217406
2.94874
0.546283
0.261718
1.29272
3.86303
6.33865
0.189189
0.161557
0.125002
0.161931
1.42092
0.228715
0.668807
0.645046
0.274932
0.874654
0.39316
0.250454
0.235119
1.06464
0.152749
1.17727
2.12037
0.795595
1.68774
1.08605
2.124
1.2269
1.62485
0.994891
0.156112
0.207514
0.167785
0.256616
0.789112
0.327684
0.28842
0.167489
3.34969
0.276863
2.14943
4.42226
0.364409
9.62762
1.68252
0.23484
0.430988
0.309357
0.429839
13.8326
0.190086
0.109739
0.513903
0.267825
0.124916
1.32375
0.740228
0.314371
1.08546
0.641548
0.148255
1.59781
0.692093
0.311763
0.768388
4.77266
1.90268
9.06945
2.76253
4.34156
0.259873
1.5502
4.46736
4.24085
2.07499
1.37606
0.861812
0.128031
4.86302
0.178863
6.46641
0.270154
0.135503
0.375041
0.315956
0.162482
0.109691
6.23608
0.78506
0.103502
3.2891
0.157803
0.803723
0.105749
0.189635
3.40134
0.10816
1.99437
0.373207
0.516116
0.15596
0.243359
0.215014
0.256471
0.270903
0.213621
0.236697
0.566225
0.329917
5.20349
0.508872
2.81468
13.8199
1.30456
0.271615
0.356245
0.298311
0.243108
0.198964
0.15722
0.177418
0.103845
0.271136
0.469569
0.140931
0.969241
0.10267
0.184385
5.20463
0.644806
0.138313
5.95578
1.16148
0.190783
0.373378
0.451847
0.768467
4.88354
2.00116
0.227427
0.249479
0.232237
0.119991
0.196756
1.02553
2.36452
0.422765
0.614349
0.112053
7.99231
0.672151
0.801995
0.560354
0.597172
0.318392
0.741625
0.549769
0.539718
0.694931
1.51677
0.213437
16.8265
0.160334
0.204205
5.71092
0.364716
0.768763
0.142898
20.2262
0.437951
1.50774
0.393078
0.915629
0.584676
0.297779
2.0874
0.402036
1.70186
0.637654
1.09335
1.79403
0.47609
0.286817
0.216324
0.159446
0.984693
0.474766
0.214886
0.890465
0.933122
0.859704
4.23688
0.189087
0.527403
1.16568
0.104253
0.725582
0.148108
0.264839
14.824
0.248794
1.89621
1.64904
3.74674
0.289145
0.116677
0.583086
0.597887
0.284145
0.188764
0.293411
0.152903
0.114321
0.816932
0.337444
1.19416
2.15129
0.307999
0.165356
0.163437
0.289893
0.107164
0.243984
0.249774
1.74204
0.215325
19.1326
0.125253
0.162741
5.63602
0.279175
2.97585
0.62569
0.320343
0.363201
0.546188
0.813024
0.162493
16.2926
0.110421
0.976446
1.09708
0.177592
2.27375
2.68362
0.491242
0.625902
0.62739
0.113461
0.117949
1.78334
0.114337
0.19424
0.616528
0.192707
0.463259
9.24138
0.148153
1.92422
0.421839
7.11319
0.606989
0.19048
0.165833
2.06056
15.5249
0.404125
2.80233
0.114479
1.16179
0.312878
0.17204
0.668776
0.372049
1.23745
0.217925
0.323858
0.24821
0.331313
0.11642
0.139463
0.645801
0.457782
2.50747
0.421252
2.26746
1.64877
1.14088
1.09714
0.261423
1.36623
0.190307
0.121124
0.204908
0.451487
0.19874
0.209223
1.13885
0.310085
0.100196
0.303487
1.61007
0.475897
0.169274
1.17736
3.08908
0.209379
0.148239
6.25771
0.46409
0.17454
0.205368
0.208375
0.416168
0.813281
0.193348
0.361475
0.589473
13.4008
0.108821
0.372049
0.573717
0.509123
0.195903
2.66357
2.02225
8.00005
0.186906
1.83823
1.53996
0.140055
0.222729
0.948363
0.197853
4.77762
0.165599
0.124402
0.34913
0.306611
0.164554
0.665889
1.27258
0.1639
0.866957
0.112045
0.151861
15.0665
2.61251
0.252532
0.356119
0.919417
2.14941
0.263897
0.100792
2.05265
2.44976
0.213611
3.48684
0.192725
0.179325
0.155431
0.712888
0.180587
0.350962
0.527808
0.398981
4.36632
0.136928
0.138253
0.411267
0.344616
3.15602
0.179062
0.276199
0.564833
0.261635
0.726609
0.292465
2.63273
0.110227
1.34919
0.346058
0.18774
0.221398
0.849565
0.250435
0.489796
2.4519
3.39067
0.605094
0.159071
9.3474
0.513576
0.109937
0.31191
0.134778
0.294562
0.227152
0.499613
2.28789
0.140251
0.932991
0.162164
0.364026
1.19157
0.216923
1.61827
0.213921
0.716521
0.270331
0.543217
0.237114
11.6256
0.124189
0.113884
2.59262
0.152091
0.230427
0.318427
3.66904
0.149349
1.11032
1.89997
0.106216
0.149449
0.216951
10.4101
0.341018
0.176256
0.116351
0.244037
0.159334
0.216587
7.92317
0.19743
4.9518
1.18116
2.14195
0.142705
0.109313
0.50125
0.143518
3.4172
0.536013
1.79305
0.432181
0.204061
0.119022
0.615497
1.14756
0.288753
0.891176
0.724163
1.06129
0.149688
0.666527
0.491426
0.449172
0.514892
0.447375
0.287551
0.188918
3.20695
4.89479
0.655887
1.06775
4.42512
2.50425
0.546387
6.92537
0.816541
5.34536
0.4233
3.86895
0.964368
0.151628
0.125683
0.608218
1.26707
1.14335
0.296548
6.54159
0.423
0.230866
0.215555
0.300895
0.179473
0.243459
0.534503
0.331626
0.251486
2.53687
0.447222
0.268077
0.432185
14.0395
0.21034
7.12627
4.636
0.142829
0.574996
9.95833
1.20089
2.3958
0.390229
0.129132
0.397807
7.13352
1.3835
1.33259
1.87846
0.253404
1.68661
8.63463
0.195708
0.160645
0.617507
0.22045
0.272389
0.129335
0.192507
0.194667
2.2009
2.33441
13.3105
0.257782
0.530715
4.05502
6.36968
0.641976
1.17677
0.207099
0.148334
0.875943
0.460917
0.453042
0.350526
5.5789
0.195003
0.155312
0.272466
2.18963
2.65149
0.436099
0.202957
0.171346
0.899079
0.120145
0.184272
7.95132
13.2075
1.82879
1.88688
0.15131
0.173741
1.35574
1.70022
1.54917
0.402011
0.220667
0.439432
0.336386
4.13758
0.115039
2.46177
0.891068
0.725898
0.1232
0.323932
0.399649
0.780891
0.238112
0.473237
4.42882
1.1956
0.745684
3.36767
7.50427
7.61394
0.458672
0.840342
0.627122
1.26683
0.146846
0.131663
1.54986
1.10723
1.7135
0.257957
2.7874
0.131871
0.141319
0.460796
0.38388
9.21882
0.756613
0.242661
4.25856
0.590845
0.345996
0.128758
0.383059
0.11332
23.566
0.162252
0.214088
0.279413
0.585147
1.8815
0.148535
0.265814
0.381667
0.429837
0.232872
0.658884
0.78986
0.3651
0.329404
2.93691
12.551
0.180731
2.36499
0.744541
27.9219
0.102815
0.421966
0.283087
0.599051
0.598942
0.123352
1.59936
0.127699
0.617873
2.0446
0.135969
0.419493
0.174977
0.54903
0.160538
0.34796
0.300161
0.128082
0.112482
0.170361
0.245217
11.9929
0.205153
1.98116
0.656484
11.9745
0.446793
0.13179
0.900459
0.127169
0.13527
0.270552
0.356189
0.260683
0.3618
0.218296
4.47369
0.804981
0.523813
0.882801
3.54771
0.41525
3.53442
0.253366
0.105658
0.425083
1.42172
0.632863
0.33689
1.15862
0.16876
2.13063
0.260231
0.251286
1.10939
0.132091
0.432179
4.9838
7.05344
0.147567
1.04172
2.25963
0.536841
0.188892
0.557851
0.377084
0.674368
10.7573
5.95484
0.532964
0.316001
0.85166
1.90582
1.04752
0.335313
0.18758
0.879277
1.48161
1.60536
0.371445
0.246092
0.838087
0.262315
0.15759
0.155998
0.556414
2.61978
0.163373
0.445753
0.787235
0.405753
3.26728
0.304461
3.18411
0.164809
0.297435
0.151854
0.309886
0.18871
0.863789
0.340028
3.90985
0.331212
0.1292
2.74669
0.592379
0.707476
1.68159
0.198654
0.807061
0.545265
1.43974
2.01318
0.719251
1.1188
4.12293
0.197075
2.3443
0.165406
0.104716
0.217967
0.51054
0.105428
0.429373
0.279655
0.104652
0.367737
0.625153
0.433088
1.65304
1.23282
0.111031
1.48653
0.327488
0.129535
0.744815
0.105908
0.350141
0.195629
0.232827
0.158066
0.499947
0.463526
3.61611
1.15489
0.114918
0.114526
0.208107
4.41024
0.105087
2.30989
0.138789
0.105126
0.298205
1.45762
3.92471
0.306992
0.621261
0.103892
2.40907
0.431892
0.825891
0.519772
0.112204
0.321246
4.51268
0.325906
0.209296
0.230747
0.329869
0.292802
0.29176
0.447171
0.169775
0.588316
3.11181
0.226902
0.331659
0.165924
0.540514
0.176773
1.78979
0.105793
0.382046
0.189266
0.601597
0.142568
1.10776
0.137833
0.560619
0.616683
0.602026
0.119141
0.240955
0.222883
0.278481
1.75369
0.187085
0.339136
1.55609
0.216575
0.420236
2.00482
7.31219
0.683532
0.386945
0.62353
0.162248
0.38297
0.82553
0.266229
0.365249
0.250369
0.901407
0.135897
0.340867
4.42878
0.20517
0.334715
0.136824
0.157113
5.88964
0.170326
5.33568
0.104894
0.186015
0.320019
0.100959
1.11093
0.228614
0.12522
0.410472
0.57913
0.841763
0.430085
0.23627
0.110943
0.462041
0.159517
0.156562
0.722783
0.235271
0.171331
0.123179
0.33731
0.768751
2.28747
1.20908
0.133692
0.205715
4.12834
0.32399
2.15796
11.5529
0.204836
0.418113
0.416878
0.573416
0.349202
0.169325
2.48326
0.123095
0.389438
0.147424
0.950569
0.863475
0.88506
0.282209
1.13452
0.12727
0.123752
0.114024
1.08156
11.6689
1.22298
0.970771
7.59655
0.189427
0.854073
1.38712
6.50711
0.547416
0.203769
0.223193
1.28332
0.411716
1.55331
0.985884
0.12188
7.39211
0.124745
0.504837
2.98274
0.674016
0.114875
0.214362
0.329502
0.74346
0.109455
0.16143
0.165225
0.912791
0.342928
1.12861
0.232147
1.00769
0.786278
1.14974
0.17731
5.41608
0.181966
5.89589
2.84678
1.34551
1.36347
0.710852
0.243091
0.519993
0.379334
0.374394
0.256854
7.75598
0.401438
4.18836
4.0075
0.1581
1.57206
0.66233
0.961931
0.335208
0.286601
0.736701
3.20437
0.104059
0.135304
0.65656
0.178136
0.830693
0.406832
0.747255
0.167853
0.124684
2.24716
0.155082
16.826
0.120252
2.91983
0.235185
0.191089
2.0117
0.956234
1.31569
0.230708
0.567919
0.680955
0.14649
0.326038
0.418648
1.58414
4.20166
2.6979
0.682245
0.759974
0.118207
0.124515
0.124518
0.158701
1.74845
0.484632
0.268557
6.31741
0.348583
0.258857
0.9124
1.22133
0.118676
0.645027
1.01837
1.89972
0.264522
0.906097
0.648714
0.705103
11.0397
1.843
0.122821
0.438641
0.601459
0.731825
2.02664
1.45839
2.28016
0.590111
0.342204
0.194393
2.77226
1.32132
0.163491
0.238482
16.2181
0.106796
3.04185
4.55246
0.317543
1.79594
0.279147
1.28554
0.870038
0.187804
0.519099
3.37357
10.3823
0.824153
0.528401
6.86053
0.622181
0.29546
9.47649
0.104007
0.170575
0.446946
6.33289
0.213706
0.740492
0.146716
0.173341
0.117245
7.32516
0.581753
0.146106
0.108038
0.762757
0.288232
0.591769
0.524325
0.16374
0.804364
0.287404
2.80151
0.157329
0.341873
1.48775
1.95343
0.727996
0.159921
0.404073
1.99595
0.518117
0.331757
1.59791
0.7096
0.521214
0.218245
0.354888
0.112012
0.888719
0.156322
1.24011
3.07015
0.294988
0.101601
0.609861
0.192294
0.855289
0.814433
4.93303
1.33109
0.189661
2.21997
0.258791
0.113555
0.107676
1.44124
0.257908
1.75675
0.471249
1.22062
1.11674
2.33781
0.470694
0.115246
0.351782
0.181816
0.440176
0.675093
0.257378
0.518012
0.28466
0.137183
0.309891
0.356388
14.332
1.3929
0.221464
0.282918
12.7172
0.222441
0.845548
0.320126
0.946706
0.122088
0.729416
5.43292
0.195885
1.74806
1.47176
1.0285
0.576937
0.251016
0.195824
0.312968
17.2936
0.955425
0.100441
0.574182
1.26291
0.94224
1.51331
0.197876
0.176965
3.68397
0.2648
2.74421
0.216608
5.36928
4.60092
0.134075
0.306183
0.170213
1.80783
3.01719
1.05437
1.52474
0.184833
0.818009
1.80121
9.95301
0.502943
0.248218
3.15346
0.131054
0.293701
0.378794
0.64106
11.1095
1.50313
2.17985
0.16842
0.718865
1.08481
6.184
1.8556
2.10886
0.375832
1.42998
0.788478
0.222809
1.30624
0.567455
5.68877
0.231615
1.40143
0.206171
0.181162
7.54473
0.826252
0.154536
0.674823
1.89963
0.100742
0.152174
1.51524
0.124427
1.40952
0.267022
0.143131
0.155185
0.503257
0.210427
0.488301
1.5956
0.227672
0.605149
0.678586
0.102297
0.343178
0.290016
1.33607
1.20571
1.81486
0.108194
0.717366
0.146579
0.118722
0.184074
8.23896
0.447759
0.204999
1.86465
0.665225
0.112451
1.30831
2.18005
0.183949
0.112978
0.375326
0.156959
0.130911
0.728703
0.185084
0.499418
2.46248
0.529992
0.65032
2.23488
4.56852
1.03251
0.133271
0.420527
4.42109
0.471129
0.372082
1.69957
0.130131
0.236794
2.09797
0.652708
1.97294
0.76024
0.160698
0.319257
0.16226
0.108223
0.599657
0.463513
0.164676
18.4207
0.119722
9.90035
2.05501
6.00545
1.16339
0.571743
0.24029
1.98402
15.3013
0.188102
0.101251
2.83291
0.904185
1.87051
0.360629
0.189405
0.25545
0.176524
0.187351
0.733385
3.51607
0.113319
0.287964
0.453328
0.120717
3.0023
2.93045
1.72414
0.243116
0.304528
1.91246
1.88048
0.101583
1.14925
0.97173
0.489404
10.3142
0.127646
0.169144
0.265037
1.46991
0.358683
0.683868
2.41806
8.48498
0.128452
0.472061
0.580102
0.178499
0.12318
0.185481
1.21197
0.189345
0.30228
4.28589
0.202148
0.773565
0.156256
1.2792
0.107365
0.717824
0.501182
1.27336
1.92272
0.160197
0.227456
4.31625
2.04327
2.2045
0.157075
0.12427
0.295417
0.156168
2.59355
1.36555
0.574188
4.32986
0.189956
0.650821
0.977688
1.63191
0.760894
8.00075
0.333711
0.170763
0.552165
1.09567
1.49374
0.227181
0.350535
0.419109
0.995173
0.271468
3.85759
2.38431
0.731026
0.199744
2.94966
0.194951
0.24821
0.610515
0.467351
0.273448
0.883741
14.3032
0.356882
0.405631
3.74633
0.61057
10.366
0.417714
0.243644
0.233948
0.129518
0.220722
1.0055
1.00352
0.192615
0.121465
0.325339
2.35241
1.21518
2.02436
0.356787
0.512614
0.277747
0.76157
1.3362
0.100502
2.18214
0.747485
2.67251
3.34594
0.237346
0.119332
0.152616
0.11623
0.305027
0.113863
0.201043
6.82337
0.371715
0.175686
2.22409
2.96016
1.22834
6.59189
5.48725
0.328726
16.0418
0.20474
0.155435
0.205437
0.724654
0.319709
0.829543
2.11262
0.340174
4.87607
0.243982
0.506612
0.600134
0.72789
0.914666
5.89498
0.735133
0.181509
0.227244
0.966656
0.271497
0.847919
0.597528
0.101246
0.46433
0.573949
3.93281
7.81514
5.4288
2.19928
2.18211
0.614959
0.831869
1.81826
3.46289
1.99033
0.16913
0.106331
0.167264
0.134124
0.118262
0.166493
0.514763
0.213204
2.05809
0.185012
0.316643
2.09062
0.295921
8.01901
0.23283
0.13327
0.102206
2.41334
1.13543
0.543155
0.121136
0.500468
0.351529
1.28618
10.7122
1.73973
1.76734
0.379046
2.82557
2.245
2.82403
6.54034
0.285693
0.153443
0.909304
1.15048
0.292887
0.205317
0.294546
0.362891
0.516372
0.713678
1.1473
0.73339
0.139811
0.891308
1.49784
0.280489
1.30959
0.338248
0.839081
0.140503
0.200129
0.181905
0.303013
0.589774
0.250852
0.151299
0.308354
0.157699
0.65161
8.91879
1.67807
3.68149
0.167954
5.22511
0.316175
0.151844
0.142536
0.375401
0.749479
0.130065
0.120231
0.112774
0.76615
0.29442
0.552692
0.64535
0.622901
3.55513
0.186742
0.316704
0.26705
0.220237
0.313552
2.07746
0.611866
1.34812
0.337757
0.262873
0.230896
4.81915
0.868925
1.62908
0.15178
0.138411
7.94099
0.443394
4.71436
4.19965
1.98236
0.142142
0.127181
0.149749
0.133258
1.43794
0.333042
0.228441
0.346551
0.289697
0.15282
1.19567
0.462731
0.152137
0.168493
0.52687
0.299943
0.304879
0.732206
0.166551
0.18761
29.3229
1.1271
1.26317
0.272585
0.633495
0.151231
1.96571
1.04593
0.856298
0.308883
0.422253
12.4176
1.94899
0.301283
0.353126
0.174712
0.197329
0.19079
0.106251
0.210626
0.124797
1.2871
6.13007
0.244142
4.35986
0.233961
0.248852
0.257371
0.336753
5.72571
0.327325
2.22357
0.221543
0.990655
1.66062
0.825336
0.166016
0.18301
3.55104
1.40793
2.24906
0.296294
1.44159
1.66093
0.519239
0.202559
5.0887
0.144456
0.242983
0.311824
0.336836
1.21208
0.301193
0.60406
2.96392
0.482302
0.54654
1.11822
0.878139
0.216097
0.726195
0.177895
0.106843
1.26595
0.489841
9.91342
0.152695
0.230567
0.105603
0.590914
8.49928
0.168874
0.602389
0.167047
0.25934
8.07458
1.5365
2.4133
0.320626
2.44853
0.699493
1.45633
0.13856
0.231329
0.395366
0.545461
10.9578
0.573425
0.286342
7.20542
1.12404
0.510832
1.60543
0.176347
1.11746
0.471086
0.353451
0.134416
0.647612
2.45673
0.287768
0.408729
0.718906
0.455339
0.289649
1.2815
0.276924
0.178703
0.654413
0.110452
4.88311
0.123293
0.407411
0.1039
0.825186
0.144746
0.11354
0.15106
0.227796
1.49235
0.102791
4.47566
0.147171
0.164821
2.12139
0.113678
0.548789
0.118892
1.67419
0.136956
0.801236
0.252268
0.252559
0.694389
0.890973
0.101083
16.6663
1.83231
0.40033
0.114367
0.268445
6.66036
1.25882
0.921219
0.574586
1.09327
0.262912
0.32402
0.939363
0.895513
0.227099
0.31296
0.341754
0.125179
2.76963
1.01521
0.701649
3.06201
0.427252
0.2899
0.595951
0.21081
0.164814
0.279459
0.637275
0.765581
0.18276
0.179156
0.214681
2.20508
2.00459
0.29027
0.656248
0.619887
2.81394
6.67916
0.175736
0.134333
0.76054
0.329475
0.181706
0.179234
0.112551
1.29981
0.806038
0.414589
0.157829
0.336393
1.19939
0.123773
0.209363
2.61581
0.258051
0.190735
1.48569
0.611312
0.179345
4.35843
0.102127
26.085
1.24867
1.34667
0.119689
1.76706
0.945884
1.55148
0.155847
0.47439
0.855465
0.381515
1.18433
5.21178
0.131631
0.236769
0.255639
1.17003
0.129327
1.25974
0.475635
0.256274
3.52657
0.268351
0.177582
8.93978
0.384847
0.432786
0.153539
0.295077
0.41943
1.76902
0.174618
1.60309
0.989625
0.286627
0.362131
0.468281
0.915026
2.52598
2.23679
0.155597
0.252032
4.6042
1.29954
1.1168
0.269298
0.202278
0.43222
0.68663
0.286989
0.169411
0.11916
0.550199
0.710393
0.15125
0.283596
0.147928
0.149925
0.940652
1.14768
0.119381
0.32008
0.13146
0.229409
0.531784
0.256472
2.86455
0.139773
0.165097
0.715286
0.989105
0.850624
0.507558
6.10327
0.513902
0.693426
0.102074
1.41839
0.849568
0.216359
0.352872
0.640621
2.02882
3.13751
0.202698
0.640627
0.602778
0.632575
2.54109
0.102024
0.836295
1.17616
0.426705
2.06215
5.18094
0.117509
0.879104
0.640122
12.8536
0.488302
0.49375
6.10718
0.446822
0.175918
0.749064
2.66538
4.36981
0.11221
0.135231
0.338215
0.381688
9.45627
0.533784
0.517056
0.126994
0.265794
0.14881
1.37036
1.0294
1.28264
0.634989
0.238704
0.706254
0.438043
1.02267
0.347529
0.125171
4.08413
0.106279
0.912961
0.270244
1.02906
0.117598
0.210371
0.505342
0.118455
1.02889
0.10967
0.353343
2.86648
0.145464
0.73112
1.82334
0.214178
0.229429
0.43886
0.115332
0.500385
0.254902
0.901379
0.128066
11.1915
2.8453
24.5292
0.140698
0.471939
0.328006
0.208529
0.117982
0.817743
0.549079
0.745877
1.24563
0.520542
0.153633
0.200262
0.110231
0.823449
4.93282
0.167643
1.27771
1.06579
1.60172
0.773676
0.438555
0.229671
1.74092
1.57573
1.65744
0.222165
0.637169
0.168734
0.462309
0.273725
0.661639
0.160778
1.01107
0.363202
0.127875
0.15524
3.0877
0.303988
0.570887
0.989139
0.153564
10.7906
0.19216
0.587016
0.227902
0.514951
0.169451
5.06597
1.6401
0.135564
0.441414
1.16196
0.192611
0.527344
0.388384
0.983326
0.225152
0.387619
4.06929
1.73046
0.498206
0.312193
0.443844
1.00859
0.271826
0.944462
0.868534
0.879852
0.110358
0.151885
0.465583
0.473207
1.97125
2.79875
0.60135
0.939216
0.46232
0.219369
0.495142
0.115573
0.415553
0.33616
2.92973
0.48981
0.128218
0.58841
0.18034
2.84206
0.721913
0.171825
0.2765
0.208652
0.10736
0.28715
6.96011
0.363486
0.379918
0.629554
0.208993
1.02462
0.36251
0.241536
3.61127
7.58979
1.83983
2.60672
0.300808
0.16184
5.53451
1.79074
0.141958
0.110796
0.65247
2.64677
0.121785
0.602836
0.528352
1.02048
1.78281
1.40092
0.722058
1.61479
0.313899
0.212026
0.239575
0.104324
0.224359
0.284907
0.255365
0.173547
0.968774
0.20709
1.5783
0.184554
0.119147
0.221796
0.942825
0.139137
1.03971
0.431007
1.25783
0.364376
0.551253
8.29977
0.168041
9.92777
14.9468
0.394793
0.265133
0.316222
1.43851
4.79251
0.831512
0.130187
0.671083
0.193812
0.120912
1.2017
0.419343
3.2144
2.2796
1.87906
0.210562
1.42592
0.374647
3.94851
0.192101
0.491317
0.119852
0.416923
8.36867
2.59008
0.629997
0.222536
0.583226
0.216754
0.182351
1.59558
0.416633
0.145737
0.1339
0.838112
0.156466
2.95502
0.455105
3.50042
1.20985
9.17547
0.674338
0.235369
0.237623
0.107845
1.38364
0.246197
8.16985
0.121208
1.35762
0.420208
0.356658
0.167162
4.81095
1.5173
1.63033
1.49402
0.144765
0.151514
1.68543
1.02377
1.32138
0.210593
0.662266
0.49836
0.145113
0.243681
0.381669
1.38035
9.96435
0.183848
0.337885
0.107937
1.63772
0.522612
0.771871
0.92534
0.558936
1.5299
8.54967
0.116235
0.286822
0.479775
0.189522
2.84786
0.314034
1.66161
0.213504
0.597373
0.703313
0.559736
0.164864
0.189673
0.416126
0.885061
0.196632
14.8853
6.17214
0.132291
0.260431
0.206199
0.120734
1.39687
0.414436
1.20925
0.465321
3.32341
0.659804
1.14101
0.881073
3.17372
0.864583
0.450658
0.142108
0.388815
0.163941
2.88322
1.10297
1.72445
1.81336
4.22158
1.15322
0.104037
2.10082
0.205522
1.18335
0.186336
0.264127
23.7882
0.179126
1.16366
0.123253
0.272897
2.02724
6.10738
2.41905
0.387559
4.65359
0.11191
3.65011
0.311822
0.419294
0.893777
0.507598
0.188409
0.152694
0.451961
1.36817
1.59422
5.07231
1.77273
0.111277
0.171644
0.638152
1.35909
0.244036
0.805694
2.45331
0.58508
0.156066
0.484106
0.156859
4.21342
10.7748
0.655174
0.175196
0.341314
0.142841
0.321142
3.56218
3.56091
4.11573
0.647557
0.11479
2.0421
2.03066
0.112933
0.517175
0.549164
0.937887
4.51677
0.18446
1.79341
10.0469
1.27608
1.70955
0.316688
1.12775
0.640332
0.781697
8.31558
0.476148
6.46876
0.239591
0.124782
0.200376
0.319435
0.114037
10.9148
8.44139
8.83833
0.693097
3.00039
0.185329
0.407786
0.562126
0.314341
0.166677
0.77603
1.55289
0.124146
2.67418
0.380035
0.893669
0.605977
0.148897
0.483791
0.394414
3.16466
6.01116
0.207413
0.100996
0.679741
8.63215
3.20911
0.460835
0.347343
0.234145
0.105615
1.12912
18.3074
0.109795
0.601949
0.606348
1.00981
0.141651
1.96178
2.5699
0.233512
0.173358
0.154878
9.13217
0.1362
0.171506
0.267895
0.654658
0.102662
2.26451
1.39317
0.659609
0.729318
6.10714
0.188159
0.133235
1.37006
0.195088
9.38757
3.25755
0.327784
0.740032
0.164872
1.35301
1.52914
1.95728
2.14376
0.221648
0.139205
0.877536
0.437646
0.226935
0.227186
1.45728
1.17417
0.8857
1.67387
0.51347
0.187494
2.02841
0.185156
0.169104
0.181937
6.19068
0.329969
0.469997
1.71522
0.476424
1.08587
0.239873
0.113927
3.46404
6.28769
0.344968
4.30922
0.828234
0.113994
0.136389
0.854634
0.113693
0.261791
0.266615
0.257071
0.1807
1.31834
1.58647
0.916413
1.26837
0.258522
0.325767
0.147528
0.429272
0.237367
0.258862
0.165188
0.150695
2.52941
1.42716
0.333157
0.12086
0.209224
5.74413
2.16883
1.53487
1.19619
1.31283
4.3554
0.168878
0.789997
1.08366
0.248738
0.400965
4.32707
1.63774
12.1634
0.149288
0.149826
0.270867
0.606688
0.151195
0.275201
0.417376
2.64931
0.874998
0.176335
0.739115
0.208083
1.66084
0.522617
0.101864
0.575063
4.65742
0.586045
7.31716
0.100404
0.195403
0.917586
1.4919
0.352754
1.82299
2.93745
0.252879
1.17227
0.172241
0.25336
4.36902
1.01882
0.195943
1.34831
2.16212
0.541186
0.233844
1.53707
0.560602
0.917433
0.687822
2.7016
1.06252
0.257494
0.425807
6.96768
0.154165
2.41845
0.758504
13.5705
1.14003
1.18232
0.128582
0.273666
0.165065
0.155404
26.4189
1.32264
7.53663
1.66267
0.710992
9.50244
0.688288
8.58898
1.47453
0.548204
13.2215
0.700724
1.08084
0.124714
0.203936
0.309533
3.48341
2.26769
0.121706
0.782602
0.840941
0.259422
0.257082
0.108118
0.142268
2.02813
0.488533
4.54857
0.356179
0.446947
0.199775
1.41932
0.166001
1.56329
1.66461
4.25441
0.143149
1.23853
0.132207
0.143433
0.244039
0.109575
0.177553
0.189957
0.132733
0.363988
0.876986
0.147772
5.26784
0.277538
1.19178
7.48009
7.40779
1.20713
0.136513
3.79086
0.741042
0.192518
0.973127
1.51291
1.64548
1.75059
0.248257
1.24539
3.52061
0.148216
0.504414
1.06139
3.07715
0.114628
0.352465
1.53576
0.253887
1.96107
3.02302
0.592255
0.203287
4.26222
3.97319
0.351405
1.26435
0.182376
0.75449
0.744559
0.326811
0.196747
0.678995
5.41189
1.56222
0.221703
0.357436
0.732333
0.971083
4.40764
0.23764
0.157941
1.68844
0.126678
2.70072
1.22554
0.113111
4.5608
0.163319
0.405705
0.259716
0.436578
0.123492
0.814996
0.589885
0.434852
1.50575
0.119715
0.293552
0.491696
0.567485
0.765477
0.25263
0.482458
6.02482
0.102358
0.421605
0.175053
0.313488
0.732751
0.157433
1.20874
1.11415
0.317347
7.44768
0.747828
0.29883
0.504535
0.15513
0.532638
0.377872
0.323944
0.118402
0.20865
0.18225
0.238641
6.01012
2.13173
0.130459
6.21698
7.56134
0.279422
0.335691
0.646848
4.59888
3.53045
0.65228
1.16134
1.53782
0.125878
0.89695
1.23355
5.5118
1.78233
0.876603
0.124606
0.992589
0.322976
0.16222
1.87794
0.165496
3.44124
4.93154
0.626115
0.603135
0.692367
0.258698
4.26975
0.791677
0.654566
0.159631
0.237714
0.11103
7.28465
1.09782
7.44422
0.315512
3.76923
0.383542
0.627465
0.599099
0.117955
0.451264
1.97707
0.334287
0.35396
0.23796
1.24006
0.258003
0.155017
3.41926
0.126879
1.78796
0.213278
0.153658
0.131169
1.62448
0.163624
0.419909
0.2731
0.499083
0.13315
2.27956
25.3483
4.26491
0.26873
0.56142
0.17665
3.79007
1.36658
0.12823
2.67192
0.195619
1.40173
0.519905
0.195773
0.204304
0.207263
2.45927
0.145703
0.277853
0.334607
0.976204
2.46384
0.444811
0.17891
2.68923
3.04097
0.607567
0.311475
1.54566
0.154441
0.199211
0.135312
0.163872
0.104813
0.207324
0.391043
2.48795
0.841924
1.1979
2.47715
10.0373
0.334176
1.40446
0.945844
0.753449
0.117263
8.54503
0.212995
0.188925
1.29223
0.103221
1.4279
0.156488
1.96233
0.685075
0.196271
0.110109
0.287507
0.39919
0.419387
0.134897
0.258664
0.111121
0.1802
0.665898
0.112577
0.216203
0.384827
0.267753
0.664564
0.215124
0.32824
0.283463
1.92774
3.65958
0.154652
0.102445
0.872539
12.6367
0.193497
0.378191
1.07716
1.50968
1.87882
2.34873
0.139562
0.434299
1.06705
2.81011
7.69794
7.88995
2.03439
0.361281
0.169352
4.19707
0.505425
0.357547
0.441154
0.105528
1.22741
0.210956
0.54709
0.160432
0.344033
1.13817
0.535234
0.488354
0.205852
0.229475
0.187684
0.144271
0.842147
0.53923
0.132756
0.599472
0.69399
0.40251
0.238867
0.177405
0.301351
0.179339
0.2506
0.399907
1.62017
0.369217
2.36281
0.176579
0.161368
1.45778
1.00958
1.08891
0.198407
0.202168
0.256484
1.6877
8.5601
0.528719
1.2807
1.21856
5.4644
0.208914
1.16562
0.571097
0.24542
0.148225
1.07618
1.34705
0.219547
0.150991
0.524312
7.61967
0.146033
1.33644
0.133615
0.177657
0.547837
0.14433
1.19461
1.03936
0.508004
0.126359
1.63286
0.217456
0.604836
0.503154
0.142613
0.542842
5.47344
0.123063
1.0154
1.40926
14.5833
1.65465
0.237321
0.167489
0.753558
0.330337
3.94888
3.27769
1.6619
15.569
1.89525
0.299075
1.58613
0.438813
2.14808
0.136141
1.39473
0.215576
0.277489
0.285228
1.0242
0.180987
0.192032
0.127171
2.33994
0.787999
0.425147
0.281071
0.116264
1.21097
0.854353
5.11847
0.698188
1.3696
0.822004
0.284249
0.348257
0.565746
0.974556
8.2991
0.441986
0.24175
7.20724
0.343622
7.93857
0.669993
0.150187
0.661649
0.210162
0.31264
0.736198
0.208483
0.125222
0.118347
0.4927
0.432358
1.25698
0.342558
0.129272
0.24333
0.10394
4.32001
1.59667
0.205895
0.190233
0.1152
0.241273
0.179758
2.54819
1.87629
0.264873
0.107702
3.28975
0.126191
0.270504
0.274992
2.05462
0.131067
1.35237
0.170398
0.354152
1.47561
0.16039
0.709455
0.10559
1.0969
0.962021
1.31426
0.667899
0.123767
0.383932
0.160527
1.30061
0.146201
4.73683
0.185172
0.478714
0.147828
3.26996
0.202282
0.735717
0.351235
3.63128
0.166524
14.7453
0.283078
1.69346
1.49697
5.58094
0.140132
5.53412
9.67443
0.278395
1.60531
0.111475
0.38993
3.04713
0.102972
0.809726
0.171523
1.38331
0.445529
0.144002
0.522549
1.61071
0.743988
0.489323
1.1218
1.53622
0.208054
0.824852
2.08688
0.663012
0.200099
9.11964
0.839084
1.82674
0.138304
1.01058
0.629151
5.15124
0.240786
1.2079
0.172968
0.105025
1.66827
0.201829
2.67267
0.147917
0.380263
15.1168
0.331351
0.261635
0.25255
15.9246
0.342854
0.369522
0.337004
0.298741
0.102599
1.19882
0.244665
0.286469
0.173963
0.106189
0.869566
0.17923
0.213408
1.78003
0.272152
0.17338
0.305075
0.470228
0.748926
0.223766
4.77329
0.182442
10.5883
1.09622
0.337468
3.63246
0.417024
0.287642
0.192649
0.630336
0.702661
0.889958
6.36813
0.219497
0.110904
0.394838
0.481224
0.620517
0.118451
0.539718
0.107411
1.34031
0.156007
0.512745
0.472207
0.325402
3.21217
1.44985
0.127705
0.57956
1.99206
12.4813
0.230276
1.28874
0.102474
0.976884
1.15544
1.68291
0.259143
3.2211
0.141569
1.04157
0.311944
0.136447
7.45787
0.631181
0.116225
12.6679
0.177665
1.20639
0.157226
0.775063
0.605758
0.161145
0.176992
1.93493
0.314356
0.129429
0.1294
0.179941
0.534753
0.309187
1.03847
2.2112
0.692218
0.135651
0.180461
0.142677
0.224873
0.119729
0.617825
0.256994
0.178703
0.332811
0.398256
8.177
0.127517
0.163762
0.129428
0.359104
0.13418
4.75501
0.341065
1.09116
0.247308
0.420268
2.75416
0.160674
0.433408
0.258046
1.0912
0.164372
0.607815
1.45599
1.68276
0.219951
0.262403
1.65958
0.831312
0.250771
0.204104
9.61881
0.164193
1.53748
3.55691
1.34568
10.4276
0.351768
0.210299
0.919276
1.08059
1.90446
0.410514
1.97303
0.187044
0.264645
2.26329
1.62471
7.87084
0.862329
1.4795
0.137489
0.91552
0.147147
1.36489
0.248042
0.300133
1.48409
0.102911
0.357671
0.115773
0.134349
0.391813
0.339136
1.09315
0.419667
0.389827
0.226825
1.75862
0.155771
0.276117
2.12063
0.49495
0.670659
0.18844
0.115255
1.42042
4.09334
0.846369
0.700858
0.18546
0.246365
0.502394
0.137185
5.07019
0.131875
0.22777
0.54664
0.171397
0.611503
0.315282
7.68099
0.433281
1.85247
0.179905
0.193195
0.202978
0.349668
0.206408
0.120198
0.373914
0.302982
0.274585
0.853261
0.379857
0.678635
0.114189
0.820494
0.112217
0.285264
0.301004
0.816542
0.265411
0.534411
0.609324
15.7429
2.12319
1.28724
4.84154
0.629607
0.527489
0.888821
0.102005
0.938937
0.16645
5.07849
0.163312
1.28082
3.98129
0.480822
0.86317
0.197817
0.213834
4.05338
0.24118
1.99172
0.186328
1.63121
1.84502
0.299937
0.643076
3.14179
3.27457
4.95612
0.145484
1.62734
0.230362
2.58815
1.10641
1.55435
0.834887
0.300936
0.513967
0.414747
6.31571
0.128872
0.408492
2.31677
0.788308
0.656181
1.58738
0.213019
0.957515
0.558788
0.331083
1.66512
0.309324
6.04036
0.595067
1.09649
0.250834
1.79986
0.821607
0.136187
2.25329
0.610507
0.397516
0.743705
0.498705
2.61822
0.390927
0.122326
0.362738
0.106012
1.3122
0.1124
0.206024
1.37083
0.146917
0.872335
0.307216
0.216158
2.66777
0.183284
1.74338
0.806401
0.443887
0.437933
1.39179
0.781093
1.58773
0.114795
0.153343
1.39714
0.655888
0.765688
0.456618
0.371477
0.105099
0.169773
0.135266
0.140524
0.161594
0.210317
0.297488
0.202717
0.998943
0.979434
2.53413
5.00464
0.441863
1.06384
0.224036
2.51819
0.159887
0.942058
3.80012
2.62784
3.52533
1.9859
0.312252
1.53015
0.208097
3.51688
0.561367
14.583
0.124988
0.130941
0.103603
0.228689
0.580177
0.546706
1.54431
0.170993
0.736842
0.188412
0.245367
0.594885
0.697195
0.40547
1.38486
1.22878
1.39055
0.160797
0.503912
0.101219
0.673934
0.786073
0.49928
0.129141
1.44963
0.80951
0.759099
0.180157
0.227063
0.14812
9.69635
6.56894
0.128762
1.20003
0.46863
3.69695
1.39852
2.74103
9.08186
0.933535
1.33989
3.86946
4.75572
0.355323
5.68905
8.1313
0.706603
0.319626
1.77908
2.47709
0.10609
0.143244
0.519594
2.22684
0.651891
0.199788
0.156095
0.432301
1.20893
0.141284
0.497112
0.26794
1.85233
2.70612
0.2688
0.362184
1.04624
0.570987
0.559763
0.419904
0.205647
0.187243
0.183329
0.247788
0.193004
0.669319
0.1241
0.958962
2.61314
0.119209
0.102711
0.179721
0.11243
0.436624
0.149177
0.111445
7.54984
0.317538
0.672762
0.401262
0.18883
0.391982
0.360513
0.207073
0.173472
0.176584
0.22009
1.3181
1.02335
0.140024
3.31443
8.88045
0.118953
0.200066
0.134814
2.16666
2.87809
1.24879
0.365631
0.175611
0.70842
0.55714
0.14164
0.667786
0.231025
0.570708
0.523298
0.244642
0.19002
1.98087
0.158308
0.950177
0.296061
0.15339
0.412034
0.55109
0.432193
0.29112
0.103489
0.509539
0.432744
0.923121
0.164916
0.400621
0.608496
1.27092
0.619514
0.123953
1.24761
2.11361
0.142773
0.134312
0.212732
0.227181
3.0333
0.373985
0.517078
0.203994
1.86854
24.8086
2.46214
0.238549
0.839724
0.438142
0.404318
0.96463
1.36423
3.16234
1.52888
0.415584
2.79893
0.121077
1.11082
0.253122
0.135537
0.146918
0.424002
0.100512
0.20793
0.307894
0.297789
40.6306
0.150346
0.172309
4.14417
0.764158
0.161333
0.131473
3.87316
0.250701
0.15608
0.16199
0.119265
0.137803
0.13867
0.295374
0.741771
0.299268
1.09963
0.16043
0.122713
0.806131
0.787394
0.815322
0.80793
3.85837
1.9996
0.102579
0.147611
0.184352
0.710797
0.48955
0.223113
0.317853
0.108579
0.431009
1.5252
7.96414
2.86441
0.318472
0.232981
0.419162
1.1133
1.37586
3.00394
5.88983
0.168516
2.82128
3.89644
1.36934
0.579871
0.395801
3.71199
0.153399
0.321245
0.244868
0.194229
0.394539
0.128174
0.208484
2.13402
0.16491
0.140007
0.227792
4.19134
0.313983
0.211657
1.86566
0.39637
4.60853
19.0293
2.7238
4.89458
0.385844
0.169802
0.155652
7.30715
4.89143
2.09016
0.109086
0.164875
3.02184
3.00062
0.649201
0.561533
0.224634
7.41029
0.17438
1.27303
6.05368
1.48116
0.386968
1.84566
0.262017
2.44453
2.5098
0.527988
2.16013
3.2001
0.523245
1.46566
0.252328
0.611185
1.34783
1.78248
0.112049
0.380732
0.245502
0.487564
0.171333
1.39121
0.688756
0.2412
0.179496
0.177546
0.344894
0.218546
0.543407
10.8392
0.745103
0.130232
0.601997
0.75814
0.458311
0.967095
1.0473
0.444653
0.138443
4.80617
7.7504
0.11172
0.897646
0.114095
0.149298
0.137858
1.09905
2.51461
0.495792
0.205147
0.459957
0.160536
0.240598
0.110275
3.47918
0.140195
0.185959
0.518005
0.167044
0.137494
3.38806
0.232982
4.97574
0.773823
0.171167
0.222658
0.98579
0.133684
5.47195
0.148344
9.42106
1.45626
0.54593
0.211058
0.366009
0.626267
1.38326
0.39208
2.71421
0.291995
0.609815
0.316157
0.106449
0.640991
0.299749
5.47882
0.275826
0.149362
0.596233
0.476107
0.136984
0.136808
1.48421
0.151577
0.675747
0.198031
0.16918
0.258463
4.87024
0.224606
0.146114
0.267375
0.291897
0.105759
0.159863
0.449345
1.10457
0.441645
0.692833
1.44005
0.27049
0.632609
0.281037
0.100986
0.205538
0.37347
0.338092
0.108189
0.920647
2.07109
0.563367
0.781494
0.470768
0.292071
4.38528
0.170181
0.177293
1.82422
0.269191
0.11197
2.41314
0.290156
0.167407
0.317957
0.124394
0.26814
3.43446
0.111073
1.12376
0.197037
0.784442
0.919466
0.126494
4.42103
0.497716
0.873272
0.252609
0.12075
0.148405
0.587564
0.365051
0.666715
2.26122
0.786182
13.3142
0.123599
0.105557
0.227674
0.658517
7.54272
4.32654
0.234617
1.18937
0.753168
0.500314
0.103367
0.933994
0.161212
0.922829
1.34127
0.149846
0.219094
0.189405
0.936985
6.98709
1.03009
0.369555
1.16072
0.380675
1.52008
0.180497
0.209096
0.18412
0.247944
0.89075
0.223327
0.135342
0.26024
0.915156
3.21294
0.20569
0.242665
1.34743
0.773381
0.11132
0.102027
0.898579
5.60887
0.195496
3.02024
2.78811
0.20092
0.322713
2.19092
1.8419
0.142142
1.49994
0.338769
0.116493
0.386255
0.195574
0.494826
0.27045
0.494609
1.13444
0.105079
0.556158
0.16475
0.217749
0.386046
0.19623
0.515726
5.73419
3.07561
0.192941
0.147413
0.102143
3.42241
0.889905
0.247792
0.193007
0.23457
0.169326
2.508
0.389547
1.01334
0.694381
0.203226
1.17054
0.110814
0.309253
0.498575
0.279125
2.97984
5.7715
0.232753
0.174937
2.50169
0.148697
1.00015
0.160354
0.89641
0.333283
0.201539
0.173599
0.175097
0.505582
1.75113
0.360286
1.25889
0.637128
0.119657
0.402203
0.338551
0.182289
0.453732
0.117444
0.16785
0.114477
0.150309
8.81637
3.47269
3.47104
0.827372
1.86472
0.183997
0.705559
0.723683
0.478719
0.42096
0.329488
1.13963
1.97365
2.17736
0.833242
0.64161
0.14093
0.160901
0.361136
0.364252
0.127216
0.213354
4.91372
0.460942
0.334422
0.303801
2.0111
0.187982
0.548951
3.63454
0.112075
0.116789
0.119182
0.229895
0.206073
0.27329
2.24443
1.87336
5.82078
1.3348
0.155863
0.201683
1.33879
0.230063
2.54928
3.80201
0.251058
5.76939
1.68575
0.256364
0.54335
2.47597
0.150768
3.12065
1.71233
0.4782
12.786
0.198468
0.136871
0.149079
0.120343
0.122487
0.215998
0.178445
2.06754
0.151457
0.136297
1.10729
1.49932
0.133537
1.00424
0.495457
2.31753
1.70346
2.74371
0.140925
5.07036
4.29034
0.158606
1.34724
2.00306
0.949628
3.68374
0.147887
0.238772
3.63041
0.418776
0.106819
0.221749
0.611216
0.406739
5.65066
0.576164
0.416075
1.51559
0.304759
0.319056
1.95465
0.339993
0.249036
0.313495
0.687835
0.327754
0.762126
0.44717
5.20471
6.45836
0.14713
0.231878
0.732855
0.83447
0.240605
0.965727
1.26715
0.273967
0.351392
1.35794
0.169175
0.670007
0.108562
0.267411
0.547365
1.41385
0.805804
0.10648
0.815603
10.6561
0.291393
1.2607
1.72025
0.710429
1.48232
0.179296
0.270482
0.119515
0.807368
0.807474
0.351429
1.41909
1.58402
0.176775
0.124795
0.988169
0.100747
1.14969
0.113249
0.154853
0.144746
0.151268
13.7984
0.670701
0.282735
7.09482
0.345458
0.361202
0.473189
5.23498
0.148576
0.324227
0.117917
4.0737
0.2624
6.66301
0.192596
0.371463
0.166908
0.127454
0.310185
0.128146
1.50161
0.241043
3.84006
1.29653
0.412987
0.269981
0.219767
1.13287
0.141713
0.110846
2.70292
10.3332
1.60314
0.359532
0.107082
0.124507
0.105698
5.17218
2.39796
3.96869
0.205741
0.129062
4.11234
0.773214
1.17594
0.157141
0.233589
0.918458
0.237061
0.570211
0.186016
1.91625
0.236072
0.609138
0.168553
9.75471
0.635871
0.186606
0.107179
0.227925
0.105777
3.28062
0.168497
0.424782
0.174773
1.94052
0.103164
0.533469
5.99738
0.143191
0.372019
0.508247
0.376352
0.136727
0.305554
1.16538
0.3278
0.198432
0.199096
0.213765
0.226852
4.34559
0.403014
0.323985
0.264007
0.100147
2.61346
0.647207
0.458608
2.18225
2.30977
2.67561
1.10665
0.571347
1.81093
5.95807
0.781132
0.887
0.2966
6.35823
0.366436
0.246026
4.05794
2.08301
0.15653
0.639397
0.572382
0.421509
1.2344
8.87424
5.11028
0.101996
0.147907
0.261067
0.271745
0.137935
0.663436
0.37402
0.702306
0.12716
0.169924
1.08015
1.87046
1.01182
5.13555
0.173173
0.87895
0.151496
1.88331
0.974945
0.476149
1.43533
0.570992
0.304111
3.34536
0.341452
1.4135
0.902169
0.569915
3.45639
0.444495
0.86888
0.386905
2.59693
0.269447
0.159788
0.676974
0.151867
0.24024
0.23276
0.220503
1.13818
1.16682
0.444155
0.685161
0.550538
0.761128
2.5972
1.04143
0.205416
0.530667
2.88714
0.138679
6.505
0.171838
0.359706
3.09508
0.275175
0.388424
0.619544
0.113362
0.121463
0.364759
4.04243
0.681645
0.743003
0.152781
1.80278
0.131618
1.27267
0.226797
5.87672
0.357578
1.31001
3.05825
0.356139
0.177124
0.582528
1.03628
0.307498
0.245446
0.646881
7.58071
0.33689
0.258305
0.348498
6.75894
0.238736
3.19192
0.708081
0.211797
0.759793
0.792084
4.33581
7.8742
1.2255
0.102821
0.102409
0.628823
2.98389
1.26049
0.326606
1.20352
0.132335
0.238406
0.782288
0.201253
0.448265
1.67594
0.597587
0.771772
1.45778
11.1485
0.403101
0.111847
1.5687
1.76121
7.52345
0.670472
0.222062
0.103489
3.82803
0.135174
0.11884
7.13098
3.12653
0.263498
2.07166
0.326267
1.11501
3.83425
2.9328
0.154746
0.477077
0.130942
1.59963
0.143944
0.404409
0.440727
1.09855
0.297945
1.79957
0.120687
1.37976
2.2659
0.230099
0.799415
0.183398
0.311893
8.86772
0.178057
0.343341
1.27897
0.254943
0.655271
3.41835
0.69847
0.48467
0.493635
0.924814
1.31299
5.89137
1.24554
1.93895
0.294532
0.540609
0.802032
0.608736
0.255089
0.143891
0.399802
0.394059
6.51754
0.110912
3.41791
0.192164
0.11049
1.20358
0.208976
1.83162
1.51574
0.266153
1.45789
0.195976
0.266978
0.177463
0.246956
0.123835
0.232797
0.18425
0.4726
0.102146
0.320825
2.16908
0.10516
0.140609
0.469152
0.734407
0.37644
14.6754
0.126018
0.673747
0.117792
3.51413
1.37489
0.143087
0.361661
0.208207
0.537071
0.249914
3.83417
1.37805
0.152431
0.132436
0.557553
0.136563
0.14513
0.392164
0.202981
0.11289
0.672842
1.98229
0.193486
0.117217
0.307394
0.64492
0.115648
0.28953
12.9175
0.907512
0.336683
0.330727
0.173308
0.163523
1.64724
0.212152
0.11319
0.148514
1.62355
0.138869
0.174568
0.171557
0.87011
1.74698
0.185507
0.470877
0.19925
0.42792
0.142297
2.78968
0.140451
0.575719
0.195601
2.375
0.97883
0.28326
0.119875
0.235436
4.63606
0.175477
0.430496
0.110373
2.15709
0.110723
0.307932
0.168532
2.5208
0.440341
8.86777
0.396895
0.115791
1.27367
0.1363
0.301916
1.12303
0.2615
3.00056
2.28623
1.40975
0.545836
16.1549
2.68867
0.141061
22.8926
2.76075
0.95312
1.80557
2.37044
0.140455
0.586359
1.37286
0.116695
3.90316
0.107705
0.25329
9.83717
0.312386
0.413278
0.265246
0.397372
0.222871
0.195867
0.294795
0.560954
0.297498
3.29612
0.248323
5.94203
0.232907
0.398136
0.378651
0.147082
2.25492
0.577935
0.114571
1.19453
0.139016
0.121383
0.590916
2.41416
0.158362
0.556639
1.03392
13.0874
0.672683
0.558425
0.644781
2.43022
3.36521
0.410257
1.42957
0.117562
0.343792
0.449803
4.15996
0.530046
0.78801
0.20752
0.690632
4.16969
0.757833
0.363459
0.48009
0.538412
0.698719
0.33598
0.33972
0.134184
3.43574
7.2325
1.73223
1.06485
0.155739
0.14271
7.62713
11.6785
0.138068
3.11346
0.42308
0.127878
0.123072
3.36779
10.1162
0.145893
0.311349
0.142692
0.775443
0.828926
3.63308
0.508624
0.196751
0.137822
2.77641
0.273742
8.67118
0.656019
0.504651
3.03652
0.142784
4.11188
3.86039
1.12096
1.4747
7.48524
0.611307
0.70915
0.133635
3.88695
3.47385
1.49436
1.7635
0.16767
2.08663
0.378061
0.141696
1.01161
0.274423
0.341415
0.179927
1.06869
6.90981
0.115132
0.944344
10.0868
0.497944
0.271554
0.374872
0.192465
0.234927
0.501545
1.75695
1.66648
1.57456
3.361
0.279608
3.79644
0.566634
0.274174
4.10544
1.72247
0.895073
14.5983
0.230067
0.519362
0.147742
0.10479
0.740312
0.174329
0.204262
0.230646
0.199486
0.322296
0.291135
0.870985
0.947486
0.307534
0.603288
0.176336
1.16672
0.590474
0.145014
0.76657
0.291375
2.71296
2.06891
2.02212
0.468938
0.128099
0.328796
0.148541
0.13227
0.244245
0.114393
0.754821
0.775275
0.333951
0.280737
1.70462
0.184099
5.43323
0.66933
3.6097
0.224074
0.145514
1.12461
1.66058
0.178599
0.105662
0.126544
2.32099
2.5679
0.365466
3.62553
0.637219
0.980083
0.106391
0.106197
2.78168
0.260855
1.04793
1.44113
0.786615
0.105144
6.85104
0.196078
8.56729
2.18881
1.79382
1.89385
0.145764
0.172907
0.464508
3.13173
0.408528
1.92085
0.160543
3.01581
0.131723
0.210126
1.08619
0.262029
0.11129
4.4866
0.517972
0.163954
0.217241
1.96612
1.09133
0.127642
0.790244
0.587821
0.884469
1.62084
1.05633
0.212231
0.421613
0.360549
0.987182
1.48347
0.107914
1.90998
1.10632
9.43079
1.37622
5.96453
0.243779
0.187212
1.14807
1.2268
0.273833
0.183196
0.34361
0.1728
0.793556
1.88705
0.349058
7.69249
0.582305
0.208484
2.94511
1.55303
0.101844
0.775504
0.135343
0.950463
0.287906
0.238794
0.39217
0.383391
1.4697
0.251333
2.6245
0.144963
2.14424
11.7266
0.155515
0.277251
0.2069
3.35116
0.725131
1.48269
3.89262
0.127182
3.31702
8.57862
7.47915
0.377399
4.41291
0.699687
0.199284
0.177435
0.380786
11.1882
0.173128
0.417167
0.229947
0.275977
1.23397
6.05344
6.66869
0.163025
0.318785
0.234094
0.640106
0.47409
0.264004
0.339073
2.26136
0.28463
0.153354
0.130112
0.937647
0.214607
0.207486
0.139085
0.177868
2.0047
0.44188
0.276602
0.147101
5.41762
3.35909
2.35038
2.10587
0.385365
0.909758
4.69346
0.509867
2.12856
5.10791
11.5652
0.513117
1.71491
2.37551
0.312057
0.159239
2.50683
0.515973
6.29615
0.240585
0.128898
1.72307
0.160837
0.104456
0.544912
0.186001
2.17435
0.51013
0.727097
0.236126
0.352155
0.575542
2.91758
2.64218
0.23652
2.37615
3.13348
0.303014
4.95943
0.226182
0.11047
0.112591
3.29269
0.26058
0.718829
0.125367
3.40686
5.74852
0.394317
2.3291
0.121736
0.190934
0.834753
2.03098
0.1421
0.176946
0.108688
0.162264
0.181871
0.295627
0.316031
1.1055
0.391996
0.540571
1.2608
2.80048
0.230313
0.404395
0.421397
6.52115
0.156847
0.262611
0.162897
0.579807
0.408851
0.310306
2.12526
2.84822
1.24922
0.632811
1.14766
0.130003
3.06294
0.707754
0.390152
0.102876
1.34648
0.292594
0.207012
2.16322
0.151169
0.250662
0.602167
0.633555
0.141143
2.3615
0.305424
0.167424
0.714203
0.186811
7.73299
0.974007
0.37463
2.98183
0.403205
0.585104
3.46256
0.468444
0.19077
0.775699
0.113671
0.238659
4.91528
5.33627
0.891802
0.319275
0.251781
0.549582
0.135216
1.61493
1.91022
0.107489
0.119152
0.825979
0.118057
1.01446
0.314471
0.175139
0.495692
0.200807
1.37897
0.877609
1.64912
3.5696
0.193414
0.224941
1.19103
0.151315
1.86197
0.145811
0.605185
0.124019
2.29816
3.43088
1.4586
0.174899
2.98759
1.81278
0.225258
0.106802
0.113746
2.0132
0.211702
0.160371
0.318223
10.803
1.51935
1.37251
1.51637
0.148736
13.4583
0.391347
2.3259
0.179737
0.254842
10.776
1.08896
0.130157
0.431089
8.95891
0.828043
1.28844
0.688755
1.99744
0.179451
2.63664
0.242875
0.804558
0.324969
1.21451
0.138036
14.813
1.36413
9.18254
0.129097
1.64311
0.18604
1.26565
20.1672
0.13268
0.325068
0.645832
0.183569
0.158199
0.118794
16.8984
0.577351
0.88259
0.655084
0.265703
0.381178
0.94
0.181846
17.9291
0.914099
0.421743
0.143608
3.75297
0.21767
1.80278
0.197979
0.467808
0.967389
5.90626
0.183711
0.181442
4.11871
0.175946
0.147443
0.214018
0.235657
0.421816
0.566392
0.102916
1.04653
0.384845
0.116486
0.874968
12.2459
0.257982
0.474926
0.657916
0.707805
0.445057
0.205974
0.151324
3.46869
0.107591
1.31386
0.188763
15.9017
0.601004
0.118937
3.61131
0.11569
0.928345
9.6598
0.407726
0.562754
0.669868
0.137804
0.5451
0.196719
0.987538
0.931997
0.119957
4.29599
0.110333
0.56995
3.06602
0.289394
0.437801
0.274698
0.258761
0.180798
0.274233
0.386413
0.343364
1.39115
7.1422
0.499123
8.39166
0.109223
5.7285
0.101595
0.471978
0.34796
1.87423
3.32014
0.765644
0.19371
0.448112
0.150675
0.119898
0.139753
1.14447
6.93152
1.42962
0.100239
3.28895
0.170087
0.28415
1.67609
0.12247
0.121392
3.72561
0.612322
0.817666
0.198512
0.196725
0.313092
0.8732
0.180007
1.96586
0.290935
7.23323
0.287179
4.76438
0.199587
0.146332
0.29843
2.1926
0.383689
0.22136
0.670324
0.152278
0.121984
0.157546
0.535832
1.66059
0.557889
0.874679
0.365462
0.178037
3.33121
1.36839
3.28288
0.198712
0.236899
0.37546
0.103402
2.09908
0.150508
0.490236
0.31181
0.342634
6.43812
0.288459
0.4481
0.830282
0.535312
0.110078
0.308696
0.17528
1.48519
3.72864
5.41339
0.379565
0.20694
0.229853
0.2491
0.542088
0.966103
1.00562
0.614145
0.311422
0.430783
0.2612
4.64428
1.8673
0.385209
0.53633
0.663676
4.78088
0.357131
0.11224
1.18678
0.243853
3.74999
0.102968
2.73598
4.8636
0.478088
0.110545
0.223063
0.690655
0.381725
0.314837
0.157958
0.14335
1.57699
1.26468
0.169153
0.374444
0.183951
0.610018
0.176743
0.32205
2.39344
0.579519
3.50638
0.738419
2.82688
0.128497
2.08365
0.689469
0.433612
5.02897
1.42682
2.94214
0.678934
0.10556
0.203092
0.116888
0.787564
33.9436
0.12461
0.1411
2.13614
2.05916
0.414001
0.572875
0.393008
0.257209
0.373956
0.538637
1.30702
0.224847
5.57639
18.813
2.6112
1.1094
0.303245
0.197774
0.583437
3.89924
0.512614
0.35931
1.02835
0.806311
1.81634
2.09965
0.567911
0.20414
0.375643
1.32054
1.25932
0.148758
0.702166
3.26203
3.10224
1.48224
0.289958
0.996874
0.493209
0.266873
8.01813
0.314721
1.00745
1.75389
1.52433
0.95868
0.202725
1.81519
0.286075
0.196405
3.35596
0.305574
18.0605
0.231628
0.487811
4.0256
0.411148
0.61065
0.549234
0.110566
0.115845
0.189776
1.84534
0.130541
0.102989
1.24599
0.684846
0.145579
0.206103
0.578853
0.197374
0.20741
4.32022
0.11142
0.288636
0.373163
0.23024
0.201048
0.152085
0.48337
0.24631
2.06867
1.65445
0.143465
0.147606
0.167304
0.867395
1.08136
0.132791
0.101372
0.295027
0.315414
0.182903
1.08771
0.22915
0.17127
0.661682
0.16731
0.133637
6.20952
11.6102
0.370282
10.3161
1.71734
0.164646
0.114041
0.185208
1.09864
2.21647
1.10525
1.37357
0.19611
0.256053
3.01225
0.274234
3.18887
0.311194
0.115359
0.724015
0.272518
0.121551
12.214
0.366948
0.883092
0.109897
0.226267
0.105159
1.29719
0.662454
1.635
0.711825
4.90245
2.56257
0.33077
6.19844
0.559239
0.145263
16.007
0.286883
0.239141
0.377427
0.388798
0.15475
1.29535
0.160513
1.09831
0.428716
1.5658
2.58857
15.4477
2.48952
0.163974
1.41743
0.271953
0.164861
0.145716
0.389569
0.346195
0.217299
0.742241
0.41438
0.702578
0.287074
0.124106
0.322803
0.250117
0.930409
0.281223
0.194364
0.204237
3.94791
0.404871
1.02448
7.28516
0.125191
1.00258
0.725505
0.273775
0.265294
0.140371
0.114312
0.135965
0.764352
0.65917
5.80707
4.05881
0.727032
0.265245
21.5904
2.32223
0.806439
5.98292
0.106646
0.427826
0.145577
0.11359
0.625833
0.206914
1.51384
0.287885
15.4227
2.40484
0.84148
0.219221
0.434876
9.04198
0.196696
0.202962
0.119887
1.41162
0.811005
0.144694
1.40562
0.463144
2.7193
0.101521
0.869725
0.209501
0.832891
0.121764
1.53377
0.202191
0.135186
0.195991
1.14219
0.425638
3.57913
0.21234
0.39878
7.50474
0.988416
0.173289
5.73683
0.837044
0.241691
1.42448
1.71189
8.77289
0.719574
0.117102
0.148791
0.541889
0.285143
0.367337
1.39019
0.416411
0.601444
0.199434
7.10124
0.294667
0.470572
0.118555
0.353232
0.390857
24.3321
0.111332
1.35056
0.261396
0.161302
0.207742
6.10354
6.10407
0.161839
1.09212
3.49138
0.233713
0.238281
4.46636
1.21573
12.8202
0.279517
0.347759
0.113083
0.112087
1.40322
0.182229
2.97787
0.142191
0.666646
2.10656
9.0704
0.111618
0.120543
0.118338
0.200807
0.532209
0.543781
0.45641
0.119042
2.16477
1.52878
0.326336
0.253302
0.44529
12.5592
0.260353
0.100429
1.90852
0.32816
1.16264
0.235124
0.406903
0.74497
0.593775
0.686432
1.80526
0.254781
0.32179
0.18405
0.146589
1.017
1.21322
0.58258
1.57901
0.154682
1.12521
4.06706
0.842934
0.130557
0.348464
0.17342
0.863433
0.243934
0.292514
0.57372
0.131777
0.157898
0.332284
0.230202
0.217549
0.111652
0.281047
2.18583
5.75741
2.02156
0.39615
0.16108
1.38567
0.28314
1.08053
0.245347
0.170067
1.41651
1.0179
5.0099
0.455934
0.105033
0.132205
0.524133
0.469218
0.130979
0.32566
1.93643
0.338161
0.165183
0.551769
0.331242
1.28207
0.139395
0.134796
0.165218
0.388929
0.140955
0.559568
0.177715
0.373401
2.3764
0.124881
1.26697
0.360146
1.15871
1.58252
1.93839
0.20402
0.361539
1.70402
0.359645
0.374599
2.13879
0.160321
0.165009
0.320603
5.40324
8.76008
2.44778
1.8651
0.101389
2.13083
0.106114
1.5913
1.1006
0.109804
0.446449
0.546605
0.291693
0.108971
0.624775
4.86269
2.80062
0.414583
11.9472
2.61752
0.229932
0.547063
0.123239
0.236149
0.939675
1.47977
0.181353
0.103894
0.184463
0.667549
0.109279
2.94672
4.04012
0.518314
0.185943
0.779008
0.13831
0.172363
1.64437
0.158667
1.22421
0.276355
2.46202
0.174741
1.58264
2.49351
0.841125
1.31571
0.12284
0.109915
0.114509
0.598594
0.863559
1.20585
0.832936
0.14606
1.78767
4.57186
0.300322
0.122671
0.130217
1.74131
1.31141
0.272247
1.55313
0.557357
1.82865
0.50071
0.806265
4.18362
0.105541
1.39079
1.22201
2.45989
0.182072
0.20104
0.56138
0.123821
2.01316
0.418388
0.156169
0.60184
1.11599
0.13411
0.143577
0.182206
0.182689
0.287188
0.229709
3.67027
0.822316
0.264993
0.149941
0.165391
1.92095
0.280718
3.42876
0.135195
0.390978
0.299377
0.196428
0.134105
0.460643
0.208881
3.19664
3.02376
1.40506
0.160552
0.505682
0.182972
0.125154
0.120638
3.17897
1.2237
0.445428
1.21366
1.10203
17.8834
1.49891
0.105086
0.902861
0.520749
2.73642
0.464716
8.09454
0.436148
0.442013
0.189782
1.12039
0.18559
1.22265
0.622095
0.500892
8.39837
0.171505
0.138192
0.421119
0.448763
0.145079
0.871521
0.515625
3.09933
0.122068
0.166447
0.121195
1.55487
0.270466
0.785886
1.23502
0.112633
3.92532
0.438141
0.220071
0.697749
0.316639
7.32468
0.102181
0.936727
0.231486
1.63604
1.52486
0.34111
0.419804
0.132742
0.247559
3.37887
1.21539
0.209401
0.517621
0.833268
0.354403
0.700172
0.1137
0.213267
0.371385
0.657566
0.283856
1.63091
3.24471
1.57964
0.676595
0.161591
0.177237
0.120973
2.6897
0.202219
0.548813
0.365429
0.355859
0.102566
1.49738
0.744768
0.683859
0.147641
0.477036
0.112113
1.94898
0.114383
5.60494
0.619511
0.12331
17.3713
5.73133
0.114747
0.177766
0.122005
0.126747
9.58842
0.900765
0.154425
0.62394
0.11044
0.115831
14.6631
4.27707
4.97987
0.441953
1.37287
0.517373
0.22596
0.326784
2.66184
1.47158
0.727036
0.569786
7.14583
4.35042
0.170831
0.224374
0.641043
0.564347
0.127976
0.259623
0.65326
0.14131
1.3791
0.798281
1.99499
0.659221
2.83296
2.95336
0.322193
0.108354
0.163659
0.264781
0.368178
0.30344
0.354526
0.331096
2.26807
6.41905
0.156801
13.1686
0.293826
0.210005
2.1804
1.59848
0.255376
3.11052
0.679119
0.207721
1.76514
1.36657
0.30706
0.150501
0.195545
0.801808
0.424469
0.213169
0.167452
0.216156
10.3413
0.633718
0.173426
3.24144
0.171857
0.221473
1.31769
13.6209
0.333737
1.93571
0.328682
2.43492
0.151186
0.436088
3.51768
0.154809
1.43781
0.960657
0.783473
0.180971
0.40346
0.503957
1.17168
2.36646
8.24197
0.564812
0.114448
2.64092
0.102488
0.452422
0.146321
0.276521
0.337983
0.813171
0.833449
0.68751
0.19232
1.46957
0.370375
0.673294
0.408478
0.120169
0.866939
0.465398
0.166579
1.07021
1.47889
0.136485
0.196233
0.342917
0.683597
0.383604
0.162995
2.60439
0.430084
0.310354
0.13216
0.213948
1.60043
0.21665
0.17834
0.229645
3.67151
0.208943
1.45638
0.900319
0.249795
7.68797
11.0615
0.190757
5.26494
0.271553
0.190952
0.103804
3.52976
0.218549
0.114542
1.05875
0.194435
0.119034
0.213761
18.1624
0.107654
0.370024
0.402606
0.616212
0.80112
0.416592
0.399689
2.30374
0.790023
1.47806
0.109248
0.534611
0.386084
0.13533
8.01911
0.507317
0.110771
1.12872
3.79208
0.139806
0.113485
0.500796
3.37698
0.198504
0.553354
1.51969
1.73116
2.97949
0.136269
1.26709
1.32428
0.385013
1.1098
1.28186
1.50721
1.69486
2.80225
0.292408
1.4461
4.2431
0.371085
1.41674
0.757104
1.63468
0.856327
0.231668
0.403325
0.519124
2.01362
1.4299
0.359104
0.537065
7.64145
0.257551
3.43788
3.39474
0.235112
0.128414
0.256792
7.82159
0.238
0.491142
0.976604
0.406265
0.168196
0.214423
0.684479
0.246737
0.378439
0.522219
0.253391
0.498292
0.854235
0.566764
0.263623
0.816967
1.48979
0.294035
0.252298
0.249115
0.565907
0.161872
0.715767
0.162462
0.163699
0.670858
0.411655
0.421741
1.61135
0.19871
0.173554
0.431226
0.162407
0.758539
8.47024
0.119726
0.640666
0.232755
0.199989
0.346751
1.4282
9.77703
0.168462
14.1553
0.220997
0.545937
0.122116
1.40595
0.791902
17.2837
0.882743
0.63312
0.528825
0.20999
0.167982
0.114995
1.208
0.347636
0.343599
1.62244
0.246931
0.652097
1.19431
3.18934
0.259998
0.321598
0.654358
4.32163
0.522422
11.9809
1.02195
0.501685
0.657231
0.88436
0.417218
0.337852
0.204791
0.363121
1.16507
0.18332
0.332067
0.106447
0.575588
0.525181
2.74462
3.17551
2.71713
0.324411
1.15055
0.369435
1.06636
0.886471
0.133841
0.564765
0.180409
1.9424
2.91075
16.9914
0.338105
2.49616
3.55924
0.118887
0.465942
1.36568
0.653336
0.632482
0.302565
0.400468
0.240465
5.42013
15.1005
0.144552
1.04755
0.143455
0.768788
0.179092
0.145481
0.560943
0.233889
1.04162
14.705
0.700006
0.456641
1.72921
0.144618
0.8888
0.996758
0.656813
4.52369
0.890948
