-0.924882
-0.837282
-0.570788
-0.961319
-0.996291
-0.952766
-0.999274
-0.999815
-0.999648
-0.489363
-0.883233
-0.993954
-0.98667
-0.831401
-0.981248
-0.770661
-0.970391
0.622922
-0.999489
-0.999307
-0.554642
-0.99835
-0.899278
-0.986572
-0.999929
-0.987173
-0.990522
-0.992035
-0.902359
-0.816238
-0.945874
-0.96289
-0.888954
-0.991504
-0.974207
-0.982587
-0.725235
-0.806363
-0.962092
-0.880557
-0.9953
-0.942826
-0.875214
-0.993256
-0.991651
-0.997625
-0.981116
-0.86358
-0.937631
-0.966964
-0.960798
-0.947025
-0.770999
-0.986534
-0.915965
-0.997743
-0.995639
-0.997939
-0.956141
-0.975856
-0.952825
-0.982445
-0.98113
-0.535898
-0.960525
-0.994927
-0.987296
-0.998101
-0.997552
-0.947346
-0.940379
-0.997128
-0.879431
-0.986994
-0.995151
-0.984302
-0.961921
-0.987643
-0.940548
-0.982236
-0.988169
-0.975746
-0.989142
-0.625642
-0.514995
-0.991189
-0.648433
-0.973279
-0.998887
-0.944164
-0.979262
-0.983794
-0.849891
-0.932874
-0.98112
-0.79981
-0.960835
-0.978635
-0.996717
-0.722424
-0.63761
-0.976023
-0.91735
0.141322
-0.925118
-0.97318
-0.923271
-0.646779
-0.977353
-0.989158
-0.999419
-0.991712
-0.988194
-0.612067
-0.950849
-0.98411
-0.973937
-0.985936
-0.606112
-0.86932
-0.955391
-0.943183
-0.971598
-0.905029
-0.838133
-0.916161
-0.925956
-0.344446
-0.774852
-0.946984
-0.915845
-0.961074
-0.974177
-0.934859
-0.825115
-0.988152
-0.970969
-0.997801
-0.451996
-0.967193
-0.959258
-0.794531
-0.932005
-0.970045
-0.946206
-0.97916
-0.962532
-0.956626
-0.96845
-0.988019
-0.988884
-0.930429
-0.942052
-0.989246
-0.98298
-0.987487
-0.973373
-0.896966
-0.935873
-0.938426
-0.985996
-0.838395
-0.928697
-0.974164
-0.947022
-0.921624
-0.929587
-0.931596
-0.938061
-0.874294
-0.87024
-0.900952
-0.873064
-0.951846
-0.912312
-0.945528
-0.954998
-0.932111
-0.986333
-0.999582
-0.999288
-0.666996
-0.969484
-0.971238
-0.98252
-0.997808
-0.994783
-0.852854
-0.980244
-0.961939
-0.996571
-0.96022
-0.973267
-0.936847
-0.963006
-0.488212
-0.981772
-0.971476
-0.982533
0.984175
-0.974301
-0.757586
-0.550413
-0.852314
-0.973676
-0.908474
-0.963217
-0.965926
-0.984225
-0.739009
-0.413187
-0.834242
-0.906054
-0.96033
-0.925911
-0.997094
-0.522516
-0.980648
-0.932143
-0.90951
-0.999056
-0.950708
-0.996116
-0.99884
-0.593775
-0.727383
-0.998835
-0.992769
-0.993879
-0.996652
-0.986729
-0.813461
-0.819745
-0.825894
-0.8826
-0.99357
-0.99643
-0.852353
-0.995738
-0.990249
-0.834615
-0.993609
-0.968514
-0.907968
-0.997627
-0.99801
-0.943687
-0.939173
-0.577531
-0.98776
-0.999739
-0.99868
-0.99959
-0.978664
-0.986115
-0.810367
-0.94432
-0.969643
-0.992559
-0.972257
-0.910508
-0.978551
-0.98038
-0.989498
-0.928421
-0.999526
-0.463035
-0.939038
-0.987861
-0.764087
-0.974363
-0.900694
-0.919606
-0.438741
-0.789237
-0.855611
-0.764501
-0.805911
-0.759965
-0.891873
-0.962339
-0.984755
-0.773333
-0.992838
-0.996751
-0.95661
-0.944904
-0.977095
-0.991119
-0.993099
-0.96151
-0.948035
-0.942948
-0.958414
-0.956308
-0.959698
-0.990797
-0.996533
-0.117083
-0.729229
-0.791714
-0.993744
-0.960354
-0.96209
-0.981684
-0.990756
-0.299601
-0.839618
-0.918325
-0.666479
0.379946
-0.680579
-0.975269
-0.964254
-0.720558
-0.970841
-0.984998
-0.922345
-0.905251
-0.960132
-0.971757
-0.8446
-0.999327
-0.991615
-0.969367
-0.67667
-0.980606
-0.995078
-0.959865
-0.987476
-0.98819
-0.960503
-0.627166
-0.990965
-0.991547
-0.988841
-0.993741
-0.756491
-0.968815
-0.974237
-0.810167
-0.943501
-0.00779906
-0.678176
-0.949018
-0.980317
-0.973487
-0.903825
-0.903568
-0.998167
-0.975965
-0.937116
-0.876663
-0.481724
-0.992651
-0.778508
-0.953386
-0.978855
-0.979835
-0.996736
-0.991111
-0.982192
-0.909419
-0.640892
-0.99393
-0.985024
-0.993428
-0.999433
-0.974379
-0.983186
-0.903231
-0.947288
-0.974986
-0.99688
-0.985892
-0.752275
-0.998479
-0.989296
-0.908246
-0.903843
-0.947024
-0.912976
-0.9747
-0.962596
-0.931541
-0.960976
-0.847414
-0.946924
-0.949958
-0.982622
-0.994955
-0.890856
-0.941322
-0.990726
-0.978315
-0.942883
-0.272113
-0.455733
-0.992799
-0.96546
-0.82898
-0.948367
-0.955159
-0.956168
-0.98685
-0.984663
-0.991209
-0.683768
-0.941017
-0.942637
-0.708538
-0.974232
-0.974785
-0.960676
-0.943398
-0.998492
-0.854786
-0.981683
-0.992136
-0.810419
-0.995991
-0.990509
-0.619231
-0.995308
-0.992266
-0.98879
-0.97815
-0.843467
-0.981329
-0.94298
-0.873123
-0.862453
-0.867154
-0.798774
-0.978822
-0.950396
-0.974649
-0.627582
-0.925057
-0.886064
-0.979613
-0.8544
-0.899601
-0.878322
-0.921482
0.459799
-0.999598
-0.998401
-0.987458
-0.971567
-0.971504
-0.992456
-0.769541
-0.950777
-0.998145
-0.518702
-0.783366
-0.832949
-0.993322
-0.98514
-0.986777
-0.999879
-0.98248
-0.960307
-0.980188
-0.979438
-0.892166
-0.994455
-0.980672
-0.992134
-0.872579
-0.914615
-0.973417
-0.985265
-0.9898
-0.993735
-0.974724
-0.911199
-0.880314
-0.966396
-0.855633
-0.985292
-0.877672
-0.985882
-0.844738
-0.913742
-0.968888
-0.966473
-0.961972
-0.708918
-0.975888
-0.873573
-0.874215
-0.979767
-0.995125
-0.994164
-0.768283
-0.960254
-0.967137
-0.925714
-0.639916
-0.985944
-0.915667
-0.939624
-0.877611
-0.972477
-0.681608
-0.913461
-0.959782
-0.997301
-0.999634
-0.954764
-0.977781
-0.876566
-0.9815
-0.766362
-0.944568
-0.979686
-0.99915
-0.933298
-0.980632
-0.964656
-0.933756
-0.599336
-0.833149
-0.842275
-0.931737
-0.681844
-0.80468
-0.999667
-0.847838
-0.691097
-0.962081
-0.990775
-0.988684
-0.856127
-0.995034
-0.953355
-0.799718
-0.942856
-0.966816
-0.86062
-0.862479
-0.903283
-0.957498
-0.95379
-0.940827
-0.296846
-0.998582
-0.795594
-0.998441
-0.92112
-0.986905
-0.978455
-0.904542
-0.90708
-0.977417
-0.986407
-0.920749
-0.780161
-0.940957
-0.863904
-0.994606
-0.932287
-0.996535
-0.977527
-0.8976
-0.978614
-0.985593
-0.976516
-0.992172
-0.996204
-0.893493
-0.988542
-0.813455
-0.807509
-0.995833
-0.94331
-0.9097
-0.995684
-0.961772
-0.982726
-0.99437
-0.991612
-0.983443
-0.961954
-0.974296
-0.927935
-0.933606
-0.99367
-0.97006
-0.821372
-0.885795
-0.686551
-0.972422
-0.971245
-0.999348
-0.927564
-0.986957
-0.97799
-0.913183
-0.950194
-0.958141
-0.955114
-0.977499
-0.984919
-0.975895
-0.996171
-0.921892
-0.949934
-0.95089
-0.996211
-0.957034
-0.999525
-0.911617
-0.93373
-0.98945
-0.892235
-0.889324
-0.947356
-0.867708
-0.997186
-0.805641
-0.317568
-0.83503
-0.987448
-0.932288
-0.95301
-0.481379
-0.972694
-0.946982
-0.557771
-0.903396
-0.971746
-0.939787
-0.994263
-0.986746
-0.938476
-0.964651
-0.923124
-0.995038
-0.976108
-0.898444
-0.975258
-0.9984
-0.995027
-0.962719
-0.970771
-0.985032
-0.994587
-0.949052
-0.899791
-0.967587
-0.99613
-0.917558
-0.376514
-0.866849
-0.824592
-0.999211
-0.983763
-0.970646
-0.944742
-0.971648
-0.969515
-0.98577
-0.981956
-0.858523
-0.867041
-0.997975
-0.80147
-0.976727
-0.620461
-0.602587
-0.999978
-0.913192
-0.822903
-0.502843
0.510801
-0.918964
-0.749482
-0.915366
-0.966381
-0.801133
-0.75292
-0.59708
-0.858514
-0.981986
-0.962589
-0.982717
-0.999621
-0.99527
-0.911895
-0.92557
-0.947289
-0.936948
-0.999596
-0.787359
-0.961186
-0.904833
-0.94172
-0.867092
-0.996376
-0.299782
-0.985922
-0.993694
-0.736975
-0.825218
-0.968505
-0.965405
-0.527497
-0.930179
-0.994688
-0.337334
-0.756806
-0.470458
-0.978064
-0.976324
-0.935635
-0.958836
-0.949087
-0.902332
-0.888164
-0.681008
-0.86146
-0.659605
-0.876353
-0.896867
-0.777001
-0.8884
-0.891853
-0.927925
-0.936681
-0.967444
-0.977661
-0.997376
-0.999122
-0.995481
-0.913721
-0.814417
-0.86831
-0.987847
-0.80748
-0.982168
-0.931252
-0.990856
-0.995351
-0.834502
-0.989706
-0.955919
-0.971821
-0.993536
-0.797363
-0.993985
-0.983561
-0.986083
-0.770028
-0.905314
-0.716045
-0.736047
-0.940662
-0.965289
-0.915213
-0.979598
-0.954091
-0.907126
-0.88913
-0.989907
-0.93798
-0.840222
-0.6441
-0.981855
-0.994989
-0.952783
-0.862624
-0.879993
-0.93915
-0.834025
-0.617809
-0.942006
-0.970773
-0.976479
-0.890644
-0.933977
-0.708596
-0.962166
-0.863251
-0.987428
-0.999846
-0.947324
-0.906135
-0.732768
-0.942139
-0.982617
-0.952339
-0.705619
-0.809878
-0.99031
-0.883685
-0.425955
-0.993189
-0.994649
-0.966958
-0.819291
-0.988044
-0.994335
-0.923655
-0.957667
-0.814397
-0.985102
-0.968612
-0.891814
-0.936739
-0.952896
-0.965755
-0.928346
-0.76044
-0.925526
-0.948581
-0.968444
-0.971783
-0.974284
-0.31022
-0.851988
-0.922652
-0.802385
-0.756613
-0.779364
-0.865672
-0.981964
-0.958773
-0.982586
-0.976195
-0.95281
-0.968279
-0.866217
-0.998025
-0.905736
-0.946386
-0.996527
-0.446419
-0.937961
-0.983974
-0.915829
-0.890199
-0.973703
-0.94479
-0.99333
-0.996154
-0.97584
-0.948498
-0.993828
-0.73217
-0.987334
-0.84578
-0.956856
-0.994449
-0.932152
-0.0802518
-0.830438
-0.999764
-0.78515
0.709529
-0.995196
-0.995757
-0.992152
-0.98779
-0.730567
-0.998973
-0.909752
-0.972059
-0.956041
-0.641354
-0.981565
-0.976786
-0.987227
-0.608455
-0.981362
-0.988515
-0.763483
-0.973681
-0.982921
-0.97647
-0.745736
-0.951817
-0.974753
-0.968367
-0.939008
-0.853603
-0.936253
-0.952736
-0.879315
-0.796378
-0.768203
-0.628928
-0.99261
-0.901996
-0.873987
-0.781238
-0.978803
-0.974605
-0.917626
-0.923696
-0.844031
-0.657569
-0.813493
-0.998365
-0.959078
-0.936682
-0.852953
-0.991386
-0.997911
-0.997557
-0.80517
-0.859572
-0.989927
-0.907956
-0.952661
-0.890061
-0.994798
-0.978295
-0.923652
-0.86546
-0.817912
-0.985996
-0.955453
-0.970847
-0.942934
0.0358919
-0.714187
-0.954736
-0.830442
-0.899769
-0.998461
-0.995297
-0.927389
-0.99164
-0.975708
-0.980067
-0.859349
-0.967464
-0.952022
-0.998307
-0.995255
-0.997208
-0.932837
-0.751862
-0.943312
-0.52841
-0.70527
-0.959698
-0.989781
-0.969543
-0.998899
-0.965412
-0.799837
-0.846945
-0.726726
-0.994303
-0.880232
-0.772508
-0.914857
-0.127802
-0.893381
-0.974236
-0.818544
-0.941768
-0.885725
-0.994313
-0.999032
-0.997958
-0.954957
-0.9846
-0.971525
-0.727847
-0.365486
-0.997134
-0.9747
-0.912325
-0.974101
-0.995269
-0.996653
-0.984975
-0.97927
-0.976598
-0.566108
-0.953123
-0.966388
-0.913458
-0.942825
-0.996258
-0.800133
-0.998209
-0.509072
-0.693858
-0.982213
-0.988742
-0.975788
-0.911343
-0.999443
-0.942783
-0.9525
-0.993956
-0.853469
-0.97038
-0.881923
-0.846144
-0.998699
0.286492
-0.992148
-0.978092
-0.974128
-0.991835
-0.918783
-0.99355
-0.989618
-0.987855
-0.580634
-0.976116
-0.981513
-0.979705
-0.99814
-0.959626
-0.992358
-0.933448
-0.996877
-0.949635
-0.971514
-0.941838
-0.994428
-0.973814
-0.996677
-0.945377
-0.960941
-0.992855
-0.966856
-0.980049
-0.986411
-0.835326
-0.991251
-0.991394
0.274036
-0.997806
-0.961678
-0.956242
-0.981597
-0.781393
-0.974702
-0.969191
-0.931865
-0.905572
-0.992546
-0.980793
-0.974755
-0.98575
-0.618544
-0.969058
-0.982763
-0.989429
-0.988857
-0.997944
-0.979202
-0.986925
-0.969211
-0.995065
-0.993528
-0.990756
-0.854347
-0.833284
-0.996268
-0.938289
-0.925479
-0.992227
-0.914687
-0.977361
-0.993412
-0.697237
-0.911741
-0.940883
-0.966564
-0.994735
-0.998048
0.36631
-0.925378
-0.998931
-0.735238
-0.954604
-0.904107
-0.995824
-0.854495
-0.910771
-0.967416
-0.988576
-0.953964
-0.996094
-0.13074
-0.995908
-0.969313
-0.908233
-0.672995
-0.947399
-0.983144
-0.99891
-0.956223
-0.84476
-0.718493
-0.996002
-0.988467
-0.944378
-0.997056
-0.996656
-0.994944
-0.974809
-0.969897
-0.900449
-0.884226
-0.937699
-0.216306
-0.718041
-0.985964
-0.736162
-0.999174
-0.965435
-0.434612
-0.997672
-0.981806
-0.918677
-0.974145
-0.983826
-0.977482
-0.453076
-0.988641
-0.986782
-0.785567
-0.745661
-0.922172
-0.946131
-0.582998
-0.94192
-0.881423
-0.983974
-0.980658
-0.946638
-0.980642
-0.954767
-0.995454
-0.953789
-0.97564
-0.988732
-0.900305
-0.933453
-0.975317
-0.993368
-0.998031
-0.875486
-0.99348
-0.939518
-0.93544
-0.357031
-0.308224
-0.722954
-0.897817
-0.923206
-0.970415
-0.948141
-0.916716
-0.997192
-0.97638
-0.629319
-0.972612
-0.981853
-0.973314
-0.901514
-0.961904
-0.996709
-0.965487
-0.993332
-0.993679
-0.994434
-0.842381
-0.951254
-0.971309
-0.982146
-0.96555
-0.967028
-0.682647
-0.990558
-0.991127
-0.969932
-0.948714
-0.96622
-0.967334
-0.97718
-0.981905
-0.972566
-0.977827
-0.992311
-0.985538
-0.965294
-0.975791
-0.993832
-0.999461
-0.927805
-0.983657
-0.976661
-0.95682
-0.876996
-0.970712
-0.922962
-0.944178
-0.948333
-0.372169
-0.857082
-0.478809
-0.997144
-0.969294
-0.995389
-0.975806
-0.911723
-0.974055
-0.459328
-0.992988
-0.994657
-0.983038
-0.984243
-0.979107
-0.986293
-0.865989
-0.999271
-0.995469
-0.994674
-0.972179
-0.973029
-0.964066
-0.989206
-0.954323
-0.965652
-0.920618
-0.938642
-0.698276
-0.923958
-0.991219
-0.997708
-0.972633
-0.997425
-0.827814
-0.989682
-0.904619
-0.993452
-0.927685
-0.848904
-0.896409
-0.990227
-0.390544
-0.999689
0.426942
-0.963441
-0.892477
-0.931862
-0.994565
-0.959218
-0.589989
-0.906296
-0.974183
-0.975499
-0.158698
-0.889375
-0.889428
-0.812714
-0.512828
-0.988456
-0.91502
-0.99004
-0.814738
-0.941203
-0.944487
-0.988322
-0.96059
-0.201326
-0.933682
-0.993832
-0.996965
-0.951393
-0.978691
-0.997659
-0.821202
-0.713191
-0.923755
-0.875148
-0.936538
-0.928943
-0.972423
-0.87895
-0.726016
-0.912074
-0.999549
-0.991473
-0.639431
-0.892467
-0.879271
-0.892052
-0.942248
-0.996454
-0.997034
-0.993362
-0.855813
-0.933883
-0.999186
-0.99264
-0.99167
-0.962339
-0.988294
-0.994095
-0.972213
-0.997183
-0.966314
-0.825157
-0.99946
-0.96569
-0.927208
-0.984146
-0.983626
-0.949803
-0.848146
-0.988299
-0.891428
-0.808824
-0.474788
-0.992232
-0.780787
-0.279692
-0.964068
-0.996977
-0.991941
-0.986151
-0.416302
-0.931171
-0.955583
-0.964229
-0.984741
-0.972704
-0.996596
-0.967837
-0.952994
-0.995908
-0.985126
-0.989012
-0.980591
-0.951684
-0.968635
-0.925739
-0.329213
-0.960116
-0.982317
-0.953111
-0.964622
-0.813062
-0.999991
-0.848761
-0.913365
-0.648287
-0.963965
-0.993057
-0.992628
-0.904948
-0.985349
-0.88829
-0.981721
-0.871328
-0.965536
-0.971606
-0.81492
-0.876886
-0.980268
-0.783304
-0.812546
-0.889451
-0.852999
-0.744504
-0.942291
-0.714989
-0.926667
-0.994978
-0.949148
-0.983454
-0.955223
-0.960905
-0.93496
-0.979886
-0.107622
-0.99497
-0.954662
-0.985024
-0.778481
-0.988099
-0.891343
-0.946971
-0.665585
-0.829956
-0.874193
-0.982084
0.869645
-0.992106
-0.974911
-0.582457
-0.654236
-0.954249
-0.98867
-0.903659
-0.995481
-0.734934
0.500381
-0.251337
-0.8237
-0.854154
-0.938486
-0.967634
-0.985271
-0.809823
-0.940563
-0.99267
-0.934349
-0.962873
-0.950211
-0.959409
-0.97616
-0.997252
-0.994399
-0.97507
-0.997999
-0.998951
-0.942281
-0.986351
-0.932688
-0.966576
-0.911835
-0.938381
-0.901334
-0.955864
-0.894411
-0.869267
-0.97482
-0.995385
-0.968833
-0.995144
-0.941511
-0.846021
-0.963611
-0.927574
-0.981278
-0.996099
-0.991566
-0.987952
-0.999268
-0.817094
-0.996309
-0.992841
-0.987456
-0.998843
-0.961094
-0.972432
-0.976359
-0.85833
-0.94218
-0.968404
-0.977648
-0.915062
-0.637106
-0.998136
-0.983677
-0.822904
-0.91988
-0.956032
-0.990957
-0.963263
-0.999101
-0.95859
-0.972211
-0.969971
-0.978247
-0.995867
-0.919186
-0.997543
-0.996524
-0.00348403
-0.992441
-0.761242
-0.895319
-0.838419
-0.986024
-0.992967
-0.719565
-0.985029
-0.638463
-0.96322
-0.887419
-0.949164
-0.994552
-0.99792
-0.42317
-0.978952
-0.191181
-0.678641
-0.0920554
-0.965058
-0.957096
-0.970561
-0.950006
-0.954064
-0.993093
-0.829021
-0.87205
-0.970693
-0.995626
-0.998937
-0.760548
-0.962533
-0.984678
-0.990456
-0.988171
-0.988536
0.403834
-0.844065
-0.987141
-0.991549
-0.578824
-0.979499
-0.994789
-0.990017
-0.964097
-0.985579
-0.585642
-0.920568
-0.855113
-0.727829
-0.970477
-0.627879
-0.991065
-0.972448
-0.987887
-0.990825
-0.8784
-0.972643
-0.952372
-0.962187
-0.856932
-0.952575
-0.948494
-0.984719
-0.966044
-0.893045
-0.939423
-0.960556
-0.91101
-0.973445
-0.977462
-0.962289
-0.899215
-0.991013
-0.513524
-0.877915
-0.96722
-0.910323
-0.872059
-0.936616
-0.984204
-0.991912
-0.976324
-0.934322
-0.874337
-0.932822
-0.988727
-0.99808
-0.981607
-0.906765
-0.954785
-0.890521
-0.990028
-0.947499
-0.983715
-0.986589
-0.991835
-0.938263
-0.993496
-0.995273
-0.738623
-0.913371
-0.806049
-0.98923
-0.845344
-0.995816
-0.933748
-0.965371
-0.974105
-0.969882
-0.947374
-0.686742
-0.869037
-0.979995
-0.991457
-0.245006
-0.978469
-0.99976
-0.973496
-0.986029
-0.477428
-0.0269779
-0.987891
-0.900607
-0.963605
-0.991923
-0.997959
-0.916149
-0.866578
-0.89391
-0.869174
-0.978828
-0.998944
-0.963084
-0.977646
-0.962918
-0.969509
-0.963565
-0.977823
0.327614
-0.999204
-0.996912
-0.996187
-0.998169
-0.301486
-0.698717
-0.947101
-0.972428
-0.993546
-0.997942
-0.990551
-0.861032
-0.89826
-0.343066
-0.993818
-0.552984
-0.896855
-0.519853
-0.97555
-0.970967
-0.986725
-0.978087
-0.942104
-0.998511
-0.895529
0.905403
-0.990965
-0.951385
-0.58785
-0.769986
-0.98753
-0.952504
-0.242442
-0.971385
-0.947402
-0.971932
-0.980652
-0.965503
-0.913929
-0.905891
-0.949877
-0.991097
-0.942133
-0.627586
-0.975957
-0.999517
-0.963493
-0.947684
-0.439921
-0.733202
-0.972447
-0.985943
-0.93507
-0.842388
-0.667933
-0.960038
-0.988929
-0.887089
-0.880766
-0.950788
-0.999643
-0.988105
-0.760667
-0.99577
-0.593526
-0.990431
-0.973165
-0.92225
-0.95376
-0.897134
-0.886225
-0.981904
-0.980067
-0.990609
-0.992786
-0.982073
-0.923696
-0.910601
-0.887612
-0.960582
-0.963784
-0.373388
-0.938185
-0.946038
-0.942411
-0.9974
-0.838821
-0.908805
-0.966042
-0.881246
-0.938125
-0.899451
-0.954518
-0.972668
-0.988483
-0.902404
-0.933139
-0.971071
-0.982243
-0.972332
-0.966579
-0.855838
-0.239759
-0.948306
-0.726984
-0.892017
-0.996558
-0.983557
-0.984937
-0.957102
-0.956286
-0.954105
-0.992982
-0.99075
-0.926834
-0.979484
-0.994572
-0.997907
-0.915243
-0.937122
-0.740619
-0.851696
-0.996733
-0.752977
-0.988548
-0.961778
-0.922798
-0.909045
-0.938012
-0.977371
-0.998302
-0.90414
-0.980009
-0.977525
-0.996537
-0.982403
-0.945289
-0.942185
-0.822737
-0.975052
-0.993597
-0.999516
0.313493
-0.996492
-0.995413
-0.958932
-0.973146
-0.949595
-0.766302
-0.994295
-0.947744
0.679847
-0.91748
-0.975347
-0.89772
-0.908496
-0.957848
-0.977797
-0.972642
-0.995994
-0.97525
0.93101
-0.974607
-0.952594
-0.978449
-0.949199
-0.987529
-0.978394
-0.922203
-0.98427
-0.998362
-0.653165
-0.984488
-0.979989
-0.991439
-0.980363
-0.983769
-0.954978
-0.93359
-0.961044
-0.993648
-0.960658
-0.94458
-0.74928
-0.888549
-0.994352
-0.996523
-0.654316
0.93038
-0.688838
-0.943943
-0.937233
-0.981153
-0.757149
-0.998859
-0.962875
-0.993962
-0.999301
-0.944812
-0.901118
-0.988708
-0.156739
-0.963524
-0.981647
-0.854388
-0.890983
-0.939941
-0.991347
-0.951551
-0.967975
-0.761451
-0.994587
-0.957349
-0.914686
-0.988806
-0.894013
-0.860195
-0.986771
-0.986294
-0.855449
-0.995369
-0.947756
-0.99847
-0.908196
-0.938375
-0.937545
-0.975864
-0.963016
-0.986479
-0.969934
-0.989231
-0.989637
-0.99979
-0.999979
-0.991549
-0.98535
-0.971683
-0.784957
-0.911836
-0.255179
-0.996829
-0.956085
-0.990503
-0.971891
-0.949176
0.413059
-0.923697
-0.959541
-0.997865
-0.826513
-0.839132
-0.961271
-0.832628
-0.991294
-0.764242
-0.996838
-0.922934
-0.999412
-0.958222
-0.983044
-0.978529
-0.998861
-0.985119
-0.979716
-0.953136
-0.950788
-0.981012
-0.978027
-0.987541
-0.968795
-0.817645
-0.996413
-0.875512
-0.94462
-0.871243
-0.988774
-0.996639
-0.957803
-0.994389
-0.961624
-0.988772
-0.998315
-0.566597
-0.995745
-0.797562
-0.570612
-0.897398
-0.970306
-0.969961
-0.993663
-0.997863
-0.977754
-0.709726
-0.684315
-0.973977
-0.973993
-0.852986
-0.976282
-0.87879
-0.980684
-0.997401
-0.995076
-0.887183
-0.984402
-0.978736
-0.992466
-0.999863
-0.982655
-0.758479
-0.995868
-0.897599
-0.921511
-0.885411
-0.83086
-0.943816
-0.983978
-0.999921
-0.440231
-0.986221
-0.926349
-0.962129
-0.945404
-0.911601
-0.930402
-0.868843
-0.995515
-0.964927
-0.978976
-0.866462
-0.988332
-0.934101
-0.864808
-0.971479
-0.993371
-0.787258
-0.976528
-0.864889
-0.860561
-0.999398
-0.92364
-0.994518
-0.954599
-0.998818
-0.946684
-0.970959
-0.850033
-0.741613
-0.965971
-0.9732
-0.999926
-0.993936
-0.957627
-0.7339
-0.97543
-0.944796
-0.619567
-0.975479
-0.928097
-0.98461
-0.987064
-0.97953
-0.992437
-0.986109
-0.958205
-0.996772
-0.953549
-0.973385
-0.93695
-0.995293
-0.983891
-0.959204
-0.891077
-0.996174
-0.953598
-0.954044
-0.997643
-0.942574
-0.796954
-0.996371
-0.558808
-0.830955
-0.629391
-0.801556
-0.984613
-0.772288
-0.95449
-0.574302
-0.722717
-0.880211
-0.875554
-0.922633
-0.89455
-0.844212
-0.952376
-0.987913
-0.9886
-0.991306
-0.986162
-0.998771
-0.998835
-0.998433
-0.984788
-0.858061
-0.908708
-0.924532
-0.826044
-0.985759
-0.99818
-0.987761
-0.879128
-0.976458
-0.972705
-0.960909
-0.999227
-0.998974
-0.978087
-0.994145
-0.955272
-0.928437
-0.847187
-0.598314
-0.999234
-0.979369
-0.997809
-0.966555
-0.93071
-0.79668
-0.983375
-0.987832
-0.975833
-0.998768
-0.971344
-0.973923
-0.941693
-0.998741
-0.788742
-0.995087
-0.992523
-0.988301
-0.946812
-0.937977
-0.801149
-0.809216
-0.875879
-0.544086
-0.98027
-0.996516
-0.984272
-0.966296
-0.999088
-0.989247
-0.911504
-0.643692
-0.858125
-0.793644
-0.944452
-0.974654
-0.744354
-0.997089
-0.975571
-0.915239
-0.958634
-0.988394
-0.992706
-0.997253
-0.976432
-0.879486
-0.961216
-0.983443
-0.973617
-0.988793
-0.462687
-0.907499
-0.863257
-0.938024
-0.906058
-0.992873
-0.985803
-0.955958
-0.794446
-0.933014
-0.826644
-0.97661
-0.994599
-0.995926
-0.739679
-0.98592
-0.976755
-0.275169
-0.995759
-0.947601
-0.965091
-0.760148
-0.98577
-0.979174
-0.996482
-0.980405
-0.34304
-0.969693
-0.996322
-0.982053
-0.987312
-0.969775
-0.893547
-0.674652
-0.99842
-0.982367
-0.908672
0.0172414
-0.938443
-0.980149
-0.295575
-0.760305
-0.963143
-0.980052
-0.999722
-0.96815
-0.866928
0.267227
-0.972114
-0.999475
-0.956204
-0.956342
-0.965444
-0.987038
-0.903376
-0.996246
-0.891356
-0.988743
-0.841525
-0.848786
-0.857286
-0.990363
-0.892864
-0.952253
-0.925085
-0.679845
-0.850332
-0.954842
-0.989923
-0.989584
-0.97116
-0.640316
-0.766594
-0.859356
-0.897844
-0.974648
-0.985334
-0.98625
-0.943301
-0.600684
-0.944943
-0.991508
-0.991879
-0.994715
-0.564411
-0.710641
-0.995223
-0.940688
-0.969683
-0.997258
-0.809277
-0.958737
-0.951493
-0.892999
-0.909106
-0.95444
-0.661377
-0.967221
-0.775197
-0.931728
-0.98749
-0.908925
-0.94439
-0.995727
-0.995436
-0.901001
-0.84418
-0.0276591
-0.964434
-0.919065
-0.979085
-0.98054
-0.983835
-0.966301
-0.909551
-0.976636
-0.899203
-0.963101
-0.353011
-0.883831
-0.969313
-0.976218
-0.997329
-0.566208
-0.914959
-0.960957
-0.995027
-0.995101
-0.979227
0.910074
-0.91765
-0.96415
-0.959718
-0.969842
-0.976455
-0.975762
-0.962804
-0.920204
-0.602264
-0.927379
-0.921351
-0.979321
-0.999925
-0.842392
-0.626715
-0.986793
-0.995548
-0.891909
-0.925835
-0.91985
-0.388986
-0.833326
-0.976107
-0.988096
-0.915016
-0.873881
-0.947722
-0.998774
-0.987692
-0.958277
-0.929727
-0.96671
-0.954382
-0.982205
-0.974445
-0.986456
-0.981947
-0.921744
-0.921353
-0.94358
-0.998442
-0.993681
-0.964591
-0.950604
-0.453674
-0.343132
-0.836836
-0.885735
-0.99593
-0.958652
-0.985407
-0.985587
-0.991842
-0.920705
-0.970933
-0.883629
-0.791932
-0.944721
-0.968951
-0.994616
-0.965777
-0.967422
-0.994635
-0.981203
-0.990314
-0.909749
-0.976387
-0.928368
-0.4375
-0.925403
-0.88635
-0.864777
-0.978613
-0.914172
-0.960059
-0.941499
-0.997321
-0.969581
-0.97569
-0.959255
-0.990839
-0.979515
-0.943294
-0.983116
0.0779037
-0.911869
-0.975393
-0.944729
-0.883064
-0.967839
-0.867197
-0.997793
-0.987464
-0.982777
-0.99317
-0.824857
-0.998805
-0.763907
-0.92587
-0.995274
0.0302478
-0.96099
-0.999278
-0.85115
-0.874925
-0.998623
-0.994864
-0.935742
-0.666645
-0.952223
-0.998781
-0.948401
-0.909506
-0.988493
-0.996846
-0.999399
-0.984044
-0.986807
-0.841381
-0.847858
-0.840989
-0.980456
-0.0115159
-0.438815
-0.868361
-0.984044
-0.999357
-0.996512
-0.994255
-0.98821
-0.988217
-0.806266
-0.535078
-0.947417
-0.928929
-0.98783
-0.990158
-0.908341
-0.976085
-0.974456
-0.991872
-0.887089
-0.901503
-0.915454
-0.976736
-0.96734
-0.881534
-0.704473
-0.938123
-0.959257
-0.916537
-0.998399
-0.952059
-0.977033
-0.992939
-0.992916
-0.933418
-0.985246
-0.965985
-0.946336
-0.938569
-0.97374
-0.989477
-0.977722
-0.902735
-0.991847
-0.672199
-0.839155
-0.981396
-0.930351
-0.913833
-0.954384
-0.973771
-0.938406
-0.801772
-0.535324
-0.909447
-0.654511
0.402661
-0.896655
-0.986915
-0.95028
-0.988649
-0.927481
-0.818162
-0.771426
-0.850342
-0.937971
-0.960863
-0.990884
0.408332
-0.991197
-0.996427
-0.966971
-0.964865
-0.967164
-0.981604
-0.983502
-0.994359
-0.994785
-0.999651
-0.986864
-0.745615
-0.915491
-0.972333
-0.990858
-0.986225
-0.906236
-0.772948
-0.912798
-0.761365
-0.969583
-0.965448
-0.817118
-0.947623
-0.966903
-0.994426
-0.985352
-0.971542
-0.948984
-0.969442
-0.971275
-0.898565
-0.108379
-0.951846
-0.985122
-0.999007
-0.990673
-0.968194
-0.924261
-0.899609
-0.746047
-0.936428
-0.965048
-0.965443
-0.824246
-0.919764
-0.946749
-0.987269
0.0983966
-0.997312
-0.491586
-0.968516
-0.944565
-0.997176
-0.91618
-0.81997
-0.884083
0.0530809
-0.960152
-0.991521
-0.992138
-0.920105
-0.891696
-0.975469
-0.950865
-0.991919
-0.651948
-0.997594
-0.994323
-0.992214
-0.955576
-0.994322
-0.936014
-0.991425
-0.993045
-0.994623
-0.9943
-0.977258
-0.908807
-0.971671
-0.977647
-0.902878
-0.827582
0.460277
-0.899662
-0.961758
-0.876845
-0.845404
-0.893463
-0.868548
-0.979769
-0.944724
-0.855557
-0.974145
-0.64298
-0.912013
-0.93102
-0.903185
-0.987296
-0.976103
-0.965772
-0.993159
-0.996718
-0.966338
-0.974816
-0.974549
-0.966913
-0.903829
-0.913547
-0.389847
-0.97849
-0.439199
-0.935335
-0.939685
-0.963611
-0.996577
-0.901502
-0.992541
-0.995445
-0.945059
-0.970397
-0.990112
-0.993232
-0.984349
-0.998339
-0.949859
-0.998763
-0.838238
-0.70991
-0.98796
-0.998667
-0.999994
-0.911515
-0.994917
-0.933972
-0.998456
-0.949625
-0.664404
-0.898135
-0.878384
-0.990012
-0.994339
-0.194216
-0.945283
-0.977042
-0.992772
-0.94347
-0.823785
-0.938314
-0.772637
-0.988887
-0.749754
-0.963905
-0.971992
-0.751347
-0.866509
-0.93128
-0.963406
-0.79657
-0.947681
-0.911024
-0.950584
-0.956937
-0.783465
-0.473233
-0.447351
-0.995389
-0.954237
-0.648604
-0.915064
-0.762994
-0.924873
-0.90726
-0.780848
-0.973609
-0.991106
-0.966686
-0.99824
-0.986983
-0.991367
-0.95745
-0.961295
-0.418892
-0.863274
-0.885298
-0.824585
-0.905858
-0.928717
-0.99775
-0.974524
-0.957328
-0.996727
-0.843965
-0.909539
-0.966395
-0.980622
-0.994826
-0.993635
-0.839272
-0.561151
-0.994428
-0.901635
-0.978123
-0.990285
-0.540855
-0.219483
-0.995455
-0.986793
-0.843666
-0.98354
-0.968374
-0.924605
-0.967246
-0.964943
-0.969972
-0.923812
-0.828915
-0.996748
-0.860525
-0.705622
-0.928146
-0.8879
-0.975726
-0.967089
-0.888566
-0.988501
-0.90716
-0.88484
-0.96696
-0.984525
-0.940685
-0.98241
-0.0443
-0.59931
-0.883335
-0.934346
-0.981631
-0.934629
-0.890253
-0.455632
-0.907637
-0.961722
-0.879066
-0.960232
-0.921299
-0.990522
-0.997846
-0.783157
-0.935799
-0.958027
-0.989136
-0.952658
-0.989541
-0.818333
-0.999178
-0.968818
-0.958472
-0.967661
-0.994755
-0.892061
-0.918299
-0.948237
-0.97613
-0.454119
-0.97195
-0.900398
-0.94234
-0.847693
-0.97098
-0.973793
-0.99866
-0.931867
-0.791524
-0.958025
-0.84991
-0.945687
-0.819456
-0.650098
-0.953699
-0.850512
-0.975323
-0.97258
-0.978432
-0.996845
-0.98651
-0.987843
-0.981658
-0.886976
-0.821237
-0.977014
-0.962221
-0.994251
-0.823757
-0.96216
-0.982075
-0.998305
-0.97261
-0.636193
-0.999048
-0.964809
-0.899052
-0.929119
-0.956929
-0.910343
-0.91427
-0.986939
-0.960638
-0.998547
-0.918856
-0.991034
-0.972919
-0.976529
-0.986273
-0.991647
-0.952971
-0.859412
-0.777937
-0.942955
-0.254508
-0.983281
-0.932536
-0.951205
-0.914041
-0.945238
-0.917012
-0.596378
-0.798499
-0.932849
-0.974486
-0.987136
-0.980209
-0.977465
-0.95066
-0.877124
-0.565917
-0.985171
-0.924086
-0.773829
-0.986781
-0.996145
-0.978089
-0.998109
-0.701838
-0.981529
-0.94249
-0.951333
-0.999157
-0.0250904
-0.803168
-0.96619
0.131247
-0.948096
-0.990234
-0.987154
-0.453878
-0.641524
-0.992818
-0.980923
-0.434768
-0.718622
-0.999081
-0.758951
-0.968303
-0.810595
-0.839085
-0.999155
-0.997044
-0.992728
-0.719931
-0.964676
-0.977853
-0.983033
-0.983269
-0.965829
-0.999441
-0.934908
-0.943109
-0.729195
-0.997276
-0.854637
-0.794723
-0.984511
-0.971827
-0.976649
-0.956693
-0.922003
-0.944898
-0.951234
-0.934617
-0.982832
-0.724303
-0.995886
-0.496208
-0.981776
-0.993744
-0.995584
-0.981669
-0.995723
-0.975298
-0.938557
-0.935936
-0.135453
-0.992048
-0.967358
-0.862695
-0.953104
-0.93918
-0.958146
-0.943037
-0.998619
-0.996589
-0.131774
-0.993185
-0.956569
0.0388416
-0.925402
-0.985974
-0.504403
-0.837047
-0.99384
-0.947748
-0.220944
-0.889584
-0.924977
-0.95427
-0.27998
-0.820998
-0.970211
-0.981866
-0.969825
-0.962108
-0.974035
-0.817493
-0.991315
-0.978764
-0.999297
-0.948615
-0.956278
-0.965795
-0.965309
-0.951764
-0.992681
-0.94528
-0.903145
-0.778864
-0.909154
-0.777324
-0.976006
-0.975309
-0.975367
-0.977024
-0.887711
-0.952917
-0.77448
-0.862673
-0.960404
-0.906593
-0.995664
-0.998972
-0.999379
-0.996558
-0.931802
-0.998568
-0.885523
-0.980886
-0.939492
-0.992796
-0.943848
-0.961797
-0.860309
-0.931134
-0.994863
-0.990446
-0.975096
-0.94576
-0.971243
-0.978335
-0.92603
-0.994614
-0.917192
-0.937994
-0.709679
-0.999884
-0.997851
-0.990807
-0.986698
-0.926881
-0.979228
-0.962645
-0.935669
-0.991697
-0.983346
-0.964642
-0.801468
-0.880851
-0.621876
-0.890077
0.400491
-0.89713
0.0562204
-0.794781
-0.727112
-0.974343
-0.98309
-0.780222
-0.920921
-0.88902
-0.876643
-0.989137
-0.828242
-0.756045
-0.393912
-0.976341
-0.998898
-0.944905
-0.893319
-0.992114
-0.938804
-0.952709
-0.969057
-0.967863
-0.855494
-0.401825
-0.974186
-0.995076
-0.961219
-0.917909
-0.977814
-0.988678
-0.833523
-0.877359
-0.664877
-0.892923
-0.899228
-0.747502
-0.957986
-0.97632
-0.976367
-0.933458
-0.941241
-0.999394
-0.968825
-0.958462
-0.999598
-0.964718
-0.901634
-0.96882
-0.94187
-0.675404
-0.965739
0.0377261
-0.997538
-0.902191
-0.975245
-0.718304
-0.984038
-0.9905
-0.977597
-0.95824
-0.938761
-0.951835
-0.987039
-0.912603
-0.971591
-0.746461
-0.968217
-0.955881
-0.70682
-0.984056
-0.9534
-0.990883
-0.914652
-0.996486
-0.947768
-0.981669
-0.998114
-0.808895
-0.955044
-0.993713
-0.944264
-0.770952
-0.136943
-0.99482
0.888033
-0.947515
-0.872844
-0.149161
-0.847021
-0.473286
-0.673261
-0.616918
-0.974049
-0.999986
-0.990987
-0.981716
-0.938363
-0.969525
-0.982474
-0.784964
-0.989425
-0.830711
-0.944332
-0.996163
-0.940501
-0.966976
-0.992979
-0.870605
-0.836513
-0.805036
-0.996328
-0.994872
-0.977426
-0.977882
-0.950956
-0.519041
-0.973959
-0.906846
-0.943476
-0.998047
-0.897351
-0.865234
-0.936341
-0.804491
-0.993725
-0.992228
-0.850028
-0.778016
-0.96804
-0.99042
-0.943403
-0.969285
-0.947477
-0.924809
-0.550351
-0.995058
-0.985883
-0.972287
-0.794795
-0.919418
-0.796349
-0.985923
-0.999437
-0.883973
-0.958317
-0.972957
-0.553959
-0.887966
-0.995495
-0.969458
-0.976972
-0.964806
-0.835458
-0.970119
-0.881146
-0.680204
-0.700999
-0.582486
-0.992844
-0.985478
-0.804419
-0.724089
-0.89023
-0.807872
-0.914454
-0.997304
-0.998861
-0.994453
-0.907061
-0.945449
-0.984015
-0.950488
-0.902449
-0.7531
-0.969446
-0.997455
-0.99435
-0.995408
-0.99917
-0.997254
-0.998907
-0.971307
-0.977056
-0.93954
-0.94173
-0.965053
-0.928764
-0.720822
-0.76647
-0.78636
-0.923439
-0.988868
-0.96541
-0.296158
-0.998942
-0.997094
-0.974675
-0.959375
-0.994939
-0.96833
-0.886741
-0.904642
0.719303
-0.807749
-0.992653
-0.97183
-0.954633
-0.858765
-0.9513
-0.948276
-0.971649
-0.965275
-0.935797
-0.970727
-0.987184
-0.959085
-0.986569
-0.870875
-0.98972
-0.825217
-0.994135
-0.995548
-0.988081
-0.999102
-0.953999
-0.971005
-0.895786
-0.893575
-0.989617
-0.952418
-0.941897
-0.438627
-0.985929
-0.928324
-0.995252
-0.971772
-0.945618
0.0522011
-0.969873
-0.775887
-0.992049
-0.992698
-0.976419
-0.753593
-0.758464
-0.995487
-0.999071
-0.590865
-0.929516
-0.91077
-0.951667
-0.964072
-0.901581
-0.965227
-0.806731
-0.951645
-0.953253
-0.989334
-0.984171
-0.982327
-0.933166
-0.98549
-0.997221
-0.972313
-0.891276
-0.87691
-0.687098
-0.886516
-0.986269
-0.925762
-0.924772
-0.807713
-0.966933
-0.983482
-0.993538
-0.987874
-0.930294
-0.995577
-0.963525
0.29397
-0.961596
-0.588616
-0.930979
-0.984377
-0.958872
-0.978828
-0.997562
-0.963803
-0.806917
-0.986429
-0.993189
-0.489257
-0.935261
-0.83777
-0.737394
-0.991298
-0.950648
-0.98357
-0.282007
-0.945526
-0.996433
-0.792589
-0.989786
-0.9841
-0.903999
-0.80492
-0.993455
-0.979701
-0.938769
-0.972057
-0.996517
-0.846393
-0.596553
-0.949202
-0.564326
-0.994999
-0.974564
-0.981256
-0.972958
-0.976474
-0.997516
-0.984669
-0.978306
-0.246516
-0.987082
-0.80542
-0.928411
-0.918171
0.197433
-0.983355
-0.993643
-0.849695
-0.993431
-0.853436
-0.857295
-0.998425
-0.968902
-0.951336
-0.998122
-0.981704
-0.992336
-0.891992
-0.842779
-0.965717
-0.703742
-0.904926
-0.695628
-0.972625
-0.949193
-0.864903
-0.961957
-0.930188
-0.993104
-0.965456
-0.992729
-0.974058
-0.939322
-0.956484
-0.94449
-0.993364
-0.745019
-0.767616
-0.970742
-0.886397
-0.958809
-0.974165
-0.997352
-0.995962
-0.996174
-0.992903
-0.947407
-0.997437
-0.998268
-0.940784
-0.944522
-0.936156
-0.953117
-0.878205
-0.9679
-0.993551
-0.866169
-0.930647
-0.871778
-0.811005
-0.983314
-0.998197
-0.975292
-0.735259
-0.914006
-0.984354
-0.978409
-0.923877
-0.941513
-0.989626
-0.308579
-0.926126
-0.994519
-0.965456
-0.948936
-0.959202
-0.975965
-0.621367
-0.623808
-0.923029
-0.793783
-0.325915
-0.906998
-0.993639
-0.989935
-0.973551
-0.640153
-0.903892
-0.92179
-0.574123
-0.861747
-0.967286
-0.935979
-0.827916
-0.885142
-0.948292
-0.815128
-0.989325
-0.736893
-0.998976
-0.977754
-0.982558
-0.996927
-0.124005
-0.929435
-0.990702
-0.888552
-0.568455
-0.985801
-0.979014
-0.991673
-0.980922
-0.983179
-0.935923
-0.784651
-0.907419
-0.955878
-0.991937
-0.77182
-0.854954
-0.92013
-0.8752
-0.950646
-0.95808
-0.973248
-0.803299
-0.987451
-0.909877
-0.880016
-0.920128
-0.886477
-0.961691
-0.968277
-0.944492
-0.383637
-0.970851
-0.898416
-0.438029
-0.71942
-0.722041
-0.841984
-0.902559
-0.958842
-0.998235
-0.399939
-0.991176
-0.934803
-0.993667
-0.999774
-0.948297
-0.983513
-0.985663
-0.992847
-0.984759
-0.798063
0.867905
-0.491791
-0.87029
0.390458
-0.316088
-0.989794
-0.996648
-0.999377
-0.889516
-0.98671
-0.954637
-0.993847
-0.993377
-0.824202
-0.991667
-0.994717
-0.933129
-0.989982
-0.169368
-0.672794
-0.992486
-0.97584
-0.285457
-0.563474
-0.891128
-0.147821
-0.95273
-0.965412
-0.923265
-0.936006
-0.999337
-0.996191
-0.995171
-0.721518
-0.97681
-0.960086
-0.821951
-0.834872
-0.925825
-0.746589
-0.885122
-0.971331
-0.881413
-0.968852
-0.999482
-0.61391
-0.987634
-0.938897
-0.962396
-0.772014
-0.992333
-0.976569
-0.96886
-0.831267
-0.96499
-0.998826
-0.998381
-0.981139
-0.973634
-0.75915
-0.917769
-0.942102
-0.993142
-0.999898
-0.824218
-0.97334
-0.836816
-0.977329
-0.94218
-0.974921
-0.967047
-0.916223
-0.994017
-0.951094
-0.959852
-0.931479
-0.96375
-0.994309
-0.999814
-0.995799
-0.995506
-0.982957
-0.978058
-0.964449
-0.974577
-0.872193
-0.953094
-0.990396
-0.81562
-0.940599
-0.826448
-0.861701
-0.968826
-0.823813
-0.978999
-0.982816
-0.970313
-0.969926
-0.945989
-0.98902
-0.438772
-0.988871
-0.980248
-0.805657
-0.906276
-0.988551
-0.927713
-0.530195
-0.854132
-0.821896
-0.993425
-0.890077
-0.930917
-0.863931
-0.9991
-0.24341
-0.881281
-0.942803
-0.471027
-0.972556
-0.953023
-0.513012
-0.796274
-0.906497
-0.953797
-0.995403
-0.935062
-0.966369
-0.997955
-0.991589
-0.999095
-0.748856
-0.856927
-0.971883
-0.988824
-0.954329
-0.970325
-0.992789
-0.950789
-0.888346
-0.932975
-0.921471
-0.999077
-0.967525
-0.990764
-0.990219
-0.898391
-0.922592
-0.829185
-0.316452
-0.98793
-0.994125
-0.940266
-0.99974
-0.953791
-0.978347
-0.862158
-0.726802
-0.988401
-0.791591
-0.844111
-0.971028
-0.981003
-0.742186
-0.910133
-0.839888
0.334593
-0.783069
-0.908266
-0.936949
-0.99736
-0.863114
-0.75541
-0.985332
-0.923945
-0.993625
-0.928269
-0.768124
-0.972365
-0.957339
-0.574534
-0.697513
-0.771129
-0.0189185
-0.987903
-0.973465
-0.990929
-0.946377
-0.733177
-0.939636
-0.997323
-0.919021
-0.924103
-0.679177
-0.647573
-0.966073
-0.99944
-0.97793
-0.983603
-0.98236
-0.958962
-0.957908
-0.996207
-0.994651
-0.711539
-0.986963
-0.716959
-0.992007
-0.276285
-0.962141
-0.897948
-0.966658
-0.993267
-0.981063
-0.973174
-0.970906
-0.903706
-0.998701
-0.941837
-0.995345
-0.98458
-0.986806
-0.916584
-0.989401
-0.980003
-0.952909
-0.815871
-0.959233
-0.98229
-0.870488
-0.989942
-0.87866
-0.959941
-0.961324
-0.993483
-0.835124
-0.693876
-0.935865
-0.992486
-0.892185
-0.866511
-0.917369
-0.999737
-0.96814
-0.93256
-0.974445
-0.952496
-0.909149
-0.993613
-0.994932
-0.999525
-0.98922
-0.996147
-0.792119
-0.979001
-0.961382
-0.974452
-0.599659
-0.976755
-0.988797
-0.993914
-0.930154
-0.964173
-0.827292
-0.970557
-0.912878
-0.877794
-0.333917
-0.962251
-0.923704
-0.99435
-0.987539
-0.901338
-0.928958
-0.998909
-0.873852
-0.989106
-0.868357
-0.795236
-0.942091
-0.976769
-0.886126
-0.957486
-0.957377
-0.811331
-0.983551
-0.995479
-0.957715
-0.948442
-0.993888
-0.82972
-0.977485
-0.983838
-0.906525
-0.96889
-0.994093
-0.987877
-0.834969
-0.968037
-0.788792
-0.988424
-0.493577
-0.921622
-0.983032
-0.882384
-0.957972
-0.955973
-0.951591
-0.953134
-0.963224
-0.999791
-0.892016
-0.913667
-0.936035
-0.1789
-0.998743
-0.981619
-0.796738
-0.987098
-0.987024
-0.762827
-0.922655
-0.995385
-0.985962
-0.936347
-0.93522
-0.994779
-0.922778
-0.975299
-0.943803
-0.98022
-0.916681
-0.0893519
-0.983378
-0.989966
-0.858741
-0.935212
-0.852666
-0.936778
-0.99854
-0.991787
-0.936501
-0.933073
-0.908171
-0.999266
-0.966283
-0.902012
-0.780585
-0.537217
-0.969236
-0.494814
-0.523649
-0.814776
-0.994235
-0.973153
-0.991987
-0.813761
-0.836459
-0.923368
-0.998112
-0.998395
-0.998469
-0.771694
-0.954036
-0.951242
-0.937062
-0.992249
-0.955928
-0.98769
-0.998145
-0.973171
-0.989263
-0.998428
-0.96568
-0.982402
-0.998425
-0.982928
-0.999757
-0.825763
-0.939795
-0.56076
-0.863561
-0.999551
-0.990402
-0.976656
-0.940586
-0.826189
-0.849272
-0.977013
-0.992501
-0.905822
-0.869879
-0.943095
-0.970474
-0.887461
-0.915389
-0.979418
-0.969711
-0.826972
-0.820359
-0.932371
-0.875547
-0.746803
-0.978769
-0.94038
-0.979257
-0.999478
-0.235525
-0.941458
-0.993683
-0.99554
-0.988961
-0.205596
-0.352379
-0.972121
0.197957
-0.831822
-0.923917
-0.98625
-0.983269
-0.993013
-0.996435
-0.971788
-0.906832
0.136576
-0.580435
-0.815607
-0.847534
-0.871341
-0.996584
-0.812902
-0.989646
-0.993809
-0.995487
-0.970259
-0.999919
-0.996985
-0.759365
-0.796043
-0.92018
-0.950812
-0.923396
-0.570672
-0.915103
-0.709553
-0.895375
-0.91429
-0.996644
-0.978041
-0.946947
-0.953421
-0.914336
-0.944373
-0.992477
-0.908865
-0.977116
-0.978559
-0.829127
-0.779183
-0.962
-0.976817
-0.987533
-0.997269
-0.99321
-0.938594
-0.996083
-0.959627
-0.999304
-0.742423
-0.996963
-0.996892
-0.997924
-0.980834
-0.984693
-0.871652
-0.70461
-0.988673
-0.901775
-0.981349
-0.986236
-0.992308
-0.959974
-0.814694
-0.959805
-0.789828
-0.996683
0.109416
-0.993257
-0.863569
-0.868748
-0.78951
-0.986293
-0.996393
-0.929591
-0.939777
-0.990425
-0.994366
-0.969765
-0.978671
-0.901311
-0.995069
-0.998681
-0.992557
-0.986192
-0.975646
-0.912457
-0.91129
-0.901305
-0.995182
-0.990353
-0.974551
-0.861472
-0.937941
-0.996016
-0.996447
-0.912629
-0.943037
-0.98685
-0.92094
-0.865704
-0.926171
-0.904712
-0.894606
-0.932641
-0.85944
-0.9903
-0.974647
-0.954652
-0.49715
-0.973804
-0.972272
-0.850827
-0.888407
-0.843606
-0.946736
-0.985071
-0.358896
-0.921056
-0.478617
-0.846184
-0.791024
-0.895766
-0.961303
-0.916465
-0.98361
-0.952459
-0.98986
0.044601
-0.863624
-0.995823
-0.679037
-0.227224
-0.890005
-0.710036
-0.862477
-0.92955
-0.988567
-0.881809
-0.965431
-0.852837
-0.87198
-0.665267
-0.950292
0.258708
-0.869972
-0.992627
-0.964082
-0.285964
-0.99507
-0.99636
-0.978498
-0.956196
-0.996145
-0.890473
-0.791773
-0.98918
-0.979034
-0.966987
-0.990336
-0.962503
-0.842139
-0.897509
-0.816681
-0.73011
-0.993472
-0.943311
-0.962025
-0.930531
-0.974556
-0.997363
-0.874311
-0.970709
-0.979993
-0.982361
-0.95949
-0.952322
-0.845028
-0.909355
-0.196941
-0.973316
-0.962336
-0.976424
-0.792911
-0.799153
-0.886255
-0.797918
-0.922661
-0.981718
-0.98374
-0.99524
-0.986275
-0.813229
-0.973146
-0.986392
-0.975498
-0.989467
-0.971315
-0.999588
-0.923127
-0.932035
-0.963584
-0.97694
-0.979913
-0.77684
-0.943793
-0.955865
-0.851778
-0.848429
-0.982222
-0.92846
-0.867413
-0.940827
-0.981838
-0.798789
-0.952325
-0.991333
-0.975295
-0.990715
-0.779885
-0.993776
-0.998423
-0.998349
-0.883271
-0.906795
-0.947209
-0.572484
-0.878478
-0.959228
-0.683362
-0.817129
-0.976991
-0.977938
-0.9714
-0.70531
-0.909228
-0.95316
-0.981106
-0.996504
0.394328
-0.989185
-0.976351
-0.993082
-0.831538
-0.846523
-0.964607
-0.980754
-0.933924
-0.979344
-0.995337
-0.952403
-0.996633
-0.898639
-0.96635
-0.989332
-0.998873
-0.99996
-0.965072
-0.996115
-0.97369
-0.532928
-0.932911
-0.797892
-0.422708
-0.868625
-0.662299
-0.984411
-0.914346
-0.993931
0.821591
-0.901295
-0.789673
-0.99707
-0.941722
-0.639358
-0.901144
-0.958993
-0.991068
-0.974487
-0.98303
-0.945069
-0.625137
-0.985043
-0.991344
-0.941799
-0.84138
-0.861186
-0.881728
-0.956967
-0.988909
-0.832732
-0.99004
-0.951317
-0.939305
-0.969867
-0.862963
-0.932978
-0.930294
-0.958614
-0.976435
-0.999266
-0.973872
-0.975681
-0.977344
-0.996431
-0.938472
-0.753423
-0.996995
-0.908549
-0.998857
-0.953398
-0.983529
-0.990642
-0.977294
-0.942042
-0.998735
-0.981645
-0.789315
-0.952303
-0.952197
-0.99632
-0.836707
-0.736383
-0.927694
-0.998359
-0.785192
-0.993475
-0.993689
-0.987764
-0.843084
-0.989481
-0.994897
-0.989454
-0.98278
-0.942075
-0.995872
-0.998778
-0.906137
-0.812445
-0.896911
-0.88328
-0.951759
-0.856161
-0.994327
-0.967661
-0.970279
-0.767109
-0.988821
-0.99493
-0.765498
-0.87175
-0.8482
-0.918281
-0.805934
-0.955956
-0.537869
-0.905341
-0.858147
-0.989329
-0.993415
-0.997304
-0.974265
-0.806404
-0.972111
-0.970467
-0.978032
-0.507819
-0.989005
-0.781306
-0.958592
-0.99351
-0.995418
-0.187628
-0.784992
-0.81194
-0.887611
-0.997569
-0.989984
-0.587094
-0.91874
-0.905745
-0.996344
-0.991978
-0.926121
-0.816445
-0.979387
-0.95747
-0.858316
-0.503259
-0.968325
-0.99836
-0.319174
-0.846656
-0.981052
-0.966587
-0.996729
-0.9827
-0.997027
-0.996707
-0.981109
-0.845045
-0.988146
-0.987666
-0.926656
-0.987486
-0.472503
0.312444
-0.798658
-0.910553
-0.59045
-0.859721
-0.993937
0.547377
-0.876014
-0.833242
-0.946721
-0.993866
-0.97789
-0.102311
-0.522174
-0.86517
-0.986468
-0.990562
-0.992005
-0.789115
-0.872192
-0.941599
-0.965246
-0.999765
0.0508648
-0.893479
-0.998063
-0.991484
-0.987738
-0.97779
-0.912605
-0.988862
-0.862087
-0.990584
-0.551388
-0.957741
-0.999329
-0.947202
-0.993054
-0.484423
-0.877354
-0.932593
-0.856195
-0.964945
-0.996093
-0.933729
-0.912792
-0.863994
-0.317809
0.558491
-0.997026
-0.945823
-0.924546
-0.914525
-0.990632
-0.997306
-0.999681
-0.954296
-0.974137
-0.888118
-0.940252
-0.967659
-0.993122
0.121455
-0.996709
-0.731649
-0.934156
-0.990598
0.938927
-0.996676
-0.903431
-0.842818
-0.991677
-0.825478
-0.865961
-0.963364
-0.959971
-0.619395
-0.672595
-0.950576
-0.968416
-0.997519
-0.842105
-0.999845
-0.459754
-0.981629
-0.922881
-0.998186
-0.97769
-0.915006
-0.916029
-0.990321
-0.986895
-0.972931
-0.989479
-0.992963
-0.971398
-0.913686
-0.9941
-0.648922
-0.90001
-0.979807
-0.985277
-0.958211
-0.915333
-0.970245
-0.988591
-0.972904
-0.985062
-0.996496
-0.997973
-0.972668
-0.840094
-0.995935
-0.933049
-0.870053
-0.976592
-0.988022
-0.903666
-0.400301
-0.976324
-0.974192
-0.914055
-0.781506
-0.934261
-0.760658
-0.81966
-0.990198
-0.62477
-0.96527
-0.938079
-0.970997
-0.960564
-0.990524
-0.70862
-0.975159
-0.708621
-0.853958
-0.610113
-0.924965
-0.988708
-0.936914
-0.99558
-0.736695
-0.929984
-0.990895
-0.989
-0.893027
-0.944199
-0.984963
-0.980245
-0.915978
-0.99802
-0.992244
-0.841125
-0.939391
-0.95807
-0.973191
-0.867733
-0.893389
-0.926131
-0.574582
-0.895427
-0.961911
-0.98578
-0.904978
-0.942384
-0.975267
-0.90306
-0.953103
-0.9814
-0.95585
0.103881
-0.990984
-0.713974
-0.914646
-0.552324
-0.989871
-0.597215
-0.867084
-0.601651
-0.985134
-0.983793
-0.927468
-0.965418
-0.97741
-0.898703
-0.785201
-0.999076
-0.915465
-0.983414
-0.974783
-0.990335
-0.992614
-0.964975
-0.933701
-0.993971
-0.996977
-0.858881
-0.885832
-0.534738
-0.67617
-0.992508
-0.976425
-0.956926
0.0530947
-0.92259
-0.967474
-0.873365
-0.376637
-0.944941
-0.817666
-0.996422
-0.991195
-0.988162
-0.972543
-0.817225
-0.944211
-0.77944
-0.735116
-0.889179
-0.990446
-0.97111
-0.986187
-0.871598
-0.925893
-0.678604
-0.971492
-0.968213
-0.953804
-0.86957
-0.963208
-0.994658
-0.992683
-0.521225
-0.99751
-0.609575
-0.866748
-0.999968
-0.867287
-0.907945
-0.977433
-0.917365
-0.744697
-0.859781
-0.831826
-0.826196
-0.965481
-0.98025
-0.99406
-0.994449
-0.995207
-0.615123
-0.959986
-0.993837
-0.996104
-0.996367
-0.992536
-0.33898
-0.958602
-0.92634
-0.991665
-0.992546
-0.984395
-0.975355
-0.642068
-0.689558
-0.923534
-0.958569
-0.817613
-0.762028
-0.940798
-0.5146
-0.790537
-0.68928
-0.994543
-0.895715
-0.96132
-0.980171
-0.97314
-0.96531
-0.948523
-0.984351
-0.895175
-0.979741
-0.988536
-0.941892
-0.836667
-0.932482
-0.956075
-0.823601
0.796157
-0.713096
-0.912274
-0.995212
-0.947863
-0.994895
-0.972959
-0.879253
-0.963898
-0.976436
-0.643143
-0.822668
-0.970867
-0.789313
-0.991531
-0.987995
-0.998024
-0.938868
-0.996751
-0.941971
-0.995408
0.0421569
-0.917116
-0.976319
-0.987591
-0.968648
-0.979571
-0.998206
-0.973245
-0.944763
-0.973771
-0.063524
-0.99417
-0.960557
-0.970889
-0.988239
-0.996082
-0.996139
-0.958296
-0.506745
-0.997914
-0.898113
-0.96736
-0.977076
-0.92821
-0.979515
-0.850699
-0.983876
-0.533648
-0.727835
-0.949545
-0.993946
-0.92455
0.594685
-0.958131
-0.960504
-0.982698
-0.994084
-0.995495
-0.919442
-0.98715
-0.985294
-0.985778
-0.905357
-0.756059
-0.953832
-0.937113
-0.993698
-0.980141
-0.954885
-0.992704
-0.999286
-0.995409
-0.676932
-0.976881
-0.983498
-0.914764
0.457631
-0.973106
-0.982991
-0.179756
-0.951785
-0.975682
-0.948739
-0.948218
0.675169
-0.882092
-0.985192
-0.993187
-0.98495
-0.9794
-0.709405
-0.946809
-0.984035
-0.973829
-0.910443
-0.834581
-0.26226
-0.990537
-0.979891
-0.937758
-0.97336
-0.66753
-0.972625
-0.388983
-0.963201
-0.977466
-0.987754
-0.963836
-0.903056
-0.97196
-0.969872
-0.929291
-0.969308
-0.936131
-0.970792
-0.939971
-0.993726
-0.990878
-0.949803
-0.994914
-0.920683
-0.995476
-0.987178
-0.99248
-0.921349
-0.981057
-0.305089
-0.937127
-0.999136
-0.564835
-0.857459
-0.962007
-0.897544
-0.516776
-0.902527
-0.942279
-0.988062
-0.930824
-0.833799
-0.911937
-0.954609
-0.934599
-0.992493
-0.957323
-0.999943
-0.985478
-0.995456
-0.818467
-0.955186
-0.965283
-0.672533
-0.909306
-0.934191
-0.997317
-0.995011
-0.90688
-0.916958
-0.743659
-0.999239
-0.981725
-0.783523
-0.754544
-0.982309
-0.701485
-0.956395
-0.999801
-0.932014
-0.738003
-0.979556
-0.957515
-0.996869
-0.972755
-0.975588
-0.676056
-0.821052
-0.998575
-0.994832
-0.989154
-0.988805
-0.90679
-0.664678
-0.993391
0.488483
-0.990931
-0.898107
-0.986721
-0.920768
-0.999452
-0.422398
-0.977166
-0.938531
-0.878309
-0.959298
-0.955709
-0.628975
-0.938619
-0.830636
-0.993699
-0.995378
-0.97322
-0.995233
-0.309378
-0.927628
-0.903603
-0.900461
-0.9905
-0.95671
-0.981521
-0.964623
-0.960871
-0.840018
-0.945744
-0.999521
-0.694159
-0.985398
-0.977385
-0.76935
-0.592643
-0.78657
-0.990798
-0.974271
-0.977163
-0.907403
-0.821521
-0.921954
-0.439627
-0.913706
-0.387086
-0.869018
-0.922548
-0.993717
-0.977503
-0.983375
-0.804139
-0.941994
-0.673235
-0.964686
-0.997002
-0.985506
-0.994251
-0.982112
-0.978192
-0.756309
-0.999044
-0.794985
-0.987408
-0.991344
-0.986698
-0.991447
-0.949608
-0.993362
-0.960097
-0.975051
-0.836547
-0.969034
-0.982361
-0.851331
-0.987213
-0.733415
-0.987941
-0.954084
-0.893933
-0.992461
-0.823046
-0.955081
-0.999199
-0.9986
-0.956906
-0.986307
-0.947402
-0.865347
-0.927124
-0.976626
-0.43879
-0.819083
-0.998527
-0.978012
-0.998502
-0.97498
-0.923795
-0.929346
-0.907632
-0.765591
-0.920205
-0.822101
-0.674039
-0.972032
-0.975736
-0.953571
-0.797408
-0.985595
-0.736752
-0.845167
-0.876435
-0.958152
-0.573613
-0.944257
-0.954403
-0.975183
-0.955428
-0.972667
-0.992351
-0.902475
-0.69708
-0.524463
-0.99992
-0.983108
-0.998364
-0.9446
-0.698131
-0.877222
-0.930453
-0.899213
-0.985734
-0.952755
-0.98
-0.949989
-0.884742
-0.808752
-0.989614
-0.232111
-0.964412
-0.960955
-0.933035
0.116074
-0.830731
-0.236734
-0.728448
-0.955624
-0.971806
-0.992049
-0.991801
-0.531504
-0.947593
-0.923024
-0.987915
-0.897159
-0.946953
-0.976522
-0.679925
-0.997666
-0.978289
-0.701214
-0.937021
-0.950527
-0.370446
-0.961338
-0.910082
-0.980031
-0.985187
-0.993638
-0.97016
-0.908304
-0.73395
-0.913684
-0.987283
-0.925175
-0.971532
-0.936224
-0.986279
-0.964351
-0.192315
-0.991084
-0.979307
-0.99215
-0.777104
-0.616218
-0.936054
-0.995309
-0.813399
-0.995502
-0.951998
-0.788681
-0.992647
-0.96659
-0.979736
-0.937068
-0.994694
-0.990572
-0.953859
-0.978653
-0.35691
-0.638089
-0.999422
-0.72923
-0.952977
-0.966792
-0.975252
-0.959958
-0.973612
-0.983826
-0.888658
-0.90666
-0.945597
-0.984799
-0.768798
-0.940142
-0.654877
-0.960356
-0.995403
-0.99522
-0.817923
-0.969862
-0.992346
-0.981961
-0.98398
-0.94771
-0.997219
-0.859413
-0.410407
-0.979456
-0.920815
-0.977554
-0.996387
-0.968035
-0.826152
-0.989967
-0.964154
-0.960776
-0.964112
-0.961189
-0.952825
-0.39226
-0.989547
-0.94877
-0.8645
-0.973382
-0.919646
-0.960493
-0.971747
-0.976283
-0.997047
-0.73588
-0.834713
-0.999923
-0.993659
-0.997932
-0.992628
-0.971238
-0.956306
-0.998455
-0.996494
-0.998175
-0.963856
-0.970292
-0.987375
-0.983765
-0.882069
-0.903789
-0.973747
-0.918037
-0.995565
-0.972239
-0.995515
-0.969067
-0.986735
-0.98008
-0.977017
-0.718513
-0.934421
-0.973711
-0.9611
-0.969462
-0.996545
-0.918526
-0.934819
-0.895813
-0.946362
-0.924928
-0.997321
-0.984144
-0.989822
-0.960933
-0.977974
-0.82889
-0.998989
-0.973546
-0.896958
-0.478251
-0.974781
-0.10125
-0.828777
-0.993801
-0.981074
-0.994889
-0.952885
-0.990717
-0.995237
-0.417244
-0.981965
-0.958762
-0.921811
-0.773443
-0.932477
-0.399452
-0.945639
-0.983972
-0.974861
-0.933479
-0.993507
-0.997484
-0.94211
-0.986978
-0.978509
-0.975089
-0.918921
-0.974668
-0.993295
-0.984447
-0.979919
-0.992607
-0.910085
-0.972611
-0.977417
-0.977091
-0.986161
-0.884554
-0.915629
-0.885836
-0.996588
-0.990584
-0.760796
-0.897916
-0.988004
-0.962248
-0.98014
-0.994686
-0.980786
-0.992021
-0.76747
-0.934399
-0.870943
-0.976149
-0.90713
-0.694212
-0.945406
-0.975382
-0.737669
-0.989504
-0.854069
-0.438183
-0.482882
-0.93597
-0.773217
-0.974037
-0.980793
-0.930987
-0.995832
-0.897281
-0.99606
-0.781049
-0.992674
-0.949254
-0.955272
-0.806277
-0.722832
-0.973384
-0.990534
-0.964365
-0.0869464
-0.90286
-0.95087
-0.939541
-0.9433
-0.946336
-0.997957
-0.111797
-0.975111
-0.99741
-0.741222
0.0402497
-0.986752
-0.945665
-0.97715
-0.781671
-0.641281
-0.260439
-0.26541
-0.991624
-0.877659
-0.702868
-0.980027
-0.95613
-0.995606
-0.955503
-0.751651
-0.959255
-0.952638
-0.98112
-0.964092
-0.547232
-0.937107
-0.995273
-0.958685
-0.998707
-0.998419
-0.976654
-0.994763
-0.937701
-0.945543
-0.954348
-0.914187
-0.800162
-0.938584
-0.986054
-0.988992
-0.931065
-0.983344
-0.965948
-0.923166
-0.978124
-0.980587
-0.804683
-0.94459
-0.992404
-0.885915
-0.960313
-0.983259
-0.996386
-0.969453
-0.988767
-0.994519
-0.873174
-0.965299
-0.986407
-0.996038
-0.991411
-0.98091
-0.959627
-0.973918
-0.935217
-0.997517
-0.917557
-0.787824
-0.912847
-0.976436
-0.982254
-0.799077
-0.837406
-0.891647
-0.996418
-0.975764
-0.949906
-0.964617
-0.285438
-0.633301
-0.960295
-0.296624
-0.896668
-0.990127
-0.956636
-0.987299
-0.989383
-0.821799
-0.993419
-0.866454
-0.912057
-0.926527
-0.98552
-0.973468
-0.943482
-0.94861
-0.946573
-0.95457
-0.684206
-0.542182
-0.895846
-0.932376
-0.991651
-0.697656
-0.987648
-0.846343
-0.986987
-0.99727
-0.900794
-0.906177
-0.962864
-0.9003
-0.885048
-0.976111
-0.997513
-0.997317
-0.992259
-0.979604
-0.988511
-0.996623
-0.666789
-0.825658
-0.996649
-0.95205
-0.242726
-0.984827
-0.975052
-0.96508
-0.989123
-0.993962
-0.827994
-0.996002
-0.910721
-0.975501
-0.963503
-0.980594
-0.956348
-0.859958
-0.950965
-0.954147
-0.959693
-0.93939
-0.981767
-0.867477
-0.949269
-0.0623591
-0.868464
-0.995811
-0.951571
-0.978857
-0.994834
-0.998847
-0.997297
-0.993644
-0.990536
-0.901035
-0.983526
-0.925138
-0.932035
-0.980761
-0.988339
-0.980855
-0.909188
-0.985031
-0.991721
-0.989957
-0.995185
-0.947287
-0.953124
-0.726668
-0.980874
-0.914727
-0.769803
-0.959665
-0.841179
-0.920446
-0.993084
-0.976881
-0.985034
-0.983918
-0.973743
-0.974866
-0.957073
-0.923732
-0.959173
-0.981506
-0.995804
-0.985655
-0.963014
-0.960176
-0.965427
-0.788389
-0.982207
-0.980821
-0.943431
-0.984991
-0.968075
-0.910286
-0.905417
-0.988762
-0.902724
-0.899756
-0.881831
-0.837681
-0.974258
-0.953267
-0.977939
-0.990749
-0.994662
-0.673391
-0.973611
-0.97786
-0.941007
-0.969784
-0.798028
-0.945317
-0.985505
-0.319553
-0.993701
-0.99737
-0.945283
-0.997012
-0.874102
-0.986037
-0.830818
-0.838442
-0.956709
-0.788428
-0.869081
-0.98127
-0.203825
-0.843762
-0.877505
-0.999316
-0.998338
-0.98976
-0.938902
-0.946142
-0.919512
-0.567393
-0.960842
-0.992653
-0.99731
-0.9905
-0.98644
-0.850383
-0.999968
-0.999589
-0.989533
-0.969458
-0.985253
-0.998808
-0.995326
-0.929203
-0.965146
-0.921205
-0.222021
-0.145456
-0.766508
-0.694265
-0.719857
-0.902686
-0.967844
-0.99559
-0.722761
-0.931318
-0.961121
-0.96436
-0.898905
-0.989148
-0.983118
-0.867815
-0.0236393
-0.974573
-0.917105
-0.963423
-0.98941
-0.729435
-0.952247
-0.890054
-0.824528
-0.76409
-0.87038
0.0721534
-0.955208
-0.707118
-0.688724
-0.970142
-0.977729
-0.0463368
-0.945361
-0.941746
-0.874327
-0.952477
-0.88708
-0.85284
-0.985674
-0.959102
-0.948709
-0.986228
-0.959837
-0.944458
-0.18637
-0.964762
-0.939131
-0.946637
-0.996649
-0.972177
-0.973221
-0.995293
-0.708756
-0.973134
-0.920093
-0.962877
-0.876202
-0.899526
-0.936229
-0.94816
-0.97829
-0.994256
-0.991338
-0.9895
-0.972509
-0.45248
-0.98289
-0.965844
-0.980079
-0.936391
-0.987519
-0.999295
-0.50968
-0.554887
-0.824582
-0.933705
-0.906801
-0.984079
-0.966413
-0.87161
-0.96851
-0.967941
-0.995762
-0.866936
-0.96102
-0.889962
-0.955744
-0.963253
-0.986875
-0.966071
-0.977618
-0.97522
-0.637045
-0.76252
-0.980511
-0.773535
-0.96481
-0.970806
-0.968781
-0.889653
-0.983415
-0.992834
-0.990447
-0.756995
-0.639783
-0.481576
-0.993345
-0.868605
-0.925316
-0.997963
-0.992339
-0.697758
-0.955003
-0.868663
-0.911722
-0.869634
-0.9908
-0.946814
-0.459735
-0.987903
-0.990127
-0.997965
-0.892324
-0.968793
-0.996689
-0.929281
-0.882241
-0.963619
-0.933941
-0.996109
-0.989186
-0.98626
-0.930138
-0.94777
-0.931004
-0.4149
-0.981444
-0.993945
-0.999088
-0.908937
-0.994786
-0.998476
-0.997235
-0.994572
-0.997978
-0.976359
-0.938263
-0.551319
-0.891061
-0.833532
-0.859715
-0.910276
-0.882947
-0.418178
-0.903594
-0.979473
-0.972213
-0.940948
-0.939221
-0.897832
-0.91028
-0.969917
-0.996122
-0.988625
-0.948171
-0.932039
-0.986688
-0.94067
-0.954534
-0.919236
-0.926074
-0.962528
-0.965984
-0.984599
-0.970771
-0.979099
-0.96722
-0.73771
-0.949828
-0.992477
-0.998387
-0.987668
-0.97445
-0.998398
-0.946398
-0.993849
-0.920434
-0.371104
-0.826198
-0.859069
-0.645958
-0.929819
-0.986748
-0.900065
-0.938474
-0.826112
-0.951188
-0.421577
-0.72096
-0.890744
-0.988291
-0.989927
-0.969819
-0.994377
-0.992598
-0.987019
-0.891194
-0.975901
-0.877297
-0.969994
-0.933937
-0.947669
-0.905505
0.608863
-0.829644
-0.89925
-0.967167
-0.97201
-0.624065
-0.969005
-0.889108
-0.909933
-0.302372
-0.701925
-0.993216
-0.975994
-0.987062
-0.977694
-0.948475
-0.982657
-0.969581
-0.99496
-0.909659
-0.572635
-0.921778
-0.999324
-0.944139
-0.861558
-0.991364
-0.98724
-0.699701
-0.945839
-0.973328
-0.94864
-0.981631
-0.969765
-0.416009
-0.903099
-0.21513
-0.838737
-0.704882
0.717691
-0.978248
-0.972634
-0.741136
-0.150619
-0.892812
-0.890094
0.0709794
-0.205163
-0.983473
-0.984384
-0.990805
-0.815554
-0.94398
-0.973545
-0.964835
-0.966392
-0.973921
-0.973556
-0.991038
-0.963364
-0.370835
-0.981842
-0.997037
-0.990923
-0.949677
-0.669316
-0.842532
-0.976479
-0.408584
-0.998821
-0.874599
-0.995012
-0.985071
-0.978994
-0.962715
-0.660627
-0.955885
-0.9861
-0.964265
-0.938419
-0.852269
-0.999545
-0.953295
-0.9095
-0.983809
-0.953201
-0.784698
-0.741272
-0.997744
-0.999907
-0.99292
-0.978135
-0.849687
-0.910392
-0.946317
-0.97722
-0.881111
-0.996534
-0.970534
-0.986808
-0.788412
-0.63409
-0.891622
-0.80515
-0.951064
-0.906773
-0.999498
-0.99811
-0.928948
-0.998309
-0.933147
-0.928419
-0.999201
-0.889291
-0.98023
-0.491644
-0.928311
-0.715679
-0.969776
-0.680565
-0.978127
-0.848243
-0.981623
-0.905937
-0.971468
-0.984317
-0.922889
-0.935268
-0.745515
-0.984879
-0.940153
-0.985796
-0.99794
-0.862003
-0.965732
-0.995668
-0.984002
-0.931629
-0.965637
-0.361416
-0.995273
-0.987965
-0.743458
-0.966764
-0.981357
-0.916923
-0.966965
-0.996416
-0.991554
-0.995325
-0.991133
-0.8847
-0.974534
-0.969663
-0.750039
-0.960632
-0.958021
-0.935146
-0.985057
-0.961636
-0.879334
-0.994484
-0.988743
-0.746526
-0.351794
0.1952
-0.965103
-0.949733
-0.635413
-0.973385
-0.730747
-0.90574
-0.995421
-0.962249
-0.903174
-0.814951
-0.957665
-0.916297
-0.435701
-0.958023
-0.968244
-0.977477
-0.82771
-0.962548
-0.993828
-0.960869
-0.923676
-0.959307
-0.972158
-0.891112
-0.974056
-0.983346
-0.914134
-0.988374
-0.990807
-0.994817
-0.927567
-0.990446
-0.972775
-0.890218
-0.962111
-0.908678
-0.953994
-0.972919
-0.96719
-0.966495
-0.951566
-0.97512
-0.850222
-0.933015
-0.979203
-0.223794
-0.977762
-0.970329
-0.996198
-0.883785
-0.98266
-0.998229
-0.970046
-0.738651
-0.903473
-0.828136
-0.726808
-0.931135
-0.881667
-0.958616
-0.974882
-0.978252
0.777832
-0.64993
-0.515889
-0.919821
-0.962679
-0.922378
-0.93923
-0.982954
-0.718864
-0.874141
-0.93426
-0.622955
-0.926624
-0.931331
-0.998286
-0.938035
-0.707287
-0.941175
-0.983351
-0.975105
-0.815937
-0.991997
-0.99549
-0.851548
-0.919155
-0.970963
-0.885627
-0.858561
-0.956254
-0.927701
-0.96825
-0.975415
-0.925931
-0.904883
-0.997908
-0.982745
-0.996583
-0.980367
-0.961547
-0.988309
-0.939837
-0.971004
-0.986084
-0.999553
-0.085264
-0.927206
-0.982978
-0.982194
-0.990831
-0.977521
-0.928751
0.934756
-0.991925
-0.961303
-0.98421
-0.998044
-0.991992
-0.995888
-0.953052
-0.859662
-0.921447
-0.949155
-0.923775
-0.995495
-0.97014
-0.732985
-0.983861
-0.986021
-0.999418
-0.879814
-0.827753
-0.719962
-0.95806
-0.982355
-0.995785
-0.9944
-0.986727
-0.262743
-0.998229
-0.942219
-0.731042
-0.970229
-0.991407
-0.996429
-0.99183
-0.986274
-0.76943
-0.870923
-0.531821
-0.799321
-0.975298
-0.996458
-0.936449
-0.928726
-0.94555
-0.995975
-0.908453
-0.980809
-0.985413
-0.982078
-0.991084
-0.999904
-0.994367
-0.995879
-0.756625
-0.698374
-0.770443
-0.846289
-0.968023
-0.969463
-0.959576
-0.664858
-0.991913
-0.84628
-0.995747
-0.966157
-0.985049
-0.997394
-0.992818
-0.999214
-0.769757
-0.459677
-0.954789
-0.95539
-0.972944
-0.780828
-0.998475
-0.935008
-0.494671
-0.957802
-0.965866
-0.993397
0.620776
-0.943324
-0.940333
-0.81851
-0.997502
-0.982523
-0.994128
-0.964493
-0.599995
-0.997539
-0.993115
-0.831905
-0.80316
-0.969296
-0.987223
-0.955325
-0.975187
-0.971877
-0.932798
-0.995698
-0.373235
-0.682653
-0.971842
-0.96106
-0.984354
-0.978892
-0.980021
-0.994715
-0.323693
-0.73821
-0.793864
-0.941462
-0.98345
-0.952021
-0.991927
-0.628421
-0.842505
-0.588862
-0.930964
-0.991905
-0.463541
-0.965528
-0.2269
-0.836155
-0.92203
-0.825751
-0.788618
-0.949381
-0.979809
-0.943842
-0.952832
-0.965881
-0.998188
-0.996538
-0.984986
-0.993227
-0.983184
-0.993595
-0.937472
-0.127094
-0.848414
-0.947077
-0.955419
-0.990533
-0.977526
-0.982848
-0.939065
-0.995442
-0.999008
-0.870984
-0.949441
-0.975928
-0.973962
-0.842093
-0.964759
-0.977627
-0.974238
-0.796899
-0.958365
-0.995829
-0.997425
-0.978468
-0.972695
-0.2883
-0.996132
-0.905491
-0.341123
-0.842733
-0.954224
-0.573763
-0.916452
-0.442404
-0.996357
-0.970355
-0.792441
-0.791937
-0.994609
-0.966961
-0.968597
-0.927139
-0.988968
-0.792235
-0.988776
-0.988107
-0.894201
-0.918678
-0.954065
-0.996234
-0.968177
-0.985835
-0.986174
-0.916002
-0.98026
-0.985019
-0.944318
-0.980717
-0.99794
-0.947123
-0.980029
-0.989701
-0.276532
-0.98369
-0.983567
-0.996787
0.720588
-0.976199
-0.942834
-0.257828
-0.958971
-0.911022
-0.777427
-0.996729
-0.833631
-0.983879
-0.959737
-0.8621
-0.856278
-0.969345
-0.941208
-0.954946
-0.806008
-0.987244
-0.973171
-0.99886
-0.982749
-0.556575
-0.983509
-0.932001
-0.935112
-0.916707
-0.8894
-0.888817
-0.707746
-0.98563
-0.996255
-0.99737
-0.988645
-0.949073
-0.959747
-0.752696
-0.963067
-0.775537
-0.939556
-0.947109
-0.979386
-0.994884
-0.860524
-0.640764
-0.892799
-0.970631
-0.931093
-0.946517
-0.976123
-0.977143
-0.999043
-0.909606
-0.669198
-0.991897
-0.984739
-0.961314
-0.81475
-0.96738
-0.975458
-0.989992
-0.379488
-0.989447
-0.85674
-0.851918
-0.772953
-0.990761
-0.99789
-0.970871
-0.993145
-0.982187
-0.942084
-0.995842
-0.893476
-0.988545
-0.993744
-0.973552
-0.936459
-0.975444
-0.884543
-0.970569
-0.924846
-0.789297
0.694554
-0.972242
-0.98158
-0.947554
-0.986215
-0.948958
-0.818097
-0.989249
-0.999268
-0.8497
-0.987108
-0.337453
-0.979864
-0.957627
-0.636331
-0.859173
-0.932644
-0.608756
-0.609488
-0.820962
-0.928976
-0.967215
-0.958671
-0.998831
-0.99821
-0.824149
-0.994839
-0.944448
-0.816707
-0.998321
-0.986786
-0.934342
-0.993865
-0.981741
-0.986222
-0.955326
-0.889451
-0.928581
-0.747303
-0.997535
-0.989044
-0.61279
-0.939433
-0.914097
-0.975923
-0.98875
-0.943885
-0.964308
-0.95426
-0.999336
-0.978196
-0.9568
-0.984841
-0.709773
-0.977881
-0.951998
-0.869062
-0.791791
-0.956503
-0.972307
-0.942486
-0.998665
-0.950975
-0.994526
-0.90253
-0.809498
-0.972162
-0.935523
-0.958932
-0.904945
-0.970266
-0.874723
-0.974707
-0.987777
-0.983192
-0.990051
-0.979604
-0.866706
-0.958001
-0.911596
-0.963108
-0.476892
-0.973289
-0.784281
0.766536
-0.028312
-0.89621
-0.979457
-0.923804
-0.930041
-0.971244
-0.983859
-0.976605
-0.960055
-0.420528
-0.941383
-0.681991
-0.953724
-0.962934
-0.344025
-0.964516
-0.723064
-0.996358
-0.998225
-0.987574
-0.996846
-0.879681
-0.970813
-0.988022
-0.981024
-0.965796
-0.995504
-0.966384
-0.992644
-0.981317
-0.998943
-0.992482
-0.972653
-0.941772
-0.726576
-0.963178
-0.993885
-0.996196
-0.968656
-0.930033
-0.789976
-0.990558
-0.91602
-0.988082
-0.937441
-0.987189
-0.92805
-0.923825
-0.972564
-0.961246
-0.420216
-0.915419
-0.977773
-0.916926
-0.983984
-0.702417
-0.918615
-0.985926
-0.992449
-0.956862
-0.956893
-0.861596
-0.965381
-0.983813
-0.9358
-0.941248
-0.992238
-0.950344
-0.982586
-0.983796
-0.931139
-0.992798
-0.927876
-0.999992
-0.991705
-0.989606
-0.941271
-0.735196
-0.98344
-0.995247
-0.961806
-0.961329
-0.953621
-0.112691
-0.641861
-0.988585
-0.635586
-0.9956
-0.874284
0.106207
-0.876672
-0.956676
-0.983505
-0.987904
-0.683015
-0.934049
-0.989865
-0.942252
-0.965325
-0.887647
-0.93458
-0.630424
-0.991785
-0.998289
-0.995133
-0.997192
-0.994821
-0.95583
-0.996609
-0.997461
-0.998963
-0.963725
-0.63471
-0.993389
-0.988345
-0.994431
-0.989034
-0.900905
-0.834647
-0.917439
-0.976691
-0.954522
-0.995883
-0.987653
-0.910635
-0.596051
-0.998103
-0.9353
-0.924981
-0.862302
-0.785216
-0.994335
-0.999347
-0.956673
-0.99179
-0.874676
-0.954394
-0.88854
-0.738315
0.512568
-0.776092
-0.876318
-0.980051
-0.994383
-0.980396
-0.986733
-0.968849
-0.996461
-0.98737
0.270702
-0.989793
-0.991542
-0.986677
-0.844745
-0.912435
-0.96109
-0.918943
-0.953585
-0.84002
-0.985245
-0.959244
-0.988118
-0.982029
-0.99265
-0.980065
-0.942652
-0.99274
-0.93874
-0.981353
-0.990002
-0.974947
-0.995172
-0.921768
-0.8485
-0.991984
-0.992928
-0.91484
-0.979048
-0.992319
-0.990733
-0.998179
-0.991379
-0.984594
-0.989487
-0.828952
-0.989538
-0.907441
-0.983594
-0.925096
-0.970667
-0.929542
-0.974404
-0.885363
-0.975889
-0.976368
-0.976152
-0.895059
-0.956872
-0.99149
-0.448161
-0.909303
-0.979429
-0.953575
-0.958768
-0.993472
-0.789914
-0.969408
-0.689711
-0.993827
-0.657063
-0.986367
-0.908364
-0.992765
-0.998177
-0.987044
-0.627046
-0.88345
-0.741734
-0.960146
-0.971633
-0.973862
-0.572331
-0.558508
-0.919499
-0.95444
-0.859847
-0.868908
-0.992676
-0.813434
-0.996289
-0.993103
-0.958734
-0.889609
-0.968707
-0.92582
-0.999474
-0.968727
-0.951067
-0.981517
-0.985912
-0.976465
-0.949475
-0.9871
0.363195
-0.778634
-0.995764
-0.966612
-0.987827
-0.996868
-0.948425
-0.932226
-0.990786
-0.989134
-0.900556
-0.974966
-0.98344
-0.810825
-0.939307
-0.858831
-0.996496
-0.995779
-0.966943
-0.969872
-0.999931
-0.612158
-0.971296
-0.857606
-0.98121
-0.993418
-0.993075
-0.995967
-0.995283
-0.954377
-0.999599
-0.407667
-0.935281
-0.880402
-0.10565
-0.994293
-0.800837
-0.914396
-0.947755
-0.942302
-0.928405
-0.911496
-0.615222
-0.291749
-0.989488
-0.825899
-0.970671
-0.794855
-0.981406
-0.934913
-0.982247
-0.931703
-0.975625
-0.954107
-0.894725
-0.979466
-0.898507
-0.96328
-0.947331
-0.887828
-0.688202
-0.856439
-0.975123
-0.987081
-0.963485
-0.983591
-0.996156
-0.996107
-0.974483
-0.978249
-0.997109
-0.529869
-0.955636
-0.974123
-0.911538
-0.953241
-0.995263
-0.808413
-0.662094
-0.994357
-0.998442
-0.298379
-0.954231
-0.991507
-0.915741
-0.977081
-0.917703
-0.92263
-0.916612
-0.960113
-0.967461
-0.375418
-0.930986
-0.912141
-0.97012
-0.977721
-0.993747
-0.935128
-0.965731
-0.987147
-0.921411
-0.960732
-0.898166
-0.99676
-0.982419
-0.984689
-0.960985
-0.980832
-0.963335
-0.749502
-0.896485
-0.786394
-0.936513
-0.931697
0.0362219
-0.77029
-0.981284
-0.886879
-0.973545
-0.986673
-0.874662
-0.254036
-0.996832
-0.980176
-0.863903
-0.95037
-0.920188
-0.969017
-0.877304
-0.992206
-0.992648
-0.997206
-0.329936
-0.959452
-0.992987
-0.885725
-0.929886
-0.952113
-0.892715
0.0519215
-0.945926
-0.999132
-0.962965
-0.999535
-0.972841
-0.935843
-0.954619
-0.997715
-0.592577
-0.951914
-0.564276
-0.947403
-0.929741
-0.964587
-0.997506
-0.808652
-0.997483
-0.959334
-0.663864
-0.976013
-0.988103
-0.987025
-0.917464
0.504481
-0.967933
-0.861561
-0.774138
-0.699341
-0.99583
-0.897344
-0.961547
-0.982526
-0.98238
-0.975774
0.865311
-0.991235
-0.986891
-0.972641
-0.999924
-0.955788
-0.982697
-0.943441
-0.98744
-0.970105
-0.932045
-0.787981
-0.913269
-0.780566
-0.930165
-0.983965
-0.824961
-0.460818
-0.966846
-0.976964
-0.470842
-0.91599
-0.766965
-0.991807
-0.653882
-0.993672
-0.381938
-0.76961
-0.987494
-0.939835
-0.974687
-0.985509
-0.995869
-0.937848
-0.999866
-0.90524
-0.984523
0.590968
-0.955476
-0.993899
-0.989369
-0.983265
-0.98123
-0.993896
-0.983648
-0.961839
-0.96762
-0.989095
-0.998811
-0.980231
-0.957449
-0.969753
-0.705725
-0.992667
-0.990043
-0.180973
-0.854924
-0.949835
-0.237133
-0.939475
-0.95325
-0.96893
-0.958049
-0.97175
-0.997621
-0.986315
-0.994285
-0.885065
-0.968806
-0.837357
-0.839171
-0.924748
-0.96418
-0.945669
-0.798431
-0.999932
-0.997815
-0.991119
-0.981552
-0.974059
-0.863826
-0.980718
-0.99362
-0.999046
-0.954519
-0.661726
-0.99506
-0.967164
-0.800847
-0.971695
-0.99119
-0.981625
-0.998612
-0.991356
-0.977565
-0.976731
-0.925913
-0.969017
-0.988568
-0.849164
-0.993079
-0.997882
-0.903743
-0.955437
-0.911139
-0.840655
-0.923859
-0.888112
-0.990378
-0.802476
-0.949987
-0.615058
-0.883339
-0.997485
-0.997853
-0.989286
-0.993897
-0.997202
-0.830999
-0.920415
-0.996614
-0.990424
-0.792198
-0.925933
0.642576
-0.99885
-0.996166
-0.918434
-0.986097
-0.984599
-0.974349
-0.980178
-0.918173
-0.999724
-0.970416
-0.999424
-0.997512
-0.890533
-0.823163
-0.94694
-0.92328
-0.987436
-0.992163
-0.929308
-0.991285
-0.941401
-0.99202
-0.974888
-0.965996
-0.963574
-0.843167
-0.96519
-0.588758
-0.851595
-0.900841
-0.779463
-0.812904
-0.880083
-0.96059
-0.611288
-0.914512
-0.995427
-0.969032
-0.955238
0.374837
-0.995455
-0.860033
-0.973951
-0.997542
-0.985352
-0.943817
-0.980692
-0.958793
-0.901882
-0.278408
-0.978323
-0.984994
-0.995188
-0.984565
-0.944973
-0.938295
-0.948084
-0.965964
-0.985671
-0.999237
-0.960024
-0.92732
-0.898886
-0.97839
-0.931432
-0.994408
-0.997693
-0.985393
-0.993505
-0.981111
-0.966851
-0.713155
-0.795142
-0.966296
-0.993507
-0.959445
-0.992663
-0.875858
-0.990055
-0.478642
-0.995802
-0.985094
-0.990579
-0.97114
-0.901726
-0.399117
-0.989846
-0.987355
-0.98078
-0.915152
-0.936766
-0.831199
-0.882984
-0.975895
-0.692654
-0.948603
-0.940957
-0.919945
-0.968179
-0.65883
-0.978017
-0.997043
-0.990195
-0.990869
-0.994255
-0.995679
-0.976496
-0.989184
-0.639345
-0.97782
-0.988497
-0.991815
-0.952776
-0.731465
-0.988926
-0.877806
0.908131
-0.917135
-0.960812
-0.947914
-0.938247
-0.320924
-0.988192
-0.987867
-0.908474
-0.983267
-0.853854
-0.959242
-0.809878
-0.874123
-0.869123
-0.759675
-0.520125
-0.82605
-0.622893
-0.971039
-0.98315
-0.983392
-0.949266
-0.70353
-0.927007
-0.993695
-0.967199
-0.933835
-0.991321
-0.957838
-0.9693
-0.646181
-0.909497
-0.959771
-0.727695
-0.968372
-0.94978
-0.932251
-0.95975
-0.287889
-0.785284
-0.960606
-0.980255
-0.995931
-0.991593
-0.959333
-0.804767
-0.961993
-0.991764
-0.933086
-0.97342
-0.944644
-0.861095
-0.976716
-0.992477
-0.969765
-0.991345
-0.969121
-0.825879
-0.997293
-0.990485
-0.938778
-0.949274
-0.890606
-0.816703
-0.97006
-0.812747
-0.778634
-0.63347
-0.845695
-0.980955
-0.976008
-0.146589
-0.805905
-0.92328
-0.917782
-0.918822
-0.987149
-0.995485
-0.945986
-0.92907
-0.843982
-0.977524
-0.997066
-0.995228
-0.987862
-0.705976
-0.984051
-0.974912
-0.566856
-0.947268
-0.992217
-0.979956
-0.998896
-0.982423
-0.807145
-0.319944
-0.988132
-0.981403
-0.895641
-0.991053
-0.54988
-0.990835
-0.984385
-0.942621
-0.644689
-0.986957
-0.989972
-0.942554
-0.956006
-0.96433
-0.991456
-0.984884
-0.961168
-0.879571
-0.963488
-0.874231
-0.594214
-0.848739
-0.877549
-0.996493
-0.528105
-0.893816
-0.908047
-0.844063
-0.972125
-0.927127
-0.994229
-0.256366
-0.950344
-0.976802
-0.987844
-0.991756
-0.919795
-0.993189
-0.970393
-0.926036
-0.965083
-0.952986
-0.874408
-0.897887
-0.636253
-0.993523
-0.955711
-0.890152
-0.734901
-0.333811
-0.99375
-0.997066
-0.999758
-0.982633
-0.970265
-0.890506
-0.989429
-0.610193
-0.99453
-0.9818
-0.939314
-0.980683
-0.985873
-0.985967
-0.900747
-0.906345
-0.0885956
-0.969593
-0.972267
-0.98027
-0.93452
-0.823564
-0.894731
-0.658981
-0.983589
-0.99864
-0.995888
-0.999445
-0.971407
-0.979373
-0.980941
-0.990853
-0.957793
-0.977093
0.80476
-0.850883
-0.993781
-0.762744
-0.783311
-0.983158
-0.97133
-0.906866
-0.983491
-0.440446
-0.9804
-0.78046
