112.425
-223.629
-128.862
-188.791
-169.324
-209.284
-232.745
-198.549
-231.262
-215.956
-200.55
-246.962
-247.73
-237.167
-212.006
-238.633
-247.973
-232.83
-242.724
-225.977
-230.301
-217.336
-240.098
-208.609
-231.263
-247.304
-233.275
-248.926
-241.888
-235.81
-248.938
-221.871
-240.313
-246.932
-231.578
-189.567
-227.306
-207.919
-233.158
-234.154
-233.48
-248.746
-233.91
-235.182
-233.009
-237.709
-222.581
-200.493
-215.616
-212.417
-234.445
-206.202
-243.869
-228.542
-236.294
-217.61
-246.295
-237.305
-207.978
-227.662
-201.309
-247.779
-242.521
-103.943
-179.018
-204.728
-210.634
-241.795
-249.247
-247.792
-204.115
-243.471
-230.601
-218.097
-212.98
-241.096
-225.707
-229.703
-227.241
-243.404
-245.784
-249.934
-240.203
-85.637
-225.708
-244.358
-94.3003
-209.23
-176.4
-227.674
-237.62
-248.949
-192.259
-233.412
-245.078
-244.531
-134.98
-103.235
-220.932
-249.207
-246.593
-230.669
-218.042
-199.556
-204.186
-214.449
-206.471
-187.403
-211.765
-217.627
-247.393
-239.934
-222.843
-202.525
-228.713
-230.83
-199.801
-227.699
-234.435
-245.914
-236.256
-243.331
-229.272
-207.973
-230.632
-242.308
-219.63
-236.174
-240.891
-233.854
-247.996
-224.095
-241.706
-244.849
-216.232
-173.512
-228.824
-221.574
-173.908
-249.385
-243.215
-242.71
-239.138
-228.697
-225.396
-240.462
-212.911
-152.299
-208.656
-207.513
-245.304
-236.704
-236.824
-243.292
-246.673
-221.923
-244.367
-248.177
-207.192
-243.469
-225.984
-198.99
-199.075
-233.493
-229.627
-212.262
-218.267
-204.925
-237.987
-234.478
-210.999
-249.655
-247.583
-249.639
-241.176
-225.844
-248.228
-153.15
-232.706
-249.164
-124.306
-239.424
-249.121
-183.576
-88.3399
-120.944
-147.316
-241.049
-171.506
-238.602
-249.79
-213.762
-185.575
-191.847
-182.324
-249.192
-223.999
-198.451
-249.299
-201.401
-247.474
-225.402
-199.877
-192.563
-207.152
-229.17
-230.524
-249.737
-209.918
-161.723
-202.034
-217.24
-176.415
-142.225
-154.615
-212.297
-199.201
-235.503
-207.645
-218.161
-214.097
-162.482
-205.911
-191.626
-200.249
-226.64
-248.83
-248.937
-249.361
-199.883
-148.954
-236.768
-188.271
-121.765
-146.55
-188.201
-238.15
-242.283
-249.243
-200.812
-153.788
-206.656
-246.242
-233.337
-229.466
-182.894
-233.935
-237.563
-215.258
-244.365
-236.316
-227.876
-242.847
-234.669
-215.442
-241.801
-236.096
-236.669
-239.446
-210.866
-194.328
-191.227
-217.94
-248.188
-236.869
-189.567
-202.829
-197.002
-215.052
-236.602
-240.091
-248.181
-242.803
-248.237
-221.561
-238.827
-235.187
-247.134
-233.342
-222.755
-173.856
-207.961
-211.232
-216.942
-248.124
-149.377
-214.114
-175.898
-196.762
-227.173
-233.524
-209.103
-214.875
-242.479
-236.217
-238.845
-227.014
-113.373
-165.056
-208.107
-211.406
-237.245
-242.496
-244.128
-247.035
-221.628
-102.076
-231.251
-234.29
-225.079
-237.106
-228.274
-208.924
-248.666
-244.842
-154.804
-174.501
-155.376
-246.179
-129.721
-205.65
-217.247
-163.516
-180.076
-184.577
-249.694
-224.678
-242.958
-196.02
-212.822
-196.293
-231.557
-238.6
-242.29
-222.517
-243.56
-172.929
-232.632
-163.129
-234.1
-241.039
-193.662
-211.294
-245.794
-232.204
-193.924
-129.535
-188.224
-211.11
-247.578
-245.428
-154.737
-228.199
-229.294
-223.248
-249.612
-225.09
-248.342
-199.651
-249.389
-202.962
-225.541
-229.61
-227.764
-225.692
-230.708
-235.866
-233.187
-237.631
-221.407
-234.892
-219.083
-249.025
-219.067
-217.031
-233.544
-241.234
-247.442
-242.355
-228.771
-179.642
-238.188
-229.327
-231.917
-248.385
-241.787
-225.11
-213.914
-249.383
-197.596
-240.498
-197.284
-201.319
-217.622
-248.931
-232.185
-249.465
-184.593
-177.472
-216.636
-212.07
-237.793
-249.115
-247.691
-160.984
-203.217
-244.344
-248.507
-233.013
-196.595
-236.423
-238.002
-221.936
-248.686
-243.016
-213.673
-219.501
-228.229
-241.379
-207.045
-204.351
-211.29
-187.813
-221.905
-229.222
-204.9
-237.063
-218.848
-242.31
-217.431
-215.168
-241.993
-238.928
-244.69
-221.671
-238.434
-233.641
-235.733
-243.792
-204.012
-242.742
-247.344
-160.947
-234.924
-246.308
-243.606
-222.335
-171.167
-238.86
-244.225
-220.61
-237.169
-247.108
-225.939
-177.103
-239.878
-223.595
-246.894
-233.859
-245.8
-174.247
-210.62
-228.906
-224.436
-239.477
-210.46
-206.927
-243.895
-182.077
-225.738
-217.126
-222.603
-192.832
-208.694
-246.294
-188.038
-214.386
-225.44
-44.5151
-233.327
-194.933
-213.341
-190.461
-182.37
-225.623
-160.091
-214.514
-151.308
-185.672
-165.52
-240.105
-179.21
-247.326
-232.068
-247.159
-158.548
-206.502
-180.255
-202.736
-245.876
-123.05
-193.285
-215.005
-230.11
-167.427
-237.125
-187.979
-193.174
-249.048
-249.19
-205.997
-192.447
-241.359
-225.058
-243.011
-212.976
-223.265
-249.537
-211.066
-239.346
-240.967
-120.355
-218.234
-233.826
-248.824
-230.993
-248.508
-244.46
-229.796
-196.738
-237.974
-171.517
-214.757
-215.038
-224.063
-173.713
-209.263
-224.093
-231.199
-213.65
-249.637
-214.267
-187.554
-189.104
-240.863
-240.509
-248.41
-219.55
-234.585
-166.905
-232.348
-247.326
-227.054
-234.846
-221.581
-239.153
-221.887
-215.656
-194.77
-204.035
-239.294
-241.948
-165.144
-243.439
-247.77
-212.09
-212.04
-141.391
-249.657
-223.671
-242.857
-218.033
-215.559
-205.012
-234.072
-224.387
-246.905
-222.947
-198.659
-249.263
-190.119
-146.877
-212.301
-246.214
-216.715
-245.851
-219.729
-227.075
-230.009
-248.305
-239.637
-249.855
-203.6
-206.586
-174.761
-180.552
-184.566
-231.36
-171.839
-177.082
-191.375
-228.291
-248.37
-249.351
-247.365
-198.97
-232.996
-248.446
-228.327
-239.007
-248.992
-239.035
-222.759
-248.328
-222.294
-247.329
-211.159
-227.105
-244.451
-219.08
-246.797
-226.454
-247.801
-209.776
-242.175
-220.265
-197.835
-239.012
-197.615
-233.317
-117.563
-210.055
-230.178
-235.023
-233.599
-248.966
-174.081
-238.152
-204.946
-249.588
-202.57
-222.644
-230.476
-217.479
-238.634
-242.082
-233.835
-240.452
-234
-245.83
-214.147
-248.418
-241.711
-221.796
-195.997
-245.017
-215.986
-216.659
-227.849
-235.527
-206.582
-201.747
-212.313
-199.817
-226.914
-227.576
-200.598
-239.532
-242.231
-177.661
-239.636
-202.608
-248.521
-179.677
-226.379
-232.977
-240.745
-239.832
-248.003
-247.125
-249.934
-244.951
-222.503
-232.544
-244.804
-182.076
-241.277
-238.177
-229.004
-227.593
-218.593
-243.833
-147.512
-225.221
-237.133
-207.997
-220.265
-241.824
-246.448
-226.087
-108.865
-227.432
-234.114
-204.74
-203.864
-248.668
-181.558
-246.159
-248.697
-191.367
-231.294
-234.855
-227.903
-232.078
-244.156
-225.061
-222.964
-204.616
-237.228
-230.552
-231.048
-201.993
-240.461
-226.26
-230.905
-136.871
-242.137
-213.329
-209.76
-204.242
-239.552
-215.914
-185.461
-224.225
-244.505
-234.208
-236.992
-248.754
-239.257
-226.701
-177.106
-185.967
-231.163
-233.374
-233.784
-232.113
-234.769
-248.088
-230.361
-230.18
-212.313
-240.473
-158.437
-225.545
-222.028
-230.409
-245.327
-235.966
-235.81
-220.662
-226.914
-241.463
-249.36
-225.481
-201.495
-158.949
-222.12
-247.021
-210.906
-209.597
-174.937
-199.21
-223.353
-175.841
-196.756
-138.492
-221.742
-228.729
-203.38
-242.428
-238.13
-193.092
-211.35
-236.7
-241.193
-213.231
-218.495
-224.007
-241.174
-199.6
-205.175
-241.906
-240.557
-220.199
-229.432
-237.259
-242.453
-220.744
-220.817
-221.662
-212.699
-226.358
-227.015
-209.275
-226.867
-244.49
-233.782
-243.305
-245.972
-214.501
-249.678
-213.388
-230.966
-44.9492
-85.633
-202.075
-170.568
-216.11
-235.807
-232.597
-216.843
-220.489
-240.46
-208.135
-238.712
-240.751
-246.341
-232.64
-248.087
-241.421
-249.239
-238.308
-238.945
-225.772
-204.193
-213.45
-229.373
-248.442
-244.835
-241.701
-217.137
-223.495
-243.682
-97.3839
-242.525
-210.604
-249.851
-247.125
-238.385
-243.377
-217.1
-230.329
-248.932
-231.931
-234.749
-205.065
-143.008
-188.215
-140.466
-238.002
-225.53
-204.414
-201.89
-217.015
-231.775
-216.776
-218.882
-229.343
-148.754
-244.737
-248.105
-234.518
-163.889
-238.756
-212.178
-220.836
-243.794
-225.789
-223.752
-214.835
-135.149
-213.067
-233.218
-246.72
-122.096
-200.97
-243.573
-182.163
-214.352
-215.13
-236.457
-142.591
-237.146
-235.092
-242.659
-228.473
-248.156
-245.054
-216.588
-233.451
-220.776
-230.219
-224.812
-235.879
-245.195
-191.942
-240.023
-174.426
-218.723
-238.686
-229.666
-243.551
-238.901
-216.995
-172.602
-186.659
-212.877
-229.665
-237.036
-248.945
-227.917
-219.659
-247.63
-243.153
-215.418
-241.984
-227.147
-152.284
-204.696
-211.443
-205.415
-236.2
-238.228
-243.605
-105.144
-200.443
-248.607
-241.577
-249.329
-192.741
-246.593
-248.395
-241.952
-239.974
-116.862
-181.673
-224.655
-205.05
-220.075
-227.422
-245.224
-211.346
-214.034
-244.884
-164.226
-247.732
-170.807
-234.299
-243.507
-246.684
-238.198
-226.703
-232.979
-246.273
-166.721
-213.464
-197.109
-232.953
-242.01
-243.943
-193.862
-233.691
-170.847
-236.51
-137.309
-192.858
-173.026
-229.856
-236.539
-248.385
-233.834
-241.699
-195.405
-207.786
-246.045
-241.816
-226.24
-238.649
-222.838
-223.891
-236.474
-238.63
-242.111
-172.479
-220.885
-215.904
-232.995
-246.522
-239.085
-240.103
-219.109
-233.145
-95.2856
-169.515
-181.524
-237.201
-239.328
-216.637
-233.143
-212.521
-239.641
-246.72
-246.429
-100.784
-111.045
-234.806
-246.825
-197.078
-226.109
-192.71
-203.208
-240.887
-234.857
-246.87
-225.438
-227.86
-248.651
-185.8
-216.418
-234.545
-238.248
-234.483
-243.838
-244.705
-231.589
-241.283
-248.245
-246.43
-205.935
-245.15
-137.332
-226.467
-164.644
-242.442
-246.931
-245.762
-237.305
-234.993
-235.496
-246.68
-130.577
-223.051
-221.443
-236.056
-56.8316
-134.084
-198.499
-155.897
-235.566
-234.166
-104.355
-116.449
-222.496
-242.399
-150.276
-247.556
-219.556
-221.865
-228.435
-237.139
-244.659
-228.698
-243.628
-235.002
-237.178
-246.868
-246.18
-245.915
-242.4
-244.555
-247.457
-249.791
-225.125
-229.375
-225.221
-244.404
-212.43
-118.133
-169.131
-246.442
-209.744
-225.006
-246.279
-109.349
-127.033
-194.216
-226.875
-238.951
-203.313
-225.936
-235.256
-240.586
-197.11
-190.726
-228.369
-231.544
-244.931
-230.465
-235.527
-218.716
-163.801
-225.176
-238.94
-206.179
-247.765
-217.255
-107.605
-176.681
-237.334
-242.066
-238.255
-221.56
-227.15
-227.79
-178.087
-248.027
-215.27
-215.78
-237.712
-235.818
-232.453
-249.835
-240.206
-218.599
-123.236
-167.95
-244.531
-188.809
-237.372
-125.389
-220.47
-246.442
-248.435
-194.998
-249.686
-225.827
-214.111
-209.318
-235.822
-210.611
-244.562
-232.078
-227.578
-243.524
-226.318
-124.432
-249.707
-148.024
-201.154
-218.073
-98.5711
-203.691
-202.349
-210.082
-242.055
-216.44
-218.427
-173.411
-221.86
-244.079
-249.622
-247.344
-206.532
-204.789
-241.071
-244.505
-232.036
-243.367
-244.798
-233.453
-241.334
-205.791
-211.315
-211.663
-212.589
-243.978
-241.37
-225.386
-244.195
-220.293
-176.246
-226.241
-246.388
-199.518
-209.262
-220.107
-238.104
-246.15
-154.24
-220.775
-240.734
-237.897
-238.404
-232.396
-242.902
-225.272
-166.852
-241.48
-247.553
-233.056
-229.215
-229.318
-234.402
-240.966
-238.007
-248.793
-178.693
-218.842
-160.333
-161.006
-238.117
-248.672
-124.839
-227.562
-249.835
-248.569
-234.131
-229.234
-247.956
-237.754
-188.739
-200.497
-232.464
-249.35
-242.211
-205.389
-243.47
-215.096
-239.077
-242.09
-230.307
-234.911
-191.278
-184.36
-236.472
-223.702
-223.903
-248.812
-245.401
-174.417
-200.493
-214.359
-231.676
-237.899
-237.931
-206.851
-213.723
-206.144
-226.913
-196.856
-210.045
-211.637
-212.239
-218.808
-144.399
-246.533
-222.383
-239.591
-246.845
-236.015
-231.133
-214.885
-218.919
-218.392
-228.746
-242.226
-243.859
-211.668
-199.172
-249.154
-228.767
-224.491
-187.14
-219.631
-231.648
-247.16
-229.516
-210.249
-184.159
-224.726
-249.192
-218.335
-227.553
-178.959
-244.423
-197.514
-207.513
-239.582
-240.386
-217.253
-201.021
-170.378
-234.19
-240.056
-244.456
-229.474
-204.993
-233.025
-214.773
-225.012
-232.638
-233.208
-244.167
-180.909
-242.616
-197.148
-216.175
-195.02
-124.06
-239.184
-220.681
-214.596
-247.687
-242.647
-211.624
-249.956
-242.55
-117.52
-199.378
-237.574
-223.185
-244.482
-193.193
-234.975
-240.527
-241.052
-248.19
-217.026
-226.159
-249.23
-121.707
-130.892
-246.466
-166.238
-97.5912
-97.7857
-117.316
-247.59
-242.16
-225.775
-211.055
-196.774
-198.905
-242.874
-245.756
-212.081
-226.741
-239.224
-240.909
-235.464
-221.591
-245.774
-221.384
-249.537
-30.0577
-125.27
-132.161
-172.009
-242.133
-131.186
-178.998
-193.616
-233.476
-214.215
-222.784
-189.178
-190.668
-230.858
-242.166
-243.304
-226.622
-234.434
-249.689
-244.613
-164.408
-245.023
-187.452
-197.217
-204.007
-248.933
-219.135
-222.651
-240.534
-226.8
-195.304
-204.917
-140.01
-237.787
-247.511
-233.679
-228.982
-215.755
-229.269
-133.248
-227.189
-217.208
-241.225
-216.077
-220.636
-143.956
-189.441
-240.641
-246.556
-194.326
-241.176
-239.438
-246.705
-236.335
-247.748
-235.222
-232.353
-246.732
-221.928
-249.139
-221.832
-242.114
-201.597
-239.317
-249.704
-175.732
-106.586
-128.264
-178.334
-242.329
-194.057
-125.575
-44.252
-190.49
-177.537
-225.475
-174.442
-190.572
-241.086
-246.499
-224.223
-206.91
-234.839
-241.904
-234.454
-235.292
-237.575
-248.757
-191.087
-220.748
-241.11
-244.594
-247.554
-232.467
-232.258
-236.313
-224.633
-243.637
-240.599
-242.525
-215.623
-188.867
-241.388
-249.957
-196.906
-242.797
-40.8528
-234.5
-243.42
-182.165
-211.078
-159.515
-236.663
-238.988
-223.649
-236.1
-225.6
-215.982
-246.465
-229.86
-235.106
-229.085
-247.304
-232.002
-185.398
-204.977
-243.166
-244.848
-192.635
-230.748
-243.856
-218.646
-242.723
-155.772
-218.767
-225.872
-212.455
-225.911
-242.363
-219.205
-148.449
-176.309
-189.803
-191.863
-184.626
-245.698
-137.968
-204.271
-198.384
-225.472
-233.146
-246.801
-135.214
-248.066
-234.162
-234.806
-233.586
-220.122
-227.997
-235.332
-232.797
-225.237
-249.846
-96.6862
-139.553
-229.93
-218.702
-146.7
-219.127
-159.264
-201.873
-215.002
-195.549
-203.458
-246.304
-208.199
-221.734
-235.252
-140.98
-241.08
-234.264
-245.363
-214.368
-249.607
-244.048
-244.388
-247.293
-215.002
-247.196
-232.542
-248.653
-246.847
-224.26
-235.236
-240.772
-129.502
-170.693
-248.938
-225.66
-236.078
-145.785
-244.741
-240.277
-243.427
-247.21
-205.467
-213.304
-244.53
-211.673
-184.443
-218.682
-221.785
-208.401
-234.46
-196.426
-242.18
-168.271
-233.699
-233.173
-226.295
-183.065
-234.508
-236.999
-174.086
-236.008
-242.942
-233.873
-240.854
-242.647
-247.429
-242.281
-216.656
-226.654
-238.564
-242.742
-249.706
-161.978
-192.335
-207.703
-213.228
-249.593
-185.987
-183.346
-225.306
-170.615
-215.551
-161.002
-248.776
-228.297
-195.728
-246.242
-248.829
-217.93
-233.234
-249.048
-227.02
-246.762
-231.56
-245.803
-248.077
-225.199
-190.175
-225.427
-235.233
-245.476
-245.589
-234.247
-219.52
-238.586
-208.535
-220.38
-247.27
-247.842
-234.937
-238.075
-229.323
-198.411
-185.884
-230.763
-232.238
-163.941
-193.491
-239.306
-156.018
-211.037
-59.2213
-60.5449
-244.619
-247.508
-236.988
-247.36
-225.531
-179.429
-216.876
-234.91
-249.293
-220.681
-244.721
-243.691
-215.331
-197.07
-195.778
-218.97
-224.131
-221.864
-243.516
-239.088
-241.999
-198.243
-231.605
-245.605
-225.546
-209.313
-164.201
-205.146
-215.673
-237.206
-177.335
-245.36
-185.965
-214.743
-219.651
-229.645
-243.554
-171.427
-242.004
-238.294
-140.791
-237.524
-240.238
-217.572
-249.376
-237.927
-196.465
-231.198
-219.811
-147.88
-226.206
-247.098
-222.98
-225.115
-200.312
-237.626
-118.264
-249.915
-231.758
-227.923
-233.209
-226.085
-53.6481
-115.582
-136.759
-153.258
-195.986
-162.143
-194.826
-198.705
-206.279
-205.789
-249.385
-223.031
-231.954
-249.55
-234.512
-238.74
-236.363
-224.382
-171.516
-176.935
-186.824
-205.304
-193.403
-208.62
-225.802
-237.726
-158.035
-198.672
-204.181
-233.993
-191.595
-218.27
-201.567
-222.969
-194.047
-217.915
-246.678
-212.618
-223.877
-239.188
-212.137
-234.84
-241.42
-239.467
-239.928
-198.326
-194.37
-236.345
-240.491
-172.602
-175.367
-179.507
-245.045
-225.415
-237.568
-219.637
-163.007
-200.685
-223.339
-244.976
-249.92
-237.064
-239.635
-173.246
-157.182
-238.287
-223.711
-184.197
-233.851
-196.47
-217.829
-240.96
-246.42
-239.307
-249.846
-185.211
-238.783
-248.482
-238.596
-176.781
-219.638
-162.423
-211.235
-171.978
-182.168
-215.124
-218.249
-235.179
-247.201
-230.297
-240.72
-222.118
-235.48
-185.933
-248.983
-241.273
-208.161
-236.215
-245.987
-226.526
-230.468
-224.231
-225.781
-247.074
-173.604
-243.413
-171.717
-248.315
-235.709
-249.303
-235.454
-231.193
-237.65
-225.693
-248.871
-249.18
-185.514
-242.68
-246.286
-239.041
-225.813
-249.402
-231.872
-248.576
-247.59
-148.608
-243.172
-228.481
-223.621
-248.217
-246.265
-240.005
-242.525
-249.785
-227.081
-249.289
-131.882
-181.167
-202.965
-215.563
-84.7861
-214.923
-198.633
-134.311
-241.3
-141.503
-168.355
-230.702
-238.638
-160.762
-210.174
-233.963
-245.989
-229.451
-220.851
-187.216
-201.718
-90.0683
-226.781
-244.724
-229.546
-242.841
-181.766
-203.87
-209.667
-245.622
-210.522
-245.791
-249.128
-239.758
-212.093
-154.872
-212.148
-235.203
-231.833
-218.993
-244.999
-222.708
-247.06
-198.043
-225.38
-164.547
-236.849
-188.345
-214.643
-98.7176
-173.092
-248.267
-246.016
-243.443
-241.267
-206.808
-236.632
-219.165
-248.448
-206.158
-131.029
-228.07
-127.427
-191.197
-244.144
-231.638
-244.063
-231.334
-241.323
-226.994
-164.64
-186.002
-196.938
-147.72
-240.54
-230.931
-101.47
-110.484
-198.709
-213.211
-196.165
-215.767
-227.774
-247.408
-210.783
-208.402
-215.944
-227.176
-249.109
-237.927
-236.693
-248.606
-217.546
-228.318
-233.889
-210.96
-177.84
-241.472
-244.096
-196.024
-211.908
-223.705
-199.592
-207.029
-199.944
-247.093
-231.968
-223.078
-228.682
-246.259
-249.25
-188.197
-243.631
-241.844
-230.07
-160.902
-220.562
-220.532
-248.483
-239.022
-230.502
-236.334
-249.376
-221.358
-232.666
-245.334
-214.407
-245.375
-205.007
-202.618
-217.511
-192.083
-195.26
-205.361
-138.634
-239.493
-226.058
-244.314
-204.923
-237.799
-200.675
-190.309
-191.905
-242.791
-248.676
-236.761
-51.4987
-81.9008
-229.938
-243.956
-198.915
-195.703
-245.709
-204.186
-216.672
-241.744
-223.143
-144.874
-183.968
-137.787
-248.588
-153.872
-165.191
-227.053
-202.524
-192.822
-241.312
-201.898
-231.507
-212.154
-229.042
-176.999
-243.934
-242.547
-232.138
-246.829
-184.515
-243.867
-195.594
-201.666
-226.712
-240.737
-207.541
-248.847
-213.694
-235.792
-244.254
-245.061
-244.011
-215.472
-152.11
-224.635
-223
-206.955
-209.886
-248.319
-243.804
-229.919
-248.655
-245.542
-219.037
-236.043
-215.066
-239.236
-246.669
-236.889
-232.869
-188.72
-235.839
-181.753
-230.872
-192.529
-242.866
-245.327
-231.695
-222.578
-247.491
-248.708
-205.207
-228.23
-233.035
-248.576
-170.818
-241.393
-204.304
-210.468
-226.698
-248.982
-240.338
-234.601
-216.295
-207.362
-243.995
-217.967
-160.923
-208.901
-211.299
-176.171
-217.359
-218.456
-226.906
-190.331
-233.887
-241.177
-233.821
-240.502
-246.669
-249.822
-245.433
-209.087
-246.512
-148.058
-207.326
-215.967
-220.9
-210.039
-234.357
-247.229
-188.143
-243.387
-224.511
-223.732
-240.348
-244.195
-248.291
-215.734
-233.14
-211.249
-194.435
-226.505
-233.974
-235.636
-243.266
-197.579
-192.119
-228.477
-200.09
-241.943
-247.557
-239.671
-249.897
-237.102
-242.467
-131.98
-149.991
-154.394
-247.798
-247.685
-239.055
-180.031
-187.643
-238.285
-243.977
-231.752
-234.319
-243.579
-185.825
-220.654
-226.6
-225.682
-227.852
-181.545
-189.036
-240.949
-246.174
-249.334
-240.398
-218.737
-230.252
-246.075
-243.541
-247.993
-225.514
-229.272
-234.283
-243.22
-207.044
-213.851
-227.973
-231.662
-239.024
-246.245
-235.826
-213.656
-231.641
-173.227
-185.376
-222.626
-246.161
-225.793
-243.651
-215.299
-215.485
-237.559
-229.415
-200.64
-240.79
-209.061
-229.695
-239.172
-171.411
-227.919
-164.994
-184.716
-228.138
-232.347
-224.967
-246.049
-181.092
-229.068
-200.728
-211.923
-237.383
-249.981
-244.616
-231.318
-246.118
-149.601
-224.848
-240.138
-197.38
-182.992
-222.884
-234
-149.368
-187.436
-192.98
-194.18
-189.976
-234.598
-242.458
-230.462
-245.936
-229.554
-224.754
-228.856
-207.282
-203.53
-233.738
-199.48
-164.558
-216.818
-153.546
-201.622
-249.88
-241.483
-244.642
-172.289
-249.123
-224.149
-235.244
-241.29
-215.622
-238.603
-241.658
-236.149
-194.727
-242.841
-178.954
-178.977
-244.348
-244.398
-215.619
-202.08
-209.276
-161.175
-237.454
-230.12
-229.05
-244.445
-229.292
-217.914
-233.599
-224.373
-237.626
-212.194
-233.027
-243.605
-223.27
-235.25
-200.751
-248.675
-160.546
-249.16
-167.156
-217.929
-249.11
-228.313
-226.902
-115.705
-152.663
-247.204
-243.32
-216.966
-242.286
-224.95
-205.809
-245.661
-204.395
-229.761
-211.414
-238.821
-190.991
-240.27
-158.029
-216.283
-170.169
-229.169
-221.538
-249.515
-225.27
-246.234
-235.568
-228.534
-228.239
-223.38
-249.562
-225.984
-232.068
-234.978
-102.134
-181.107
-185.989
-246.551
-210.389
-232.47
-243.628
-230.659
-234.31
-222.146
-228.847
-95.8399
-245.555
-217.055
-249.007
-234.201
-220.791
-167.323
-233.841
-220.277
-175.996
-202.58
-231.548
-233.482
-195.968
-244.1
-247.938
-183.009
-213.381
-240.116
-248.717
-221.016
-243.614
-216.513
-147.139
-238.754
-248.708
-165.066
-220.561
-228.254
-158.941
-223.799
-244.822
-200.012
-215.788
-207.627
-216.505
-227.901
-220.156
-241.755
-249.131
-185.034
-217.546
-238.428
-232.667
-240.902
-238.323
-237.066
-243.39
-242.818
-196.822
-248.162
-239.712
-228.627
-82.2447
-167.239
-220.974
-229.92
-245.482
-189.477
-201.508
-223.566
-239.637
-183.749
-213.109
-229.681
-224.128
-231.511
-249.086
-219.921
-196.288
-110.591
-162.579
-148.141
-162.038
-232.328
-219.704
-243.262
-125.814
-212.754
-179.04
-217.524
-245.793
-240.744
-230.264
-235.805
-221.785
-245.522
-210.147
-241.11
-49.5917
-192.755
-221.989
-235.012
-249.095
-216.673
-247.033
-238.923
-237.633
-229.195
-238.526
-247.263
-206.208
-236.554
-190.574
-247.756
-249.16
-187.584
-191.102
-246.421
-215.984
-247.978
-239.005
-240.834
-60.5489
-131.288
-219.831
-246.937
-234.552
-220.58
-238.988
-186.186
-246.241
-172.008
-244.183
-208.623
-219.379
-243.586
-223.398
-247.595
-92.5493
-159.583
-223.921
-242.963
-209.26
-242.034
-226.975
-246.35
-214.094
-241.599
-221.751
-232.814
-246.081
-216.804
-207.412
-246.862
-186.411
-202.792
-235.247
-211.222
-224.066
-242.466
-231.657
-211.684
-237.664
-245.056
-221.666
-193.34
-241.513
-207.429
-248.297
-238.295
-89.4464
-161.138
-222.229
-210.17
-168.715
-198.583
-200.017
-228.72
-239.546
-204.394
-248.971
-214.347
-246.981
-192.08
-172.753
-208.608
-241.731
-223.876
-194.911
-160.36
-248.827
-216.007
-247.37
-166.652
-249.813
-161.324
-218.123
-228.73
-242.957
-236.352
-150.67
-200.714
-235.289
-221.52
-232.899
-209.409
-237.533
-223.934
-138.955
-221.839
-214.043
-248.009
-249.468
-231.996
-239.115
-218.948
-177.551
-241.032
-245.478
-245.533
-242.606
-219.922
-209.913
-242.061
-225.087
-239.512
-186.902
-243.64
-243.409
-199.123
-203.658
-192.945
-229.221
-195.713
-224.314
-123.289
-236.546
-193.384
-203.922
-245.428
-211.944
-236.378
-215.487
-228.553
-211.497
-196.227
-219.149
-244.379
-155.431
-209.318
-233.969
-217.038
-244.123
-220.049
-195.822
-218.179
-233.091
-220.117
-248.281
-233.646
-209.021
-231.319
-236.022
-245.833
-241.123
-207.549
-201.525
-192.344
-248.961
-247.083
-224.373
-147.057
-209.3
-246.412
-242.33
-208.372
-103.127
-139.009
-244.757
-137.244
-239.398
-242.904
-217.422
-230.327
-185.503
-223.184
-238.039
-213.349
-241.513
-224.826
-247.853
-230.032
-249.486
-221.214
-249.349
-245.379
-234.336
-248.188
-218.603
-242.34
-236.29
-228.173
-98.8607
-123.508
-190.763
-234.712
-238.917
-226.304
-236.303
-227.766
-207.79
-243.793
-218.152
-234.571
-190.48
-234.859
-193.962
-243.212
-207.515
-102.668
-127.556
-249.001
-242.319
-246.056
-232.466
-245.29
-235.759
-245.775
-218.208
-232.731
-234.09
-139.942
-189.237
-243.144
-248.07
-183.452
-208.079
-200.363
-210.125
-224.636
-229.348
-136.547
-200.205
-221.812
-245.136
-224.656
-229.726
-236.651
-246.31
-230.273
-238.75
-199.67
-221.724
-189.342
-233.713
-225.174
-189.516
-180.342
-247.205
-196.962
-231.334
-248.026
-239.168
-243.366
-211.207
-221.951
-240.898
-240.989
-199.348
-224.86
-183.609
-195.146
-192.06
-248.353
-206.884
-217.922
-225.821
-53.3652
-122.123
-155.733
-243.365
-162.095
-168.277
-247.558
-204.92
-191.304
-235.794
-189.267
-223.828
-114.787
-177.566
-224.998
-246.322
-241.66
-214.639
-234.336
-211.806
-237.764
-223.015
-233.563
-185.567
-225.105
-225.622
-192.429
-245.187
-174.402
-206.469
-212.826
-213.25
-223.346
-231.503
-225.144
-242.051
-178.838
-232.531
-248.244
-246.677
-209.212
-206.184
-216.106
-225.962
-223.415
-233.73
-237.318
-221.558
-236.475
-217.689
-222.519
-232.115
-218.309
-249.511
-245.53
-240.216
-237.885
-249.658
-215.546
-241.325
-218.749
-236.921
-244.244
-236.541
-221.767
-215.49
-245.261
-234.655
-228.016
-246.321
-249.191
-169.352
-245.968
-237.313
-225.752
-190.877
-239.882
-249.823
-224.785
-242.133
-191.928
-169.35
-241.504
-235.202
-187.049
-228.097
-225.316
-241.818
-197.675
-217.604
-215.411
-238.911
-216.94
-218.968
-228.14
-164.371
-226.244
-229.386
-175.971
-190.265
-234.013
-225.863
-135.7
-214.901
-233.321
-248.306
-139.641
-243.859
-130.338
-224.144
-220.908
-215.132
-224.107
-246.548
-242.852
-218.864
-228.752
-249.449
-180.679
-222.786
-218.266
-235.359
-237.109
-183.161
-213.354
-235.261
-248.731
-192.975
-233.505
-220.896
-247.301
-201.527
-196.534
-214.965
-232.252
-236.708
-216.988
-244.499
-199.518
-245.322
-244.892
-247.784
-227.773
-235.558
-242.457
-239.305
-207.602
-221.421
-208.315
-163.424
-245.272
-218.138
-197.909
-228.111
-232.246
-242.312
-222.553
-232.573
-216.348
-232.599
-237.703
-231.696
-229.806
-191.533
-225.938
-246.727
-243.871
-238.675
-221.229
-241.004
-234.97
-238.015
-240.919
-188.435
-212.823
-222.657
-239.991
-221.645
-241.699
-246.464
-242.669
-207.979
-213.746
-229.196
-206.275
-174.832
-182.16
-209.687
-231.547
-240.414
-242.009
-238.039
-134.503
-224.963
-229.63
-236.227
-231.336
-219.189
-196.458
-178.261
-216.877
-249.4
-244.048
-148.975
-161.924
-216.498
-150.903
-163.666
-198.456
-247.518
-214.852
-217.457
-230.219
-230.338
-243.207
-247.464
-248.469
-244.483
-238.95
-239.726
-179.188
-238.131
-206.852
-228.096
-216.695
-233.82
-175.115
-180.603
-190.455
-224.699
-226.737
-216.574
-248.389
-228.496
-247.981
-245.208
-109.3
-114.807
-190.489
-183.851
-230.002
-147.982
-173.668
-242.005
-207.816
-224.086
-182.625
-188.447
-242.763
-201.155
-207.117
-220.728
-234.39
-249.257
-220.198
-233.298
-212.679
-211.611
-223.088
-248.312
-242.925
-167.507
-182.688
-227.456
-238.451
-241.411
-118.674
-141.432
-145.855
-118.871
-234.047
-245.583
-246.198
-128.499
-223.562
-230.907
-184.226
-195.57
-222.93
-249.322
-186.461
-203.077
-177.578
-216.635
-235.948
-178.563
-204.186
-224.444
-245.216
-232.836
-176.481
-184.69
-206.751
-222.838
-211.796
-207.851
-62.6522
-125.569
-204.384
-236.507
-195.561
-241.106
-244.475
-226.772
-242.074
-215.586
-206.767
-246.779
-234.086
-237.801
-203.574
-221.539
-246.742
-239.611
-192.313
-112.041
-149.567
-220.336
-228.239
-230.76
-210.151
-199.841
-240.946
-198.283
-213.722
-238.678
-247.21
-241.306
-205.462
-246.816
-241.716
-233.488
-222.636
-205.331
-237.756
-236.783
-242.218
-240.952
-178.456
-249.488
-239.863
-223.194
-235.73
-190.56
-80.1176
-242.135
-215.969
-192.682
-222.413
-214.855
-248.805
-230.644
-76.7107
-207.087
-79.1083
-247.512
-244.535
-208.462
-205.186
-230.304
-95.7988
-108.917
-221.732
-224.816
-212.683
-244.712
-233.94
-239.634
-249.038
-167.043
-227.203
-196.154
-244.592
-236.143
-239.186
-201.309
-190.455
-246.82
-214.991
-217.942
-224.848
-248.72
-229.838
-245.075
-248.331
-226.855
-177.4
-244.939
-227.537
-240.637
-196.928
-205.992
-158.427
-240.564
-224.849
-207.881
-238.944
-220.391
-239.237
-246.867
-243.841
-248.693
-240.673
-133.121
-184.181
-243.97
-180.853
-232.433
-237.822
-245.777
-242.927
-214.274
-245.368
-181.401
-227.264
-247.337
-236.407
-238.673
-244.464
-236.452
-206.027
-211.663
-214.416
-238.448
-238.644
-119.916
-178.692
-248.024
-236.862
-229.483
-205.679
-230.54
-229.365
-233.637
-175.131
-215.409
-200.735
-212.404
-209.39
-247.355
-232.609
-232.017
-219.627
-232.852
-229.293
-200.934
-227.853
-231.318
-232.707
-241.973
-178.392
-233.832
-239.04
-180.573
-225.198
-226.023
-120
-218.794
-238.848
-245.014
-237.28
-208.593
-156.767
-210.028
-224.852
-234.644
-245.244
-226.4
-174.395
-248.461
-169.333
-235.691
-132.479
-235.782
-212.158
-228.055
-196.108
-248.562
-215.606
-229.271
-244.866
-245.256
-249.252
-175.045
-198.252
-209.09
-187.391
-248.659
-159.059
-223.13
-199.786
-192.221
-208.861
-189.813
-217.519
-249.602
-242.325
-201.205
-238.118
-221.82
-181.24
-242.99
-162.92
-194.528
-243.655
-216.889
-239.704
-215.529
-142.384
-154.747
-158.521
-203.163
-249.209
-239.603
-92.7896
-199.435
-226.476
-239.264
-149.417
-168.013
-161.621
-248.553
-233.241
-214.769
-192.712
-213.322
-146.326
-209.728
-227.333
-187.104
-231.158
-233.861
-224.911
-239.682
-207.56
-223.728
-231.966
-249.355
-239.467
-240.982
-246.516
-233.158
-244.394
-238.276
-206.641
-184.271
-209.088
-142.54
-242.502
-232.346
-234.388
-244.586
-210.511
-236.753
-219.865
-135.766
-184.117
-193.516
-233.87
-221.445
-223.048
-221.085
-207.499
-210.583
-216.579
-241.396
-236.204
-246.474
-227.765
-146.197
-47.9858
-191.053
-192.442
-219.194
-242.06
-245.717
-216.516
-243.03
-177.082
-221.745
-191.644
-244.88
-245.871
-187.934
-194.358
-178.966
-226.921
-246.714
-199.218
-209.676
-222.578
-181.963
-246.964
-249.506
-240.887
-243.104
-127.3
-219.333
-130.122
-160.067
-173.32
-234.586
-247.291
-174.735
-227.626
-249.848
-241.192
-198.311
-239.658
-220.232
-244.186
-244.778
-194.445
-247.379
-174.017
-207.311
-192.081
-227.081
-248.364
-227.587
-220.7
-246.552
-182.494
-228.042
-235.094
-187.804
-182.021
-237.077
-231.624
-247.467
-194.488
-211.471
-243.305
-247.814
-211.74
-240.891
-241.803
-244.139
-209.683
-246.432
-114.017
-124.647
-164.669
-199.231
-217.283
-216.277
-218.43
-226.196
-245.126
-205.532
-225.029
-247.628
-208.463
-222.102
-241.825
-233.957
-213.192
-219.306
-193.922
-195.633
-197.774
-177.684
-236.089
-222.814
-233.466
-243.195
-241.241
-232.949
-243.764
-226.218
-239.708
-232.699
-168.125
-204.487
-240.667
-233.156
-209.405
-231.058
-217.715
-243.044
-206.603
-224.027
-249.975
-234.279
-226.07
-194.342
-162.319
-230.889
-231.801
-243.063
-185.438
-221.516
-243.199
-215.288
-195.993
-114.735
-181.39
-184.779
-195.578
-240.851
-219.364
-222.941
-236.188
-244.515
-240.85
-165.302
-249.799
-245.44
-240.897
-233.584
-238.505
-245.836
-238.652
-198.217
-247.865
-242.751
-226.019
-246.219
-220.09
-207.692
-211.347
-212.353
-195.373
-234.383
-172.8
-229.274
-185.052
-216.823
-246.998
-242.26
-238.353
-233.805
-245.239
-175.832
-243.328
-237.809
-226.213
-215.078
-239.483
-240.974
-239.888
-235.552
-232.966
-209.914
-137.705
-149.344
-156.286
-233.152
-247.296
-243.498
-231.371
-232.42
-238.156
-225.1
-241.615
-180.334
-227.222
-92.0398
-151.08
-228.722
-238.186
-210.001
-222.307
-226.385
-215.267
-196.322
-214.571
-230.715
-235.599
-168.074
-148.442
-237.723
-232.816
-233.663
-183.854
-207.012
-233.83
-234.403
-241.302
-249.221
-192.529
-227.284
-224.54
-231.242
-241.178
-184.697
-205.534
-238.494
-238.441
-176.744
-230.174
-225.877
-231.754
-212.305
-173.543
-187.413
-190.799
-219.496
-231.42
-239.172
-242.23
-241.125
-242.938
-178.993
-206.01
-117.654
-150.375
-169.933
-182.628
-184.667
-201.508
-216.867
-94.4564
-182.074
-225.057
-234.604
-158.778
-218.242
-222.217
-226.901
-242.525
-154.474
-217.125
-230.264
-246.091
-246.248
-247.995
-219.416
-231.171
-242.781
-236.694
-237.546
-218.082
-192.708
-168.687
-242.579
-223.681
-233.489
-160.741
-228.671
-229.478
-153.245
-219.24
-228.843
-239.901
-246.575
-240.375
-239.864
-235.887
-195.267
-239.361
-247.479
-230.977
-204.96
-240.941
-207.32
-232.887
-241.293
-243.734
-234.32
37.0846
-51.8111
-85.5149
-131.564
-182.127
-244.312
-202.855
-217.708
-231.977
-249.636
-240.394
-235.323
-180.784
-194.144
-238.977
-246.302
-224.894
-209.945
-248.113
-188.436
-242.536
-85.9225
-100.44
-239.729
-190.625
-233.851
-227.728
-241.847
-242.878
-138.73
-212.597
-243.123
-241.08
-231.959
-241.332
-247.622
-199.998
-225.08
-233.539
-201.743
-185.269
-224.3
-179.432
-239.697
-236.966
-183.042
-239.44
-240.703
-203.389
-215.847
-243.768
-107.151
-122.375
-210.829
-248.048
-238.368
-243.14
-212.573
-244.832
-184.739
-216.226
-222.362
-244.804
-220.231
-241.524
-216.973
-247.686
-224.498
-160.165
-239.347
-237.838
-197.35
-216.268
-239.854
-179.448
-229.03
-246.004
-240.34
-244.592
-173.053
-154.66
-180.259
-221.406
-245.509
-243.695
-229.324
-194.387
-203.419
-214.89
-230.218
-240.255
-242.237
-226.971
-246.635
-229.099
-240.176
-173.174
-238.648
-212.698
-214.807
-225.327
-237.481
-236.92
-201.13
-248.593
-243.105
-245.988
-240.92
-240.853
-215.941
-216.318
-205.441
-207.458
-247.491
-247.424
-248.82
-249.344
-231.367
-171.026
-208.58
-242.542
-242.786
-229.036
-194.33
-221.068
-239.424
-230.789
-234.698
-232.987
-187.449
-238.393
-239.269
-223.031
-212.532
-230.276
-241.96
-239.692
-233.733
-234.666
-246.869
-233.163
-239.949
-235.489
-245.737
-238.847
-236.531
-195.361
-241.838
-209.381
-175.826
-243.441
-235.294
-241.763
-236.419
-247.73
-240.205
-248.701
-206.982
-232.331
-159.738
-239.554
-223.693
-236.061
-216.928
-210.267
-249.219
-233.696
-215.32
-175.873
-237.875
-237.129
-238.145
-169.394
-233.403
-247.957
-249.303
-156.739
-144.832
-229.146
-238.873
-194.31
-231.391
-243.074
-238.329
-242.072
-242.726
-234.882
-214.2
-206.01
-247.193
-228.463
-219.03
-216.452
-249.374
-211.644
-231.559
-203.383
-238.062
-213.468
-159.308
-241.376
-248.951
-243.323
-240.534
-213.696
-205.552
-248.74
-199.346
-233.183
-197.214
-244.084
-245.01
-248.482
-225.001
-230.622
-183.312
-198.282
-221.657
-192.976
-236.07
-195.646
-222.387
-226.503
-201.268
-162.444
-195.64
-231.251
-204.866
-246.13
-224.135
-249.171
-225.689
-230.035
-214.81
-228.338
-158.353
-200.284
-242.16
-167.519
-238.504
-234.998
-236.487
-237.39
-233.353
-249.123
-234.205
-249.88
-201.629
-236.05
-245.518
-218.637
-226.904
-105.667
-149.672
-208.72
-164.864
-245.662
-238.489
-244.764
-239.917
-245.532
-218.612
-211.498
-234.54
-228.756
-244.517
-232.291
-219.067
-242.371
-238.846
-247.363
-245.164
-228.397
-243.806
-238.229
-239.917
-235.597
-186.632
-248.185
-228.313
-243.432
-180.583
-208.863
-249.139
-243.031
-218.321
-221.126
-204.173
-246.597
-199.78
-204.355
-228.098
-243.876
-242.066
-238.4
-150.708
-229.624
-239.95
-220.553
-222.751
-247.195
-231.753
-240.14
-241.251
-247.049
-216.141
-238.007
-193.712
-233.508
-248.693
-191.211
-246.544
-249.569
-242.638
-231.699
-227.348
-236.387
-245.791
-190.684
-242.812
-185.35
-232.591
-223.66
-163.92
-173.852
-209.244
-226.582
-134.522
-247.187
-235.858
-242.9
-248.489
-203.491
-227.939
-225.78
-238.466
-241.864
-248.583
-199.989
-249.553
-234.285
-127.854
-168.741
-200.567
-175.344
-172.462
-195.131
-191.192
-249.425
-193.413
-240.584
-240.738
-229.821
-243.525
-234.154
-192.128
-225.012
-207.644
-199.955
-212.773
-242.595
-247.13
-179.624
-237.113
-199.502
-248.355
-177.455
-248.807
-249.842
-205.953
-210.642
-156.665
-246.288
-219.5
-203.049
-184.312
-240.038
-230.647
-239.822
-242.985
-191.454
-222.798
-207.915
-236.095
-186.905
-243.464
-189.914
-211.4
-189.357
-221.013
-247.081
-230.211
-223.797
-229.149
-242.104
-216.037
-204.73
-241.594
-247.115
-184.246
-166.005
-163.43
-221.057
-225.393
-245.436
-220.499
-213.966
-229.621
-234.01
-248.225
-208.285
-218.547
-247.002
-248.498
-246.814
-236.821
-233.091
-246.336
-231.25
-249.098
-230.623
-236.631
-185.244
-232.547
-235.944
-239.107
25.2768
-185.932
-209.614
-217.553
-216.098
-240.348
-205.28
-246.282
-233.838
-249.403
-205.358
-145.003
-220.001
-247.915
-204.055
-237.322
-244.232
-248.458
-239.761
-169.262
-201.683
-221.573
-249.671
-192.738
-206.643
-228.888
-165.38
-237.435
-244.675
-203.338
-237.002
-246.97
-246.099
-239.471
-227.396
-218.03
-198.135
-227.215
-248.893
-220.442
-213.706
-229.03
-149.783
-244.306
-232.89
-204.663
-203.432
-234.072
-200.624
-246.203
-190.98
-205.689
-212.103
-175.605
-209.941
-244.575
-248.508
-229.983
-218.747
-228.151
-227.798
-235.406
-239
-240.538
-231.364
-248.146
-236.746
-209.058
-217.311
-191.244
-187.683
-204.886
-205.507
-245.527
-242.267
-190.873
-204.408
-249.392
-231.345
-206.328
-243.311
-244.092
-226.821
-163.252
-170.538
-249.909
-246.253
-227.968
-127.149
-232.743
-228.508
-202.646
-233.398
-202.311
-242.17
-211.703
-235.041
-183.39
-235.095
-175.688
-211.646
-238.646
-207.176
-235.015
-243.848
-183.768
-193.559
-235.969
-79.237
-168.848
-249.47
-248.064
-208.949
-225.894
-233.304
-198.501
-247.991
-214.747
-213.3
-240.877
-204.246
-233.571
-244.017
-146.343
-171.287
-240.857
-222.293
-224.883
-234.267
-242.833
-226.213
-155.835
-244.889
-167.438
-226.677
-236.586
-242.386
-221.236
-243.415
-248.011
-223.999
-210.83
-233.732
-218.697
-240.523
-154.1
-233.62
-238.146
-212.027
-235.295
-240.459
-243.061
-247.243
-248.11
-143.038
-193.511
-241.303
-236.38
-238.379
-241.254
-218.232
-238.671
-244.079
-200.912
-243.3
-217.769
-184.793
-242.022
-247.815
-106.749
-132.851
-205.295
-174.897
-182.127
-221.813
-231.298
-219.104
-233.395
-249.506
-214.519
-247.301
-226.839
-230.321
-206.499
-248.988
-244.854
-208.446
-190.632
-168.903
-181.621
-191.897
-220.091
-243.792
-233.748
-234.51
-110.064
-150.261
-248.877
-167.19
-225.514
-209.972
-244.257
-198.163
-224.025
-247.051
-247.266
-207.474
-142.219
-184.046
-242.453
-195.892
-190.62
-194.185
-171.222
-242.978
-192.183
-221.29
-219.199
-245.22
-209.876
-243.422
-247.228
-207.951
-239.042
-242.972
-223.64
-241.79
-195.278
-244.325
-95.0626
-196.323
-229.939
-242.693
-249.681
-196.416
-246.872
-243.484
-136.255
-238.145
-207.266
-243.427
-243.724
-206.77
-198.1
-218.844
-238.405
-247.464
-224.917
-207.71
-179.871
-153.404
-231.616
-241.614
-244.062
-249.128
-171.365
-177.072
-224.367
-214.269
-212.639
-189.987
-90.288
-115.244
-201.596
-86.5683
-245.554
-248.189
-248.386
-224.155
-214.754
-159.908
-247.852
-238.197
-193.267
-211.581
-224.847
-149.668
-170.601
-177.021
-205.446
-225.154
-248.205
-217.726
-249.24
-222.7
-98.9887
-188.196
-196.358
-231.652
-248.549
-160.98
-197.003
-231.32
-222.796
-169.436
-247.422
-212.222
-247.072
-220.46
-227.417
-222.62
-230.414
-199.098
-231.545
-233.511
-160.694
-246.597
-207.04
-242.04
-225.288
-237.023
-198.225
-188.806
-226.853
-213.496
-249.666
-154.832
-247.788
-238.37
-222.413
-212.782
-203.92
-209.354
-246.255
-224.5
-245.328
-249.69
-209.911
-229.554
-249.338
-248.13
-233.705
-245.748
-232.182
-204.9
-188.845
-235.959
-209.76
-242.635
-221.518
-222.144
-247.863
-239.991
-240.747
-234.749
-225.436
-230.736
-243.874
-222.542
-249.05
-245.151
-238.766
-234.507
-233.158
-214.221
-201.44
-233.065
-245.424
-237.626
-186.019
-246.765
-210.374
-237.13
-219.938
-229.532
-229.277
-233.267
-247.903
-231.706
-177.862
-178.778
-225.07
-248.352
-147.419
-229.687
-236.97
-240.127
-197.414
-242.523
-239.29
-221.626
-240.166
-188.933
-220.525
-240.503
-215.478
-228.373
-243.245
-200.459
-202.193
-245.184
-243.21
-224.271
-241.706
-162.053
-171.598
-207.29
-224.218
-217.647
-247.262
-239.138
-238.938
-249.901
-247.649
-230.635
-245.046
-152.608
-195.518
-233.212
-229.147
-189.217
-209.487
-216.686
-238.738
-227.627
-235.38
-82.7195
-139.009
-145.106
-153.455
-212.729
-226.565
-230.579
-234.216
-247.402
-234.072
-181.963
-196.831
-207.977
-229.05
-163.439
-175.35
-233.945
-246.489
-206.494
-212.985
-244.171
-228.533
-208.307
-175.355
-243.016
-218.537
-88.5694
-227.122
-212.254
-196.126
-246.98
-236.002
-219.106
-222.819
-215.171
-222.601
-209.366
-236.625
-222.652
-204.559
-221.333
-240.665
-210.244
-243.049
-224.143
-246.349
-122.872
-157.752
-226.466
-221.356
-186.85
-240.004
-210.504
-228.478
-174.606
-237.626
-184.555
-231.582
-232.579
-248.564
-111.591
-200.208
-240.16
-188.687
-211.674
-211.754
-216.619
-231.581
-154.939
-164.92
-242.918
-199.461
-195.317
-109.095
-186.96
-206.759
-218.14
-222.137
-131.419
-193.71
-223.129
-235.073
-244.324
-219.795
-241.299
-246.762
-218.525
-197.192
-198.761
-210.121
-244.902
-75.481
-129.385
-235.668
-248.463
-240.059
-205.121
-232.466
-191.197
-199.605
-223.157
-245.036
-224.634
-248.887
-235.235
-245.776
-228.942
-215.501
-232.818
-233.672
-208.495
-167.124
-238.152
-179.441
-185.967
-226.513
-214.043
-248.183
-209.134
-216.756
-224.88
-227.467
-246.089
-178.976
-227.652
-202.262
-221.434
-243.138
-221.479
-178.447
-242.752
-228.82
-85.2564
-245.597
-232.411
-187.357
-238.353
-240.659
-227.152
-235.941
-239.299
-248.562
-166.087
-218.023
-229.049
-239.772
-211.56
-246.236
-215.152
-238.226
-212.75
-226.395
-177.887
-222.788
-232.65
-218.158
-155.623
-245.315
-225.263
-249.178
-219.988
-245.734
-100.239
-246.806
-208.224
-226.376
-235.22
-228.78
-172.291
-224.026
-153.286
-168.983
-207.094
-209.048
-240.512
-231.785
-234.584
-197.579
-249.579
-238.196
-236.044
-230.991
-210.725
-152.244
-9.0693
-115.214
-133.307
-145.449
-151.816
-242.141
-249.51
-235.906
-245.346
-249.173
-190.414
-183.371
-223.493
-236.477
-168.209
-238.005
-248.111
-243.221
-234.687
-217.867
-248.519
-242.785
-130.014
-247.317
-243.819
-226.432
-248.713
-212.028
-241.979
-245.853
-193.891
-173.834
-101.16
-207.326
-217.018
-227.147
-225.996
-244.695
-136.931
-240.913
-194.6
-211.119
-207.701
-204.413
-236.288
-241.33
-239.998
-229.053
-233.599
-232.628
-164.39
-207.455
-247.787
-244.784
-246.974
-239.19
-197.014
-240.633
-230.652
-88.0197
-249.897
-217.355
-54.0772
-228.992
-202.246
-246.146
-225.498
-225.78
-218.409
-243.083
-230.517
-246.539
-237.818
-215.585
-161.025
-213.78
-214.279
-221.716
-249.081
-193.287
-192.03
-219.076
-211.447
-230.123
-235.515
-224.644
-242.41
-205.27
-210.357
-99.4623
-218.529
-231.018
-244.042
-167.654
-197.574
-223.855
-237.996
-245.022
-116.966
-198.639
-215.958
-151.01
-233.014
-162.989
-245.165
-232.135
-244.571
-200.434
-246.193
-237.141
-237.114
-230.876
-227.662
-196.208
-128.503
-231.604
-248.107
-233.1
-233.206
-127.635
-147.62
-231.596
-241.811
-215.992
-239.968
-229.256
-220.93
-228.193
-231.03
-186.247
-232.153
-246.367
-196.63
-188.79
-235.579
-241.363
-235.243
-249.554
-218.932
-231.176
-248.006
-248.432
-169.261
-140.556
-200.924
-210.154
-247.466
-201.328
-248.029
-241.815
-248.752
-245.528
-237.449
-242.006
-245.485
-234.619
-222.108
-242.487
-232.808
-248.533
-245.723
-162.834
-156.949
-194.839
-248.665
-233.791
-228.529
-245.868
-160.913
-217.886
-227.031
-223.07
-149.863
-187.653
-223.438
-249.572
-167.043
-244.147
-227.574
-245.998
-247.07
-246.006
-231.039
-166.204
-206.824
-235.305
-231.768
-247.59
-247.094
-232.948
-95.9929
-99.7639
-142.783
-221.856
-240.569
-247.383
-242.941
-244.245
-242.027
-168.295
-248.007
-202.238
-210.247
-237.982
-209.099
-240.281
-246.149
-103.006
-166.563
-232.351
-237.163
-243.412
-214.158
-230.057
-231.606
-241.493
-234.12
-203.185
-245.13
-249.366
-231.967
-225.28
-225.151
-201.783
-241.181
-213.682
-197.173
-232.267
-239.534
-240.377
-235.911
-195.891
-126.6
-147.047
-182.131
-235.641
-233.639
-239.629
-238.822
-244.498
-231.97
-187.004
-232.157
-209.549
-178.257
-185.451
-231.277
-218.184
-210.957
-193.808
-236.258
-214.681
-236.939
-238.122
-249.27
-248.872
-213.691
-232.276
-249.07
-239.031
-236.4
-238.143
-203.666
-218.049
-206.213
-202.579
-218.583
-248.267
-235.121
-155.99
-193.756
-199.219
-224.454
-188.341
-236.354
-229.441
-226.094
-136.883
-246.173
-229.228
-246.824
-245.821
-221.001
-160.753
-170.743
-153.486
-166.06
-183.021
-175.863
-227.072
-183.049
-239.776
-204.476
-228.522
-213.17
-225.416
-191.335
-247.421
-246.132
-202.74
-236.91
-132.104
-246.627
-231.154
-214.041
-225.194
-246.123
-217.523
-238.367
-163.04
-185.868
-191.264
-211.322
-239.646
-248.91
-230.469
-228.287
-246.489
-246.514
-98.5848
-231.207
-243.336
-175.858
-200.328
-244.692
-241.622
-177.796
-171.714
-194.525
-248.599
-231.731
-229.395
-198.516
-228.52
-203.169
-215.465
-227.045
-230.944
-241.858
-239.809
-234.207
-214.436
-226.275
-235.342
-237.452
-248.952
-150.516
-200.885
-219.573
-239.102
-243.302
-155.813
-240.944
-206.472
-220.974
-171.888
-227.484
-246.777
-206.364
-211.32
-228.745
-232.028
-194.369
-181.606
-248.521
-230.771
-248.117
-178.659
-213.162
-240.217
-158.716
-6.47817
-23.7668
-62.239
-199.706
-249.85
-229.583
-200.017
-235.616
-243.336
-226.163
-232.249
-189.323
-206.592
-210.721
-226.885
-246.489
-226.257
-229.611
-240.524
-234.136
-223.75
-247.033
-244.392
-220.253
-236.212
-108.644
-211.706
-209.388
-231.867
-162.962
-215.047
-214.759
-244.451
-249.627
-136.692
-189.917
-231.159
-228.064
-218.745
-232.132
-238.723
-214.611
-179.665
-240.656
-234.286
-220.759
-249.719
-191.176
-220.101
-144.048
-184.991
-136.21
-198.363
-204.298
-160.014
-244.17
-223.324
-241.389
-202.642
-218.223
-244.323
-228.236
-247.476
-247.645
-219.759
-233.603
-243.829
-239.636
-221.557
-242.245
-249.958
-127.629
-158.869
-162.484
-111.79
-224.879
-227.625
-222.024
-238.128
-249.844
-211.571
-238.357
-248.526
-211.026
-217.065
-237.21
-234
-184.091
-194.971
-223.212
-216.507
-234.286
-202.638
-164.62
-223.394
-243.321
-249.911
-211.69
-244.33
-231.047
-209.2
-178.515
-233.911
-230.767
-219.094
-212.515
-183.993
-199.749
-216.357
-231.736
-234.262
-241.87
-248.291
-231.012
-240.035
-213.18
-227.109
-210.048
-236.395
-184.451
-189.724
-232.869
-241.601
-216.439
-219.277
-223.128
-222.326
-208
-246.283
-212.285
-204.985
-215.49
-242.188
-242.222
-177.983
-190.459
-208.751
-221.249
-241.972
-246.803
-218.969
-235.778
-244.837
-196.058
-207.43
-223.115
-247.399
-248.834
-201.72
-170.971
-243.308
-234.075
-204.384
-224.543
-222.239
-156.777
-222.283
-209.84
-180.031
-229.376
-247.493
-194.798
-210.974
-210.839
-225.256
-234.877
-185.975
-221.994
-236.822
-228.516
-235.657
-233.927
-248.867
-232.926
-238.514
-243.406
-224.965
-242.546
-246.843
-242.991
-228.536
-242.544
-237.322
-215.316
-247.285
-219.304
-159.948
-202.612
-236.579
-245.911
-199.797
-249.839
-244.852
-242.131
-200.634
-174.678
-194.08
-203.456
-160.728
-227.345
-248.335
-215.204
-236.071
-185.917
-232.942
-226.052
-247.805
-217.419
-211.821
-243.708
-218.58
-231.981
-204.944
-213.784
-232.367
-179.662
-221.14
-245.862
-228.169
-228.061
-244.767
-223.106
-7.58437
-161.924
-233.849
-206.954
-233.08
-230.918
-247.065
-240.513
-248.675
-235.86
-211.451
-240.904
-249.673
-228.54
-144.66
-189.196
-226.934
-237.493
-242.836
-218.204
-230.168
-172.633
-248.42
-210.276
-239.71
-235.316
-249.271
-184.826
-119.495
-197.337
-146.229
-239.121
-243.381
-172.423
-218.46
-246.635
-103.72
-236.118
-212.95
-218.197
-238.787
-168.054
-248.855
-197.564
-238.789
-245.392
-224.203
-225.66
-210.872
-227.888
-212.678
-208.789
-246.236
-204.916
-249.954
-223.098
-211.92
-210.324
-230.232
-127.505
-247.584
-235.023
-114.506
-178.732
-155.688
-244.731
-222.825
-241.775
-225.482
-213.215
-245.508
-226.406
-194.908
-230.143
-236.986
-249.225
-244.111
-244.245
-222.002
-232.313
-220.511
-249.297
-186.873
-204.1
-233.014
-246.475
-247.014
-245.107
-249.649
-246.016
-162.654
-238.999
-218.439
-218.804
-243.958
-220.491
-133.189
-225.186
-235.932
-183.376
-241.082
-213.681
-212.964
-240.401
-241.101
-178.662
-236.363
-194.034
-223.506
-205.098
-235.107
-247.92
-228.638
-248.477
-245.221
-247.469
-207.834
-226.246
-229.955
-225.396
-230.569
-202.704
-247.935
-222.056
-242.242
-232.906
-231.623
-235.086
-208.782
-218.509
-224.805
-237.706
-224.885
-234.409
-245.092
-227.765
-239.878
-235.474
-245.843
-242.954
-218.733
-226.738
-223.187
-249.99
-232.917
-242.103
-241.695
-243.669
-244.918
-245.056
-232.658
-153.306
-195.901
-245.707
-155.766
-240.397
-191.658
-247.103
-218.68
-126.391
-243.364
-201.896
-131.795
-177.634
-197.184
-236.672
-199.637
-216.604
-230.569
-172.881
-229.097
-229.95
-237.682
-245.636
-243.502
-237.178
-224.029
-150.033
-249.644
-202.956
-197.561
-203.459
-247.583
-234.283
-192.343
-218.892
-193.89
-215.22
-190.408
-171.755
-201.233
-227.231
-243.141
-241.794
-198.364
-239.127
-245.258
-247.142
-242.659
-246.65
-234.741
-210.528
-181.801
-199.161
-229.412
-191.123
-247.727
-240.555
-245.815
-189.07
-210.524
-241.881
-234.537
-242.933
-207.461
-228.049
-239.7
-248.379
-245.649
-237.793
-231.911
-243.899
-240.637
-248.399
-217.068
-113.113
-159.453
-248.034
-235.681
-215.513
-194.619
-201.391
-249.658
-209.173
-237.086
-210.703
-86.0627
-243.998
-217.608
-246.357
-218.02
-232.02
-233.393
-180.11
-127.358
-237.057
-151.666
-216.094
-232.848
-230.998
-236.283
-244.933
-233.638
-189.792
-247.215
-212.607
-156.261
-242.751
-248.017
-198.385
-207.598
-227.011
-229.374
-249.165
-199.13
-239.514
-244.429
-192.946
-216.026
-170.083
-143.585
-233.404
-233.138
-205.532
-244.725
-249.213
-193.704
-200.525
-206.13
-240.095
-203.985
-241.842
-216.032
-197.192
-235.871
-249.261
-238.184
-245.975
-225.918
-224.395
-237.313
-229.292
-167.191
-200.258
-238.609
-162.897
-173.971
-198.157
-224.195
-202.918
-226.502
-183.021
-243.326
-232.954
-249.965
-219.194
-220.064
-239.192
-245.239
-246.801
-240.415
-245.528
-183.357
-237.665
-235.737
-241.902
-217.176
-240.22
-241.453
-241.186
-248.351
-234.468
-235.794
-222.733
-188.18
-217.563
-215.053
-200.674
-212.446
-228.318
-249.207
-181.006
-209.795
-234.647
-227.761
-220.714
-178.059
-244.464
-232.091
-209.667
-222.088
-132.965
-247.705
-245.737
-226.688
-86.0955
-156.619
-228.152
-216.733
-249.252
-242.725
-165.566
-199.885
-240.708
-242.514
-220.117
-195.707
-226.359
-226.977
-245.262
-249.611
-214.32
-249.659
-237.176
-221.326
-218.944
-222.764
-230.546
-238.212
-236.198
-226.651
-220.222
-214.194
-233.661
-138.053
-196.646
-223.827
-209.339
-245.846
-246.633
-232.25
-233.071
-228.714
-187.369
-189.028
-238.774
-189.544
-230.845
-246.444
-241.288
-229.103
-220.941
-160.488
-220.233
-249.46
-209.924
-223.927
-239.617
-214.65
-242.239
-241.472
-150.027
-211.206
-242.941
-227.102
-221.19
-241.836
-242.234
-226.941
-235.471
-225.677
-241.048
-234.193
-249.85
-249.793
-249.903
-247.92
-223.992
-230.405
-230.257
-200.171
-224.622
-199.325
-213.691
-225.231
-204.645
-249.793
-206.385
-247.853
-246.566
-147.915
-201.269
-205.172
-216.249
-215.97
-219.19
-243.986
-249.052
-198.466
-127.277
-227.643
-129.259
-176.251
-220.992
-206.126
-228.017
-205.645
-212.92
-232.386
-237.796
-192.446
-227.759
-231.652
-248.723
-228.375
-245.112
-224.554
-206.859
-160.822
-245.527
-218.032
-244.822
-195.517
-219.001
-247.882
-211.469
-229.792
-151.685
-222.509
-177.792
-227.355
-217.554
-208.376
-229.662
-147.696
-188.707
-179.628
-242.071
-242.968
-249.794
-230.399
-239.613
-65.8735
-189.447
-197.358
-177.202
-178.905
-167.056
-249.918
-239.077
-244.728
-207.352
-211.779
-234.434
-203.354
-234.699
-249.879
-157.073
-198.881
-171.573
-220.011
-236.046
-200.665
-208.88
-157.281
-167.86
-235.258
-218.065
-233.528
-232.08
-223.552
-243.597
-203.905
-224.102
-222.791
-246.708
-108.753
-207.31
-241.637
-237.039
-155.668
-185.399
-232.125
-222.763
-173.319
-215.811
-228.467
-212.742
-214.963
-189.298
-233.016
-249.48
-237.224
-240.224
-125.494
-244.83
-228.641
-249.84
-242.227
-248.117
-128.34
-162.817
-165.585
-244.972
-193.503
-239.877
-240.676
-240.623
-186.69
-229.106
-249.307
-245.714
-211.09
-236.466
-239.757
-248.005
-224.646
-234.994
-248.842
-213.347
-227.467
-234.386
-221.08
-224.084
-230.612
-244.987
-196.851
-243.434
-243.511
-241.545
-231.827
-243.807
-231.607
-230.082
-237.072
-221.072
-244.9
-247.659
-205.626
-121.95
-228.494
-210.49
-231.399
-234.436
-224.863
-226.591
-240.524
-235.318
-218.162
-222.919
-204.535
-246.777
-116.539
-234.901
-235.88
-176.317
-230.21
-243.216
-246.602
-224.72
-215.713
-247.443
-229.138
-228.535
-239.938
-211.406
-244.487
-243.318
-242.454
-206.321
-216.363
-246.849
-204.24
-248.212
-245.094
-195.782
-232.374
-211.32
-244.543
-246.803
-241.236
-246.088
-247.521
-230.929
-247.764
-217.959
-245.42
-202.805
-222.408
-244.265
-189.859
-230.872
-133.126
-121.709
-163.905
-184.318
-229.82
-238.659
-148.838
-219.793
-198.916
-218.687
-244.314
-241.361
-245.376
-237.222
-243.533
-243.99
-221.353
-212.681
-171.406
-219.082
-225.275
-228.45
-206.51
-218.043
-237.014
-172.23
-215.587
-243.188
-248.454
-212.391
-206.226
-222.128
-206.865
-176.087
-215.071
-243.005
-227.36
-210.297
-227.668
-235.012
-187.911
-200.69
-241.144
-171.654
-240.587
-243.796
-153.351
-230.589
-237.409
-246.783
-210.387
-240.574
-201.321
-234.274
-230.058
-215.465
-209.802
-226.006
-247.945
-226.699
-195.339
-226.837
-248.29
-246.497
-243.513
-239.809
-198.668
-229.216
-232.109
-244.432
-209.372
-218.986
-230.19
-204.004
-192.679
-242.427
-217.256
-214.616
-235.075
-249.092
-110.209
-152.989
-198.453
-205.895
-246.662
-247.643
-188.263
-181.659
-191.905
-146.102
-146.654
-235.83
-228.001
-238.668
-244.069
-248.436
-161.152
-148.872
-213.612
-232.046
-233.621
-226.679
-248.619
-188.083
-139.616
-192.332
-235.849
-241.552
-233.394
-217.205
-238.728
-239.68
-174.215
-190.597
-240.625
-180.966
-226.088
-236.823
-220.02
-193.429
-246.327
-227.578
-225.59
-247.472
-193.641
-226.552
-193.367
-232.355
-222.465
-238.438
-221.251
-232.706
-213.983
-200.908
-227.216
-240.599
-159.36
-243.385
-241.383
-244.837
-149.135
-183.989
-244.243
-236.37
-167.233
-153.509
-209.878
-192.097
-226.894
-227.574
-203.868
-63.6416
-220.808
-209.143
-196.014
-202.222
-241.462
-232.344
-241.403
-235.929
-241.258
-243.913
-248.307
-216.886
-248.589
-188.898
-197.758
-246.855
-204.336
-241.298
-236.617
-199.881
-241.001
-181.244
-238.763
-238.479
-217.42
-247.479
-225.381
-225.448
-232.423
-207.434
-205.046
-244.667
-189.514
-231.796
-219.737
-148.688
-200.389
-223.886
-229.577
-223.403
-205.395
-229.251
-223.501
-232.515
-249.32
-195.696
-235.991
-167.151
-212.584
-235.488
-242.125
-249.765
-192.777
-243.792
-230.998
-217.156
-243.343
-213.99
-215.326
-152.66
-234.521
-235.592
-178.855
-221.454
-245.915
-233.205
-209.296
-226.926
-225.406
-239.945
-206.315
-236.821
-247.449
-216.58
-242.917
-247.919
-238.221
-237.139
-226.064
-199.337
-209.005
-230.753
-204.968
-210.497
-237.81
-226.422
-172.318
-188.755
-236.623
-204.298
-217.541
-90.4047
-100.538
-121.377
-225.13
-220.694
-201.843
-241.354
-205.66
-221.256
-194.685
-231.719
-236.406
-241.725
-244.174
-173.486
-174.076
-237.456
-132.701
-235.543
-242.169
-248.708
-206.312
-154.751
-190.148
-214.379
-236.538
-227.496
-239.693
-247.649
-191.208
-210.307
-225.757
-228.517
-234.681
-237.055
-241.368
-205.745
-233.663
-248.571
-225.861
-228.347
-242.488
-242.861
-220.638
-237.657
-216.365
-246.231
-209.674
-248.827
-175.124
-216.782
-217.179
-226.43
-197.378
-214.647
-181.486
-201.396
-188.787
-236.906
-219.681
-165.551
-168.326
-227.621
-248.558
-239.873
-213.615
-240.182
-218.741
-223.371
-230.133
-248.916
-215.11
-248.937
-246.306
-243.031
-243.618
-233.825
-220.169
-230.852
-204.228
-245.287
-102.023
-107.556
-216.197
-201.242
-236.117
-201.686
-212.415
-213.883
-218.473
-202.869
-244.583
-245.65
-244.224
-242.824
-175.638
-195.103
-178.326
-207.208
-235.728
-214.875
-210.55
-203.372
-181.774
-221.323
-213.582
-224.157
-191.32
-189.357
-243.234
-211.641
-243.827
-233.204
-242.788
-230.426
-220.532
-234.107
-245.385
-245.962
-214.249
-208.022
-244.923
-247.176
-237.572
-226.417
-247.639
-233.477
-236.863
-240.558
-243.71
-190.445
-199.188
-199.503
-244.674
-247.224
-217.617
-237.478
-226.126
-223.337
-249.386
-249.614
-248.071
-196.868
-191.564
-208.835
-244.011
-248.356
-244.575
-225.48
-232.396
-249.052
-182.775
-202.637
-218.765
-237.433
-240.683
-243.96
-248.402
-189.081
-236.108
-182.905
-202.093
-236.323
-233.528
-176.289
-229.108
-203.842
-183.355
-205.676
-229.818
-235.653
-155.876
-228.668
-209.332
-241.464
-239.125
-212.916
-234.591
-244.679
-232.327
-220.378
-238.691
-201.828
-218.665
-247.736
-222.64
-223.76
-240.704
-190.491
-199.256
-240.016
-204.172
-249.577
-248.27
-246.634
-205.653
-231.02
-249.045
-222.348
-195.529
-232.441
-79.5724
-216.829
-176.926
-234.433
-184.178
-224.102
-228.331
-235.747
-228.276
-242.295
-233.717
-245.719
-243.087
-233.169
-238.545
-213.945
-202.551
-211.163
-247.24
-207.296
-206.035
-185.521
-248.906
-204.137
-183.002
-231.474
-215.595
-222.96
-230.251
-242.088
-226.866
-242.758
-200.024
-237.942
-210.259
-234.992
-183.506
-202.478
-219.453
-234.251
-246.756
-150.652
-195.583
-200.444
-172.245
-225.486
-238.009
-225.67
-236.958
-247.157
-237.545
-232.08
-231.24
-224.272
-220.674
-225.357
-242.35
-227.228
-223.801
-162.172
-202.996
-203.009
-213.789
-189.59
-211.015
-169.126
-238.834
-164.438
-164.941
-239.136
-248.318
-228.154
-235.608
-81.4014
-213.132
-247.871
-248.643
-221.889
-184.185
-226.296
-235.328
-239.089
-186.854
-235.413
-242.439
-225.02
-242.025
-245.78
-231.864
-40.5871
-123.765
-244.381
-223.617
-207.791
-229.448
-245.378
-135.976
-176.237
-241.064
-221.503
-249.762
-243.903
-239.417
-224.912
-225.312
-227.71
-238.868
-238.635
-155.929
-205.591
-231.152
-246.834
-218.773
-207.746
-244.92
-239.223
-245.034
-239.647
-249.545
-231.424
-239.058
-240.538
-176.492
-177.565
-237.739
-234.014
-224.728
-194.622
-238.074
-245.724
-127.394
-163.834
-233.205
-224.308
-224.12
-239.201
-204.592
-211.776
-241.136
-247.316
-246.522
-187.881
-243.197
-246.182
-228.683
-207.156
-232.395
-150.979
-197.23
-217.094
-247.812
-204.847
-236.828
-148.294
-199.392
-241.83
-240.425
-178.095
-243.35
-196.909
-201.101
-236.068
-236.977
-210.306
-246.778
-235.254
-225.718
-213.041
-193.191
-207.853
-213.711
-244.021
-248.764
-235.454
-246.401
-203.172
-221.433
-247.738
-236.686
-246.675
-217.654
-112.391
-171.506
-239.813
-248.262
-156.563
-231.592
-230.278
-239.253
-206.451
-246.263
-245.14
-161.367
-242.373
-197.996
-176.429
-232.647
-223.858
-244.546
-234.137
-237.109
-228.428
-224.066
-249.989
-221.854
-105.907
-106.302
-248.358
-211.516
-237.942
-228.807
-211.568
-210.064
-231.46
-235.831
-246.288
-211.779
-185.316
-244.563
-172.501
-209.496
-201.798
-247.393
-213.227
-230.844
-231.52
-242.2
-201.448
-243.394
-192.567
-243.081
-118.905
-158.967
-173.042
-203.84
-220.723
-245.011
-244.7
-224.758
-183.026
-198.052
-222.795
-237.346
-235.599
-243.815
-224.089
-218.962
-239.515
-242.748
-237.307
-220.837
-233.388
-111.646
-198.656
-225.809
-228.481
-190.824
-248.655
-218.039
-220.474
-237.892
-223.922
-223.945
-166.285
-221.128
-225.749
-246.657
-189.858
-217.407
-224.366
-242.163
-97.6239
-225.335
-237.311
-196.647
-197.895
-238.427
-232.086
-188.961
-212.418
-224.609
-248.151
-214.864
-206.452
-247.28
-216.185
-227.168
-202.462
-200.799
-248.051
-207.808
-158.796
-199.562
-243.869
-236.683
-64.9622
-189.823
-201.814
-237.363
-218.212
-206.663
-217.966
-221.237
-229.221
-233.909
-248.716
-206.688
-244.502
-242.76
-236.263
-211.12
-240.643
-198.579
-235.892
-238.519
-207.496
-207.552
-182.602
-218.936
-236.231
-193.796
-233.589
-232.255
-221.375
-236.69
-224.087
-245.212
-246.812
-213.434
-245.494
-234.819
-226.02
-230.583
-245.977
-243.628
-232.873
-245.91
-137.198
-137.226
-177.65
-249.246
-132.699
-224.13
-229.486
-235.518
-221.321
-230.097
-242.468
-225.682
-226.777
-248.24
-223.792
-229.617
-221.566
-226.282
-181.576
-248.893
-238.462
-228.764
-241.573
-238.046
-247.297
-166.359
-247.415
-233.893
-242.801
-234.005
-239.547
-186.912
-248.787
-239.018
-193.094
-201.439
-219.768
-231.904
-248.783
-247.004
-227.437
-236.291
-247.407
-235.973
-244.679
-179.129
-194.83
-241.771
-192.758
-224.769
-242.826
-238.872
-248.311
-246.377
-241.136
-156.011
-203.256
-239.999
-248.707
-220.649
-222.537
-240.861
-177.811
-234.023
-169.591
-234.232
-243.778
-235.538
-239.844
-236.441
-240.852
-221.815
-216.031
-232.001
-184.425
-191.15
-193.112
-248.168
-217.231
-194.907
-222.046
-233.737
-175.157
-189
-232.621
-187.09
-174.577
-240.411
-225.039
-204.639
-187.279
-237.805
-239.835
-205.239
-187.034
-236.555
-232.28
-244.91
-235.035
-246.43
-246.835
-247.724
-249.312
-193.392
-210.742
-220.809
-241.701
-204.297
-237.662
-241.491
-158.362
-244.055
-181.622
-240.813
-225.616
-186.118
-207.482
-197.319
-232.009
-237.945
-215.697
-235.027
-249.533
-179.545
-236.817
-239.954
-243.73
-228.077
-245.811
-230.697
-242.954
-182.414
-229.713
-189.315
-236.375
-222.918
-226.892
-135.927
-137.795
-129.314
-135.312
-230.936
-235.672
-191.7
-198.277
-224.726
-236.32
-219.703
-244.76
-230.305
-237.848
-234.712
-227.256
-233.785
-248.826
-222.468
-223.563
-232.041
-224.421
-227.712
-241.089
-219.936
-186.112
-232.453
-242.693
-216.522
-227.885
-248.725
-248.88
-226.415
-241.838
-167.985
-215.044
-249.503
-247.632
-228.802
-237.408
-151.81
-208.338
-237.299
-208.998
-202.786
-225.766
-203.242
-221.307
-240.426
-235.981
-240.886
-240.633
-197.177
-215.698
-228.976
-229.547
-247.822
-231.218
-194.954
-220.703
-240.866
-242.794
-166.661
-188.276
-232.837
-221.593
-228.171
-238.259
-227.741
-248.259
-243.619
-214.94
-168.745
-226.742
-209.076
-75.4498
-153.612
-228.382
-227.903
-210.899
-226.841
-227.542
-239.054
-208.336
-168.087
-199.865
-229.732
-173.258
-234.254
-233.924
-208.528
-184.657
-228.827
-151.777
-245.57
-163.961
-243.911
-202.319
-139.949
-197.476
-241.525
-246.923
-241.076
-210.198
-157.642
-236.648
-246.355
-193.416
-215.909
-241.96
-222.913
-173.335
-174.035
-245.035
-170.754
-244.588
-237.555
-180.892
-195.93
-243.685
-195.158
-227.308
-212.237
-222.891
-231.678
-232.818
-199.189
-237.296
-232.769
-129.147
-219.36
-237.449
-214.209
-238.126
-248.47
-202.745
-199.672
-219.39
-207.022
-226.122
-103.259
-118.685
-240.777
-212.008
-229.924
-219.578
-224.627
-193.024
-229.091
-240.773
-244.88
-234.715
-234.897
-221.233
-152.564
-230.828
-228.663
-185.518
-248.333
-241.212
-229.461
-217.343
-232.867
-227.596
-230.621
-241.138
-246.877
-234.566
-176.469
-229.879
-226.556
-177.966
-197.365
-235.302
-214.235
-235.485
-244.26
-215.772
-244.402
-221.443
-240.03
-243.735
-152.333
-197.391
-248.732
-200.398
-220.131
-223.455
-170.249
-187.541
-248.365
-189.215
-245.764
-238.69
-32.5716
-72.5792
-168.919
-226.359
-244.97
-205.239
-223.341
-212.705
-230.257
-246.677
-247.921
-242.461
-231.572
-219.823
-247.501
-249.231
-231.314
-249.467
-224.532
-222
-237.343
-248.519
-249.791
-245.563
-167.789
-238.203
-245.507
-224.221
-184.431
-217.923
-181.078
-162.153
-239.608
-240.426
-223.179
-210.057
-239.49
-233.358
-209.588
-225.808
-242.439
-196.347
-243.497
-217.775
-247.102
-249.415
-241.396
-242.49
-243.079
-202.759
-245.378
-169.177
-248.207
-206.64
-235.066
-214.938
-229.389
-244.316
-243.951
-229.586
-243.281
-193.34
-228.536
-216.035
-234.043
-212.685
-237.279
-243.599
-232.398
-188.256
-229.752
-213.73
-225.421
-140.585
-246.518
-189.187
-240.121
-217.179
-247.061
-222.105
-226.187
-246.341
-247.968
-246.017
-197.075
-197.937
-229.744
-230.316
-176.386
-222.762
-235.17
-244.197
-245.057
-202.623
-210.172
-249.049
-227.433
-246.397
-223.861
-231.725
-237.1
-212.131
-229.598
-241.138
-191.134
-220.621
-241.402
-223.822
-219.892
-228.367
-238.633
-222.306
-235.996
-185.026
-198.586
-227.081
-244.969
-215.881
-238.249
-208.615
-241.155
-228.563
-237.648
-219.799
-241.437
-248.036
-229.354
-149.65
-183.481
-190.794
-225.682
-226.06
-211.283
-224.118
-216.735
-164.569
-187.03
-248.632
-237.899
-219.021
-233.376
-230.932
-245.203
-245.277
-217.115
-245.932
-228.696
-246.9
-246.524
-201.092
-237.315
-230.201
-244.378
-180.098
-241.947
-190.206
-164.553
-55.6302
-223.195
-243.544
-222.641
-226.165
-237.584
-235.904
-247.984
-234.28
-243.599
-207.933
-220.631
-249.381
-241.664
-239.239
-205.113
-248.732
-233.173
-227.85
-220.597
-208.165
-238.574
-235.777
-246.795
-244.912
-167.753
-247.404
-226.893
-174.318
-238.047
-210.954
-228.119
-168.388
-197.205
-221.729
-230.589
-139.564
-213.966
-231.314
-248.158
-244.675
-231.908
-184.607
-241.541
-202.883
-191.07
-222.041
-130.925
-203.01
-128.638
-228.334
-244.673
-93.4473
-219.9
-222.255
-248.127
-228.152
-211.878
-221.339
-239.542
-233.41
-242.611
-226.402
-232.513
-246.065
-214.602
-229.703
-236.647
-245.907
-161.767
-232.344
-233.715
-249.867
-138.826
-207.924
-218.884
-235.068
-118.849
-187.997
-180.485
-238.885
-235.766
-234.379
-186.657
-244.395
-246.45
-222.27
-243.14
-249.909
-31.925
-208.429
-242.448
-220.989
-237.356
-245.187
-242.184
-223.218
-215.971
-248.255
-210.489
-231.246
-249.399
-199.336
-216.982
-221.951
-215.984
-179.163
-183.147
-234.372
-233.751
-239.204
-219.697
-247.624
-237.293
-191.089
-242.556
-222.631
-216.667
-241.133
-178.449
-180.13
-247.914
-249.791
-235.98
-144.92
-151.997
-242.411
-203.349
-235.386
-220.289
-236.062
-235.952
-227.132
-244.218
-151.93
-221.669
-244.372
-233.935
-247.457
-244.606
-214.859
-171.899
-184.845
-236.713
-210.483
-229.497
-181.216
-229.881
-242.479
-232.942
-227.901
-243.991
-237.817
-212.613
-232.617
-236.747
-186.853
-227.473
-226.618
-211.267
-238.578
-199.455
-237.599
-217.281
-173.756
-217.742
-245.374
-243.928
-233.787
-236.899
-244.224
-135.576
-201.529
-249.137
-245.92
-133.165
-237.156
-247.954
-220.046
-232.686
-244.868
-214.898
-241.645
-235.814
-191.156
-195.63
-227.839
-244.382
-209.764
-221.703
-169.732
-249.544
-243.719
-190.846
-218.135
-220.505
-180.884
-249.156
-234.954
-228.633
-243.796
-167.158
-242.449
-213.999
-249.59
-223.045
-225.032
-235.376
-238.863
-244.143
-236.339
-234.392
-153.278
-212.394
-233.381
-94.8189
-248.707
-236.017
-240.562
-200.682
-236.586
-248.501
-222.403
-240.376
-246.235
-235.787
-227.247
-245.821
-141.401
-227.519
-222.596
-247.281
-248.632
-236.438
-187.398
-233.591
-213.613
-237.481
-242.387
-205.344
-247.666
-236.1
-197.601
-229.93
-232.633
-235.8
-242.61
-247.27
-111.563
-199.724
-237.093
-170.295
-233.945
-238.162
-243.596
-159.411
-168.664
-183.914
-194.387
-228.316
-179.451
-224.315
-238.985
-219.146
-32.4734
-147.239
-246.418
-210.498
-221.753
-236.59
-248.204
-233.442
-116.175
-227.842
-177.08
-203.655
-208.256
-183.801
-214.977
-228.055
-181.864
-213.409
-249.209
-195.137
-246.542
-239.302
-62.7607
-240.26
-249.436
-249.105
-217.389
-238.688
-169.286
-249.854
-228.244
-233.586
-184.066
-222.653
-197.675
-248.653
-210.261
-219.925
-235.846
-243.24
-238.481
-159.03
-217.145
-238.18
-231.27
-229.908
-236.916
-200.009
-245.527
-239.306
-234.758
-217.975
-235.481
-217.299
-240.857
-226.6
-214.317
-213.201
-249.988
-235.74
-164.086
-172.262
-215.083
-224.754
-176.662
-223.772
-190.072
-205.759
-249.685
-244.057
-224.318
-177.64
-213.456
-155.098
-240.813
-219.945
-224.763
-235.91
-209.546
-221.557
-207.565
-182.414
-224.147
-248.941
-196.571
-210.108
-234.597
-96.0134
-162.869
-220.865
-130.917
-166.572
-202.265
-243.346
-210.397
-217.677
-231.515
-239.81
-169.978
-216.545
-235.966
-199.19
-235.053
-186.416
-151.43
-194.432
-153.024
-198.726
-180.882
-203.331
-216.207
-210.66
-246.545
-211.525
-245.729
-248.035
-172.547
-222.65
-229.67
-237.996
-240.43
-167.969
-247.561
-195.399
-249.192
-249.454
-222.991
-232.187
-215.684
-188.31
-226.687
-219.152
-191.356
-229.256
-226.86
-121.083
-123.06
-222.847
-227.822
-172.942
-167.456
-177.009
-230.671
-242.795
-234.855
-230.237
-194.884
-242.333
-166.964
-184.665
-238.311
-248.469
-245.993
-230.007
-180.775
-242.779
-214.522
-233.577
-214.928
-233.4
-218.456
-223.784
-234.617
-214.471
-241.102
-181.305
-244.139
-247.197
-231.331
-178.113
-206.954
-223.622
-237.775
-233.922
-246.353
-219.374
-225.744
-209.853
-232.371
-249.089
-236.551
-230.719
-179.23
-229.214
-162.801
-213.615
-225.699
-188.502
-244.281
-216.101
-212.586
-235.775
-196.133
-238.465
-207.369
-244.424
-212.872
-209.95
-180.4
-208.062
-246.996
-249.795
-161.969
-226.121
-223.398
-222.679
-244.351
-246.199
-199.05
-248.459
-213.254
-218.449
-140.085
-143.443
-236.717
-245.682
-238.879
-242.434
-245.751
-239.487
-189.75
-206.086
-220.73
-212.984
-249.756
-247.026
-246.379
-138.601
-236.713
-157.038
-205.579
-242.632
-248.831
-244.951
-199.419
-233.92
-213.14
-220.469
-232.236
-228.102
-235.046
-241.902
-246.287
-210.787
-190.261
-230.763
-248.863
-245.552
-247.217
-240.584
-211.941
-226.437
-210.162
-223.445
-225.667
-205.468
-247.559
-228.384
-233.383
-201.884
-196.348
-203.004
-245.641
-223.374
-237.773
-244.812
-216.577
-237.151
-242.922
-162.813
-190.238
-230.927
-246.819
-203.718
-215.849
-234.863
-246.863
-232.8
-147.65
-245.012
-229.543
-215.02
-227.57
-245.061
-200.131
-183.757
-193.597
-182.025
-237.868
-236.688
-220.667
-224.227
-134.015
-211.879
-146.984
-229.808
-246.61
-222.244
-235.17
-225.999
-248.173
-249.621
-141.565
-150.201
-153.712
-171.222
-248.091
-149.587
-170.712
-204.107
-219.549
-226.094
-235.152
-246.781
-244.406
-177.443
-204.488
-192.823
-236.651
-247.149
-249.713
-245.627
-156.305
-214.972
-228.177
-222.184
-227.51
-216.689
-247.806
-178.167
-206.811
-238.049
-217.78
-223.319
-212.086
-214.492
-219.784
-237.245
-227.764
-193.239
-152.014
-75.3961
-103.701
-123.411
-135.752
-242.923
-244.92
-241.444
-243.728
-210.376
-239.533
-181.598
-184.911
-231.276
-246.905
-228.476
-201.657
-238.351
-206.519
-154.981
-241.615
-233.907
-172.682
-208.277
-222.169
-249.06
-232.235
-244.898
-237.51
-228.396
-238.037
-244.345
-177.033
-249.887
-232.472
-248.374
-230.682
-219.636
-248.592
-238.08
-224.076
-246.029
-247.108
-248.041
-240.682
-130.748
-203.419
-210.881
-206.83
-238.817
-245.721
-179.475
-238.787
-240.744
-201.071
-222.84
-248.195
-189.516
-226.069
-222.063
-180.626
-230.788
-240.902
-231.293
-206.437
-99.038
-242.786
-246.258
-173.898
-215.645
-238.426
-226.239
-166.152
-209.435
-216.317
-201.527
-208.217
-233.346
-227.74
-247.794
-230.372
-241.7
-186.153
-231.795
-195.836
-247.381
-170.046
-194.737
-237.6
-242.308
-215.413
-227.199
-177.05
-168.897
-235.399
-246.498
-227.484
-232.519
-211.139
-227.75
-243.79
-229.544
-205.396
-243.563
-199.951
-233.71
-139.611
-167.307
-229.639
-249.621
-241.409
-216.258
-225.382
-213.808
-240.876
-222.979
-247.179
-239.36
-239.961
-241.558
-227.881
-236.484
-233.037
-234.67
-193.445
-233.129
-233.488
-239.304
-184.316
-229.824
-227.182
-192.186
-184.26
-187.1
-227.436
-236.796
-239.405
-221.818
-242.956
-234.243
-246.42
-181.568
-155.146
-211.673
-156.502
-249.07
-165.948
-172.527
-245.961
-247.976
-191.751
-248.934
-235.61
-242.923
-204.656
-248.84
-245.981
-226.683
-236.653
-151.844
-216.533
-229.897
-214.391
-193.973
-239.995
-221.162
-232.05
-195.053
-203.885
-237.174
-248.094
-212.655
-229.41
-225.954
-187.448
-197.882
-194.16
-226.078
-247.252
-249.881
-218.15
-247.938
-238.896
-223.461
-152.074
-248.901
-234.62
-233.761
-241.41
-248.64
-223.576
-233.581
-248.05
-241.153
-223.85
-249.785
-246.575
-101.217
-223.065
-230.453
-194.691
-235.331
-231.841
-191.666
-197.576
-237.889
-234.408
-236.818
-223.349
-155.72
-202.75
-163.163
-229.644
-139.286
-186.077
-210.015
-238.359
-193.749
-209
-235.657
-241.84
-246.293
-245.633
-230.867
-40.5005
-244.819
-248.037
-123.899
-226.74
-242.996
-231.445
-216.119
-234.119
-174.153
-186.796
-212.366
-232.622
-191.081
-227.145
-97.9113
-203.495
-187.635
-242.139
-244.297
-242.035
-247.516
-249.448
-232.891
-215.29
-230.578
-236.998
-214.836
-229.836
-249.879
-239.063
-162.117
-234.879
-222.19
-214.389
-232.192
-212.808
-209.669
-215.499
-234.301
-231.448
-233.785
-225.055
-242.496
-210.73
-212.397
-249.468
-235.911
-203.252
-83.3368
-169.146
-241.635
-247.136
-180.769
-236.905
-247.598
-235.841
-237.294
-241.67
-155.4
-233.867
-238.998
-228.162
-237.412
-202.156
-224.322
-242.494
-241.629
-100.997
-247.788
-197.267
-210.582
-213.005
-164.899
-221.623
-222.311
-245.217
-217.035
-240.164
-204.937
-233.839
-239.132
-247.792
-222.615
-143.726
-178.094
-234.83
-245.191
-240.563
-236.073
-245.586
-231.07
-73.1949
-205.882
-174.954
-227.65
-235.657
-248.077
-238.965
-211.69
-245.079
-190.893
-248.576
-222.227
-248.101
-245.748
-234.736
-245.78
-225.703
-222.064
-249.319
-238.658
-249.121
-241.811
-159.849
-249.762
-177.951
-233.647
-246.775
-247.372
-170.77
-243.119
-249.109
-230.493
-236.709
-216.492
-234.283
-221.957
-195.93
-175.923
-241.509
-197.077
-201.585
-231.088
-242.009
-232.204
-217.131
-228.865
-248.829
-245.18
-245.649
-150.432
-204.686
-236.83
-247.776
-229.095
-248.284
-248.516
-207.911
-240.556
-232.067
-182.189
-227.988
-217.711
-235.875
-229.141
-190.024
-229.807
-230.969
-234.661
-225.239
-220.921
-229.524
-209.625
-238.485
-181.467
-245.962
-203.765
-234.789
-211.683
-249.573
-142.777
-205.22
-224.706
-241.348
-240.733
-233.367
-209.995
-197.457
-236.639
-216.753
-224.966
-186.741
-229.606
-242.153
-241.785
-234.915
-247.372
-240.982
-194.245
-195.989
-204.751
-247.336
-190.309
-248.836
-230.233
-165.487
-241.888
-219.341
-247.536
-246.467
-239.81
-235.253
-244.725
-233.361
-221.94
-161.772
-159.433
-94.0324
-234.892
-226.568
-243.005
-222.844
-207.572
-233.708
-221.149
-241.408
-249.198
-226.707
-203.728
-210.545
-205.873
-225.793
-237.809
-235.885
-245.715
-199.381
-196.341
-246.343
-188.762
-249.602
-243.625
-203.143
-210.344
-248.123
-233.315
-228.981
-237.661
-154.58
-243.599
-246.918
-221.682
-226.168
-213.399
-228.971
-172.939
-247.946
-164.13
-243.877
-235.575
-238.562
-238.396
-232.782
-227.406
-231.871
-248.676
-227.984
-230.662
-215.109
-241.787
-222.544
-217.266
-222.437
-225.981
-219.794
-238.447
-234.602
-240.637
-223.543
-225.926
-214.968
-154.454
-159.985
-184.433
-185.805
-227.763
-212.029
-234.995
-215.256
-229.038
-239.383
-231.861
-203.539
-171.417
-191.732
-244.857
-241.937
-196.25
-212.147
-234.589
-184.936
-249.315
-224.379
-243.489
-220.972
-93.1999
-176.29
-175.322
-209.616
-224.946
-225.86
-249.532
-174.111
-188.871
-212.302
-211.852
-225.557
-213.492
-225.587
-234.103
-242.201
-247.541
-180.547
-202.909
-171.366
-211.543
-224.22
-182.178
-204.885
-241.187
-199.042
-226.245
-232.223
-235.366
-185.983
-225.501
-240.196
-173.56
-179.189
-245.276
-249.625
-222.104
-190.73
-233.643
-242.072
-231.438
-247.131
-223.723
-241.951
-245.411
-219.251
-235.327
-232.257
-196.361
-238.684
-233.603
-243.203
-239.611
-233.389
-208.313
-229.886
-238.818
-247.436
-89.8118
-235.916
-218.181
-206.675
-234.894
-245.68
-241.823
-203.119
-233.864
-246.499
-169.497
-229.174
-205.897
-242.525
-242.765
-233.117
-246.796
-216.597
-216.52
-233.674
-219.194
-208.177
-239.454
-238.956
-242.356
-242.404
-158.527
-212.431
-233.429
-207.049
-230.847
-229.927
-244.018
-227.496
-225.011
-228.509
-204.667
-220.282
-224.636
-218.677
-246.663
-222.38
-224.722
-181.993
-176.349
-237.214
-249.021
-199.151
-130.832
-244.544
-241.211
-208.268
-176.721
-147.261
-154.004
-181.544
-187.417
-249.404
-237.869
-233.806
-202.94
-237.574
-247.322
-241.471
-243.852
-238.314
-244.199
-248.687
-247.231
-205.404
-226.847
-244.677
-225.773
-233.712
-237.768
-247.216
-228.064
-217.526
-154.952
-168.021
-238.094
-215.311
-246.139
-243.709
-242.272
-239.798
-223.067
-242.275
-241.872
-215.673
-246.653
-232.326
-214.352
-238.544
-215.302
-237.976
-203.875
-213.127
-211.378
-157.07
-237.036
-209.117
-232.686
-187.027
-217.984
-207.27
-248.408
-241.062
-127.441
-222.926
-243.384
-227.997
-246.543
-248.26
-204.149
-235.751
-243.061
-247.505
-208.302
-221.926
-239.325
-246.202
-149.347
-167.399
-241.092
-249.073
-214.595
-198.866
-246.023
-235.758
-159.912
-215.411
-193.776
-220.009
-217.319
-214.792
-243.628
-205.745
-216.394
-199.122
-215.273
-216.018
-169.643
-220.299
-243.96
-231.779
-159.442
-204.634
-237.18
-232.302
-227.536
-243.016
-245.104
-234.839
-240.088
-216.139
-165.321
-239.012
-187.957
-156.92
-242.096
-247.096
-242.019
-150.377
-249.442
-237.075
-240.505
-233.831
-215.019
-230.917
-214.493
-232.974
-241.692
-238.648
-112.08
-165.191
-215.493
-190.823
-226.907
-249.97
-200.433
-204.016
-228.643
-249.323
-186.638
-240.416
-224.804
-190.045
-234.162
-231.536
-207.391
-242.01
-239.069
-240.743
-219.948
-202.53
-241.414
-242.425
-240.339
-245.38
-245.044
-227.603
-168.487
-243.082
-236.01
-247.742
-228.017
-233.086
-188.184
-211.901
-237.628
-199.795
-232.524
-236.148
-246.782
-219.369
-232.803
-217.838
-225.193
-249.686
-222.24
-227.128
-214.946
-236.834
-210.77
-213.503
-246.099
-141.404
-191.384
-219.738
-228.639
-231.64
-241.218
-234.601
-249.954
-236.532
-242.78
-207.984
-215.478
-242.176
-244.632
-243.351
-219.247
-234.765
-242.961
-208.034
-224.97
-196.583
-223.118
-246.754
-229.659
-228.14
-210.429
-234.315
-228.864
-218.137
-244.602
-225.073
-235.135
-179.348
-232.564
-213.342
-239.642
-202.253
-240.531
-161.836
-216.831
-234.886
-249.823
-248.477
-248.251
-237.264
-228.115
-224.24
-218.623
-249.918
-235.412
-124.706
-150.9
-195.225
-221.615
-246.964
-196.315
-220.065
-214.92
-194.054
-244.267
-165.711
-222.644
-138.484
-231.688
-249.113
-249.01
-198.816
-240.824
-233.155
-239.858
-246.414
-211.392
-237.645
-231.578
-243.694
-176.498
-244.085
-227.989
-235.679
-242.974
-154.679
-139.809
-210.093
-192.138
-247.166
-243.902
-220.52
-240.86
-246.443
-231.255
-235.655
-184.362
-222.443
-215.032
-208.47
-233.498
-224.076
-240.323
-234.082
-246.137
-230.98
-129.303
-249.293
-194.269
-244.058
-245.302
-246.987
-230.52
-232.839
-160.798
-210.161
-246.692
-209.129
-241.037
-247.668
-122.738
-132.838
-244.585
-248.905
-234.478
-224.418
-227.011
-237.211
-229.94
-223.277
-224.793
-237.39
-209.061
-240.188
-235.931
-239.209
-225.273
-239.419
-218.921
-237.336
-208.24
-240.977
-245.585
-220.477
-227.212
-181.753
-187.397
-204.803
-247.363
-183.523
-243.072
-236.953
-246.94
-233.599
-230.868
-235.51
-191.99
-234.712
-222.782
-230.426
-202.442
-236.369
-237.048
-224.57
-247.459
-206.227
-209.809
-225.51
-219.24
-232.349
-241.288
-240.611
-245.683
-240.025
-188.14
-249.858
-239.031
-228.606
-199.671
-222.986
-225.23
-197.039
-248.005
-248.288
-194.568
-234.785
-196.427
-223.78
-182.69
-243.408
-161.603
-180.802
-232.228
-215.803
-241.53
-244.441
-197.251
-223.016
-199.399
-187.092
-212.325
-165.474
-219.45
-245.894
-209.638
-126.071
-239.805
-249.036
-231.731
-249.937
-214.462
-208.23
-201.639
-191.273
-70.1337
-182.457
-182.848
-231.49
-246.601
-206.859
-245.674
-206.016
-240.387
-15.4899
-134.926
-168.828
-174.058
-246.339
-209.272
-219.672
-248.62
-199.734
-223.723
-244.64
-226.482
-248.438
-242.779
-228.947
-94.3678
-239.813
-229.59
-212.544
-236.084
-230.799
-242.564
-240.74
-229.242
-150.231
-152.08
-202.963
-124.934
-166.376
-182.364
-196.273
-233.331
-248.131
-218.899
-215.093
-222.937
-247.409
-212.047
-220.546
-233.942
-170.824
-232.577
-71.6934
-246.626
-226.465
-247.675
-220.198
-209.299
-218.388
-248.701
-239.83
-241.358
-223.775
-213.367
-214.616
-247.128
-235.62
-234.73
-231.862
-213.478
-207.92
-244.181
-242.096
-249.666
-193.661
-226
-247.175
-242.431
-240.179
-231.914
-188.773
-244.387
-246.437
-240.593
-240.614
-241.561
-220.128
-238.41
-248.992
-219.478
-197.215
-239.557
-174.167
-222.156
-223.167
-229.811
-231.899
-222.849
-208.655
-242.517
-220.223
-247.564
-196.62
-246.477
-171.677
-177.041
-247.787
-194.691
-158.893
-161.008
-238.255
-246.018
-202.416
-146.103
-221.797
-244.155
-239.789
-242.079
-170.281
-193.306
-223.712
-233.418
-234.157
-182.632
-216.766
-165.621
-205.361
-218
-236.661
-118.54
-229.085
-235.564
-241.28
-249.852
-236.145
-249.246
-194.809
-134.964
-141.993
-161.696
-242.957
-230.744
-215.391
-189.617
-212.235
-220.469
-249.818
-214.781
-219.826
-239.09
-207.61
-229.466
-246.071
-221.665
-244.259
-246.661
-107.001
-241.569
-186.596
-233.8
-181.179
-230.391
-194.694
-225.138
-127.13
-169.874
-225.471
-225.278
-233.283
-143.527
-207.35
-202.357
-198.51
-233.305
-216.779
-246.452
-238.238
-244.087
-210.398
-223.244
-244.219
-217.431
-149.776
-166.753
-189.021
-246.183
-234.411
-209.356
-236.309
-234.427
-239.582
-237.928
-232.934
-233.282
-245.889
-217.032
-247.826
-249.464
-208.939
-237.673
-192.082
-248.726
-249.06
-230.532
-230.831
-240.585
-221.818
-218.579
-249.865
-242.896
-247.059
-204.359
-244.635
-237.282
-208.553
-186.281
-238.696
-248.692
-234.321
-211.277
-231.579
-209.537
-234.999
-168.981
-240.793
-242.791
-232.234
-245.726
-240.294
-207.308
-249.069
-247.915
-241.387
-196.189
-130.394
-189.988
-163.933
-230.641
-108.856
-205.293
-212.261
-210.805
-121.851
-157.535
-178.403
-249.095
-246.495
-219.117
-223.837
-240.154
-243.118
-8.06144
-249.562
-246.693
-150.777
-234.833
-249.845
-246.809
-248.135
-188.725
-227.334
-240.633
-245.428
-248.387
-230.431
-205.039
-229.374
-233.919
-248.475
-90.0159
-235.42
-247.008
-247.038
-46.3997
-242.337
-234.251
-192.701
-221.962
-239.89
-211.789
-200.68
-91.3713
-113.814
-222.431
-246.837
-228.203
-181.846
-226.363
-242.605
-132.069
-227.91
-233.641
-232.542
-246.667
-242.282
-235.438
-219.688
-241.186
-239.749
-204.448
-229.874
-215.017
-248.929
-249.962
-246.563
-166.68
-225.438
-220.975
-239.06
-230.097
-206.202
-239.613
-219.267
-213.323
-178.493
-245.267
-236.077
-219.021
-226.258
-239.247
-249.281
-231.087
-202.822
-209.274
-221.873
-239.354
-229.754
-235.723
-214.567
-216.667
-217.093
-232.562
-238.044
-211.528
-235.209
-248.877
-202.663
-214.701
-201.852
-240.883
-212.125
-185.288
-211.307
-206.933
-248.78
-234.708
-167.319
-175.112
-246.405
-246.684
-191.321
-197.465
-235.209
-164.032
-224.147
-239.293
-147.479
-190.061
-245.517
-249.418
-238.598
-229.763
-200.522
-222.145
-161.126
-173.81
-185.704
-190.048
-201.727
-165.863
-192.33
-225.174
-233.556
-114.568
-215.054
-217.816
-236.046
-146.159
-170.681
-207.671
-237.493
-195.088
-214.519
-216.03
-236.97
-74.1343
-141.124
-243.929
-241.553
-201.949
-230.667
-155.683
-239.256
-201.081
-213.89
-202.484
-246.002
-224.856
-238.805
-202.739
-197.965
-245.841
-232.681
-247.658
-218.223
-221.497
-204.367
-228.482
-241.684
-215.703
-245.453
-248.012
-236.742
-229.173
-202.298
-212.133
-230.82
-195.832
-215.045
-203.352
-213.252
-238.556
-216.201
-237.632
-210.372
-211.842
-245.683
-249.806
-180.241
-203.362
-152.284
-219.294
-228.389
-246.309
-238.117
-163.803
-248.453
-222.284
-235.444
-229.54
-242.754
-196.373
-218.488
-137.926
-247.396
-236.248
-104.337
-230.338
-231.223
-226.504
-235.608
-240.434
-161.412
-239.677
-164.055
-231.423
-229.716
-231.892
-214.204
-141.724
-166.122
-137.783
-171.384
-202.158
-211.027
-213.937
-233.792
-213.272
-192.616
-201.837
-235.808
-239.674
-230.881
-119.482
-235.449
-217.354
-220.475
-230.643
-245.917
-243.311
-241.075
-230.286
-236.54
-194.121
-240.843
-134.428
-173.715
-185.269
-227.448
-189.696
-217.561
-169.779
-214.092
-191.17
-200.306
-223.696
-229.683
-244.802
-210.887
-146.313
-194.129
-215.961
-236.558
-194.614
-233.259
-244.402
-228.912
-215.393
-212.346
-204.035
-231.984
-239.928
-221.793
-246.058
-248.72
-231.446
-226.762
-246.027
-249.318
-244.342
-143.652
-244.98
-169.416
-205.656
-231.366
-245.412
-204.31
-214.557
-245.007
-246.596
-197.751
-214.423
-210.376
-241.665
-243.457
-225.895
-247.601
-248.894
-233.171
-243.63
-245.328
-244.966
-231.303
-246.594
-206.596
-140.098
-247.099
-220.411
-167.996
-242.148
-135.561
-246.653
-242.838
-233.49
-168.835
-169.978
-232.863
-122.164
-201.906
-232.941
-234.3
-236.069
-202.657
-222.7
-246.567
-236.839
-241.924
-223.139
-234.992
-247.291
-235.123
-231.309
-145.882
-229.685
-209.337
-146.069
-246.985
-239.125
-163.041
-246.458
-229.908
-200.411
-240.482
-238.71
-219.882
-224.712
-229.231
-242.663
-244.965
-223.885
-98.6235
-144.068
-241.166
-232.054
-235.994
-237.705
-232.549
-241.402
-220.101
-208.999
-222.474
-233.474
-235.914
-195.701
-238.978
-231.64
-205.139
-148.603
-173.405
-245.654
-246.194
-235.864
-172.283
-182.276
-236.395
-229.104
-223.546
-245.238
-239.103
-246.592
-244.479
-203.658
-247.954
-182.087
-246.558
-214.937
-208.195
-249.511
-223.468
-205.265
-211.227
-200.235
-221.209
-218.665
-155.722
-170.855
-176.708
-203.302
-228.548
-248.115
-230.167
-204.541
-243.628
-235.472
-239.121
-132.08
-153.541
-201.232
-170.731
-238.6
-240.189
37.2821
25.5565
-155.538
-232.505
-224.578
-247.585
-246.262
-248.172
-243.362
-244.486
-195.835
-248
-185.794
-194.715
-224.195
-238.253
-225.677
-224.844
-185.703
-127.273
-246.169
-244.144
-195.671
-219.17
-241.633
-237.339
-149.111
-236.317
-143.172
-165.954
-162.52
-231.028
-247.236
-240.025
-241.21
-240.209
-206.715
-241.989
-218.951
-234.433
-207.412
-235.862
-224.149
-225.348
-224.089
-192.024
-242.172
-246.043
-234.578
-154.34
-193.25
-219.221
-231.719
-243.638
-244.41
-247.789
-234.377
-233.151
-224.016
-201.577
-243.836
-227.235
-223.827
-237.339
-241.189
-245.019
-241.937
-248.027
-229.553
-246.798
-220.071
-203.132
-209.373
-190.1
-231.336
-78.807
-226.887
-191.879
-166.297
-218.269
-228.911
-224.253
-210.383
-217.988
-224.289
-239.465
-221.456
-229.727
-232.282
-216.894
-238.083
-176.556
-127.251
-231.848
-233.517
-233.622
-229.62
-230.838
-215.803
-235.891
-215.533
-205.667
-246.817
-243.467
-243.516
-173.317
-168.693
-187.222
-245.809
-245.402
-238.856
-197.129
-221.616
-146.044
-194.953
-247.093
-157.884
-214.953
-203.567
-239.976
-245.396
-242.198
-192.097
-218.436
-249.597
-225.964
-187.001
-233.881
-152.722
-237.139
-248.936
-133.783
-222.532
-245.445
-191.426
-212.294
-214.234
-248.772
-222.221
-244.884
-247.038
-217.547
-207.043
-226.181
-238.464
-105.759
-234.623
-244.972
-243.651
-235.005
-239.874
-248.594
-217.87
-224.143
-223.168
-239.225
-231.898
-234.056
-241.93
-239.756
-148.261
-217.004
-236.079
-206.692
-221.177
-196.083
-240.345
-168.409
-227.995
-202.295
-242.555
-209.33
-213.832
-197.452
-246.227
-198.758
-231.285
-155.735
-197.153
-223.541
-232.984
-215.301
-247.534
-225.228
-235.522
-183.954
-223.938
-230.222
-232.894
-203.508
-170.972
-191.893
-182.606
-159.338
-205.328
-230.192
-244.955
-239.591
-201.686
-239.839
-245.747
-220.546
-195.159
-221.674
-221.212
-237.492
-223.615
-233.122
-205.701
-242.149
-244.616
-248.748
-216.333
-167.118
-248.279
-236.809
-236.085
-60.596
-83.1683
-233.979
-217.595
-200.066
-236.523
-191.312
-239.736
-220.491
-242.479
-247.84
-225.304
-249.691
-84.7409
-165.183
-193.685
-225.784
-233.096
-249.881
-233.56
-221.12
-243.271
-184.814
-248.143
-237.818
-230.715
-99.4934
-230.978
-219.873
-232.19
-245.697
-242.55
-231.981
-185.595
-239.593
-239.823
-191.566
-200.24
-215.727
-210.181
-244.13
-232.594
-103.798
-139.452
-218.119
-218.498
-228.715
-246.881
-239.56
-149.001
-223.51
-199.547
-225.494
-234.894
-247.691
-231.698
-233.093
-222.329
-223.908
-247.057
-205.995
-249.749
-243.231
-204.553
-204.165
-241.627
-237.318
-247.858
-142.574
-137.308
-153.54
-240.383
-175.812
-229.867
-243.352
-214.072
-220.049
-221.521
-244.402
-164.335
-249.411
-205.485
-202.449
-178.704
-244.947
-206.822
-233.156
-226.78
-244.362
-224.954
-131.635
-203.349
-245.339
-248.167
-241.905
-74.3989
-102.831
-141.022
-166.38
-240.952
-184.8
-205.264
-247.582
-185.494
-238.155
-247.767
-249.431
-213.592
-242.218
-188.641
-230.336
-237.916
-168.117
-213.082
-189.021
-233.806
-235.799
-244.228
-238.854
-228.232
-239.179
-228.195
-232.69
-213.916
-216.794
-239.62
-238.638
-213.44
-242.528
-229.223
-248.23
-228.881
-167.688
-236.253
-196.331
-198.279
-198.579
-209.991
-233.456
-245.622
-242.369
-245.71
-243.254
-215.997
-227.985
-239.362
-232.562
-228.028
-223.81
-220.855
-221.394
-245.96
-243.761
-248.571
-227.382
-245.993
-229.475
-241.508
-241.855
-146.698
-236.731
-209.629
-232.46
-216.148
-243.185
-240.336
-244.756
-231.015
-239.812
-229.005
-231.706
-222.847
-248.601
-218.34
-225.122
-248.936
-226.948
-246.209
-186.769
-139.379
-242.49
-166.675
-238.833
-247.813
-181.559
-240.525
-221.651
-222.868
-219.056
-146.452
-190.879
-212.852
-227.069
-238.332
-191.503
-232.165
-116.53
-175.954
-212.794
-214.491
-206.976
-71.1591
-143.822
-181.538
-181.494
-239.153
-231.416
-193.654
-220.695
-221.773
-205.974
-218.692
-177.065
-220.538
-227.492
-190.66
-216.599
-177.887
-200.334
-227.426
-246.74
-231.233
-182.723
-219.312
-177.713
-175.383
-186.575
-202.665
-247.5
-246.814
-198.763
-245.079
-184.089
-178.486
-223.897
-153.38
-242.338
-234.783
-214.219
-229.097
-216.057
-207.309
-236.36
-186.756
-223.319
-242.355
-138.688
-244.384
-242.046
-210.186
-238.687
-238.492
-225.097
-193.219
-231.54
-235.251
-243.173
-205.347
-188.855
-245.157
-217.048
-243.334
-239.125
-161.093
-240.6
-239.968
-202.729
-223.92
-164.248
-246.443
-219.706
-220.547
-248.474
-187.796
-234.22
-218.752
-247.453
-228.027
-246.52
-242.899
-243.267
-242.077
-221.27
-238.433
-86.7291
-111.239
-246.956
-240.967
-220.915
-205.602
-242.24
-236.219
-169.525
-237.184
-242.131
-237.629
-240.472
-199.839
-242.153
-223.474
-204.43
-232.211
-239.989
-239.684
-238.141
-217.856
-224.744
-248.466
-177.795
-218.969
-234.3
-187.87
-220.741
-230.15
-237.992
-221.417
-241.91
-139.054
-220.543
-205.532
-136.037
-240.313
-218.321
-160.834
-173.269
-235.146
-241.542
-246.443
-248.766
-249.625
-243.048
-155.401
-156.708
-199.472
-198.487
-226.904
-243.288
-247.373
-235.382
-213.777
-201.442
-228.113
-207.571
-248.78
-249.055
-223.263
-232.896
-217.311
-230.426
-207.854
-208.047
-217.835
-221.765
-249.401
-227.495
-237.425
-205.443
-225.749
-211.367
-185.659
-196.67
-214.411
-234.763
-239.907
-201.799
-217.933
-248.281
-247.778
-247.276
-231.652
-167.78
-222.619
-225.194
-167.586
-176.072
-239.59
-175.484
-220.613
-247.106
-160.583
-160.905
-224.409
-180.357
-217.584
-174.631
-179.221
-175.168
-240.797
-226.822
-217.566
-206.977
-220.579
-227.658
-245.535
-247.63
-226.421
-243.473
-220.447
-241.41
-242.146
-158.648
-243.74
-192.718
-207.208
-226.669
-249.81
-124.816
-235.713
-219.374
-244.74
-224.555
-188.036
-249.716
-213.996
-233.418
-244.558
-230.544
-213.01
-197.137
-131.988
-195.009
-248.751
-248.156
-212.087
-247.369
-216.49
-214.265
-249.353
-167.709
-245.965
-196.026
-236.498
-234.641
-230.815
-231.366
-222.876
-217.989
-248.207
-246.027
-235.726
-175.62
-196.035
-232.715
-247.537
-249.592
-227.011
-212.701
-228.75
-222.972
-245.786
-227.62
-244.017
-236.036
-219.238
-244.517
-231.268
-237.027
-190.506
-239.624
-237.815
-175.229
-201.782
-179.489
-230.843
-238.876
-241.011
-241.668
-244.271
-247.652
-235.006
-243.444
-185.832
-163.857
-176.721
-224.102
-224.612
-244.017
-249.662
-232.464
-245.196
-226.147
-235.149
-224.568
-199.564
-222.283
-190.886
-197.375
-183.816
-229.953
-240.634
-232.027
-247.876
-243.308
-221.413
-224.399
-238.153
-246.607
-240.651
-232.278
-237.712
-236.506
-162.891
-248.824
-207.032
-236.609
-197.274
-240.949
-229.191
-234.041
-241.984
-248.179
-243.707
-227.474
-241.819
-244.232
-249.56
-212.78
-202.203
-217.592
-195.878
-166.881
-227.952
-216.928
-178.804
-217.568
-231.737
-246.119
-214.782
-229.198
-225.119
-207.187
-223.101
-240.256
-197.551
-214.72
-219.193
-237.271
-247.645
-245.345
-238.41
-180.43
-223.118
-204.903
-247.512
-229.058
-246.155
-224.517
-225.964
-156.124
-225.466
-223.404
-216.424
-209.287
-199.78
-229.436
-234.625
-232.034
-183.866
-195.25
-101.327
-235.769
-248.601
-202.827
-236.1
-247.461
-203.596
-209.786
-215.892
-233.687
-185.043
-228.135
-200.853
-160.904
-193.866
-242.095
-163.301
-220.911
-238.965
-215.756
-217.603
-239.816
-245.1
-178.762
-232.484
-247.015
-238.455
-166.873
-237.042
-188.101
-241.965
-245.309
-206.426
-170.34
-210.926
-221.466
-127.015
-227.696
-206.049
-246.825
-244.804
-220.662
-245.139
-232.03
-226.665
-184.265
-220.718
-240.793
-227.266
-233.137
-213.733
-237.183
-202.81
-222.186
-235.249
-238.944
-244.405
-207.876
-244.495
-220.78
-230.665
-192.959
-225.001
-241.993
-248.504
-233.974
-185.547
-218.812
-225.085
-238.802
-244.011
-195.183
-154.93
-242.866
-136.328
-141.967
-162.89
-172.495
-235.62
-232.801
-244.147
-242.397
-228.859
-196.914
-229.204
-222.298
-242.828
-243.483
-211.743
-239.848
-189.504
-221.213
-241.438
-220.984
-243.76
-229.182
-220.031
-237.766
-233.129
-131.578
-228.682
-194.945
-215.492
-225.411
-220.348
-233.059
-232.899
-238.874
-244.531
-236.703
-197.992
-224.807
-231.024
-202.207
-229.226
-233.227
-242.834
-167.65
-229.623
-245.049
-194.658
-202.898
-230.395
-236.376
-236.206
-221.247
-239.019
-243.908
-247.07
-229.187
-181.229
-238.242
-233.511
-197.253
-200.072
-241.637
-211.267
-238.562
-181.448
-229.879
-247.116
-127.149
-240.412
-152.02
-167.15
-244.203
-214.835
-238.731
-238.685
-196.633
-167.232
-219.785
-173.108
-223.17
-237.52
-223.185
-243.526
-247.343
-191.565
-236.665
-245.004
-144.886
-205.186
-203.024
-249.358
-202.554
-245.452
-237.975
-206.38
-188.656
-204.731
-238.825
-235.354
-249.912
-203.306
-249.874
-200.215
-246.114
-187.884
-227.572
-227.086
-221.334
-211.703
-201.344
-234.125
-209.79
-212.177
-140.509
-245.287
-198.9
-237.639
-231.228
-247.66
-208.37
-217.887
-247.063
-249.626
-199.593
-246.653
-216.903
-152.725
-232.867
-225.209
-236.383
-218.29
-229.658
-240.18
-231.507
-228.694
-245.218
-240.951
-230.929
-245.919
-237.587
-231.148
-185.261
-204.63
-242.937
-215.554
-244.919
-237.936
-241.329
-230.406
-241.604
-131.046
-196.047
-236.123
-186.594
-206.196
-239.817
-230.749
-248.331
-122.919
-245.553
-249.845
-237.496
-249.804
-240.603
-189.578
-233.087
-227.117
-217.053
-205.608
-245.251
-168.986
-239.051
-223.156
-168.89
-246.399
-242.319
-211.452
-245.281
-191.773
-234.397
-240.827
-236.998
-239.302
-183.756
-217.949
-204.596
-245.247
-238.088
-244.804
-217.744
-240.384
-231.821
-247.007
-161.174
-242.27
-195.095
-44.4146
-224.799
-198.647
-241.454
-215.779
-238.023
-220.566
-245.62
-227.87
-192.466
-205.693
-234.619
-243.951
-249.13
-209.957
-245.742
-223.497
-208.487
-231.445
-231.866
-247.248
-182.871
-225.367
-249.844
-237.432
-190.82
-209.697
-244.496
-241.313
-162.464
-191.464
-242.971
-204.123
-218.299
-221.454
-228.451
-235.841
-244.664
-239.956
-228.37
-235.942
-246.782
-225.419
-225.888
-182.38
-231.579
-222.342
-249.869
-213.549
-222.913
-232.755
-227.397
-199.519
-224.388
-235.704
-207.319
-209.469
-178.713
-199.132
-236.065
-244.336
-201.659
-247.529
-248.087
-228.236
-241.949
-228.902
-227.87
-175.931
-161.882
-188.543
-246.273
-221.941
-182.08
-245.081
-223.84
-224.358
-236.964
-243.829
-202.232
-232.249
-247.629
-238.966
-235.469
-231.931
-245.986
-247.956
-244.897
-249.614
-243.997
-174.754
-223.755
-223.543
-189.122
-198.848
-235.012
-215.956
-218.948
-134.877
-183.219
-192.037
-210.888
-235.237
-194.048
-191.154
-211.769
-220.886
-208.596
-242.106
-198.279
-221.542
-231.281
-243.714
-244.442
-227.619
-242.205
-206.735
-239.897
-234.062
-212.557
-234.224
-229.58
-235.751
-248.317
-231.003
-185.397
-235.706
-192.994
-194.468
-194.704
-206.447
-246.479
-238.442
-237.255
-224.571
-243.847
-227.419
-238.847
-231.321
-242.961
-246.429
-237.303
-240.506
-179.021
-245.143
-212.356
-237.191
-156.494
-161.2
-198.116
-203.298
-198.172
-236.693
-237.526
-239.179
-146.001
-221.11
-204.911
-228.434
-218.817
-225.436
-193.57
-237.462
-196.57
-208.955
-235.095
-239.379
-222.105
-193.899
-234.078
-194.657
-204.772
-206.288
-226.038
-135.434
-175.772
-244.022
-246.748
-119.842
-218.945
-194.264
-245.615
-194.705
-235.23
-229.495
-135.863
-150.987
-182.747
-218.449
-196.867
-244.833
-237.938
-240
-241.347
-231.489
-220.18
-173.271
-243.096
-237.162
-239.686
-240.476
-243.641
-130.439
-201.877
-231.921
-246.314
-184.152
-213.348
-243.114
-186.208
-202.696
-232.511
-235.248
-214.555
-246.11
-191.153
-222.942
-202.913
-225.774
-226.4
-232.378
-184.227
-224.245
-233.854
-232.14
-233.1
-234.088
-238.013
-243.877
-160.47
-247.788
-231.006
-154.842
-220.256
-230.528
-231.116
-228.771
-57.4509
-120.705
-249.011
-189.166
-244.968
-239.279
-248.753
-219.112
-249.999
-244.39
-247.303
-248.988
-229.349
-225.509
-233.177
-237.255
-234.111
-235.638
-192.377
-239.891
-130.152
-165.514
-205.186
-243.242
-233.308
-248.15
-152.65
-229.226
-248.24
-219.868
-228.722
-249.477
-247.703
-218.899
-249.248
-245.733
-215.074
-242.737
-239.147
-230.942
-245.253
-200.119
-191.737
-206.367
-217.193
-243.312
-140.757
-239.529
-216.182
-220.538
-236.925
-239.977
-233.204
-212.017
-204.816
-245.93
-175.506
-244.075
-191.863
-227.061
-204.256
-93.6024
-120.181
-203.643
-216.588
-225.959
-235.781
-106.403
-249.251
-228.637
-174.745
-231.344
-248.218
-242.483
-222.636
-111.955
-248.729
-157.903
-161.468
-230.63
-248.593
-222.929
-227.747
-139.243
-247.53
-234.863
-224.755
-236.627
-220.594
-229.348
-209.605
-215.311
-241.163
-199.947
-206.373
-226.816
-238.847
-247.913
-238.298
-236.349
-238.707
-241.602
-226.783
-229.605
-235.23
-241.931
-209.732
-218.692
-225.446
-234.607
-202.323
-241.177
-229.486
-249.069
-176.744
-217.396
-225.346
-241.37
-247.643
-230.074
-234.245
-242.637
-244.983
-194.497
-206.44
-194.95
-245.718
-244.706
-240.1
-179.401
-247.408
-243.646
-193.037
-243.19
-233.801
-241.098
-205.273
-132.02
-182.494
-246.28
-238.385
-192.497
-245.085
-228.081
-245.995
-240.648
-209.015
-219.012
-202.857
-193.609
-188.181
-195.455
-226.633
-216.228
-245.002
-248.388
-246.199
-247.882
-192.064
-224.387
-237.555
-186.05
-185.044
-233.772
-235.369
-228.188
-235.825
-248.253
-237.391
-218.967
-245.417
-249.024
-154.896
-200.502
-119.923
-170.809
-243.367
-247.532
-198.89
-230.578
-196.372
-209.094
-189.493
-248.682
-220.572
-228.311
-123.904
-233.472
-246.042
-210.782
-201.07
-248.362
-229.212
-174.732
-181.973
-242.038
-226.409
-208.435
-244.424
-247.295
-217.3
-150.149
-236.935
-190.062
-149.164
-181.404
-245.061
-216.344
-227.669
-230.465
-202.019
-93.7588
-238.485
-219.023
-246.778
-198.575
-230.781
-249.632
-221.072
-240.583
-216.502
-238.371
-135.455
-138.726
-204.17
-207.532
-243.456
-239.546
-246.07
-209.45
-239.932
-183.74
-224.576
-233.757
-150.936
-222.784
-231.553
-186.338
-172.551
-184.959
-239.216
-244.099
-245.53
-212.411
-238.729
-239.136
-224.102
-241.736
-215.499
-187.612
-230.153
-169.922
-159.035
-185.597
-229.493
-232.581
-239.905
-214.085
-248.86
-238.874
-237.281
-173.758
-243.865
-248.38
-221.639
-214.691
-109.329
-231.733
-200.402
-202.168
-247.221
-231.36
-212.12
-170.795
-152.21
-204.331
-229.826
-232.836
-235.434
-207.212
-204.786
-230.98
-245.035
-241.574
-244.889
-216.819
-191.214
-196.141
-219.228
-174.304
-182.191
-237.183
-176.815
-239.429
-233.609
-247.717
-232.659
-244.023
-217.274
-214.561
-215.414
-233.011
-228.747
-234.09
-218.932
-214.024
-242.692
-218.874
-247.359
-216.904
-224.759
-219.753
-195.098
-198.086
-247.154
-191.791
-219.391
-152.12
-202.929
-236.122
-234.3
-241.187
-240.203
-247.436
-213.714
-243.891
-221.38
-133.016
-172.821
-248.02
-246.331
-241.356
-185.146
-228.428
-249.303
-231.058
-185.268
-231.68
-225.319
-216.519
-116.703
-164.804
-243.451
-161.597
-129.578
-199.165
-231.39
-243.136
-180.51
-232.706
-237.429
-230.893
-195.344
-243.592
-201.047
-205.542
-246.766
-222.852
-215.434
-195.231
-241.089
-242.978
-237.825
-243.73
-238.41
-241.394
-246.285
-172.259
-181.417
-207.23
-218.314
-192.203
-201.872
-248.023
-168.805
-247.525
-233.723
-203.353
-219.237
-238.831
-242.005
-230.318
-233.725
-225.648
-205.662
-158.027
-209.959
-200.633
-219.632
-243.412
-236.381
-242.628
-242.418
-233.31
-240.328
-225.803
-122.898
-129.61
-130.786
-233.988
-243.254
-168.903
-212.404
-242.829
-209.564
-248.567
-238.608
-244.235
-162.647
-200.61
-226.159
-243.287
-247.597
-199.402
-241.409
-215.878
-237.163
-225.211
-229.3
-247.406
-241.184
-190.805
-206.627
-194.95
-247.091
-235.175
-248.992
-236.144
-237.882
-203.057
-243.365
-212.947
-248.595
-226.161
-216.396
-219.484
-220.593
-247.051
-238.692
-227.372
-227.399
-209.039
-218.166
-244.254
-235.271
-237.761
-232.603
-236.163
-249.97
-228.589
-186.629
-240.441
-234.997
-249.489
