1.24502
0.419885
2.34647
0.396994
0.689613
1.08173
0.20426
3.6843
0.133476
0.507317
0.606892
0.316482
1.30953
0.410592
0.230558
0.346029
2.52204
0.399782
7.23598
8.0406
0.285371
0.114417
7.2783
0.311936
0.108724
0.210928
0.625942
4.06274
0.320242
1.30352
0.131578
0.244966
0.285915
0.554336
0.470664
0.148626
0.560111
0.550744
0.785644
0.122248
2.10532
0.162099
1.01316
0.72499
0.552313
1.30175
3.92293
11.2574
3.36596
0.127138
0.198906
0.267986
1.83271
0.192783
1.26958
0.3801
0.237408
0.212354
0.108126
0.167631
0.359949
0.203355
0.104934
0.551252
30.3569
20.3647
0.209517
0.533953
0.609469
0.180361
0.160974
7.01291
0.16728
0.131982
0.335174
0.649149
0.469039
2.3835
1.60655
1.43879
5.84089
0.223031
15.1851
0.192112
1.07423
0.307605
0.468262
0.84991
0.162327
1.87532
0.131001
1.5357
0.180955
0.221364
0.13431
0.128163
1.84427
0.276576
0.518564
0.198098
17.4335
0.191186
0.499759
0.211098
0.131565
0.964678
0.120559
0.449856
18.7084
0.265099
4.28256
0.470361
1.38349
0.280446
0.8953
0.379928
0.117184
4.40558
0.134196
1.08934
4.79161
1.0007
0.225382
2.94951
0.121504
0.194554
0.205219
2.46637
3.89171
0.55139
8.12737
0.207424
3.96257
0.763348
0.102585
0.23347
0.860251
0.819356
0.280561
8.9986
0.506557
0.465549
0.193031
0.479742
2.73018
0.214795
1.76882
0.193741
3.91176
0.444969
0.536495
1.97816
0.128831
1.10178
0.445993
0.188591
9.25565
0.915741
0.491496
7.98043
2.29627
3.75112
0.217011
0.472946
0.232444
1.04323
0.163875
4.28854
0.283763
3.24335
3.13925
0.152345
0.527332
0.101821
0.282021
0.26348
0.39272
0.392437
0.115868
0.537238
0.228473
0.341761
0.105129
0.151488
0.140242
0.342012
0.271791
9.19095
0.122966
4.41267
0.218349
5.15038
0.110762
0.803695
0.19233
0.170888
1.47378
0.235625
0.923433
0.114386
0.105647
0.945354
0.111276
2.3298
1.31508
0.10451
3.17809
0.219153
2.90763
0.145475
0.498623
0.46798
0.688485
0.524136
6.99994
2.22236
0.101484
0.675295
0.888579
0.288814
0.213714
0.266312
2.30198
0.635807
1.03685
0.365141
0.285106
3.59412
0.203344
0.177072
4.54228
0.634093
0.129235
0.780905
0.888607
0.214766
0.158999
0.509239
0.325342
1.37797
2.21444
0.171748
0.476239
6.31962
3.53821
0.870267
0.699532
4.18832
0.148778
11.6497
1.47874
0.703478
0.363217
6.81367
0.115903
0.177846
0.172423
0.160567
0.759351
0.693747
0.172061
0.160909
0.754211
4.59467
2.23368
0.227172
0.501899
1.51748
21.4456
0.21169
0.286596
0.120243
1.18247
0.209345
0.625799
0.71609
0.10914
0.936595
0.308406
1.34176
0.606546
0.252003
0.62889
0.683076
1.44302
0.520142
26.1785
4.17638
3.12155
1.31293
2.36444
1.75107
1.48907
0.108479
0.431009
1.29998
4.40236
0.203017
0.186564
2.6075
3.68073
0.136429
32.7189
0.124321
1.4093
0.127059
0.942762
1.15109
0.145038
0.363881
2.61749
0.14256
1.09298
1.92832
1.04326
0.779467
10.8716
1.35755
0.557645
4.31282
0.100403
0.95526
1.32787
0.101874
0.280562
0.153693
1.42345
0.424322
0.105794
0.18459
2.98789
0.409318
29.6284
3.23082
17.2221
3.2497
0.416702
0.224129
0.929352
0.805433
0.89248
0.457715
3.38062
0.740477
23.588
0.677278
1.18876
3.91678
0.33751
0.316616
0.150981
1.0951
32.418
0.57288
1.89702
0.140052
0.105198
6.44881
0.234194
0.817686
0.735448
0.45336
0.765583
0.289988
0.436921
0.300768
0.496774
0.917198
0.545978
0.516447
0.195363
0.114106
0.94863
0.321317
2.68939
0.716936
0.785493
4.3444
0.220019
0.11314
3.27351
18.864
0.211561
25.5808
0.924423
0.121878
0.696569
2.48956
0.355412
1.20786
28.3738
0.489072
1.54456
2.00534
0.273981
10.2946
4.96404
0.85004
1.4294
0.204005
0.452361
0.642831
6.22095
0.313104
0.464702
1.55752
0.183018
0.945503
0.301279
0.582057
0.76913
0.126097
1.55563
0.146873
1.22883
0.460424
0.188734
0.485462
0.325072
0.148838
0.472079
0.113674
0.474393
1.8475
18.1278
1.6938
5.66466
0.79959
0.114426
0.158677
1.55666
0.103795
1.47234
1.3973
1.95908
0.14773
0.247002
9.51893
2.99151
0.130402
0.451207
2.91732
0.811263
0.489318
8.29032
3.91751
0.103926
0.19289
2.09213
0.103474
0.507609
0.251082
0.486214
0.315676
0.587275
1.07372
0.241343
2.31016
0.723067
1.27684
0.634285
0.423009
0.243248
1.76249
0.221525
0.374516
0.612974
0.586431
0.828539
10.5289
0.710187
0.900183
0.185035
0.361039
1.38079
0.246334
0.123755
0.439997
0.124284
0.128755
0.153023
0.602724
0.115814
1.72635
1.27913
1.24365
0.353934
2.65688
0.139821
0.686161
0.533921
0.169157
1.62109
6.39698
0.190394
0.105425
0.922386
0.19258
0.269701
0.515758
0.187696
0.509759
0.260911
1.94813
3.4484
3.39071
3.74425
2.32773
0.100564
0.155313
0.116283
0.215168
0.407659
3.23638
1.71471
3.48259
7.20104
0.926478
0.511287
0.434228
0.215113
0.125308
0.120484
0.254356
10.8261
6.19315
0.703407
2.0681
0.12205
0.774874
2.0819
0.562845
1.55766
2.64017
0.259959
7.85342
0.530225
0.148945
0.429361
1.72814
0.250376
0.61335
0.524398
0.103331
0.955007
0.412302
0.208619
0.381396
0.14435
0.211125
0.189041
0.211063
0.145413
10.695
0.525939
1.7117
6.5051
0.499975
0.160997
6.47257
0.552111
0.105508
0.614174
0.364338
2.07664
0.559351
0.411412
5.51637
29.6883
0.152303
4.96261
0.433007
1.36646
0.142518
0.223586
0.153927
0.115178
0.815055
0.210466
0.112822
0.557833
0.698977
0.622062
0.194343
0.165084
0.989167
0.14003
4.46177
0.17842
0.795474
0.428629
0.115549
0.271707
10.2658
1.8077
0.309565
0.128925
2.0633
0.124601
1.94095
0.10386
6.74897
0.200987
9.99456
1.84174
0.173428
0.117576
1.55082
0.12344
3.18801
1.41834
0.104976
0.191682
0.513114
1.34973
0.20922
0.286801
0.118594
0.779645
0.718027
6.94976
0.100861
1.21313
4.30814
0.38442
1.11769
1.13606
0.962429
3.88985
3.87311
1.16466
0.167521
0.446324
3.63134
0.498421
0.104061
1.76893
0.27286
2.09167
1.83563
0.224408
5.98148
1.31441
0.141508
0.284617
10.8127
0.379006
0.349512
5.68867
0.391794
0.951495
0.219109
1.84487
0.170191
0.170029
0.935521
0.219303
0.767693
1.36141
4.40162
0.271094
0.841476
0.345837
5.4749
0.118341
1.2226
0.763111
6.42389
6.91525
0.862301
1.37556
2.37038
3.02153
0.381538
0.285041
0.218127
0.871887
0.570125
1.82752
3.27074
0.418201
12.3653
0.301137
0.314624
3.03906
0.47755
0.951021
4.45147
1.23017
1.01311
2.59302
0.110218
2.54318
4.9909
0.234931
6.53333
0.619125
0.266093
0.569791
0.385386
2.87356
3.99767
0.741054
0.137837
0.531906
0.56589
0.14136
6.29714
0.154757
0.237718
0.269976
0.230227
0.122399
11.4305
1.44311
0.181743
0.206308
0.669899
3.05247
0.19807
6.42016
0.133774
0.106564
2.52562
0.406669
2.94784
0.389829
1.56997
0.749856
0.189517
0.515562
0.576873
0.104025
1.41558
0.108729
0.156723
0.197035
1.96538
0.107858
5.54528
1.44317
0.202285
4.25705
4.9549
4.1515
0.694323
1.25952
0.909824
0.503961
0.989924
0.103839
0.342288
1.70746
2.41835
1.3708
0.608169
4.79457
1.54452
2.38206
1.52776
0.36003
0.166591
0.136474
0.229996
0.106854
0.218571
3.25071
2.05507
0.400788
0.105603
0.248228
0.563281
0.632488
0.360603
0.621612
0.562718
0.253387
2.16989
0.11221
0.244699
0.190137
1.03618
2.4781
14.3758
3.77223
0.105045
0.1293
0.295116
0.172548
0.519867
7.67104
2.27553
0.442633
0.286696
0.155846
0.788577
0.279826
2.77325
1.01784
0.126494
2.08819
0.270653
0.370006
0.135094
3.90033
0.643644
0.20097
0.125133
0.169973
0.30351
0.220302
3.41525
0.261848
0.337002
0.377678
3.25836
0.841936
0.377809
0.878947
0.140452
0.102058
0.225041
1.06221
1.72977
0.553319
0.912181
0.661502
0.554221
0.121956
0.889983
0.115117
0.20764
0.941378
2.26315
0.7556
1.31176
0.140929
1.94171
0.131315
0.868589
1.3801
16.4149
1.77368
1.93883
0.553741
0.239845
0.458512
0.142317
0.154989
0.500683
0.162761
0.295752
0.515399
1.52185
2.01849
2.5286
0.349207
4.11031
5.35355
1.00179
1.81457
0.683764
23.5859
0.178659
2.18881
5.57489
0.21068
5.62162
0.252671
4.29853
4.88607
2.07083
0.693195
32.5391
7.38029
0.689186
7.15262
0.284314
1.49603
1.28539
2.27109
10.0612
0.745737
3.88564
0.505957
0.128407
0.979495
0.307291
0.339899
0.118418
0.127848
0.608165
0.832607
0.16592
0.111044
0.217301
0.251612
0.590646
0.796177
0.284877
22.6729
1.31168
0.115645
0.138155
0.234206
10.8267
3.93377
0.201565
0.174694
0.116725
4.07095
0.403885
2.32396
8.09132
4.29597
3.93593
1.40327
1.50849
0.179042
15.166
2.14616
0.299939
7.93887
0.191451
0.31456
0.205282
0.116102
0.750769
4.58023
0.180667
0.113482
0.103508
1.42132
0.27084
4.61338
6.50137
0.321022
0.101969
0.666318
3.32477
0.422768
2.20086
0.278769
11.9878
0.258522
3.72023
0.317261
4.20551
4.88017
0.539729
0.385607
0.123498
1.50703
0.710766
0.447302
0.147709
1.15502
2.17425
0.768073
0.875401
0.305772
0.33575
0.546704
1.37955
0.692568
0.158296
0.240614
4.35324
5.27343
0.108381
0.844571
10.1525
0.574522
4.09132
0.281026
0.346266
0.82481
1.44055
0.145647
3.50292
0.128303
1.12806
0.219937
2.46131
0.308275
0.474028
0.694059
0.790911
3.1633
0.398742
0.108175
1.71387
0.471209
0.251892
3.05437
0.70135
0.158534
0.153154
0.126636
0.178837
0.114055
0.628301
0.688929
0.287801
0.254504
0.580933
1.60675
2.08498
20.2408
0.285017
0.51878
0.120507
0.815592
0.135657
11.1216
0.172617
1.76741
1.06014
0.337938
3.73368
31.5872
0.103827
0.973701
1.81954
0.102453
1.7194
0.145934
0.120695
3.97001
0.12523
2.52311
4.5185
0.268014
0.358187
1.33894
0.508355
3.03668
6.60186
0.191369
0.481859
1.00328
1.0517
0.370363
0.545235
2.22056
1.97844
0.147921
1.00099
0.445079
0.625976
0.638495
0.135888
0.999697
0.982935
0.475522
2.17462
6.01513
0.238498
4.37568
0.77087
0.244802
0.141726
1.69145
2.01546
0.142176
0.140367
2.3778
0.152258
0.515252
1.10829
0.750569
10.8563
0.129334
13.6624
0.107691
0.246358
0.339323
0.185209
5.70871
6.09615
0.159927
0.306086
0.218363
2.78633
4.01295
0.123411
0.506601
1.47241
5.00105
0.312539
0.140855
0.767986
0.104418
4.66286
0.10152
17.6261
0.576395
0.208523
0.136187
0.189516
6.72195
0.126329
4.25451
7.3536
0.20625
0.186312
0.363016
0.728893
0.64775
0.196738
0.804042
0.350784
0.353148
0.111889
1.26863
0.409121
0.254345
5.47623
0.780438
0.369331
0.154071
5.49268
14.9613
0.286892
1.90979
0.684901
0.79392
0.318389
0.262106
11.3887
4.17818
20.158
1.80513
1.95784
0.156231
0.339339
1.18971
1.22331
1.04445
5.55073
8.65949
0.610093
3.21569
0.104874
0.226475
5.67861
1.05228
1.6214
0.126187
0.337171
0.253826
0.507303
0.530913
0.229362
0.147234
0.106554
0.977371
0.454541
1.22913
1.32687
0.119607
0.147918
0.105003
14.2553
12.5416
0.683922
0.107811
1.60271
1.52207
1.22081
11.8797
0.204131
1.6414
1.51013
0.102573
0.152718
2.52318
2.23098
0.180067
0.918545
1.10279
0.500867
0.152652
0.121054
0.411495
0.917894
0.182905
0.791832
2.13615
0.327605
0.229717
0.985987
0.115024
0.368756
1.89427
6.55954
0.137635
3.51956
2.70256
0.42952
0.206532
0.839496
2.27092
0.550798
1.34778
0.260433
2.41821
3.70017
28.5808
2.4842
0.124256
1.04626
0.324164
0.531823
2.28794
0.246529
0.941066
18.814
2.67331
2.16599
0.114098
0.559363
0.156231
0.342497
10.1069
0.871273
3.96935
3.95526
1.46117
0.129377
4.63925
0.470161
4.52521
0.243388
0.78353
0.502813
1.84036
0.523159
0.135207
0.329759
1.61961
0.251592
1.42817
1.63986
2.30198
0.104074
0.351455
0.335034
0.264713
1.43536
0.429483
0.482452
0.203736
0.515872
10.5096
0.85347
4.47871
2.87106
0.447192
0.283893
0.269968
0.807672
0.881058
6.51604
2.60754
0.39492
7.06746
0.113215
0.110474
0.527025
0.206375
0.149193
0.25353
0.383405
1.40751
0.138177
0.338398
1.34672
0.60431
1.0345
0.186719
0.101642
0.289881
9.6725
0.265679
0.341658
1.60235
6.15922
2.10395
2.67657
0.453808
0.482198
0.740526
1.87167
0.442149
0.158204
3.66331
4.2458
2.18631
6.37387
2.21131
0.284618
0.370711
0.290324
0.24354
0.393046
0.263876
0.143078
0.336422
1.5791
0.906053
0.54154
6.63274
1.22254
0.154151
0.134401
1.53296
22.6739
4.26199
0.168642
0.452996
0.949637
1.16496
5.22159
1.01625
1.19993
0.153074
0.285978
4.0629
1.73007
0.124861
0.660582
0.397964
0.287865
1.13386
0.118075
0.169675
0.196344
0.173579
0.848621
0.219555
0.847601
5.01794
0.34646
21.2241
2.01239
6.08658
1.02002
0.687558
0.113769
2.85142
0.322041
3.89233
1.31228
0.177615
8.40505
6.04919
0.285937
0.396778
0.152781
0.491971
0.157981
0.157981
1.32951
0.229874
4.95254
7.3902
0.564419
1.97304
0.855418
17.856
7.24962
2.89493
0.123815
0.151797
0.661422
0.146213
0.330005
0.37292
0.105608
0.717972
13.5434
0.728787
1.5848
1.00023
0.900459
1.5709
0.259336
0.378918
0.30038
0.39908
0.238423
0.460094
0.239477
2.11043
26.8652
0.812534
0.271261
0.914173
0.570247
0.360556
0.340877
0.40358
0.259873
0.700755
7.53581
0.623369
0.754689
0.442814
0.151693
5.02684
0.450223
0.400202
1.31001
0.256115
0.139121
0.384987
8.91883
0.132409
0.787499
0.211961
0.311302
0.208693
2.85084
2.75805
0.148607
0.193552
0.1741
0.496328
0.600073
0.157577
0.206269
1.59158
0.302763
0.77111
0.435219
0.15566
1.60473
0.185758
0.186895
8.53777
0.694144
0.544077
5.09034
0.32123
0.529081
0.164623
1.27496
6.79852
1.10792
0.482019
1.85349
0.264343
0.172857
0.286219
0.427816
0.767942
0.501499
0.909096
0.247471
0.298169
1.27053
13.9415
16.5881
3.56605
0.751071
0.730143
0.139481
0.106094
1.63643
0.116296
7.50545
18.8131
1.15159
5.89906
0.438116
5.71656
1.20448
0.266649
0.25902
0.102409
0.197164
2.44138
0.260938
0.420601
0.166055
3.39883
0.147789
0.398006
4.17246
1.16341
0.589626
0.574873
6.9762
0.753053
1.27466
11.231
0.395324
2.40835
1.1347
2.84809
0.166936
0.135896
0.108
0.26993
0.295971
0.263304
0.335027
1.63254
0.141166
0.106839
26.3931
5.84823
0.176482
0.159551
0.105155
0.515189
0.402782
0.41334
4.02221
0.115499
1.09912
1.08714
1.52509
1.19602
2.48975
9.49077
0.42591
6.30199
0.476691
0.171737
0.3456
1.10087
0.161645
4.59963
23.5718
0.230558
0.271268
0.17942
1.09221
0.528043
0.78765
0.247859
0.67771
0.157201
2.10974
3.86856
5.73937
0.164108
0.125162
5.78345
0.169909
0.150619
0.322463
2.55353
7.22059
0.158046
4.97165
0.62635
0.529792
14.4127
1.04443
0.254005
0.113224
0.915318
0.11993
8.07658
0.120254
0.64808
4.56029
1.01786
4.29265
0.942014
0.101369
0.107233
7.89443
2.70803
15.6971
0.260945
10.0283
0.302246
12.5148
3.95295
0.342415
0.295517
0.273697
4.95731
1.4176
2.04814
1.51384
1.25867
12.7967
1.27496
9.04965
3.64297
0.103193
3.26174
0.119303
3.47863
0.543557
0.364044
38.0063
2.49709
0.22893
2.36063
0.682294
8.83248
0.103384
0.144589
0.214988
0.177594
0.254362
0.331629
0.395382
4.22765
0.116284
0.293236
4.98828
12.9579
3.42481
2.72013
0.932681
2.49632
0.118502
0.257611
0.109279
1.10505
0.110353
0.341716
0.390146
0.208529
4.69965
1.00535
3.2113
0.140161
0.495884
0.146112
2.4041
1.19405
0.143688
1.68402
0.267779
0.89557
1.93954
1.20913
0.110368
0.138736
0.13317
12.8424
0.684094
0.100474
0.191672
1.42085
0.457379
0.548186
0.843139
1.46382
5.94112
8.73394
0.35205
2.46732
0.302014
3.06301
0.374731
0.101861
1.99709
0.10317
0.279022
0.425778
0.19912
0.674726
0.128011
0.20212
0.105372
2.07712
0.609203
6.92176
3.17748
7.83362
0.189262
0.185757
0.52553
0.819697
0.130292
0.153059
0.36538
0.20011
6.7422
0.23058
0.231428
0.150724
0.467018
1.06863
4.77346
1.78179
14.0124
0.281647
0.377844
1.47628
0.174044
0.165428
0.374755
5.58283
0.210225
0.32722
0.231105
0.528378
0.151891
0.193834
4.89124
0.347505
0.122183
0.186224
0.315349
0.119406
1.54992
1.06622
3.47162
0.198325
0.910856
0.141832
7.63841
0.479722
0.787177
4.67105
2.3124
0.192365
2.53913
0.381766
1.11202
0.246463
0.968866
0.102623
0.35635
1.90329
0.131395
0.654342
0.134683
5.55092
1.48556
0.351929
0.137783
12.6528
1.52923
0.562089
1.36491
0.185417
0.751961
0.108907
0.222181
4.19305
0.818203
0.480194
0.146492
10.6573
0.112957
1.12604
3.61846
0.338381
0.39778
0.306326
0.596623
0.147328
0.52496
0.110821
0.221769
0.364028
1.74693
4.51042
9.40312
2.77798
0.123384
0.165102
1.74201
6.53781
3.79451
4.95153
0.342142
0.39265
4.74845
0.109093
0.153414
0.390254
13.9826
0.101915
1.16265
0.280245
0.292409
4.41785
2.30754
0.122926
0.502041
0.338597
0.807948
0.48007
2.56673
6.03543
0.102296
13.3889
0.438059
0.354455
0.699111
0.373153
4.13434
2.99697
0.162307
0.358238
0.133522
0.798215
7.87642
0.118699
0.338525
6.61302
12.6302
3.71877
0.140362
0.200539
0.189307
3.44939
5.56263
11.3333
0.398337
0.188303
0.307064
0.184231
0.286825
0.538526
0.330129
0.125415
0.105197
0.321736
0.202242
1.3384
0.130221
0.204725
8.9765
0.108657
0.148384
0.263513
0.125469
0.376657
3.86827
2.08929
0.313025
0.12691
0.634492
1.67586
0.470471
0.992563
1.89371
2.07252
1.6421
0.455386
0.1204
0.14479
0.140956
11.7891
4.01751
2.1852
0.197762
2.52539
0.986329
0.176238
1.32492
4.59338
0.123054
6.50123
0.630981
0.354718
2.48338
0.225169
2.79287
0.607387
3.39037
0.415902
0.46956
5.77134
0.198988
0.476954
0.305501
0.690852
1.88817
8.13853
2.09809
2.18052
0.76809
15.2759
10.2036
1.97493
0.175795
1.83886
4.33255
0.149653
0.116056
0.219338
0.393148
0.120146
1.55808
3.50698
0.876174
4.30639
0.18379
0.187289
0.336223
1.71578
0.245583
1.16857
0.502857
14.3586
1.47505
0.382234
0.435747
0.328436
0.10883
0.288067
3.18691
0.121943
3.1095
0.13627
0.199819
0.115904
0.295072
0.160827
0.603277
1.68096
0.287777
0.649277
1.06848
0.564196
0.206101
0.376897
1.78661
1.17271
0.945794
1.14546
2.31055
0.438483
0.331167
0.13912
0.207023
1.78811
0.196811
0.640879
0.207189
0.703266
0.358895
0.212214
0.302764
0.367693
0.404589
0.199548
1.10404
0.202368
0.290428
1.88604
0.390426
1.15912
0.146467
0.550039
11.0243
0.58773
0.142066
0.808176
0.543075
0.554251
3.55297
0.372961
0.302961
0.137818
0.378675
0.149024
0.392625
3.14003
0.991227
13.5813
0.117174
0.291367
0.313594
0.354702
0.559796
3.87111
4.06878
2.94466
0.215911
0.52899
4.33985
1.33307
0.184419
0.104933
2.21853
0.530177
0.748795
1.42977
0.201975
0.254992
0.268735
0.484556
0.127746
0.180413
0.305924
0.205044
0.613029
3.00577
9.93708
0.389003
0.129615
0.1936
0.173436
0.790155
0.317752
0.195927
0.529555
1.80017
5.33538
0.205589
17.5415
2.20095
3.5424
0.11693
0.921458
1.01322
1.08407
1.04944
0.880473
2.96616
1.32828
0.74222
0.153329
0.18675
5.64069
0.822186
0.21201
2.02305
0.12867
6.32351
0.289082
1.28189
1.411
0.988614
0.261558
0.139673
0.603731
0.529887
0.115952
0.563125
0.206258
0.251616
0.251466
0.449924
0.165303
0.131005
8.1024
0.80432
0.146081
0.24191
1.90325
0.5202
0.470355
0.10855
0.674982
0.637104
10.1367
0.176867
0.465119
0.103279
0.697102
0.662201
0.187608
0.340006
0.377833
0.351629
0.108579
0.15284
0.205654
8.75939
0.182743
3.92759
0.105974
3.12614
0.737146
0.447122
1.49152
0.345013
0.244178
2.19168
0.252508
0.387345
0.410885
0.325183
0.354505
0.417451
0.216434
0.320124
0.12932
0.118821
0.428661
0.851878
0.71616
0.668386
2.26414
0.143931
3.95965
6.38618
0.293624
1.11675
1.0336
12.3316
6.91298
0.897782
2.66727
0.135484
0.947574
7.52925
0.13626
0.532833
0.611322
1.11356
1.54262
4.97969
0.157603
2.76033
0.413071
0.11058
0.825828
2.15646
4.9793
0.645234
0.321543
0.589034
0.112991
0.842704
0.230858
0.913754
0.944475
0.195463
0.457174
0.185314
1.50335
0.323053
0.16421
0.58727
0.197861
0.49402
1.66991
2.82801
0.377465
0.11871
0.268511
0.198486
3.57264
0.22781
0.629927
0.982498
4.23689
0.105421
0.128294
1.367
0.595043
10.5252
1.3542
0.181386
0.289808
1.48968
0.215815
0.917923
0.175517
0.326055
0.314444
0.230807
2.72649
2.52842
0.414572
0.626034
0.66045
1.08204
0.146022
2.79403
0.420176
0.471135
0.150437
0.695425
11.2389
4.82172
0.570107
3.055
12.5928
0.286226
0.57557
0.60904
0.456124
0.183468
0.928776
0.411986
5.11641
0.322331
2.20642
0.306701
0.892095
0.232609
1.09998
4.24558
1.3888
0.221013
0.369825
0.157512
2.66918
2.80406
0.180137
0.3874
0.846953
1.03472
0.166489
0.127598
0.140579
1.56931
4.14607
1.36137
0.16671
0.949396
0.114541
0.118781
2.18978
1.06439
0.140458
1.7865
15.5337
0.75329
0.505895
0.222172
2.44633
33.2625
0.487896
0.205121
0.167753
6.89061
1.00649
0.38829
0.819228
0.362042
0.397009
1.86371
1.73462
3.36837
0.331717
3.96526
2.28188
0.125282
0.138811
1.5872
2.8906
8.82698
0.299286
0.393981
0.596189
1.20181
8.14925
3.95278
7.0065
3.67688
4.88215
7.71099
7.03196
0.885478
0.69016
4.67355
0.137476
1.07478
1.1875
0.902096
0.231548
1.87638
6.20828
3.23855
0.120711
0.481512
1.07598
0.520197
38.3802
0.385577
0.143943
14.4873
1.42028
0.11678
6.9901
0.542237
0.486488
1.49637
2.22114
3.92157
0.226599
0.229818
0.392187
0.41651
3.66303
0.649852
0.544011
0.388724
0.487603
0.126293
4.02888
0.288776
0.574266
1.52063
0.343424
0.326478
4.87678
0.33384
0.207041
0.220973
4.9609
0.290148
0.175814
0.194187
0.192513
0.135791
0.15921
0.934051
10.7177
3.15865
0.180645
0.939669
1.93778
0.235946
4.26559
0.112375
0.152056
0.380143
0.294269
0.568399
11.5234
0.624461
1.76055
0.578174
0.780288
0.373539
0.289634
0.198179
0.803177
1.57929
0.148919
0.180984
2.09053
0.120172
0.115231
0.253584
0.106937
1.35188
0.107487
0.155761
0.172642
1.75901
0.130523
1.43435
2.69501
0.540474
0.633162
1.10311
0.416781
1.03008
0.149066
7.36607
8.20679
0.1023
0.143434
0.321585
0.141711
0.143084
0.145473
2.09011
0.668479
0.495473
0.104177
1.08545
0.124035
13.0264
0.814721
0.105208
0.121343
19.695
0.129824
0.472844
0.363475
0.236878
3.83926
0.118378
0.162989
0.273673
0.105821
0.412768
0.311936
11.7926
18.0839
0.121781
0.567862
0.275728
1.85089
0.944916
0.203609
1.42666
0.851772
0.187292
0.246568
0.382646
0.154834
0.439933
0.160519
16.0782
6.71327
0.918998
1.14067
2.76517
0.125958
0.85743
2.1624
0.167214
2.17149
0.284765
1.44699
15.1936
2.77568
3.98788
1.08382
0.312861
0.675152
9.35586
2.97716
0.153403
0.104911
0.139182
0.69198
0.564133
1.05991
0.992933
1.53453
3.15941
0.204118
1.68312
0.106782
0.590091
1.42092
0.141094
1.86275
0.583718
3.0687
13.3035
0.744339
9.51165
0.298377
0.518102
2.37186
6.96189
2.25829
0.952122
1.08706
0.296071
0.154633
1.60609
0.104517
3.93399
24.8057
0.426826
0.161099
0.56446
0.206159
0.160874
0.548147
8.45776
2.39005
0.339154
0.283939
0.273621
0.214551
1.06819
0.722736
0.859148
0.693542
0.129165
0.102609
0.208672
0.153305
0.221165
24.1741
1.0215
0.311849
2.20129
0.223428
5.7903
0.102869
0.642554
0.150267
0.210797
0.177952
0.138905
0.853071
1.78926
0.522556
0.321308
0.15974
0.573151
0.313009
0.113663
1.16595
0.264698
0.27585
19.9568
0.481613
0.113119
7.25934
0.434106
1.25913
1.39258
0.971887
11.6715
0.188615
3.24779
7.0796
0.280758
4.48811
2.31656
0.435968
0.167794
0.271785
0.139157
0.10661
0.111421
0.306433
0.421748
0.107188
0.311772
2.08805
0.238654
8.27384
0.477836
0.793357
2.9577
4.2532
0.22135
2.38234
6.74762
0.44111
1.287
0.173964
2.03333
0.859427
0.465074
0.657761
1.1625
0.141075
0.45396
8.49272
0.181486
0.293264
0.164176
0.171663
1.16206
0.162932
0.113394
0.131179
8.36607
0.113842
14.8475
0.240601
0.251036
0.948433
1.92999
8.1979
0.319432
3.43684
0.389279
0.125325
3.83523
0.25555
0.129158
0.531487
5.4497
0.284268
0.216274
0.146164
0.241454
1.66364
0.287472
4.84824
0.175652
0.562481
0.140827
1.07384
0.15919
0.169484
0.470345
3.28785
0.878026
0.802668
0.408723
0.250117
0.584381
3.00227
0.143112
0.134529
2.09571
4.28459
0.244548
3.11967
0.637094
0.625448
0.114168
5.32357
0.420546
0.340248
0.10306
0.498651
1.85071
0.704803
0.552412
0.133223
0.895844
1.65162
4.37874
0.49648
1.04496
3.79779
0.125234
0.159417
0.254073
2.91654
0.288414
0.198377
0.600671
0.120476
1.10144
0.135806
5.06151
0.483303
3.2587
0.153417
0.125774
0.54667
3.9613
0.129961
0.4012
3.84262
0.438201
0.460513
4.21004
0.325059
0.410843
0.179378
0.321866
5.6689
0.576388
0.111104
4.14642
1.32855
0.275276
0.306424
8.36237
1.8689
1.71751
0.166201
0.238807
1.13308
11.0633
0.201084
0.971078
4.76253
6.22789
2.33793
0.415479
0.46806
0.246834
0.140365
2.68631
0.244628
8.06802
2.26545
0.342718
0.402901
0.233852
14.6097
0.160559
0.526393
0.542643
3.01761
8.64458
1.43469
0.280317
0.232959
1.5174
0.647061
0.685109
0.206579
0.180256
0.123396
1.51742
1.41517
0.300663
1.60932
0.670446
0.274199
24.0134
1.74934
0.108414
2.85454
2.28577
0.497983
1.90505
0.100031
0.227219
10.6152
16.4115
0.139614
0.206265
0.182488
0.47224
3.1256
1.11384
0.154187
2.3258
9.93656
0.675306
9.80012
1.86165
2.77435
1.34689
0.143788
0.368228
1.36778
0.201037
1.24559
0.565954
0.190726
4.96562
9.87594
0.353421
0.719819
4.28153
3.5569
0.248757
0.102039
0.128955
0.163829
0.798884
0.260424
0.163738
4.74261
0.378701
0.203402
7.51828
1.16362
0.348874
0.138928
2.61784
18.7113
21.3495
1.64512
0.255478
0.193226
0.402806
2.01152
3.4553
0.110113
8.27513
0.400417
0.817983
0.79175
1.31953
0.262563
0.24721
0.184711
0.691182
0.223401
0.295325
7.06663
0.830357
0.390883
7.30804
5.25475
0.1124
0.384074
0.537565
5.36436
0.127954
0.125428
0.727184
8.04407
0.5059
7.876
3.31083
0.144591
0.87148
0.162344
0.645249
7.72792
0.90515
3.32368
0.577506
2.04957
0.427645
0.561869
1.27556
0.283567
0.822038
1.62177
2.626
0.194594
0.154451
3.77053
8.49443
0.350747
0.217144
0.12109
1.95124
0.813503
0.479744
2.95149
1.10562
0.115754
0.168555
0.115347
2.09518
0.116115
0.967132
0.173545
0.109096
1.60642
0.24122
0.123399
0.556466
0.112898
0.944067
0.169383
0.133045
5.91738
0.443434
0.736596
1.3593
0.14712
2.07355
0.104276
0.703046
1.10542
9.93653
1.63515
0.118999
0.327367
0.233885
0.172067
0.346854
1.31586
7.08831
0.225322
0.110086
0.495467
0.688018
1.41475
5.71299
0.140976
1.46373
0.8403
5.40827
22.4557
0.107027
1.83455
0.862125
1.53765
0.561557
0.373509
0.870893
1.3783
0.584132
1.00091
0.232319
0.549208
2.51331
0.39915
0.107598
0.401148
3.95636
0.248764
0.406775
1.35172
0.432867
3.40476
8.21388
1.80443
0.11281
1.1151
5.50436
0.128377
2.51127
2.5111
0.155575
40.3315
1.89399
1.19049
0.192189
2.08557
0.865864
0.258677
0.265557
0.252298
0.193591
0.612956
1.69282
1.51316
48.1852
0.19871
0.19416
1.22622
0.14233
0.274029
0.248068
0.446051
0.443937
0.979476
2.06475
0.113656
4.59706
0.132088
0.505448
0.113642
11.0525
0.525301
0.743114
0.190402
0.110075
0.360583
0.380203
0.219048
1.12099
0.103962
0.3196
0.151427
0.104125
1.10761
0.190004
0.104351
1.75416
2.70596
0.134171
0.443832
0.187108
0.961451
2.40878
0.355214
1.05855
0.341646
0.242148
0.247563
1.42274
0.157798
0.153541
0.639518
7.75164
0.214464
0.556336
0.197322
3.62755
0.70488
0.270058
0.100066
11.1881
8.74028
10.5737
2.31584
0.37569
7.78871
0.754323
0.265277
4.11549
0.492298
0.496233
3.25908
1.66949
0.291647
0.14359
10.8609
0.129352
0.198996
0.329577
3.38305
2.45321
1.99662
0.153349
7.94796
0.157681
1.08112
6.81999
4.92862
7.31295
0.410291
0.20338
0.197438
1.15129
0.596977
0.117171
0.214814
0.615919
0.128881
0.300118
0.47654
0.358591
2.70457
0.130499
1.51894
3.27309
1.20031
0.180022
0.488958
0.112031
1.23062
0.370523
0.856436
2.09247
0.19543
0.153038
0.184555
0.100289
5.47508
0.20413
0.395335
0.143406
0.121871
6.3618
0.174611
11.4095
4.3518
0.238548
3.66024
0.876774
0.235531
0.302417
0.703053
2.4555
0.162871
1.44562
0.294815
0.273786
0.749944
0.494826
1.29436
0.735786
1.03721
10.5254
3.97384
0.257666
0.329261
0.32168
1.72204
0.733036
3.17173
0.844627
0.129552
0.216485
1.2446
1.25943
0.913626
1.14634
0.308245
0.195938
5.44555
0.417091
2.57238
0.167198
0.150602
5.35822
7.46692
0.708892
0.309984
4.14055
0.24741
2.33949
2.40113
1.16528
2.68841
7.9643
0.253962
0.29142
0.306909
0.266518
1.46956
8.57491
57.9148
5.45759
0.294151
1.40578
0.374514
0.142991
0.288964
0.227276
0.196703
5.87103
1.37917
1.59558
2.05542
0.104805
1.74848
0.676153
2.30507
0.377083
0.55205
3.716
0.82091
1.10632
0.845589
0.42564
1.5452
1.30886
9.92313
11.2602
0.994674
0.436398
0.100699
0.625719
3.4035
0.170115
0.146896
0.853948
0.393751
0.614247
6.14013
0.309914
0.24996
0.711021
1.11946
0.245032
0.676804
6.82489
1.34433
0.443094
7.82322
0.767385
3.46176
0.713541
0.537783
0.394183
1.80226
0.17629
2.05662
0.949118
0.164604
2.02265
14.295
10.5497
0.105034
0.464864
3.85621
0.163371
0.887167
0.17575
1.20514
0.1003
7.70299
0.329689
0.101265
0.115512
0.197864
1.83183
5.27636
0.306649
4.02785
0.313087
0.197024
1.98182
0.163201
2.74008
1.79039
0.266741
0.314751
2.1966
0.672504
0.684498
3.47594
3.10883
0.212094
0.52431
1.2475
0.453107
2.32122
0.374637
0.19035
3.38187
1.02651
0.159223
0.47881
0.335605
1.16731
0.149739
0.113766
2.03622
0.124628
0.163376
0.386227
0.120168
0.155002
1.22086
0.650731
0.162475
0.894762
1.24072
0.658212
0.293299
0.109173
1.34521
33.4105
12.9697
3.72756
0.321421
4.08774
0.20341
0.857509
0.363328
0.317264
0.134926
1.81809
2.78461
0.153795
0.11146
2.35362
0.557913
0.396221
10.0197
1.80104
0.357893
0.100184
0.200887
0.53801
0.461384
0.218003
0.122406
0.843748
0.208248
0.12242
0.104342
0.238406
0.304122
0.962576
10.3549
0.14793
0.197115
0.207793
0.4518
0.397866
0.202208
0.317406
0.120584
47.3792
0.182371
0.196387
1.78047
0.21213
1.2069
6.45425
4.38038
3.86399
1.08657
0.727466
15.45
2.31058
1.14375
2.25949
0.307343
0.193574
0.103636
0.400741
8.21946
0.298649
0.167176
0.157225
0.428846
10.4582
0.317632
0.271499
0.161009
0.304141
0.358897
0.493961
0.656644
0.898171
3.67468
1.4268
0.404219
1.03836
0.131696
0.502153
0.333525
1.56613
0.501117
1.27757
2.38758
0.78325
3.10759
0.648912
4.82195
0.179134
1.13303
0.141956
15.3091
0.287277
0.153331
0.235849
0.190732
0.133097
0.4407
0.822321
0.314072
0.827638
0.858003
0.437823
0.169777
0.126255
0.471519
12.7953
18.4976
0.374629
0.364812
0.231399
0.163058
0.138326
49.5216
0.225563
0.318804
1.07716
0.722432
0.490118
6.30759
0.19107
1.00124
0.146645
0.152332
0.217589
6.34428
0.936256
2.97598
0.107019
0.212311
0.264783
0.524853
0.468944
1.16699
0.116721
1.27191
1.95457
0.252392
10.7107
0.278804
0.169356
2.07681
1.73421
0.729155
1.15203
1.15909
0.348046
0.101778
0.948308
0.267752
0.130469
0.426822
0.56729
0.103721
6.61636
2.89028
0.146084
1.95287
0.138829
3.01433
0.841695
1.54946
0.133711
0.100265
0.360087
0.212611
8.582
0.414179
0.792468
0.500858
1.02074
8.41422
0.885702
0.497189
0.680405
0.418975
0.731935
0.138636
0.234399
0.148884
11.3966
0.115568
0.153184
0.514287
0.802518
1.36856
3.9614
2.33085
0.186306
1.28007
0.214328
0.244326
8.08699
0.289162
9.51359
21.2621
0.587719
28.0231
3.8929
0.700957
0.199295
0.219527
2.89875
0.862328
6.15622
1.03287
0.448242
0.158423
0.119765
0.11955
1.30322
11.6814
0.727806
1.41665
0.192097
0.117246
1.19865
0.42209
1.09585
0.140269
2.00712
0.186418
8.9115
0.28411
7.17963
1.24963
5.06371
0.125726
21.8145
2.88069
0.277125
1.61232
1.0058
0.551033
0.34161
2.09037
0.471736
0.364777
0.125276
1.63859
0.189171
1.0956
0.44683
0.391519
0.11074
0.161305
0.148486
6.08319
6.37773
0.296099
0.139603
1.83165
1.44784
0.114795
0.18137
1.06781
0.1575
1.99574
0.909932
0.171352
2.72045
0.299799
2.10269
0.190587
0.589449
3.73755
0.364378
0.341504
4.97583
1.98882
0.188068
2.32518
0.179643
3.06374
8.95717
1.20323
0.322462
1.45568
0.365292
0.759082
2.37125
0.198912
0.516916
0.137939
0.138205
0.368503
0.107853
0.236902
0.264437
0.134184
5.69292
3.67538
0.106428
28.9663
2.06857
4.01781
0.194714
0.531906
0.111557
2.19672
0.978617
0.394849
2.56066
4.10343
0.856024
0.133343
0.316372
2.17809
3.09058
1.77851
7.33674
0.170744
15.6117
0.6671
0.206157
1.43893
0.417963
0.537748
1.35288
2.87218
1.73746
5.19537
0.433246
0.847321
0.927258
0.627804
7.2013
1.44627
0.672295
0.498953
2.32039
0.680153
0.226269
0.279746
0.331856
0.223067
0.582092
0.725101
0.137205
0.961957
4.28782
0.601067
1.18367
1.31487
1.12227
7.25218
0.359829
64.5187
1.75576
0.943579
0.337482
0.752976
0.635506
0.598302
7.40779
6.43594
5.36151
0.110413
0.157353
2.54334
0.338859
0.851341
0.403646
12.3791
0.195734
0.136535
0.134109
15.7257
0.115453
0.210282
0.891965
0.122649
1.16887
2.44596
0.290962
7.46112
5.88704
2.58724
6.72031
0.458143
0.858072
2.68841
0.15154
2.25183
1.19952
4.7453
0.133337
3.05118
0.430052
0.873003
0.23089
0.118624
0.388575
0.243555
0.923367
1.99472
1.80566
0.302974
0.186696
0.697878
0.490106
0.168804
0.135063
3.38127
0.165728
0.335129
1.1049
3.60967
0.119366
0.179613
0.142799
0.492317
4.1375
0.93434
0.15699
2.8391
0.186813
0.12444
0.423429
16.9706
1.11194
0.15116
0.260737
0.193023
0.478109
1.97884
0.298118
2.58676
20.9922
2.65886
1.88972
0.240591
0.296629
0.156296
0.232947
0.434591
0.164997
0.181774
0.225926
1.71446
0.291608
1.15578
0.278849
0.712844
0.480339
0.226967
0.179644
0.157273
4.48677
11.4026
0.234308
0.158812
1.94891
0.36864
0.226798
1.3844
1.08647
0.539059
0.450445
0.149598
0.16836
0.370236
6.23237
0.158517
0.895653
0.738477
1.00723
0.277812
0.112138
0.105084
0.367588
26.7828
0.642049
6.33194
2.60287
0.226468
1.92386
0.216962
0.276563
1.20727
0.312837
0.535203
2.22497
0.140012
0.194477
0.135438
1.02814
0.568403
0.1024
0.108895
0.116855
0.511486
10.7008
0.225987
1.7305
0.132177
0.105707
0.215407
0.567676
1.89468
5.06467
2.7433
0.627317
0.205262
0.146951
0.108722
0.798273
0.135111
0.486934
1.22822
0.924347
0.306878
0.145926
6.90523
0.11739
0.382523
1.19649
0.223915
0.210383
1.71435
0.371841
0.180947
0.689117
2.56303
7.26688
2.02824
0.669183
0.480214
0.237164
1.63237
0.152671
0.124575
0.157197
2.65927
0.222009
0.100297
0.226515
1.69948
0.195438
1.6629
1.89392
0.609945
0.509098
0.513844
0.133752
1.34911
0.101776
0.173857
0.937149
3.66161
0.575573
0.776193
1.03779
0.365629
2.11863
0.555824
1.01313
0.214366
0.382521
0.385647
1.04386
0.289424
0.165785
0.662283
0.760396
1.94977
0.889572
0.169326
0.242953
0.746085
0.113578
0.102135
0.673442
2.8635
0.596067
0.18565
1.95135
1.39396
1.10982
0.122552
0.78866
7.65444
1.55686
3.94955
0.217697
0.188906
0.510669
2.11876
0.45154
0.53418
0.13827
1.28852
0.221259
3.40349
1.08801
0.349126
0.696961
0.717034
2.2091
1.74006
0.575179
0.341754
4.33793
0.25138
5.46327
0.685149
0.783393
0.188801
1.5407
0.139907
2.46262
0.459151
0.202143
0.209793
0.134938
12.0743
1.1607
0.592587
0.594401
3.68084
0.208629
0.253698
0.448838
3.68666
6.82498
9.4759
0.494893
1.41985
4.69687
0.174487
0.129169
2.82104
1.1375
9.6436
0.168276
1.22977
4.02042
0.434906
0.638455
3.79763
0.420285
4.33063
0.140623
2.79452
10.727
0.122383
0.157253
5.26025
0.521304
2.50162
0.314333
1.08802
1.4202
0.214481
0.704561
0.25036
7.38212
0.111477
0.109792
0.1973
2.69319
0.503061
0.363559
2.9317
0.45801
0.284539
0.835547
0.323603
1.78743
1.62891
0.189418
0.375384
1.45085
0.309304
2.31959
4.00647
0.939194
0.123288
0.559284
0.446016
0.10018
0.215418
0.247429
1.24952
0.850412
7.64599
0.240553
2.43246
0.661609
0.113679
0.188465
0.223304
3.97382
0.58346
0.287394
1.22313
1.69685
4.55326
14.484
3.02572
1.25527
0.327509
1.26702
1.32077
0.413358
4.49377
2.00956
0.365262
21.8432
0.32622
2.14959
0.291771
0.345502
0.241713
1.09567
0.409344
0.115684
0.125099
0.852577
0.105726
0.304756
0.342096
0.250029
1.69824
0.484892
0.353107
0.500092
3.22831
2.94559
1.14519
0.129876
0.293496
1.29497
0.605903
5.28785
1.11179
1.46742
0.149092
1.1593
2.1555
0.27973
27.0683
0.454665
0.212412
1.5343
0.108871
2.52522
0.641608
0.157935
0.421369
0.125184
0.223361
4.9025
0.438711
0.511616
0.173356
1.54124
0.654688
0.224712
0.114167
0.109552
0.772803
0.627996
5.68527
2.05983
1.87743
0.19544
0.132737
0.108753
1.7368
2.75976
0.229167
0.189708
0.269779
6.36831
0.645936
1.91003
0.195746
0.131121
1.16457
1.48551
1.79177
1.10071
14.9354
0.808512
0.425305
0.142284
0.105362
17.2824
1.12465
0.510757
0.973173
6.10945
0.441141
0.210528
7.00955
0.750266
2.25872
0.400031
1.09347
1.10197
0.160587
0.200575
2.00719
0.720069
1.18664
0.689082
0.535578
2.25507
1.00786
2.95379
0.248564
1.35997
0.162616
2.13416
0.860492
0.201227
2.79604
0.416402
0.135871
2.12089
0.408667
0.738361
0.765687
3.54047
0.362497
0.614752
2.07907
0.239116
0.677794
0.258262
5.17141
0.226982
0.159929
1.92132
0.879132
0.343426
4.41844
4.61645
0.106998
0.397654
0.173328
1.49597
1.34071
0.117057
1.0597
0.148566
0.165183
0.183415
0.106034
0.777165
0.411911
0.270861
0.113096
0.442062
5.62712
0.163118
0.148945
8.48344
1.73754
0.105274
3.70453
0.173787
0.111532
0.967339
0.617899
0.769948
0.259118
0.217269
0.167713
1.06145
0.276064
0.636288
0.295284
0.127838
1.07821
0.11941
0.205975
1.89447
0.101788
0.201219
0.220399
8.42476
0.826541
0.515527
2.0236
1.54073
0.137852
0.418845
0.143929
0.133228
0.919987
0.103432
0.392277
0.171644
0.395374
3.41263
2.54884
0.434758
3.54885
4.46835
0.445235
0.390782
14.9893
0.252946
0.302732
0.154633
0.931411
1.60388
0.802577
1.4752
0.305479
0.160912
1.1597
0.884697
23.5615
0.133737
0.21585
1.00032
0.389926
0.620454
6.60331
13.1357
2.22971
1.2931
0.18641
0.755809
1.57829
0.140255
15.8319
0.48372
0.178135
0.366532
0.17702
0.128729
0.139434
0.834391
0.124223
0.146095
0.257547
14.4493
0.639574
0.723535
1.38536
0.282378
0.103172
1.86541
0.179368
0.119321
0.163395
0.170708
0.343643
0.134508
22.0784
0.106467
0.104319
0.974007
0.586226
5.22869
1.61976
0.813379
2.0645
0.123466
0.156041
0.265643
0.4189
7.73384
0.39817
2.31966
0.111876
0.459637
0.10819
0.931725
0.253816
4.8215
0.821203
0.174631
0.372645
1.25598
4.33159
0.125863
3.70266
0.945063
0.397841
0.124863
7.58312
4.73997
1.10103
1.67635
0.550566
1.30396
0.471953
0.434853
4.89473
0.664432
1.07223
2.69391
0.297367
4.76331
7.75796
11.7787
3.99565
0.226707
16.9399
0.808849
0.688494
5.84828
2.18069
0.306086
0.558653
0.616596
3.11918
1.5874
0.436804
0.278913
0.113323
0.477968
0.370608
0.519418
0.970175
30.5327
0.620671
0.292631
7.86824
0.415634
0.118681
0.844788
0.103869
0.169072
0.261711
0.193896
0.221077
5.99199
0.331448
0.178856
0.24051
0.277867
0.201928
0.134822
0.569973
0.245549
0.29918
3.31745
13.9195
0.443957
0.884991
7.57554
1.93522
0.513106
0.294514
0.278726
0.248093
3.5037
0.919684
0.333308
0.159784
0.155564
1.15853
0.725304
0.217624
1.55623
2.89361
0.210172
4.24531
1.21129
3.05237
0.254815
4.65644
0.220374
0.12069
17.3248
1.02386
3.5614
0.508085
5.40894
22.4785
2.414
0.400166
1.45852
0.177139
0.12856
0.179681
0.152785
0.565221
0.134708
0.26378
0.438295
0.698501
0.103266
0.18329
0.596499
0.369125
1.24981
0.347776
0.822933
0.555391
1.21586
0.182614
0.179398
0.234545
0.114085
1.22311
6.39119
0.685309
0.332913
0.228435
2.38155
1.00622
2.75026
6.18278
2.01417
0.146969
0.113185
2.0411
0.156592
2.04169
0.557647
1.33057
0.113377
2.54187
1.01343
6.58919
6.16005
2.05089
1.53774
2.08175
0.265314
20.8106
0.481863
0.162862
0.122067
0.395193
0.144571
0.929155
0.173783
0.130555
0.463838
0.111622
0.826791
0.178504
3.51822
0.100474
1.67103
2.11499
0.294253
0.145993
0.346007
1.41217
0.601346
0.679136
6.76256
0.469129
5.79066
0.115423
0.300789
0.330105
0.101633
4.25945
0.690495
0.991738
0.202635
0.337085
2.17586
0.294386
0.172259
0.169808
0.367544
0.102361
1.84259
1.02967
5.6456
0.186981
1.52892
1.244
0.96623
0.731966
0.225027
0.136894
0.399766
13.3831
0.249577
0.481463
7.93633
0.403995
0.345477
0.106417
0.156559
1.44391
0.247747
4.71152
0.180814
1.10961
0.121114
0.143625
3.0241
0.224006
1.14654
0.90683
0.469712
0.121804
1.52949
8.38454
0.164526
1.133
0.207889
0.349215
0.197808
0.148349
19.2122
1.21002
0.690504
0.267409
1.00349
0.857003
43.4898
1.64489
0.386171
1.30176
4.27497
3.98783
0.925986
0.73275
0.775633
0.120457
0.97194
0.342289
2.09087
7.40329
6.46467
0.103006
0.256227
0.308725
1.46177
1.49909
0.292059
1.51192
1.7495
5.77587
7.75312
6.00784
0.509267
0.380303
8.47716
0.161131
4.84927
4.74968
1.96552
0.689578
0.879493
0.856713
1.82826
0.319516
0.414654
0.598259
2.65969
0.10566
2.09384
9.15575
0.395791
5.09412
0.40517
12.1527
0.570036
3.59019
0.318772
0.696427
0.448737
0.395193
4.82792
0.108661
0.603846
0.20959
1.36885
0.156078
0.264744
0.358504
0.230933
1.09525
0.342006
0.418794
0.116914
0.444702
0.120171
0.520058
0.251443
0.138168
0.460523
1.33174
6.66371
0.584623
4.74448
0.159122
0.457624
1.87415
5.31555
5.67667
3.43395
8.70245
0.11234
1.03575
3.29461
0.106709
0.155171
0.821345
10.6485
0.130796
4.75242
0.358718
0.47277
0.182587
3.80779
0.875573
0.440054
0.160719
1.03047
10.0956
1.23974
2.35058
13.4642
0.244083
0.597495
0.167394
7.16916
1.26509
22.8462
0.223108
0.132867
3.55483
0.108608
2.15998
0.165417
0.15169
2.92611
0.256468
4.55672
0.682222
0.370483
0.158191
2.23974
0.104787
4.78931
0.368794
0.162324
0.185817
0.129746
20.3357
0.139251
0.191199
0.174843
0.474031
0.120353
0.27908
0.29313
0.522375
0.117518
0.105322
0.756958
5.99917
0.120336
0.114022
4.94184
0.482306
0.46441
0.432659
3.19797
1.58187
1.94756
1.49088
0.101101
10.1627
2.76684
22.4862
0.26715
0.259238
0.368893
0.237906
0.670697
7.07156
0.159267
11.333
0.13082
2.81473
1.10541
0.161437
1.52616
0.456967
2.54062
0.156597
0.138924
0.247888
4.50959
6.4736
0.42785
0.199338
1.36466
0.48666
0.326324
0.871688
0.205638
2.36836
5.43209
0.513324
0.189928
1.0229
0.995753
0.103606
0.600874
5.53999
1.22209
0.26863
0.192425
0.204385
0.795426
0.106458
5.52803
1.31276
0.244162
0.48773
0.556127
0.657497
0.991883
0.543041
0.553789
2.06501
1.36341
0.289934
0.419288
0.545653
8.63887
1.02698
0.355209
0.327786
7.17237
0.7456
11.3231
0.867572
1.49952
1.00409
0.24029
1.16509
0.250917
0.749271
19.642
1.00266
11.4564
0.444168
0.182878
0.191485
0.408679
1.50629
0.210046
9.41774
0.112479
1.01289
0.287463
0.26522
0.127534
0.32616
0.18957
0.702368
0.164743
3.50642
5.05693
1.32834
4.38941
0.314705
18.2112
1.16075
4.17255
9.35248
2.35719
0.130905
0.993981
2.14669
2.28662
0.19985
29.4395
0.597708
11.2111
4.99292
0.405338
1.68813
0.126221
14.9536
2.8139
5.08585
1.63246
0.179766
1.4515
0.252633
0.875249
2.08774
0.137604
0.162584
0.192486
0.204326
0.15881
0.342808
0.159885
0.231024
2.11232
0.964448
0.123693
4.55722
2.01043
6.50251
0.169147
0.457088
0.112716
0.140548
1.13248
7.87069
0.669172
0.279302
0.151218
3.08947
0.180418
2.1686
0.234294
0.106752
1.20157
6.12934
0.204059
0.233509
0.657582
0.134862
0.154464
0.575125
0.164713
0.188136
0.35147
0.789671
24.9611
0.263252
8.68237
1.96728
0.885243
0.930388
0.192467
0.180741
0.795168
0.560166
0.115238
0.500967
0.34273
0.957275
0.792793
1.92685
0.209676
0.258318
0.398206
1.34741
2.08737
0.31288
1.986
0.335088
0.777985
1.09153
0.131152
0.924576
1.44336
1.39853
12.8274
2.51996
0.110638
1.26366
0.343735
0.419548
0.377154
0.166813
0.754518
0.155057
1.24353
0.652924
0.727441
2.98507
0.156173
0.300566
0.541775
14.3153
0.103034
0.128406
4.37275
6.96443
0.11507
0.593023
0.170846
0.847981
1.37878
0.594406
12.0752
2.05167
0.136142
0.365574
1.74585
1.42454
0.993332
1.4502
2.5597
0.223702
1.2142
0.77696
0.126486
10.7643
0.233641
0.11766
1.10608
0.131272
0.341907
1.5738
6.36557
1.04008
0.155873
3.57414
1.3754
0.780688
0.609461
0.214115
1.88084
0.835917
0.618536
3.02075
4.5506
0.140472
0.627226
0.142064
0.110725
3.38788
0.301561
0.306327
0.290478
0.291457
0.654804
2.3873
0.252436
25.9211
0.169551
0.144879
0.527333
0.281679
0.182336
0.209325
0.507938
0.307928
2.27347
0.214222
0.1147
0.360979
0.122623
0.108542
0.660601
0.214524
0.638263
0.250187
0.54156
0.916013
0.102248
1.22631
0.217716
0.219947
0.637485
0.137092
0.629086
5.40303
0.684945
1.70958
0.138598
0.277724
0.266519
0.194286
0.46626
0.658181
0.798419
0.675591
3.22817
0.215035
0.476658
0.375144
1.6024
0.208835
0.146689
4.41629
0.17958
1.7
3.00485
0.420703
3.25848
0.472127
1.03858
0.276676
2.63915
13.7812
0.132571
0.525525
1.29637
0.12686
0.822025
0.523764
0.162524
0.705542
0.428769
0.418376
0.103324
0.149915
3.26888
0.104524
2.44209
0.392823
0.200437
0.406641
0.9762
0.184927
0.599433
0.876892
0.19057
2.00617
3.37894
5.09454
0.816295
2.79206
0.247881
0.573732
0.210562
7.5428
9.80096
3.42329
6.63767
0.93772
5.28982
2.09351
8.53712
0.110602
0.965796
3.57088
3.0898
0.415378
1.06164
1.65285
8.24231
0.434981
0.102846
4.08353
0.126478
1.39476
4.11854
9.30148
7.98114
1.40926
0.744053
2.13758
0.100004
1.97463
0.660622
0.132517
0.403864
0.481547
0.132175
16.1846
0.695671
39.7198
0.109455
4.77106
0.342985
0.528118
3.73915
0.13558
30.7137
1.30663
0.380447
0.357073
0.42714
1.98886
0.474745
1.48397
0.613285
0.110847
0.290498
2.20434
0.505859
0.264907
1.68861
0.151874
4.95147
2.90977
2.15611
0.317651
1.10228
0.201983
0.106483
1.02933
1.42629
2.24324
0.303558
2.77058
0.268457
2.43048
2.98943
2.02627
0.634277
0.274826
0.123186
0.51542
0.236237
0.784366
0.709178
0.141684
5.01291
5.63602
0.191233
0.166403
0.906722
2.31626
0.553158
17.6649
4.48222
0.585045
0.115192
0.209053
0.719663
0.16519
0.670571
34.2246
1.71484
0.200489
3.95505
6.04191
9.20934
1.31046
2.1311
10.9064
0.64153
1.9281
1.38264
7.74111
1.63707
0.576429
1.15859
0.285387
0.101019
0.480079
0.348947
0.141006
0.128407
0.102168
0.130166
0.122373
9.88428
1.22097
0.120455
0.553297
1.81166
1.80721
7.43794
0.347457
0.140265
0.419943
1.4057
0.211856
0.526967
0.109056
0.104349
0.191531
1.00206
0.244267
1.58903
0.190797
0.138404
8.38923
3.2928
1.08491
2.11894
6.57352
0.418769
0.518672
1.92192
0.213315
14.635
6.21127
0.231949
0.385138
0.261582
0.671251
0.697443
0.292189
0.514457
1.89942
0.73066
1.10033
0.174662
14.0227
0.196075
0.236096
0.141514
0.227101
0.180673
0.150364
0.41436
1.06248
5.04504
0.100098
2.12849
0.28559
6.1905
0.160643
0.29034
0.103645
1.4691
0.21068
1.95976
0.797666
0.822537
0.209975
1.77524
0.999303
0.143289
1.82562
0.466729
1.52601
0.422559
0.791521
0.319349
1.25279
3.20158
0.143916
2.29911
26.6125
0.137586
1.41918
0.163227
0.25212
8.16991
5.50107
0.969417
2.51876
0.145855
0.156395
0.446512
1.03842
0.226552
0.124283
3.54684
0.585786
0.641982
5.27245
0.355712
5.39902
0.146243
0.447068
6.67303
0.80452
1.32689
0.367675
0.642278
0.784055
0.133372
0.179264
0.726364
5.65051
0.507647
0.191459
0.363894
0.14043
0.263194
73.9031
0.102833
6.78689
1.85833
0.462433
0.876969
0.583829
1.26073
14.3535
0.674178
0.117376
5.50814
3.9475
0.670255
0.735363
3.39431
3.93356
0.24616
0.293682
3.92394
0.423341
1.44847
0.283815
0.537751
1.56662
0.131289
7.82635
1.17489
2.3916
0.151527
5.03916
0.172248
8.09677
0.594904
0.163584
0.201174
0.95206
0.229099
0.565751
6.70618
0.280081
0.411442
2.75565
0.130272
2.18458
0.284875
1.57284
0.567538
0.483909
2.41066
0.393978
0.134824
0.240373
0.370879
0.162482
3.5952
0.138306
0.469552
0.488811
0.715214
1.74905
0.964257
0.641421
0.625683
1.1104
0.147915
2.15973
0.674631
0.133045
0.583419
0.280261
0.133797
7.79715
0.405078
0.142779
0.145237
0.15987
1.37683
2.61695
0.334839
0.257613
0.106163
5.72281
0.111303
0.352784
0.410029
2.38709
0.333219
0.524679
1.15658
1.87542
1.08395
0.241433
0.416455
0.329547
3.37337
0.584318
0.529869
15.6112
0.441682
1.27043
2.07797
0.107227
3.59741
0.688148
29.6998
0.263608
0.118276
0.484553
0.413754
1.88249
0.17349
0.140781
0.436879
3.87382
0.143219
0.653832
0.367057
0.150563
1.93846
3.48425
2.53128
0.64934
0.308012
1.18926
0.532355
0.911525
0.257654
1.2541
1.15184
27.3592
0.164833
15.1511
0.110121
0.347931
0.305571
0.199275
0.137007
0.822102
0.350949
0.220017
0.605367
0.270018
0.380859
0.664814
1.38664
9.1321
0.377397
5.96811
0.202855
2.03745
0.980565
0.39813
0.120125
0.230401
7.65036
0.65437
0.638447
0.100808
10.2932
22.0671
0.152744
4.44661
7.47381
1.58508
0.600606
4.80632
2.69458
10.5749
9.55266
0.879357
0.145567
0.420148
3.367
8.74104
0.689011
0.411194
1.7863
0.801679
2.47114
0.730686
0.721285
0.542506
0.832683
0.124753
0.416469
0.689932
0.489111
4.58585
0.928946
0.126078
0.189906
1.70466
0.46307
0.168301
0.346597
0.265515
0.142373
0.782468
2.4254
0.23162
0.34652
5.12219
2.33069
0.531141
0.357735
2.19808
0.146523
1.81298
3.05759
0.567328
0.493012
0.125956
0.226682
0.242538
0.582386
2.91534
0.199123
0.635356
0.613038
0.130126
0.244538
3.8098
0.603099
2.11612
0.13952
0.397707
0.603632
0.682814
1.0433
0.132368
0.140872
7.22654
0.70271
0.496066
0.119631
0.250143
0.83696
0.356065
0.114614
8.99111
10.0951
8.20299
0.43909
22.5513
8.64789
0.179267
0.268621
0.134107
0.4806
0.124543
3.81218
0.361321
0.990696
0.201578
1.52299
28.013
0.495182
0.182496
0.162747
0.718315
0.836799
4.39568
1.26335
6.26767
0.145707
0.232269
2.63773
0.36683
4.5975
6.50848
6.34954
0.300037
2.21659
0.300343
0.423094
1.42888
5.28072
3.56222
0.192063
0.363982
0.139536
1.98017
0.324268
1.97306
0.102717
0.125046
2.21116
0.342994
0.239871
0.446389
0.542935
0.6361
5.59034
0.443899
0.150421
3.70789
3.11488
0.859161
0.508504
0.604218
1.57365
1.36942
0.519179
2.10008
0.182963
6.61041
0.214574
0.883195
0.113889
1.29398
0.346481
0.198351
0.515833
2.09069
1.09163
3.06386
2.15879
1.26461
0.122402
0.363243
1.25173
1.24632
0.113277
0.223627
0.585471
0.444774
0.257204
0.719927
0.85376
1.42521
1.71208
3.27348
0.131732
4.03541
0.505513
2.03166
21.9132
0.240662
0.871494
2.38474
0.367462
0.517916
0.878687
0.122182
0.13621
6.65689
0.21391
4.0465
0.485504
0.122792
0.732437
15.2385
1.2421
2.60154
0.361205
0.218522
0.277714
0.235263
0.744502
0.239757
3.23548
1.85741
0.121962
0.162095
0.193044
1.44868
0.630851
1.61844
1.68461
0.145986
1.64929
0.119966
0.174448
0.232071
18.3469
1.34708
0.524834
0.785712
0.664587
2.01021
5.77917
0.193358
2.58538
0.248615
3.79791
0.542333
2.02125
0.170868
0.183963
0.153371
0.322851
0.141482
0.38362
8.36405
0.145451
3.10013
0.222248
0.212817
2.29328
0.143843
0.194017
0.212839
1.2801
0.217975
3.33842
0.217041
0.230292
4.03648
1.68469
9.47377
0.455091
0.109945
0.360348
0.102704
0.695917
7.75856
1.87109
0.169798
0.143999
9.22313
0.337236
0.151138
0.460246
19.1054
0.390776
0.906815
4.21577
0.314803
0.451876
0.162883
0.362998
0.26014
0.458081
1.0244
0.285332
2.04012
0.223074
2.02722
0.129827
1.85089
0.235479
2.88008
0.104169
2.39238
4.97617
2.63656
3.40027
0.168155
3.34901
0.118953
0.980188
2.12408
2.68623
0.110515
0.241728
4.76018
25.3108
0.344661
1.39508
0.346914
0.298406
4.05515
10.5117
1.03355
1.64033
1.14841
0.44211
1.37897
8.5931
1.45368
1.56929
0.236283
7.01385
1.06264
0.588943
0.157799
0.246915
0.11021
1.57338
5.92295
11.3369
0.163186
4.26193
0.116371
0.868799
0.25884
3.99672
0.238075
0.28501
15.6969
2.04483
8.38233
7.76213
1.89692
2.94538
2.20548
1.27785
0.126676
8.81427
1.90196
0.340441
0.130247
0.275161
0.608366
0.157406
0.260248
0.745148
4.06801
2.18779
0.142984
10.3411
0.151798
5.57824
2.2309
0.531167
0.105242
0.687557
1.74828
2.63118
20.0504
1.67805
0.541948
0.129287
0.26362
1.32335
0.209276
0.111642
6.18169
0.135889
1.02885
0.101308
0.141226
0.343438
0.626589
0.218228
0.451704
0.292711
5.57993
1.74977
0.194419
7.16279
9.1357
0.121863
0.832677
0.340172
0.941938
1.71195
0.984985
0.219471
10.6683
8.80034
1.48968
2.97052
0.558692
0.800475
0.401168
0.799808
0.106851
0.100134
0.364833
2.36847
2.49354
0.11277
0.322549
1.12508
1.41327
0.570051
2.50659
0.147741
0.180898
4.84089
0.101747
18.7737
1.13445
0.701566
0.841943
0.107288
0.697957
2.68261
0.582369
0.305785
0.856433
0.352734
0.410918
0.215643
0.127055
3.71318
3.42724
0.992577
1.09658
0.700407
1.43081
0.304282
0.131488
0.244999
0.193421
4.18393
1.60886
2.44944
0.495811
0.131213
1.21578
1.35584
0.305483
0.508702
4.65273
1.24592
0.55692
0.256661
0.46796
0.565071
1.85311
0.951883
0.410297
0.136011
11.5375
0.479817
0.218046
7.32135
1.8236
2.50425
0.461535
0.849122
8.41855
0.21288
0.516727
0.213166
0.825549
0.700472
0.107369
0.126068
0.467726
0.274482
0.256163
8.06258
0.850586
0.692198
0.662466
0.224456
0.119884
1.17481
0.412181
1.11611
0.110715
0.331028
1.56537
0.864396
0.378113
0.367347
2.63233
0.188036
4.26369
1.47279
0.190464
5.81836
0.258088
3.99408
0.167027
1.41113
0.374767
0.823583
6.13173
0.404361
0.161079
6.46906
0.579096
1.01257
0.480779
0.120026
3.10694
6.40111
0.680635
0.440236
26.091
0.486469
2.11109
0.262574
0.263803
0.950034
0.100282
0.566864
6.48765
0.748334
0.110574
0.252346
0.159301
0.692914
0.331434
0.108497
2.99892
0.262928
4.52589
0.568586
8.5528
10.2739
0.471306
2.40166
0.58734
2.70966
2.96019
21.0037
0.767976
3.97563
1.90092
7.06156
0.616049
0.416041
0.479686
4.3872
0.198585
0.220599
3.00466
9.55234
0.621941
1.26415
0.886788
0.264174
0.110601
0.100582
0.103878
2.07768
0.120465
1.04268
0.547719
1.3845
0.148017
1.21701
0.379285
0.151925
0.249191
0.128194
1.96585
2.12898
0.33204
1.4393
9.8775
0.879856
4.69293
1.29548
0.385692
0.170711
0.110035
0.121223
4.55223
13.3514
0.115483
0.26143
0.268005
0.288575
0.168822
1.77485
10.482
0.363967
0.192598
0.772243
0.185937
0.249327
0.153359
10.5007
0.165471
1.91925
0.492358
0.100299
0.259105
7.48046
0.175829
0.245764
0.665463
5.05989
0.343417
1.24138
0.669747
0.1073
1.86554
0.105153
5.79123
5.10928
3.10144
1.33403
3.60074
0.14866
0.522096
1.02962
0.241467
2.36507
0.146979
3.55288
2.49497
1.4091
7.34877
7.18436
0.181028
0.123638
11.429
4.72629
1.41146
0.201797
0.856494
0.578148
3.39788
3.67301
0.236293
0.826587
4.63697
5.68121
1.06042
0.129735
0.427123
0.405537
0.194339
0.39315
0.154528
19.9887
3.17696
0.332696
0.61707
0.211043
2.29354
0.433517
1.99151
0.216756
2.90556
2.04931
4.18988
0.139042
3.47097
3.56112
0.129428
0.286863
0.270021
0.189577
0.161691
5.64895
0.243256
10.494
1.20049
0.289167
0.275954
0.298669
1.29809
8.39216
1.25335
1.3244
0.12458
3.21442
0.375443
1.59817
1.18804
3.0444
3.03632
3.45668
7.57649
3.18599
0.141659
0.991395
8.43586
0.861045
0.957782
0.233969
0.185036
23.89
1.266
3.07907
0.145442
0.409132
5.35163
5.17759
2.81048
2.91347
0.109215
0.253198
0.251303
0.119443
0.544269
4.40782
0.575138
12.9329
2.81085
0.927134
20.1188
0.439566
0.528278
1.14744
0.536284
0.145333
1.05272
7.37475
3.36778
1.67013
0.122546
0.403335
4.53086
1.47738
1.58571
0.68299
0.232566
42.0858
9.92441
0.754595
0.148769
0.212014
3.99603
0.451458
4.59339
3.05275
0.128955
4.08958
0.861337
0.552514
0.75322
2.04196
0.455191
0.743255
0.187069
6.07536
3.2626
2.53423
14.5177
0.480812
7.62852
0.15318
0.461365
0.174766
1.21473
0.596188
1.9369
0.566981
0.151789
0.305525
0.459149
0.166591
0.155164
1.0103
0.562225
0.708768
1.10136
0.627239
0.177044
3.88306
8.88445
0.745757
0.516558
1.6018
0.296509
1.44377
0.734775
1.80149
1.509
0.562599
0.186533
11.3766
7.63106
0.901856
0.347234
0.259414
24.355
0.987862
0.459729
0.212811
0.260043
2.36077
2.72047
0.273607
12.5284
10.3878
0.732934
0.422901
1.23833
0.311608
2.4259
0.722832
0.333114
7.50387
0.403238
0.102324
0.362837
0.703298
0.912901
0.138592
3.23059
1.06788
0.2099
0.433308
0.271017
4.27568
1.5867
0.133863
1.33123
2.74846
0.121803
0.260321
0.672955
0.786489
0.422309
10.329
0.284636
0.148859
0.171421
4.43196
0.306671
0.266307
0.106358
0.16777
0.383263
0.262925
0.871864
3.13869
0.167885
2.21306
0.439025
0.477323
0.115693
0.93989
6.78283
0.112094
0.118381
0.113386
1.92665
0.324648
0.180186
0.758367
5.31171
2.21464
1.93231
0.317028
0.101523
0.672499
0.312535
0.462459
0.82185
0.210551
0.977254
0.672064
0.11032
1.37223
0.109405
1.7949
2.22388
1.70347
0.557109
0.119529
0.248701
0.114665
1.42943
1.69736
0.10544
0.258448
0.193329
0.219254
0.27149
1.43019
1.55672
0.22361
1.35955
0.396529
0.538452
0.544981
0.841856
0.545504
0.311923
0.232695
0.198838
0.125718
0.108904
2.45767
0.434444
0.202804
0.16452
1.63332
0.253688
0.235082
0.111718
0.130203
4.88018
0.174585
2.91846
0.23294
1.21148
2.2486
0.338279
0.234794
0.658746
0.218875
0.186683
0.123444
0.298798
0.167798
0.59983
0.27302
20.1404
0.166922
0.384015
2.03864
7.03926
6.6397
0.176005
0.22773
1.73717
0.426935
0.122357
0.239527
0.391453
0.502493
0.154534
0.677061
0.127653
0.491792
0.536845
1.47539
0.275164
3.34164
0.474334
0.108023
0.940511
2.2341
0.142273
0.484947
12.029
1.24942
1.82764
0.771802
2.80534
1.54678
0.34748
34.1083
0.282639
0.212206
0.225214
1.59912
0.114183
0.613539
0.13211
3.52441
0.767543
1.50848
9.3159
0.685796
2.46984
0.527175
0.327737
5.75412
0.119706
0.148659
0.139296
0.330605
0.117732
0.160758
4.12214
2.56287
5.30652
0.927996
0.206385
0.198465
2.86942
0.133379
1.35105
0.547861
59.7318
0.196166
4.70644
0.726254
0.102821
0.239452
0.102613
0.246355
14.3601
1.44665
0.341898
1.65158
0.356331
0.741518
1.95473
0.174563
1.53491
0.165917
0.146008
16.057
6.6738
0.129829
0.706047
9.75932
0.237563
0.225004
2.50523
4.01354
7.52061
0.230554
3.9465
1.16633
0.421351
1.86854
0.499943
0.160756
1.13742
25.3305
0.676341
3.34266
3.46832
8.31593
0.413402
0.615336
0.120501
2.13953
0.187467
4.51316
0.500597
0.120568
0.464126
0.207995
0.134587
0.778538
0.8108
0.432296
0.525844
0.119226
0.236382
0.130511
0.407828
0.43832
0.204
0.240833
5.58467
0.861794
0.233078
0.439356
0.285187
1.36252
0.701182
16.6132
0.207827
0.662048
0.212717
0.111619
0.100336
7.37459
1.21314
0.257986
0.148589
8.79339
0.266635
0.83966
0.525345
0.308117
0.425325
0.341411
0.162698
2.08104
0.148568
0.740117
0.217419
1.56727
0.740701
0.234359
0.103846
0.70177
1.60172
3.60276
1.37293
0.31425
0.259335
0.153644
0.583063
0.950269
0.175164
0.459647
1.50798
1.47975
0.864374
0.10128
0.192486
3.67191
0.719826
4.48996
0.548799
0.139566
4.92131
0.279561
0.696272
0.21482
0.234841
1.18374
3.66682
0.681334
0.620713
0.471751
1.06325
0.538515
0.351533
1.07656
4.98514
0.193756
1.59915
4.40283
2.25085
2.045
0.400469
0.335945
1.6801
0.184493
0.129294
0.634423
2.21668
1.10213
1.30887
0.352193
0.426221
2.67594
18.7338
0.37583
0.275496
1.44923
2.13761
0.305432
2.92757
0.168915
12.5435
0.183791
2.20685
0.230939
0.105402
0.181529
0.859234
1.66586
0.200159
0.156724
0.173725
0.452238
0.217733
0.572336
1.04624
0.205197
0.15754
0.105062
1.15239
2.5844
3.48416
0.159642
0.351629
2.56223
1.56289
0.464465
3.41014
16.6026
15.0808
0.234979
0.555197
0.587429
0.168431
0.234265
0.49597
1.60595
1.01557
1.96781
0.344756
0.170434
0.660847
0.147323
1.76293
0.847609
0.901717
10.7634
0.253684
0.360309
0.18129
0.956688
0.874819
0.375608
0.331819
0.28276
0.108539
8.98266
0.333831
0.997022
0.778164
0.107662
1.97036
8.94998
0.894468
3.98526
0.365883
0.21724
1.50642
1.90305
0.166214
0.796222
8.58715
0.121621
0.121168
0.844029
0.464448
0.136639
0.252546
0.642683
0.101025
1.28866
0.257431
2.007
7.0942
4.19032
0.202084
5.21551
0.192916
0.40705
3.72619
2.30989
1.71172
0.65514
0.444531
2.78368
0.78991
10.4811
0.160067
0.594633
2.8265
0.493677
0.160089
0.293792
2.79903
8.28039
4.6296
0.307773
0.412939
4.63198
2.13438
0.801025
0.604336
0.768011
0.767551
0.298869
0.127114
0.393679
0.25076
0.734897
1.58995
1.98008
0.19193
0.940624
0.197002
0.179182
0.306947
0.207075
0.109412
4.17321
0.398617
0.547923
0.76904
0.215391
2.99908
0.285292
0.185166
0.133926
0.857739
3.02265
0.136178
0.248434
0.161725
6.94231
2.89832
2.72607
0.55926
0.852541
13.5398
0.960997
1.18414
0.188742
0.546383
2.72283
5.49953
5.13134
3.84056
22.0292
0.100231
0.170145
0.597282
0.143512
1.12658
1.9312
2.58626
0.146286
0.279732
0.143352
0.125375
0.4823
2.16693
1.24808
0.174555
0.285635
0.739891
2.92734
0.841175
0.713187
0.160559
0.173579
14.862
0.1947
0.201243
0.74404
0.189775
0.472165
0.15892
0.21193
3.26512
0.251267
1.48069
0.176627
0.153064
0.515766
0.193576
4.72104
0.755832
1.58164
8.11167
11.8978
0.433522
0.738202
0.130062
0.110006
2.06219
0.893805
0.506711
0.839169
1.8617
4.52652
0.599009
9.5925
0.157042
0.267985
2.7597
0.246863
0.141334
2.26638
2.43433
0.60973
2.2639
1.29259
0.336432
8.05247
0.345347
0.943274
6.14543
6.41572
2.80917
2.58446
0.340282
0.134386
0.511489
1.01399
0.200691
0.165644
0.307726
2.08105
0.409868
0.279119
3.0582
0.201306
0.352364
13.0076
3.38252
0.7907
1.58701
0.951819
0.119123
0.199597
0.437367
0.140833
2.07331
1.5265
0.901461
1.21174
0.315589
6.46224
4.49225
1.33953
7.87771
0.381808
2.91813
1.06294
0.129232
4.78155
2.15568
1.16543
2.0163
0.610497
7.13804
0.105283
0.15762
9.75003
0.190651
8.35264
0.595685
0.108867
0.145519
0.288465
5.20377
1.7345
0.232755
0.993632
0.194997
7.87358
0.85203
0.888278
33.3665
0.117254
1.02448
2.21421
0.39717
0.147262
1.3192
0.559088
0.848724
0.244384
0.632284
0.176885
17.4983
0.270516
2.0689
0.245914
0.105749
1.61632
0.155116
0.105374
7.30125
0.154138
18.2059
1.77891
0.523966
2.35429
0.314855
0.310888
4.86548
0.947784
0.955872
0.402664
13.2703
0.157897
0.121652
1.83102
0.917145
0.57222
0.603018
4.64505
0.353491
0.123836
10.2112
1.35887
9.5957
0.167861
0.480998
9.59526
0.543294
0.88363
0.292839
3.05371
0.186878
4.97577
0.296552
1.24746
0.192036
4.17006
2.35005
0.308036
0.225742
0.10262
15.1743
0.814644
0.468933
0.196808
0.191704
1.28948
0.307272
0.971657
0.217026
0.827312
0.220248
0.980777
6.48028
0.141459
0.17602
0.129423
4.5752
0.105973
0.278748
0.277753
15.9744
1.465
1.26297
2.56499
9.60563
0.685478
0.103057
0.122362
0.181104
2.18516
0.490949
0.447587
0.572978
0.351851
0.452581
0.115607
3.4704
0.190311
0.135686
2.07349
0.35195
4.95456
2.02667
0.127916
3.62579
1.97321
1.59494
0.111195
11.0776
2.57468
14.9617
0.114174
0.319918
0.116136
0.193088
4.73352
1.1612
2.15407
0.269554
4.32872
0.152882
1.61829
0.706183
1.79442
0.247476
1.89159
0.27754
0.730047
0.213411
1.16889
0.271708
0.136175
0.151244
0.275547
1.51601
0.247283
0.128244
8.95096
0.108534
1.78129
7.40142
1.69332
0.126868
2.69709
1.31591
0.462001
0.14821
0.464395
0.257639
0.294587
5.59545
1.33553
0.387918
4.72611
0.71496
6.8259
0.170339
0.100865
1.20929
4.74185
0.228653
2.0274
9.43839
0.432818
0.665225
0.297739
0.100595
0.345535
0.155716
2.8337
1.15721
2.03433
0.36473
0.129844
0.179355
0.223509
0.167206
0.23534
0.103765
0.967236
0.394552
0.362333
0.231804
0.149752
0.161119
3.60354
5.96765
2.12275
2.65279
0.851444
0.379191
0.246542
0.13944
0.734247
1.05383
10.4123
4.75681
0.228908
1.45494
3.10446
0.126383
20.6384
0.6238
0.497238
0.852393
0.151161
0.899637
0.326655
0.350494
1.64839
0.348516
0.458039
1.31225
0.191317
1.53166
6.12076
0.117391
2.05026
0.119765
2.43186
3.09349
0.591963
0.221852
3.05952
0.817273
10.1064
0.125989
0.237567
0.206254
0.888587
0.44674
0.371025
0.124826
0.225266
0.140042
0.168822
0.459262
0.105004
1.11458
2.84143
0.153054
0.420151
0.482754
0.334916
2.85469
0.358949
0.980073
0.20471
0.569043
0.132795
0.341735
19.8464
1.33776
0.479501
0.148895
0.421626
1.16251
0.552082
1.67583
0.418692
5.88162
8.3218
2.46701
0.185096
0.626561
3.52294
1.40192
0.320496
0.860236
0.30911
2.34064
0.126605
1.07644
0.103097
1.17991
0.7258
0.253753
0.42143
3.31052
1.09855
0.562718
0.357777
3.71897
1.57399
0.467631
0.305079
0.143912
0.19588
1.92016
0.15418
0.440447
0.705867
0.658139
0.205833
0.662846
0.7509
0.181238
0.80131
7.2392
10.0222
0.196554
0.20962
0.142385
0.842821
0.989403
4.11225
1.4443
0.191332
0.121884
0.755632
22.7168
0.254709
3.62085
0.13339
0.203928
3.66237
0.750926
5.59844
0.149909
0.499654
4.31866
0.270916
0.184253
0.559989
0.608982
0.105551
0.179101
0.696321
0.362656
5.21682
12.1092
0.199309
3.93217
0.10424
0.86892
0.114796
7.71059
0.735139
0.382017
0.10678
0.394519
1.61086
0.178015
0.107721
12.4876
0.150774
7.9212
0.465277
0.261191
2.32053
0.590044
0.781276
0.84489
0.469439
1.25183
0.170423
3.81742
0.431006
0.29145
0.994575
2.0281
2.5753
0.263473
0.270269
5.72654
0.942478
2.84455
0.58007
32.3639
0.390577
11.8138
0.268454
10.4455
11.6319
0.214822
0.851983
0.509566
0.725327
0.462357
2.67001
0.252189
0.82078
0.349683
0.280239
3.50822
0.105783
0.335002
3.00189
1.68172
0.540839
3.47478
4.35626
1.50945
14.1381
0.681003
0.784501
0.970473
0.264632
0.103771
0.250939
0.274199
3.47156
0.667606
0.163446
0.514875
0.475898
4.39279
0.916931
2.65753
0.425191
2.98489
0.102656
0.105529
0.289476
0.796199
0.302411
0.183061
0.930416
0.990218
3.23175
0.468002
0.165285
0.312245
0.745318
7.7416
0.107316
0.466988
4.09281
0.317846
2.00412
2.39322
1.17708
0.190464
0.159255
0.129336
8.02957
4.92556
0.170235
0.644678
15.3089
0.31277
0.126506
0.351351
0.258193
0.743689
0.251894
3.69504
1.51166
0.107706
0.147679
1.57538
0.148863
3.89737
3.04869
0.628494
0.153444
2.02429
0.110005
1.54375
6.34842
1.05862
1.04748
0.153986
3.67472
19.032
0.421
0.24635
0.109957
0.219055
0.133326
0.11792
0.315846
2.58463
8.49525
1.31985
3.75289
1.46892
0.877789
1.16046
0.105556
0.116565
0.354092
0.391752
1.11874
0.408099
0.641415
4.41425
0.538014
2.2931
0.626246
1.68688
0.365933
0.669898
2.05496
0.298637
0.153878
0.283118
0.822442
0.110297
0.734339
0.158516
0.487473
3.03288
0.448014
0.158256
23.8302
1.43075
8.41719
0.209876
0.695929
27.8219
0.681485
0.43305
0.331486
6.98356
8.70379
4.14168
1.58979
10.9627
24.8232
0.153946
1.01538
1.37285
0.738341
2.94414
0.306794
0.575028
1.69695
3.66912
1.46398
0.436445
3.24091
0.355942
5.66373
0.155927
0.975426
0.578084
0.326966
0.108631
0.722884
0.289149
0.14983
0.165117
0.108316
0.277101
0.34799
0.424958
0.160094
6.53927
0.747283
0.408749
0.79349
0.476695
0.433278
0.156896
6.00586
0.145058
1.18516
0.158102
0.487898
0.101792
4.08856
0.117286
0.257583
0.476691
0.116549
0.200242
1.148
0.182769
0.220642
0.15743
0.138268
0.1414
0.418278
0.282209
0.126977
6.39854
3.24955
2.81396
0.324772
1.08375
0.371743
0.274364
0.107472
0.267756
0.421732
0.115293
0.19413
0.285361
4.89649
6.7328
0.905624
13.3513
1.82465
8.63609
0.135422
0.129903
0.102068
15.8893
1.59424
0.141205
0.210523
0.45022
0.259185
0.160207
0.788377
2.1524
1.74836
3.19379
0.121567
3.20577
0.314392
0.462569
0.273013
0.388468
1.64364
0.410217
14.302
0.288089
0.400308
1.80636
0.656472
5.6803
0.15972
0.180337
0.609403
5.81165
0.106048
2.53593
0.839115
0.655351
5.45383
5.19257
0.496936
0.100241
0.255573
0.2084
0.544232
0.135355
24.0923
0.125722
0.108029
0.137238
0.293909
0.52909
0.995785
0.24075
9.70603
1.59885
1.09922
0.557653
0.447265
0.837139
0.32841
0.192031
0.152945
0.709131
0.743872
1.66307
0.280542
0.761094
0.133262
0.245053
0.705434
0.404333
0.131693
0.742675
2.48539
1.66921
4.49729
1.22282
1.56035
3.88653
0.245376
0.662486
3.4716
0.140041
0.132684
0.929362
0.393684
0.212418
1.63747
5.84309
0.282587
0.311974
0.156619
0.645945
0.183633
0.840751
0.407121
1.15748
3.9019
0.9925
2.47615
0.813112
0.597746
0.122063
3.15594
0.1867
1.00442
2.36416
14.7705
0.172251
0.145586
0.745333
0.185697
0.482696
0.184402
0.85282
5.12407
0.130611
0.19648
0.140394
1.60418
0.168095
0.116854
0.773126
0.22956
2.90046
0.187572
0.115234
0.339216
0.339688
0.105192
0.288242
0.423909
0.105837
2.55123
0.618617
1.85161
0.13022
0.641148
4.66238
0.764106
0.855747
0.49465
0.559866
0.125296
0.474321
1.61461
1.10882
1.22258
16.7485
2.47791
0.248496
0.249228
0.189201
1.34008
0.302986
0.634717
2.36826
0.456649
0.523557
0.251507
0.585671
0.957291
4.75656
0.527819
0.212451
19.9332
2.11259
5.38598
0.185235
1.00461
5.18708
9.03285
0.175993
0.129216
1.11373
1.20152
0.797982
0.259593
14.3099
0.157109
15.1298
0.175329
0.687391
1.51699
1.74967
0.133552
20.5552
1.13126
0.169999
0.292155
0.269846
0.748796
0.288721
1.26719
0.189559
8.9765
0.169969
0.255471
4.68764
2.96026
3.15903
4.20027
9.56695
0.155668
1.93768
0.96487
0.222848
0.171123
0.36951
0.461738
2.08925
3.26033
29.5108
0.210107
2.99365
0.252584
0.166903
0.685584
0.506799
0.328386
0.217136
8.20533
5.58005
0.334395
0.116575
0.175043
2.56984
0.590653
0.108015
6.84372
0.378483
0.257807
4.75549
0.110696
0.14912
1.46467
0.135087
1.77975
0.156587
0.841471
0.15002
0.797203
1.70646
0.198179
1.46281
0.163463
0.499936
0.128674
0.232117
2.85442
0.616982
0.5807
0.35751
0.459646
0.380724
0.41981
2.75322
0.188755
0.672722
0.559385
0.401751
0.233601
0.772185
0.130376
8.44852
0.182066
0.734797
0.146326
2.00612
0.497707
0.529791
0.148055
1.63948
0.155525
5.21008
0.265023
1.47043
0.354063
0.291826
0.28437
0.271166
1.59758
0.682299
4.53391
1.30025
0.454073
0.180572
9.46005
0.103995
22.9522
0.352569
2.69654
0.250294
0.599801
0.111251
9.95131
2.78813
0.228626
0.533065
0.334615
0.133129
0.137219
0.733425
3.50758
14.5848
0.5346
5.91014
0.20519
15.0546
0.728189
2.18136
0.13663
4.26916
25.9393
0.128955
69.4246
0.196984
0.197735
0.511022
1.14802
1.04584
0.153987
0.401809
0.113979
0.674641
0.1662
2.39746
4.28928
1.20378
0.151058
0.389429
0.748814
0.963465
0.948313
0.776584
0.143721
0.147219
0.360852
0.465707
2.12015
1.57216
0.346819
0.787258
0.308811
0.459119
2.54371
0.568091
0.201956
1.78204
0.985562
0.2204
0.189911
0.155769
2.99298
0.195874
0.280287
0.144224
1.60866
0.15457
3.59617
3.24239
1.6268
0.175548
6.45311
0.114655
0.153955
0.167145
1.39846
0.2912
0.656937
7.14033
0.397539
1.79279
0.939241
0.59986
6.16165
2.5672
0.218771
0.261368
1.07758
2.2413
0.876811
8.33662
0.967439
0.160657
23.4999
0.197662
1.79066
0.122822
0.245236
0.150664
0.40503
0.822639
0.608014
0.159843
2.49089
1.78507
1.74582
4.81574
0.345053
0.324978
1.13739
0.344308
1.93334
0.348448
0.511232
0.609763
1.55397
0.355892
1.1202
0.531427
1.8876
0.482476
2.07237
0.510308
9.04297
0.839245
1.476
0.162592
1.60118
0.333905
0.44838
0.374108
0.523423
0.330276
0.326279
16.0604
0.797074
4.31682
1.54969
0.569051
2.36119
23.2169
0.30215
0.178182
1.14166
0.485294
0.703874
0.28016
1.08543
11.819
3.94525
1.15664
4.36796
0.471242
0.847702
0.134298
0.14205
0.111608
5.77872
0.395782
7.12735
0.276142
0.290244
0.123829
1.65145
0.140226
1.93023
2.34311
4.4333
3.05459
1.5713
0.300192
0.110956
0.241786
6.05217
0.399361
0.915308
0.122219
0.109566
0.203292
0.650532
1.31363
0.126522
1.8757
0.342593
0.105646
1.84573
0.94299
0.351474
0.693926
17.5048
0.445168
0.40298
0.574719
0.301311
0.131813
0.433815
3.18329
1.20464
1.67589
0.241215
1.18282
1.48522
3.04077
0.396863
9.21929
1.81582
0.809319
0.28102
0.100898
0.232401
3.11055
0.200885
0.192189
0.526186
0.187752
6.26993
1.71366
0.130049
0.428841
0.717989
0.743608
0.386973
0.176768
0.170578
0.481911
0.301909
19.2528
0.219041
0.175905
0.251201
21.5365
0.113126
2.86228
0.421841
0.303068
0.173168
0.856831
0.691041
0.102199
0.111806
0.155155
0.13116
0.131408
0.489462
1.90977
2.33518
1.52601
0.388897
0.341709
2.39187
3.13447
0.654919
0.146871
0.446595
0.24456
0.180227
1.16597
0.119011
0.109597
0.3457
0.269
0.297919
0.517018
0.134954
0.531378
0.129249
0.210252
1.47709
0.227516
0.124153
4.56562
0.133867
0.999638
0.29424
0.242369
0.729902
0.124803
1.18583
1.19052
0.660133
9.63228
0.163085
7.44785
2.06622
0.119097
3.02477
0.66838
0.108531
12.5194
1.72127
4.89597
1.02823
0.178889
0.11229
0.965531
1.52684
0.717177
0.473622
0.107371
0.180609
1.11995
1.648
0.100685
0.907567
1.01036
2.82375
3.7661
17.5908
1.79172
14.9886
0.169379
0.108925
9.35915
0.765308
20.8331
0.856309
0.124805
0.223659
0.933649
0.110845
0.185026
0.264444
0.123826
0.102438
0.161471
1.47812
0.67113
1.681
3.20991
0.124918
14.6921
0.325492
0.36098
0.579335
0.179263
0.368104
0.345489
5.27473
0.169143
0.263283
1.58472
0.964778
0.42148
0.561605
3.30855
2.23342
0.137921
0.234613
0.179566
1.17296
0.137088
7.39364
0.403359
2.49667
0.491148
0.137541
0.497784
0.306643
1.54973
2.25907
0.223146
0.772637
0.199202
0.426563
0.143493
0.476275
4.18228
0.143681
0.684042
3.94582
0.285834
1.67281
0.143275
0.14511
1.05433
0.938816
0.150903
12.5522
2.94864
0.320633
9.66679
0.214487
0.782717
0.235077
0.283635
2.80443
2.9018
0.192309
0.131786
0.33251
2.29976
0.604856
3.43011
1.78917
0.127126
0.832505
0.250956
2.40307
0.640575
1.33646
0.8575
0.491199
0.125343
0.107966
2.05526
0.151043
0.369827
1.19669
15.6783
0.38879
1.98508
0.231347
2.19257
0.116571
0.382581
0.715805
0.251987
0.339331
3.4502
0.315857
0.119524
1.29671
0.68487
0.187818
0.778552
1.28924
0.334184
2.54055
1.65469
0.549151
0.807133
1.5566
0.139692
0.851991
0.209254
0.3035
0.139773
0.633287
1.42679
0.179911
0.178135
0.135152
0.576731
9.26716
0.247475
0.183591
0.129171
0.120187
3.06696
4.90095
4.97911
0.165655
0.826181
0.25814
0.493467
17.9122
0.206551
1.12731
6.20146
2.86291
0.424882
4.39364
1.99071
3.65726
2.33109
0.441352
0.184185
0.400805
0.191235
0.355659
11.186
0.139078
0.99319
5.87986
0.717069
0.126461
0.469529
0.175842
3.36388
0.636135
1.76185
0.209705
5.57774
0.868286
3.21221
0.232055
0.214236
10.3362
5.59895
3.65607
0.162471
14.7429
18.836
0.155972
1.15767
0.647656
0.503493
3.76027
1.28853
0.230552
0.501412
2.45418
0.242228
0.173235
2.04686
0.499599
2.02665
0.232415
0.492268
2.24342
2.91667
1.19329
2.66563
14.6568
0.12747
0.12285
0.149231
0.186989
1.82761
1.20394
0.341529
15.9437
2.77006
1.96284
0.185961
8.53252
0.688004
0.293017
2.51149
0.704842
0.277532
1.70487
2.43744
0.527436
31.5139
0.358178
0.156491
0.196299
0.139535
1.83351
9.22694
0.108965
0.270009
0.757328
0.255091
0.147715
1.74345
0.129115
0.122778
1.82441
0.271737
0.169484
2.28131
1.14058
0.599809
0.248297
3.57895
0.156706
0.746933
5.61513
27.3712
0.142271
0.648081
0.164778
1.10632
5.43047
0.250631
1.86739
0.603953
0.791976
0.780184
0.971365
0.334025
0.385654
0.737694
0.234145
0.132716
2.6064
0.163777
1.27994
5.92252
1.04568
1.61328
0.187075
0.41818
0.60402
0.460404
0.118328
1.97895
4.78834
0.199081
0.108736
0.451437
0.138933
0.497381
0.103811
0.144597
0.740898
0.523455
0.439326
0.436597
7.49175
0.949177
0.988544
0.894449
0.352189
3.09547
2.40755
12.9565
0.151973
0.27241
1.40202
0.124995
0.882657
0.839449
0.60408
9.82683
1.77446
0.408499
0.227842
1.26553
0.180494
0.599576
16.8979
0.164009
0.179392
0.483951
0.146274
0.138996
1.25065
0.184587
1.13196
0.591
0.288973
0.225452
1.41467
37.2436
0.264803
0.204865
2.26533
0.149464
1.42543
0.921825
3.98249
0.12265
0.138552
0.537527
0.311999
0.101112
0.110554
0.171887
0.282088
3.18577
0.651178
0.510144
0.168062
3.52897
0.10963
1.63089
1.58292
0.714398
2.49054
0.979174
0.241744
0.143149
0.10128
0.538498
0.114977
0.12819
1.52183
0.337987
0.245169
0.110979
0.336537
0.966295
7.86368
1.52054
1.82905
0.127033
0.293458
1.26695
1.87829
0.309537
0.135252
0.133221
0.35791
0.199113
0.833708
0.181908
0.907723
1.67811
11.3991
0.145424
0.355838
0.499332
1.7636
0.128332
0.12296
0.178551
0.202378
38.4829
4.69836
0.134673
0.595587
0.248627
0.267833
1.36754
0.198515
2.41335
2.15757
0.313605
0.155407
1.48262
0.905493
0.757855
0.101705
0.425466
0.237798
0.294602
5.37077
1.10584
0.278882
15.1189
0.555612
14.1893
0.112024
0.281613
0.388877
0.567777
0.713663
2.12232
0.389103
0.328773
0.129722
0.174486
2.69232
1.2901
0.817495
7.96456
0.897821
0.137052
1.10584
7.32224
0.152537
12.0347
12.1601
1.86687
0.234192
0.727049
0.129828
0.682889
0.646349
0.994041
3.85364
0.871893
0.449236
0.108687
0.578586
15.687
0.412658
3.57563
0.511632
2.83954
1.92296
0.384908
0.220523
0.103556
0.110724
0.657141
0.259222
0.731771
0.158255
16.1538
0.106671
0.419027
0.447635
2.73907
0.204249
1.11804
0.108072
2.4253
1.76238
2.89337
3.40648
1.54169
0.24295
0.645116
0.38753
0.131635
1.58527
2.93255
0.135116
0.293842
0.171575
0.729544
2.31306
2.67799
0.273227
0.12716
0.917307
0.619864
0.230423
0.62459
0.203476
1.27765
0.73496
0.233058
0.298307
0.117086
1.49581
0.296888
0.371056
0.551177
0.156681
3.8036
2.77006
0.161574
0.331445
0.271501
0.10456
6.87395
10.1657
10.0815
1.22555
1.82719
0.61501
0.607306
10.6979
0.201908
0.524755
0.596543
0.106917
0.816748
0.513759
0.352981
0.191015
1.20881
0.215447
0.709849
0.466195
0.428491
0.86512
0.440442
0.127783
0.129048
3.03591
0.200869
3.17205
1.10198
0.685367
0.409598
3.25913
0.173514
3.75087
0.986954
2.22566
0.100273
0.10847
4.57961
8.58287
2.03835
2.87637
5.05166
0.211101
5.53109
0.104811
0.284964
5.6012
0.321168
0.21659
0.314945
1.49386
0.219933
0.884949
0.10726
0.253554
0.255351
0.591122
3.74614
7.37886
0.287176
1.91308
0.364352
2.52658
4.37639
0.353549
3.1096
0.100776
0.507929
1.10209
0.136578
0.527153
0.350301
2.90523
0.103907
2.6765
3.56637
2.82515
1.23927
0.306237
0.185943
1.28327
1.23974
0.486084
0.913535
0.294071
0.684266
0.135299
0.120957
0.15334
6.15221
4.83972
0.578577
0.674556
2.82246
0.119611
0.39195
0.865947
0.7629
5.44294
0.220885
0.283705
0.807493
0.790219
0.551923
0.856922
0.138912
0.351961
0.115417
1.61605
0.299932
0.39192
2.23479
1.91242
0.127888
0.104042
0.933197
0.295671
0.449037
1.54214
0.728826
0.574332
0.406523
0.914701
0.46009
0.729903
0.103953
0.125006
1.61055
0.201045
0.18977
0.473483
0.201963
3.52466
0.522868
0.274726
0.804855
4.12125
0.920786
0.293027
0.150661
16.2443
1.05221
0.971976
0.13388
0.485799
0.123165
0.569975
0.112903
0.267244
0.135691
0.311184
14.9857
0.377275
0.172558
0.36045
0.215879
1.10933
0.127732
17.5515
1.28757
0.773655
0.169315
0.260461
0.365015
0.236085
1.14806
0.122406
0.167933
0.231248
0.738255
0.133854
0.261898
3.15046
0.68849
0.69815
2.0528
0.141277
0.120058
0.270481
0.763839
0.319363
0.276066
0.694332
0.644037
0.20127
2.99334
1.42318
0.355768
0.255834
0.654809
1.19845
0.122473
4.15974
3.44867
1.0026
0.217825
0.748619
0.274876
11.0356
0.417208
0.468903
0.43707
0.130555
0.965318
15.3491
0.170178
4.56614
25.2953
3.70247
2.22102
0.55644
0.249749
0.309253
1.30958
0.614351
0.114361
0.120485
0.342603
0.362207
0.712303
7.79425
0.555594
0.536489
4.64213
0.186508
0.110526
0.66067
0.127792
0.621146
1.83774
0.550064
5.98182
2.70875
1.32974
0.51768
0.215719
0.375804
0.253598
0.260981
6.80794
0.447946
3.0328
0.21601
0.17129
22.6881
8.13958
0.44641
2.91829
1.70266
0.603202
0.748871
0.135593
0.104708
0.120411
5.7719
0.313909
5.04078
0.563341
1.72306
0.642691
0.173072
0.13112
0.318751
0.602257
1.18974
1.02509
0.679067
1.94362
0.844353
0.912655
0.471044
1.11207
0.234033
12.8233
7.34322
12.3432
12.7099
1.06241
1.31404
3.11002
4.30523
0.377298
0.173051
0.562711
1.38314
2.50691
0.227232
8.08412
3.53033
2.09472
0.343047
0.173293
0.912425
0.150933
12.5539
6.30858
11.2659
0.85494
9.68176
2.69694
0.592975
0.539632
0.522343
0.468835
2.00787
0.503821
0.925802
0.67878
0.124085
0.19855
9.85235
1.4071
6.14107
0.146235
0.375892
0.256482
0.429288
2.67571
0.284394
0.370588
1.16361
0.11694
0.688427
0.458879
0.120838
0.939733
0.418554
1.40971
2.07787
0.261667
0.495282
6.12767
0.521687
0.115423
0.245359
0.400117
2.15981
0.139426
0.517004
13.7454
0.115156
0.302304
0.372582
0.191671
0.966841
0.304691
0.817055
0.560961
0.990717
0.801152
0.138421
0.118575
0.393392
2.37958
0.279283
0.10035
1.51814
0.706496
0.400144
0.169255
0.220274
1.26262
0.104425
10.1431
0.105551
0.160665
3.80935
0.360905
0.15028
4.55742
0.527789
6.6024
2.06494
0.20259
0.400565
2.86839
0.83751
0.226621
0.720043
0.653021
5.49548
1.81125
0.376164
6.93034
1.19588
0.276658
5.24298
0.302171
0.955796
0.456098
0.454729
0.894539
2.97257
0.102096
0.396853
3.53715
0.183792
0.203626
6.56561
0.395858
1.89412
0.190783
0.174645
0.277805
0.505876
1.19259
0.541688
0.219141
0.120234
2.14992
0.14425
4.32981
0.510117
1.24845
1.45137
3.9702
3.4323
0.604279
0.774419
0.131921
0.418666
0.585023
0.289626
0.313594
2.6223
0.496952
0.418806
1.81838
4.15883
0.354256
0.281197
0.792663
0.490182
0.1113
0.257451
5.13252
1.44889
4.43622
0.807619
2.45203
22.5864
0.371622
20.6067
1.12937
4.59644
61.7535
1.39765
0.19982
0.159704
10.415
0.122946
1.20651
0.107458
3.78537
0.221398
0.511818
2.48119
0.141443
0.852619
0.894272
4.99697
0.144707
2.66847
0.107513
3.29194
0.230318
4.66065
1.59628
1.01042
6.19183
2.56796
3.40499
4.18511
0.133444
1.22989
3.16798
2.72765
0.108967
2.4901
0.177312
5.33156
0.100277
0.657173
0.271302
2.1531
0.246415
0.46039
1.32696
0.800645
0.425633
0.358209
21.0071
1.50846
0.136035
0.10056
2.74701
0.699509
0.772229
0.849659
0.612706
0.164018
0.482467
0.103487
0.117658
3.12401
0.783085
1.82555
1.15726
0.569503
0.818373
0.100698
0.155983
0.374229
0.115482
7.55454
0.38447
0.159722
0.393043
0.271092
2.20975
2.96977
0.182214
20.0552
11.2038
0.360012
8.36832
1.00305
0.405941
6.61772
0.195676
2.03627
1.34058
0.78853
0.979499
7.03982
0.760798
0.136348
2.07456
2.09646
0.550313
2.24422
0.136555
0.206491
0.275398
0.12802
0.14305
12.2768
0.27272
0.113159
0.25469
0.280386
0.468127
1.95325
1.16233
1.80161
0.184047
0.107316
0.351998
2.8455
0.172059
5.7596
0.33031
0.499699
0.115295
0.78576
1.40998
0.103722
0.144668
0.345076
0.112784
8.50759
2.02418
0.144156
1.69757
0.33904
0.353337
0.419997
0.397277
0.408767
1.57961
0.488533
0.353689
0.515825
1.11329
6.21813
0.280943
0.147614
9.27796
6.97794
1.86615
0.283562
3.57704
2.56746
4.2076
1.03574
0.15244
0.335993
0.215873
2.69619
4.84421
1.12292
0.472011
1.24606
0.984133
0.313987
1.63123
0.763774
3.83803
1.30584
0.135794
0.995432
0.106178
3.50399
0.107368
0.747811
0.347943
0.688719
2.05182
0.141693
0.294664
0.363826
0.351744
0.909114
2.15411
0.154928
0.965871
0.219443
0.111181
2.32611
2.60459
0.224209
0.720085
0.554461
17.1241
0.627286
0.323216
0.155088
14.8354
3.02285
0.121367
0.105277
0.231947
2.17834
14.1411
10.0124
0.315794
0.481474
0.203969
1.23399
0.497708
0.208684
0.112178
26.3588
0.857545
0.555281
0.4803
0.129957
0.537349
13.23
1.44673
4.61464
2.13386
0.152116
0.148412
2.34483
0.162776
1.32383
0.380172
0.111453
1.00195
0.198086
0.363994
5.07151
0.132847
0.633401
8.17288
0.420808
0.398179
0.111658
3.93285
0.523832
8.38585
0.822084
0.138316
0.874036
1.58203
0.749292
0.508522
0.823709
0.456525
0.589202
3.45197
1.0962
0.144972
0.208564
0.221057
0.13386
0.371782
0.930019
1.77672
0.141997
3.85117
0.326824
0.200519
5.25125
0.542398
1.82984
0.399548
0.154924
0.255508
0.723985
6.25658
0.358472
0.440661
0.10499
6.68477
5.74231
0.254719
0.109558
0.287138
0.195334
0.121328
0.499885
0.143854
0.452524
0.551841
0.226473
1.27292
3.75302
2.07954
1.39505
0.123266
0.189855
0.959332
3.10512
3.54094
0.813301
2.9481
0.787819
0.150923
0.76155
0.213401
1.22123
1.99434
0.129839
0.942294
0.76606
0.106082
0.282855
0.247428
0.498796
11.9869
0.156529
0.233894
0.88105
1.55245
4.22006
2.09087
0.915221
0.183069
0.253075
0.104253
0.287722
2.41215
0.18428
0.559166
0.155359
0.971283
3.7003
0.288738
0.10683
3.54282
0.976569
0.299839
0.610955
0.110646
0.120868
4.1306
33.7001
5.12276
0.179041
1.36168
5.87654
0.115826
10.41
0.117242
0.344517
2.01514
5.61709
0.10539
8.10347
3.84325
0.177137
0.937191
1.57316
0.416911
1.63527
7.84755
1.14793
0.179791
2.09983
0.507901
1.51031
0.56765
2.05881
0.562515
4.05202
4.99232
5.78408
0.102579
0.393197
0.435434
2.78317
23.9569
0.313856
0.241643
0.123738
0.112157
0.375949
2.50676
1.27647
0.657215
0.132408
0.938157
7.87458
10.4025
0.535453
0.136279
8.42666
1.02345
0.146713
11.7392
0.14696
2.00656
0.102639
5.26484
0.580957
1.21587
0.183733
0.91203
9.21601
0.349679
1.01394
6.33377
0.433749
2.00376
0.152609
0.344473
2.58031
0.170404
3.57684
0.294085
6.20448
0.836953
0.997406
0.711936
2.146
0.367464
0.173333
4.89026
1.3758
0.264823
1.83031
0.362542
4.83131
1.42315
0.195552
3.51059
0.438061
7.91862
13.1483
0.189145
0.189834
0.970588
0.724885
1.89987
0.286287
0.521787
0.115244
0.501517
0.358612
0.217835
1.05355
0.141477
4.27627
1.22469
0.608604
0.682396
0.136991
0.142522
0.957269
6.56242
3.12063
0.653894
0.146493
0.376693
0.552567
0.18299
1.37526
0.133181
1.8101
0.646165
1.10417
0.583592
0.414167
1.2472
0.93851
0.117893
0.119967
0.341687
2.28324
2.84208
2.25445
0.271259
0.298635
0.152272
3.26815
0.300574
0.107396
0.116977
0.227436
0.127251
1.22521
0.679455
1.16468
1.1167
0.276988
1.4199
1.84817
1.91686
10.6685
0.290401
1.72485
5.39634
0.137108
1.20724
0.240135
0.150272
16.6522
0.402386
6.20574
0.196781
2.66695
0.22405
0.115361
0.30052
0.131159
0.395992
2.29372
0.799972
1.05733
4.78906
0.141848
0.97986
1.32238
0.186567
3.8397
0.226796
2.89492
1.91873
0.221759
6.82458
0.516728
8.51092
2.37118
0.186501
2.0207
0.689665
1.29903
1.11975
0.408603
0.349172
9.86183
4.4892
4.01363
4.40399
2.07877
0.338136
0.173716
0.554773
0.381129
1.00645
1.2131
0.987304
0.378231
3.79308
0.347551
0.632609
6.87298
0.277035
0.219088
3.25862
0.113985
1.32932
0.871804
0.66732
3.62926
2.07492
3.08646
0.249838
0.679486
2.97317
0.346228
0.589261
1.20882
10.088
1.55492
0.138166
1.11605
0.717659
0.337995
0.414048
0.72356
9.60077
0.372445
2.11184
0.37123
0.185829
0.203273
0.183196
0.18718
0.187456
5.35251
0.488956
0.414839
1.74154
0.144644
0.124119
0.417644
0.767357
1.03378
0.416914
1.29565
0.137198
0.562218
0.821403
0.339457
0.11747
0.42901
0.191448
1.561
0.816626
0.122555
1.65581
0.232996
0.406886
0.140654
0.921565
1.25873
0.335592
0.351793
8.01036
0.179695
0.102567
0.742724
0.219433
0.632602
0.162167
0.143575
0.538426
4.17208
1.26861
0.120631
0.552642
0.600658
0.264815
0.359809
0.397052
0.231794
0.131041
0.105033
0.485489
4.25623
0.376046
0.54144
0.188522
0.219216
0.506333
5.72622
0.709269
1.87694
0.199946
0.406462
0.834069
0.425296
0.428588
0.320683
1.77304
14.7524
2.14623
0.454077
4.2386
0.838971
0.437305
1.07361
0.647196
6.17483
3.30572
2.64051
0.125124
26.415
0.599917
0.471777
16.5273
0.231457
1.76539
0.1545
0.33548
0.394989
1.3358
0.179723
1.87598
0.395007
3.74519
5.26404
0.351474
0.156214
0.274427
0.144426
0.444827
2.26699
0.300438
0.232387
5.75406
1.05447
1.47414
2.51674
0.138003
0.952701
0.105339
0.79278
0.10466
0.1023
0.146079
1.73778
0.154594
0.340243
0.197591
3.8165
0.933249
4.59678
0.122542
6.5111
6.11761
0.304666
0.370305
4.55898
4.10289
0.156727
3.12468
2.5478
0.218181
0.147741
7.34438
0.240489
0.962856
0.546683
2.96528
0.35285
0.14945
2.97845
1.41179
0.692687
0.529497
0.196609
0.364279
0.701579
0.161124
0.261567
0.226019
0.929947
0.434214
0.19633
0.659226
0.574287
0.121721
0.170045
0.14108
5.60637
0.545961
0.212837
0.377182
0.502344
0.227104
1.53091
0.236953
9.35815
0.46144
1.29012
0.158213
0.121942
1.72761
0.343213
3.49685
1.06614
0.645404
0.193299
0.740503
0.216206
0.147288
0.152691
0.11916
7.9666
0.117214
1.83731
5.96521
0.21232
0.25938
0.117524
0.212336
0.551734
0.307621
0.208914
11.4333
0.578424
0.703381
0.135233
0.854158
0.47887
0.125096
0.391487
2.36622
0.245282
0.18647
0.20358
2.55667
1.36782
0.160827
0.19551
1.47103
0.1362
0.121522
2.23654
4.56792
0.393501
1.06067
12.8085
0.790015
5.69156
0.475057
0.184854
0.721646
0.129063
1.96916
1.69066
0.247976
1.68307
0.701094
0.259464
0.52121
0.138323
3.52405
4.329
1.28057
0.129059
1.5825
1.77261
0.106182
0.659985
2.60011
0.463054
0.157451
0.229062
0.868955
2.76059
1.94844
0.382047
0.143276
5.80347
0.314577
0.166408
8.398
0.841739
3.03053
0.556525
0.516056
13.3313
0.151065
0.290963
0.896338
0.171649
1.7446
0.298133
0.164115
9.14999
0.266333
3.04637
4.83572
9.461
1.14845
0.812032
2.29002
13.6426
0.116471
0.1978
0.101839
0.125498
0.271529
5.38273
6.25804
0.18527
4.93212
0.145539
0.118857
0.320199
0.136222
0.508766
1.01709
0.957224
8.11485
0.254615
0.797379
0.839036
0.170305
0.811603
2.66163
2.08108
0.216843
2.41279
1.64452
1.09415
0.173891
0.17955
0.11065
0.164552
1.58266
1.94236
0.267491
0.186132
0.326598
1.24056
0.120635
4.73499
4.40764
9.81701
3.80278
0.295863
0.132783
0.364169
0.235043
0.43418
0.281108
1.35401
7.8284
1.3072
0.434384
0.359862
0.778511
0.348648
0.113655
0.273522
0.122369
3.48466
0.231702
0.129525
0.546855
0.569517
0.115146
0.126808
0.122154
0.419555
3.66749
0.113006
3.50305
6.13638
0.119879
12.1493
0.782309
3.85936
0.647983
0.121123
0.446504
0.465712
1.86345
0.269525
1.39852
2.84784
0.312883
0.566054
2.33335
1.33625
0.470453
1.10202
13.682
0.194432
0.804135
0.632592
0.759032
0.220209
1.54969
0.121792
2.41034
0.274954
0.143339
1.74447
5.32218
4.26585
5.17647
10.4281
0.271096
0.134327
0.105398
2.68786
6.05461
1.35805
0.397878
1.67726
0.914576
0.283058
1.3807
0.115987
0.141693
0.963256
3.43041
4.97333
0.141845
0.128558
0.436324
1.34789
1.45666
1.17047
1.11153
1.3467
1.393
8.54179
3.1512
3.39903
6.72283
0.274142
0.178907
1.80473
7.04834
16.2839
4.19935
0.337651
0.577939
0.474234
1.19031
0.964864
12.3648
0.105907
2.19116
3.42975
1.57905
0.136306
5.12829
9.91663
2.0326
7.69064
0.130234
0.102948
0.289675
0.14901
0.602179
2.29068
1.92851
5.82415
0.207848
1.35968
0.14543
4.91409
9.24763
4.14582
0.701113
0.226392
2.2249
0.312296
1.54432
0.214875
0.450246
0.399657
1.34806
0.154867
0.166489
1.19935
0.890294
0.13158
0.881861
0.279996
2.54126
13.0429
0.273039
2.88449
1.94435
0.463889
0.544906
16.6394
2.27781
0.32334
0.109617
0.104896
0.671042
1.62504
0.250939
0.323368
1.55873
0.201642
0.197137
2.64607
0.109626
0.118984
7.55508
0.240858
0.21555
9.91257
10.0255
0.744783
1.81061
0.113777
0.642296
2.07521
0.394644
0.212351
0.311029
0.320813
13.0782
0.663574
0.580645
0.270039
0.311504
0.345862
0.998618
2.87619
9.3523
0.170965
0.147718
0.75807
0.711822
0.576814
0.177625
0.431537
0.115387
2.26653
0.911785
1.73797
0.208206
3.95073
1.11465
0.355977
0.275298
1.06369
0.111838
2.23975
0.108682
12.2212
0.581853
0.396943
5.00668
0.313188
0.381662
2.03238
0.373032
2.30085
1.53272
0.508558
0.343924
0.848783
0.107799
0.344917
0.228191
0.673521
1.14225
3.27044
5.11738
1.43191
0.192382
0.463653
1.64294
4.82044
0.264574
0.567874
0.192899
1.13173
0.586559
0.935875
0.111848
0.310143
0.134212
0.4117
1.21134
0.175057
3.17505
2.58484
1.33246
0.133098
0.154797
2.70006
0.104898
0.106449
0.228148
0.220807
0.218599
0.19261
1.10397
1.16772
0.322344
0.171058
2.45409
0.396245
0.466828
0.660444
1.50066
1.76013
0.113868
23.3845
0.445902
0.954417
0.284278
1.17743
6.13987
0.242136
0.261539
0.865752
10.4672
0.938128
16.0967
2.07856
0.221493
1.04868
0.132747
1.62725
4.35474
0.11049
2.30059
2.02165
0.199396
0.363532
0.148279
1.63233
1.56606
0.203873
0.1014
1.42164
0.416447
4.00825
0.607364
0.597132
8.59227
0.352032
0.118597
0.109484
1.63201
1.22228
0.25195
0.447549
0.150743
0.787296
1.48069
0.346896
2.01346
0.271304
0.142485
0.167123
1.94996
3.58116
0.154918
2.92378
15.2534
1.04704
2.49007
0.267115
0.355397
0.275962
0.499957
0.987169
0.77141
0.164591
0.434405
0.113838
6.36578
0.253752
0.170504
0.2611
2.19369
0.294483
0.328218
1.14416
0.805961
3.56736
2.92687
0.270318
3.85539
1.03737
10.6983
0.176266
0.703718
0.111464
1.31246
11.3764
0.913397
2.27693
0.400566
0.100867
0.204673
10.7613
1.34681
0.905471
10.3059
0.412168
2.55627
0.831926
1.82088
0.527668
0.593681
1.64114
0.39636
0.214038
0.597759
1.95376
1.68829
3.95994
0.231802
0.714765
0.576142
0.246022
1.18871
39.0418
7.53663
0.123451
0.142359
0.121335
0.546963
0.318487
3.61496
9.54926
2.30448
2.17258
0.17483
0.577638
1.04711
0.142837
0.244751
0.132834
0.344333
1.07534
0.106303
0.616629
7.71771
0.185757
0.125325
1.37551
0.244169
0.125661
0.476829
0.148223
7.89504
0.542855
0.149533
0.183288
1.36288
0.543787
0.984748
0.337323
0.604581
4.6484
0.117522
0.130301
6.5817
1.51806
2.42855
0.168655
0.186426
0.315725
0.516669
0.221233
0.198812
0.26899
0.182916
2.81843
11.6505
0.837414
0.854847
0.478923
1.11495
0.65828
0.462023
0.257612
3.35181
0.150851
0.748737
0.375133
20.0718
0.131717
0.207217
0.340021
0.654364
2.07186
0.177375
15.8026
0.285582
1.53068
0.190238
5.19674
0.160907
0.361811
0.13984
0.151642
4.59739
0.357939
1.28932
0.82115
22.9556
5.31252
1.65231
0.126085
4.07066
0.248746
0.688604
1.10348
0.105418
0.423285
1.98596
0.197479
1.31869
0.169111
0.619776
6.63506
0.258049
0.109216
0.225355
0.210607
1.24216
0.165442
0.39179
0.27658
0.544522
0.324011
19.2762
2.65752
17.362
3.73673
0.136879
0.22813
0.142927
1.44978
0.228254
10.1259
0.235361
0.107287
0.344788
0.114953
2.87833
0.294475
0.269188
0.117383
2.1164
2.22984
0.576789
0.175427
0.116961
0.322657
3.47458
4.25752
12.1766
0.736638
0.372147
5.10979
13.0315
0.637379
0.501203
1.00461
0.194901
0.315018
0.692684
2.69066
0.349536
0.390984
0.49586
0.150696
0.386063
0.927163
0.570398
0.257844
4.14605
0.280989
2.80925
3.67254
0.101644
11.0915
1.65967
0.800111
7.87648
0.441806
2.68489
1.20907
0.187335
5.96069
9.51651
0.104007
0.214872
3.26142
0.798743
0.621889
0.150281
0.763799
0.538973
0.422695
0.329275
0.515923
2.23103
1.48574
0.188758
0.372996
6.21224
2.05255
0.182458
0.345061
1.6739
0.566179
2.55461
1.7056
15.185
0.963548
9.48223
1.66662
4.28537
0.366313
1.22653
23.0135
0.104425
0.139447
4.3482
0.139272
1.92922
0.458448
1.97198
0.455837
0.155169
4.328
0.110971
0.114924
2.78285
1.24031
0.275994
0.246301
0.194304
1.07468
0.138451
0.140287
0.168083
0.20943
0.696309
0.46086
5.29855
0.342827
0.173592
1.34202
0.853447
1.57173
2.52397
2.21873
1.32813
0.383827
1.51777
0.210001
6.32611
0.165927
3.61149
2.50952
1.46056
0.696193
1.41272
1.26581
0.320748
0.125308
2.89669
0.121436
0.100579
0.533991
0.171057
0.262796
1.38804
0.646929
6.74133
0.433754
0.339698
0.111357
1.55552
0.232589
0.115178
0.146794
0.236158
0.735443
0.248905
0.295825
0.129052
0.232732
0.145664
0.184069
0.201012
0.335113
0.257075
0.196652
1.31695
5.98107
0.942384
49.5508
1.21944
0.265319
0.57994
0.191831
14.0913
0.992031
0.503435
2.00435
0.860399
0.510073
0.257464
0.126227
3.90733
0.136256
1.02416
0.187201
0.166424
0.411463
0.108006
0.2876
0.17775
0.651974
0.248225
0.819255
1.15074
0.860511
1.83376
3.24033
1.05084
0.28016
0.331446
0.152898
0.393955
0.15105
7.00851
0.267117
0.227938
0.721026
0.548002
2.44833
0.570346
0.506343
1.22983
0.455486
0.248591
0.351708
0.333215
1.47723
0.549933
3.42425
0.334054
0.412821
0.544046
0.118121
23.1472
0.271981
0.139137
0.373637
0.567412
0.171542
0.194094
1.52808
0.168582
7.96659
2.3627
1.21857
0.327087
0.853573
0.114515
0.226166
1.24295
0.553749
0.335561
1.28676
0.106798
0.966335
0.923949
2.07596
0.155471
3.09897
0.226572
1.49648
2.04604
1.13058
0.675348
7.89294
4.17707
0.295255
6.11704
0.275816
0.181856
1.18922
0.193601
0.332438
3.30092
0.152969
0.213882
0.607422
0.215013
3.75773
0.63942
5.34197
2.98208
0.768293
0.922448
0.166147
0.478987
1.08528
9.69452
0.105256
3.61047
0.786798
0.448778
0.418425
0.160179
0.177729
0.933302
4.22142
0.198151
7.20455
4.27089
0.362144
0.13729
0.127594
0.982955
0.204364
0.105396
0.130953
10.7098
0.83791
0.121955
0.787362
0.201088
0.990006
2.24663
3.63996
1.53315
0.291393
0.257226
3.12413
0.163218
0.368544
2.56846
25.8862
0.32809
0.24707
0.397184
0.15177
0.145312
0.28041
0.200629
8.41929
0.277314
5.88638
0.111729
2.07324
8.57318
0.346101
0.376411
0.127647
0.37707
0.526423
0.675484
3.28409
3.00898
0.30619
0.168131
0.12895
0.385894
1.04823
0.137647
3.31352
0.100952
0.17174
0.113699
0.135586
6.22988
0.116821
0.526082
0.127117
0.238146
0.157145
0.634814
0.167077
1.48198
0.392191
0.957822
0.180985
2.52041
0.475344
1.25263
9.90985
0.559952
4.97509
0.375687
0.652442
6.61519
1.11803
0.313259
0.23743
0.261982
0.656212
0.658753
0.129027
0.265346
2.08099
0.238246
1.95426
0.668788
1.49352
0.521378
0.212102
1.05264
4.05711
0.513948
11.9868
0.183446
1.35873
0.142442
0.690494
1.07475
0.652179
0.824815
0.16699
1.22125
0.247667
5.32673
0.413146
0.715929
0.255167
0.530473
5.0228
0.862808
0.238951
0.104489
0.924975
0.368613
5.59748
1.73064
1.87769
5.59808
0.395882
0.17815
0.10148
11.1535
0.128338
0.296571
0.194211
0.153596
1.12881
4.5303
0.630201
0.319058
0.414625
1.92947
0.285458
0.285736
0.215714
0.488775
6.3288
0.339531
0.209314
0.771892
0.116806
0.108703
0.861925
21.7723
0.21573
1.55973
0.151577
0.154068
0.420333
31.723
0.38838
0.118643
11.126
0.235727
0.594989
0.788775
8.34207
0.875144
0.85064
0.124364
1.57932
0.323397
0.685912
8.73602
0.298505
1.11437
0.905527
0.27972
0.504765
0.210167
3.37357
1.41901
1.38574
1.47706
1.97001
0.159559
6.38979
1.16356
14.2096
0.343242
0.303524
2.71466
0.285248
0.944147
4.82467
2.04454
0.925385
0.184379
0.136178
0.387083
0.401834
3.68223
0.510705
0.377014
14.1235
5.48738
0.2579
0.245177
1.80643
1.4758
0.569833
0.888593
16.227
1.07235
7.47038
0.85133
0.220697
7.81562
1.6128
0.559057
0.250538
0.604074
0.208563
0.171319
1.72648
0.124839
0.124155
0.148511
0.247964
0.462266
0.744857
0.115381
0.444921
1.26519
0.124656
1.08835
0.394182
0.263811
0.23658
0.124173
0.235689
0.118655
0.194407
1.02065
0.298418
1.61693
0.334462
1.64008
0.272644
1.07135
0.914493
4.04817
2.47553
4.31607
0.336339
13.6595
1.45529
0.321508
0.297477
0.491083
1.414
0.16958
0.797616
1.13338
5.79811
0.413606
0.565893
0.163711
1.96992
3.38437
0.188121
0.312869
0.168066
0.312092
6.21687
0.129306
33.3995
1.06828
1.21591
3.9487
0.198943
0.125783
0.265386
0.106168
0.117518
1.24546
0.895417
0.220251
1.48932
0.187704
6.93505
10.1077
0.244144
0.53816
1.05678
1.0628
0.24456
0.15932
0.135633
0.335087
0.953795
6.60174
0.775366
2.47394
0.226078
21.317
1.04441
1.27985
4.49988
0.188611
0.170273
0.616685
6.59619
0.114383
1.23144
2.28448
2.52174
0.464808
15.5542
1.02677
1.45359
5.56133
2.27266
1.77502
0.354655
0.445898
0.12249
0.514368
0.193567
0.21255
0.118553
20.9378
1.22
0.411229
0.137213
0.348891
0.463977
0.167149
6.63997
0.185071
0.804707
2.20301
0.115991
0.384463
0.190524
0.205986
4.60924
0.220546
4.2193
0.292978
0.774567
0.45839
0.197048
0.110423
1.4889
0.122849
0.583764
0.131717
0.947604
0.803659
5.55682
0.266694
5.02749
0.481462
0.289189
0.268825
1.40026
2.99604
0.50744
5.63669
8.06377
1.22821
0.561884
1.0118
0.304017
3.07276
12.5843
0.582888
0.109457
0.284313
0.280889
0.265969
1.34467
0.176505
0.209566
2.24511
0.381635
0.806491
10.1756
0.146775
0.337302
0.124228
0.18029
4.13669
0.249533
1.73406
4.9731
0.200766
1.54011
3.42565
0.561098
3.89554
0.152377
0.190423
0.234847
0.100563
4.98428
0.191661
0.382836
0.267515
0.934769
2.65767
2.66642
4.34572
2.23186
1.77503
2.26028
10.4112
0.335017
0.975164
8.18833
0.208865
0.145511
0.708628
1.10992
2.35959
0.102514
0.100783
0.448057
2.18958
1.77938
0.345025
0.208428
0.139611
0.245848
0.939789
4.89854
0.108395
0.569898
0.109566
0.666815
1.00505
0.348273
0.211468
0.472975
3.07378
0.126358
0.151132
0.427804
1.37605
0.351426
17.165
3.78089
0.287204
0.239135
4.74632
0.197686
1.31739
0.105718
0.230884
0.398664
0.122335
1.26965
0.763436
0.142287
2.21087
0.252017
1.72707
2.74898
2.83836
2.51834
1.23531
0.238633
0.328147
1.09543
0.107874
3.08364
0.285202
0.488894
0.966673
4.48065
0.127198
26.7984
