0.242618
1.12732
0.177128
0.218771
12.198
37.7161
5.91906
0.259708
5.96773
1.21027
2.0652
0.117924
0.167077
0.322812
0.711869
0.22597
6.17138
0.476914
7.07087
3.33084
0.127486
0.94788
0.211199
0.810217
0.102333
0.271599
1.11645
0.132342
5.81596
0.272386
0.46311
1.42332
2.6223
0.379207
0.694655
3.67254
0.894978
1.66786
0.806419
0.228905
0.331722
68.7667
0.117069
0.141749
0.817226
1.94236
1.26029
1.04214
1.20388
0.560763
4.48116
1.95605
0.177735
0.129218
2.76849
0.125194
0.180442
1.72769
0.40314
1.14405
0.254096
0.586007
2.38003
0.621224
0.14989
1.91829
0.399061
2.86523
0.144034
3.26446
3.86033
0.110927
1.3137
2.1679
9.15208
0.356572
0.748525
2.83186
0.939808
0.124921
1.26967
3.19685
1.58695
0.279248
0.264039
0.156169
0.159054
0.149877
0.942377
1.07212
1.25413
2.57327
0.341805
0.155413
1.97679
0.40319
0.8806
8.10771
0.191422
7.13143
4.26055
0.420368
4.77562
0.714495
0.10159
5.89535
0.6276
0.626243
22.4008
2.04962
0.153419
4.17048
3.40437
0.246792
0.498358
2.60013
8.24085
0.143563
11.2437
1.1193
0.207197
0.478945
0.120363
0.133408
4.87394
0.110507
0.895154
0.470662
0.165554
0.241587
0.197103
0.621107
0.365018
1.20357
0.447284
1.28455
1.82295
2.61155
2.2756
0.391571
1.60455
1.09384
1.77385
14.3384
0.907884
22.5638
0.35912
0.317488
4.86705
0.101671
0.194312
44.5585
0.106938
0.280076
0.141276
2.27306
0.814446
0.107613
0.315217
0.193856
0.912249
0.493898
5.08103
0.15586
0.306306
1.62291
1.40582
1.08584
0.460686
0.31194
0.166704
0.648434
0.475086
0.107694
0.359985
1.87813
0.229634
0.785842
11.4138
0.435355
0.251095
3.06591
13.8127
0.10051
0.222993
0.116101
2.39253
0.242355
0.17836
0.16349
1.83081
2.21067
0.194303
3.46891
1.21407
3.14393
0.159973
0.338765
1.05302
0.12735
0.195294
0.108728
0.446974
0.281567
0.681837
0.892993
0.236989
0.559294
0.307324
0.454482
0.227617
0.121905
0.513171
0.146085
0.960798
1.59802
0.302842
0.215028
0.134729
0.385765
0.398356
0.283225
8.40551
2.20411
0.187078
1.55713
3.53165
0.400114
1.14823
0.182765
0.324042
0.777749
0.474022
1.13563
0.160128
0.237547
10.8902
2.93917
1.11331
5.16269
0.947859
0.191982
0.223052
0.889615
0.160674
0.163079
4.01308
0.113598
0.124508
0.582547
0.142157
0.111603
0.100842
0.579164
0.720308
1.13295
0.611742
2.64628
1.88569
2.17519
0.153393
0.120432
0.1431
0.640425
0.102923
0.179508
1.21653
0.326742
1.17327
0.177734
2.74671
0.203472
0.562829
1.7633
3.52321
0.421135
9.70406
0.249498
3.76975
0.543812
1.12546
3.0446
0.125328
1.17567
0.108456
0.439829
11.0981
3.0133
0.215343
1.1906
0.304375
0.33885
0.132617
0.485581
0.202084
0.166937
1.94497
3.11824
0.809675
0.411843
12.4796
7.84346
0.101962
0.259747
0.127354
6.80688
2.73356
0.311602
7.6408
1.70135
0.108183
0.177691
12.5466
0.114311
0.647099
7.26756
0.200533
1.42016
1.35394
1.67145
1.14905
6.51231
0.74807
1.44174
0.468477
0.134114
0.401027
0.800687
1.0937
0.205764
0.762816
0.122043
0.180447
2.57612
1.21001
2.61507
0.523226
0.858422
0.412532
17.6335
17.1138
2.86361
8.85919
0.288642
1.45449
1.8729
0.277911
0.412155
0.116114
1.73831
1.53482
0.241672
0.169233
0.260058
0.684229
0.133576
5.6731
0.557688
0.108833
0.783773
8.71913
0.295541
0.199974
0.220373
1.92076
1.03699
1.90504
0.203263
1.58768
0.139787
0.113134
0.669069
0.11248
1.12254
0.567349
0.158832
0.131718
0.701755
10.2572
0.337073
0.146868
12.7231
5.64212
6.86414
0.192667
1.05046
0.719649
0.853419
0.494948
0.481648
2.7022
1.94056
4.31881
0.279871
0.430522
0.250514
1.67221
0.194781
2.49574
0.882956
0.494849
0.121582
0.160565
0.461859
1.46592
3.32957
15.5256
0.117476
2.40367
8.0386
6.25222
0.171604
0.105059
0.114419
0.116512
0.13928
0.111753
0.236493
0.258716
0.181717
0.81658
0.899985
2.3436
0.320639
0.143483
0.289945
1.9442
0.14408
1.23249
0.347869
1.88389
0.107709
0.675613
0.307031
4.29328
1.10878
6.31185
0.760647
12.5114
14.695
0.678509
0.165711
0.114777
0.51325
1.19855
0.229134
8.54021
0.126398
0.206892
0.145486
0.120116
0.125966
4.27681
0.233398
0.378432
0.119292
0.86261
0.349496
0.28352
2.10482
0.1156
1.25665
0.637148
0.109117
2.59537
0.605492
3.45011
1.87812
0.133435
0.846477
0.221699
0.18127
0.741261
1.11433
1.60561
0.282661
0.416517
1.89146
0.559241
0.223261
0.10639
0.404075
0.690238
0.442885
3.52126
13.0269
0.214786
0.18975
0.478205
0.507145
4.03824
0.105222
0.871164
0.161731
0.572098
0.246064
0.269349
0.47385
0.33684
2.48339
1.12339
2.55225
0.319092
0.698517
0.128443
0.143572
3.37847
0.225737
0.173687
9.81194
0.102783
0.80211
0.230064
11.8358
1.16726
7.8017
2.31513
0.566845
1.40546
0.15721
0.224803
2.00966
0.958983
1.04121
0.151156
1.07566
0.83546
0.115362
0.102293
1.6503
0.25698
0.106571
0.10378
0.389149
4.81979
20.0628
0.125625
0.115681
5.91835
3.03118
0.106914
0.249943
20.7306
28.7967
2.45204
0.128924
0.52099
0.865767
0.156997
2.66297
1.53546
1.12519
1.25198
4.43291
2.0947
0.11059
0.113151
0.370327
0.254471
0.736053
0.273534
0.241527
0.220997
0.653967
4.59846
14.8389
3.98727
1.43699
4.09191
0.820287
4.73672
1.34175
0.292296
2.77157
2.68818
0.236631
0.165365
3.32684
0.147665
0.575341
26.0057
0.287815
0.246529
3.48074
0.415236
0.164027
2.0939
1.20427
0.482518
0.106725
0.950236
15.1433
0.432212
0.420686
1.19117
2.55286
0.131535
0.252677
0.932082
0.448334
1.18648
0.455973
0.137935
0.136132
0.142374
3.55803
0.410433
0.288802
0.351324
0.74172
0.525978
0.204162
0.187954
1.03351
5.57608
0.295772
1.39082
0.695885
10.2265
5.51036
0.109598
1.56026
0.250274
0.124544
1.8487
0.100667
0.169681
0.134629
0.536432
1.61459
2.13637
0.116478
0.115631
1.31875
1.52249
1.51081
2.27359
0.597916
14.4624
0.174045
1.87202
4.0518
0.134597
0.377263
0.697617
0.524144
0.89068
0.216868
0.195143
0.167698
0.157579
0.101195
0.134452
0.315289
0.303269
1.03745
0.390941
0.175276
0.521358
0.180898
1.60541
0.20197
7.91759
0.103222
1.6081
0.478444
0.653194
1.88908
5.65502
1.80153
0.512752
0.568356
10.7933
1.05441
3.22083
0.112329
0.411478
0.19191
0.360466
0.492594
0.106565
0.476385
0.771187
0.248983
6.95107
0.920009
1.94155
7.93125
0.978192
0.669137
0.29861
0.817656
2.64652
0.219124
0.659135
0.549101
5.4141
0.613778
5.02179
0.18802
0.111261
4.12646
0.485989
1.17149
0.174851
1.74953
0.250055
0.396613
7.40352
0.413705
0.164724
0.223392
1.7998
0.132983
0.15225
2.20009
3.15129
5.71447
2.25862
0.598771
0.192356
0.125636
0.12551
0.115866
6.75236
1.13065
0.370795
0.373746
0.680156
0.131802
8.68499
1.5022
0.706002
0.190605
0.35853
2.55286
0.117695
1.02514
0.153593
1.21546
0.127319
3.43844
0.832011
0.815347
0.325077
2.86568
0.100697
0.143818
0.446301
7.15248
0.782681
2.86319
0.206726
2.46918
0.160678
8.27318
0.79328
0.354652
4.74133
0.126516
1.24699
2.08507
0.155612
6.58351
0.265883
0.814177
0.492675
28.273
0.543465
1.3499
1.79891
0.647728
11.8722
2.02441
0.244512
1.3363
1.60221
2.5269
0.352247
1.59081
0.548356
0.183811
4.5838
15.1911
8.78817
0.111723
0.731592
1.79079
0.119643
0.659195
1.73963
0.145034
3.9807
1.85485
2.32776
1.03296
0.18297
0.16051
0.112878
1.11922
0.204078
0.172593
0.5018
0.983633
0.142816
0.136775
0.722553
0.922204
0.168872
6.55128
1.49187
1.48978
0.335609
0.55565
1.04085
0.174864
0.494839
0.113203
0.208891
4.6058
0.437383
0.845235
0.428183
0.690448
0.55651
13.5623
2.29537
0.54013
6.09327
0.131666
0.39119
0.444277
0.299684
0.190291
0.464992
0.447809
0.987273
0.299761
0.358179
2.87361
0.394978
0.252235
1.53286
1.17353
2.01092
2.0577
0.493712
0.399417
9.11594
0.116108
0.357165
0.253805
0.126659
8.18709
0.240297
0.587639
0.995631
0.542541
0.302893
1.98727
0.113736
21.6335
0.260723
0.132251
0.276035
0.392293
0.516153
1.9643
2.99939
0.437517
0.934483
0.150167
0.811188
0.109293
0.38316
0.336611
0.1
0.114724
1.85601
0.346345
0.131005
0.862639
0.514937
4.37297
0.101394
1.28081
0.130566
0.672371
0.108673
2.85677
2.11945
0.18045
0.183921
0.108873
0.496097
6.27262
2.09055
5.46279
0.124005
1.19918
1.83252
0.280717
0.107888
0.396422
1.29908
0.3422
0.616629
4.65034
0.562838
4.54474
0.331353
0.112926
0.162672
1.81312
0.567125
0.9963
0.178431
0.227614
0.292273
0.102992
0.792823
0.285747
0.394813
1.47589
1.96367
0.127713
0.117454
0.181185
0.921741
0.916163
0.425621
0.345219
1.9196
1.19297
0.237083
0.115663
0.376888
3.2981
2.48453
0.365474
0.705984
0.325031
1.22678
1.59771
0.192172
3.72793
0.189002
0.125139
0.168936
1.93909
19.1938
0.195951
1.56399
0.15544
1.12503
5.79708
0.47692
0.159139
5.85159
0.886007
0.859796
0.350422
5.95853
1.84594
2.19825
2.33778
1.99014
0.570194
10.1338
0.186016
0.122186
1.06477
1.78307
4.76496
0.879906
0.136712
0.495721
3.98883
0.16228
0.675363
2.03843
0.362797
3.69246
11.875
6.56267
1.11596
0.215814
0.223614
0.160189
0.883651
0.108593
1.13925
0.232223
0.615102
0.193262
0.348117
0.101751
3.17756
3.48589
0.541989
0.450203
0.110215
1.14175
1.32148
2.54299
5.69705
0.291819
4.03636
0.149255
3.30534
0.204049
2.10892
1.84355
0.183106
2.13528
0.259965
0.551627
0.237632
0.282864
0.900171
3.27739
0.959493
2.57265
4.41761
1.55052
0.421594
5.4422
5.83422
0.471945
3.75887
0.124367
0.155364
0.112494
4.50466
0.113129
0.250002
5.06278
0.211627
1.10197
1.95756
0.111704
0.144759
0.143276
1.57322
9.54928
0.129637
0.385688
0.263865
4.47163
0.567502
0.143191
15.5169
0.1567
65.617
0.177715
0.401079
0.163584
0.672682
2.01365
0.234366
2.4191
0.446255
0.12337
2.42162
0.553386
0.710649
0.495169
0.318422
0.285704
0.326888
0.113087
0.12342
3.3938
2.89027
0.43613
0.226724
0.958274
0.535998
0.328933
0.186857
1.41303
0.179049
0.478525
0.310561
0.134045
0.538496
1.2147
2.43666
0.120998
0.469418
0.296103
0.233583
0.135032
3.17223
1.61124
32.3539
19.2171
0.348764
0.195155
0.276481
0.269973
0.100143
0.70307
0.2737
9.06078
0.274364
0.108836
0.78119
0.140475
0.42674
0.173936
10.708
0.398114
0.540011
1.69022
4.27088
1.41972
2.60678
0.19336
0.141069
0.610433
0.105329
2.83958
0.284386
0.11522
0.98923
0.216597
0.551695
0.149176
0.458615
0.138787
0.403571
0.214137
0.150368
11.5542
2.09634
1.96812
4.10374
4.05372
0.266193
0.223414
9.73714
0.458719
2.57997
0.202452
12.3198
3.14537
0.348868
0.331681
1.15537
2.64599
0.360346
0.549592
0.183446
0.231349
0.207377
0.377866
0.17063
0.185514
0.160258
2.07324
0.343403
1.87215
0.168415
1.48195
2.32711
1.56343
0.3042
5.10239
4.11037
0.478849
0.312394
1.39168
0.173792
1.69434
1.87547
0.787073
2.15369
1.27625
1.65947
0.266124
4.59754
0.415259
0.346531
3.58943
2.37429
0.119856
9.41133
0.269155
0.267575
2.06667
0.847807
1.85914
7.64072
0.146033
16.5227
0.11638
0.15579
6.38295
0.520902
0.522511
0.27448
0.118886
0.866159
2.05336
0.287216
13.6615
0.104352
0.186157
0.505204
0.230411
1.99756
1.27067
0.700106
1.15514
0.214399
2.40636
0.280711
0.187213
0.138127
2.49571
3.83116
0.168633
0.129458
3.05917
0.658328
0.126793
0.527326
2.10524
0.165418
0.285368
0.792665
0.203244
0.46785
0.142646
2.12159
1.89584
0.623
2.28844
0.313427
0.849806
0.329993
0.112843
9.88979
4.71907
0.97288
2.65884
0.127678
0.174676
13.3183
0.287436
1.67425
5.7322
0.382942
0.324351
0.560748
4.5915
0.828538
0.454215
0.394842
0.942606
1.87426
1.39072
1.32446
1.53338
1.12035
0.217477
0.342354
2.52643
0.910879
0.132414
0.890717
0.36031
0.609498
1.32269
1.1688
0.403022
0.994432
0.388102
1.19688
3.16435
0.368244
1.29262
0.39632
0.487214
0.151122
0.209567
13.9371
0.581415
0.125449
1.60573
3.31161
2.83534
0.204115
0.744418
2.47242
0.887875
16.0349
0.422681
0.147557
1.70259
1.29764
1.02606
0.101586
0.331072
0.180882
0.450375
0.636256
1.16303
5.81823
11.4488
0.172401
3.18855
0.207167
0.703188
0.889535
0.625716
0.543962
1.17866
6.18757
0.14998
0.318598
0.388251
6.46484
22.2567
3.40364
0.150588
0.19786
29.2175
3.41377
0.377357
7.2907
0.639988
0.412497
0.100379
0.564764
0.111544
0.376338
2.27425
1.3662
1.84667
1.03929
0.118512
0.178528
1.30171
0.237044
1.15213
0.146464
0.232717
0.127959
1.97552
0.588539
1.84527
1.23643
0.455865
0.277066
0.355857
21.8225
2.04357
0.895433
41.6647
1.14551
1.13344
8.36313
0.166695
0.308636
22.7017
0.574159
0.497215
0.539345
0.328575
0.790022
2.63252
0.695171
0.109473
5.66331
4.74804
0.707436
1.16019
0.10194
0.151003
1.29988
6.99788
0.382336
0.765723
1.74657
0.239238
0.709192
0.304661
0.156562
0.1509
0.115549
0.363564
0.621688
0.116811
0.665178
0.244486
0.19992
0.181227
0.194987
9.26114
1.10693
21.9931
0.124373
1.93474
2.42381
0.912904
0.102544
0.181004
9.27057
1.4831
0.685866
1.40023
0.647323
0.556554
16.5715
0.538698
0.340746
5.94629
0.275798
0.144424
3.42739
0.330511
0.218901
0.119082
5.7801
0.248796
0.412072
5.56192
0.259531
0.557756
0.315414
0.39717
31.6312
0.204288
0.279471
0.127789
0.11639
3.76794
0.441051
0.492627
0.383764
0.2863
0.33939
1.08447
2.5516
4.84077
3.94921
0.517031
0.152092
0.216964
0.251276
14.7901
0.977434
0.11194
0.795192
0.108714
0.123654
36.0744
0.130386
5.55248
0.427646
0.149792
1.72916
0.13136
22.4979
0.524021
8.38619
4.65152
0.541239
0.126817
16.3184
0.936747
0.141658
0.924326
0.725885
0.122679
0.201349
0.125001
0.413707
0.284385
3.91609
1.62555
0.147493
0.332615
0.128324
0.125186
4.26741
0.963001
0.357377
0.731142
0.44997
5.84725
1.6742
1.59721
0.12393
0.207353
0.546821
0.751177
1.52777
0.518276
0.28111
5.64806
0.804836
0.696449
0.43545
0.283261
12.7112
0.872773
3.01738
3.38412
0.166582
0.108395
3.22603
0.242444
0.204489
0.20754
0.932377
0.122647
0.382876
0.163595
0.707297
1.2184
3.37851
0.232592
12.4041
13.2744
0.476066
0.111236
0.419317
2.01296
0.173288
0.147201
0.318777
4.26115
0.277002
1.01162
8.49232
0.182049
0.370288
5.09511
0.547486
2.16556
0.119856
0.144301
9.30838
1.84675
1.43496
0.446389
0.793219
0.415467
11.4345
0.185196
1.97004
0.158185
0.37267
41.4531
1.27661
0.121551
3.66931
0.682118
17.2957
0.74923
1.15234
0.177726
0.128778
29.922
7.48161
0.814932
2.15517
4.55222
0.135868
0.930841
0.111581
2.34773
0.477166
0.229567
2.68321
0.673772
0.15181
0.114504
0.397029
0.148535
0.246123
0.408399
0.107101
0.24151
0.475611
0.394197
0.405428
5.53226
0.477154
8.89756
34.3917
4.69641
0.250397
1.72403
0.14143
5.32559
0.347615
3.08318
2.42994
0.168927
0.144083
0.111941
6.29412
1.44918
0.472185
0.364122
0.157421
0.150895
0.38247
9.6143
0.348869
0.584778
1.90212
25.3141
0.977969
0.137356
4.37921
2.7135
0.164915
0.16673
0.853308
7.11
0.118363
0.273471
0.271674
1.26593
1.14036
0.19474
7.30684
1.31929
1.80093
11.3707
1.21409
0.511275
0.135584
1.38743
1.21819
0.855507
1.00128
2.16978
0.274911
0.451852
0.203697
0.894266
0.101567
0.110051
0.33815
0.316986
0.1116
0.188025
0.36594
0.281412
4.6041
0.750007
0.115494
1.63336
0.549227
6.95912
0.162034
0.994416
0.257444
0.115033
0.456172
2.33503
1.27835
0.355124
0.27143
0.259979
0.116808
1.28564
0.316096
0.991212
0.3513
0.159539
0.831868
1.01652
0.576469
0.133742
1.09167
0.261541
0.224612
2.19752
5.36826
0.85161
0.668743
0.184842
0.240374
1.12886
14.5911
0.440087
0.48179
0.461714
0.213725
0.830712
0.497768
0.320265
0.104031
13.9483
1.71214
2.24199
0.473459
0.195844
0.29442
0.148709
0.750544
0.875449
17.5465
2.44569
0.627463
0.177805
1.66208
1.11253
0.162407
0.182738
0.502323
0.12731
0.128718
0.179807
5.09818
0.577895
0.704071
0.719646
0.435335
0.124131
0.100098
0.929709
0.765907
0.137465
0.497626
1.32032
1.18174
0.309066
0.292287
0.537962
0.11454
0.165818
7.61423
0.132357
0.546219
2.011
1.32528
0.506146
4.99472
0.562418
7.72895
2.24302
0.121441
0.287403
0.415036
0.117056
0.139232
0.738651
1.09243
0.822681
1.55935
3.72129
0.560092
0.457592
0.190839
0.54555
0.190239
0.601404
7.09348
7.36515
40.5816
0.303147
0.366119
0.411968
0.139765
3.69595
1.03152
1.71883
0.222983
7.38049
0.963381
0.389112
0.301304
12.6154
0.129137
1.49825
8.43724
0.215794
0.972883
0.274129
0.260602
2.30714
0.147246
1.3258
0.242601
7.7374
0.344484
0.371043
0.4771
1.17154
0.154146
0.172275
1.54127
0.207717
0.329871
0.320308
0.103643
0.19127
1.61516
0.489288
0.210797
0.252601
0.118074
0.162648
4.91273
0.60999
1.03993
0.791993
0.240004
1.86689
13.8021
3.92779
1.79934
1.5586
4.57143
1.68102
0.160621
0.112785
0.122551
0.141584
0.268025
2.83899
0.251544
0.541525
0.254587
0.215556
0.411075
3.01302
0.125556
2.88606
0.71914
0.579615
0.385892
0.597354
4.70064
0.256043
15.9641
1.77925
0.108256
1.96256
0.266992
2.58245
3.44278
2.68909
0.150197
0.484294
26.7488
0.120656
2.61305
0.401971
1.76344
0.383064
0.537044
0.540651
3.13071
0.867984
0.417696
0.932846
1.43175
6.41398
0.392686
0.406411
9.95988
1.34918
0.655543
0.56051
5.59679
0.421361
0.34116
0.544772
0.13938
0.30264
5.70466
14.4122
0.136723
0.229661
1.8577
1.29429
5.48351
0.363126
0.375871
0.252358
0.458828
8.62616
1.48055
0.129731
17.2862
0.473081
0.446071
0.601518
0.145499
9.09513
3.23893
0.141818
0.724986
3.44246
2.63277
1.60202
0.146457
0.382806
0.722183
0.16266
0.30568
0.215914
0.887576
0.225449
3.80927
0.65798
0.213323
1.93778
1.32884
0.861375
3.62226
0.376261
5.81907
6.37162
0.810667
0.141855
4.30978
5.0417
0.663286
6.30702
0.332163
3.32659
4.6221
0.151882
0.188481
0.312791
0.209579
0.365274
0.30096
4.77729
0.920965
0.461353
0.189184
0.193502
0.153823
0.20023
0.245443
0.176128
0.128294
0.181761
24.7694
1.72801
0.156624
2.70073
0.369305
0.507501
1.64671
0.286642
0.410518
3.93923
0.545503
0.204688
0.352123
4.93043
2.46916
0.221455
5.56121
0.211657
0.22047
0.110197
0.374287
0.447382
0.82409
0.116245
2.33179
0.105644
0.151103
0.150697
0.145075
1.07467
0.881673
5.25104
0.943905
0.643082
0.291944
0.144949
6.73324
2.21051
0.174741
2.38889
11.366
0.509031
0.366806
0.394714
0.174335
0.158675
0.432302
0.351781
3.13997
3.51092
0.253229
0.269778
1.94205
0.119906
0.961671
0.164226
28.1142
0.278485
1.93368
0.178141
2.03913
0.28169
0.189354
3.7979
0.372718
1.73129
1.54603
0.297496
1.59262
1.21765
0.17775
0.184245
3.05591
0.17669
0.23056
0.122553
0.703335
1.30888
10.0447
4.24392
1.23739
0.550357
0.31896
0.22723
0.378434
5.73176
0.35748
6.13956
0.389354
0.135063
0.111764
0.673579
0.105222
4.79047
2.75003
0.336366
2.01796
2.37731
0.510926
22.8342
2.35821
0.276765
20.9036
2.63788
0.197311
0.150605
0.297781
6.77753
1.56679
0.116574
5.50229
0.265571
1.65285
2.19918
0.177844
2.00451
0.160261
0.934429
3.71765
0.651282
0.138699
0.183053
0.148343
2.17775
0.723688
0.896825
0.195501
1.92367
5.77902
0.159429
12.1939
0.113685
1.06699
0.257558
1.18342
0.515251
0.166315
0.794529
0.551061
0.6176
0.702194
3.23215
6.70647
6.63143
1.98918
0.478166
0.216882
3.08152
1.09319
20.5939
3.57635
0.43907
0.911255
0.121366
0.537248
8.64549
0.170493
0.205929
0.323587
5.04245
0.331653
0.13823
0.634592
0.435249
1.83938
6.84252
0.120738
2.48313
0.500034
19.0103
0.249943
0.130129
2.97135
5.74875
0.291604
0.10444
2.57088
0.612876
0.39668
1.52193
2.1707
0.697572
0.118754
2.05041
4.59128
16.0259
7.0976
0.120449
0.217442
0.79459
0.188258
0.332984
2.37036
0.216997
6.06782
0.467151
1.0078
0.99513
0.387024
0.317046
0.13904
1.12589
0.646964
0.115041
0.198602
5.52999
10.0979
4.87899
0.535188
0.156776
0.853515
0.417395
1.15384
0.140392
0.625711
5.9455
0.533343
0.409383
0.208064
4.71989
0.932323
0.704652
0.153584
2.73056
2.7092
7.67993
0.184972
0.100846
0.144137
6.62114
0.344273
0.121902
0.316472
1.37439
0.12174
0.14307
0.399099
0.115976
0.351185
1.85649
0.45404
8.96066
0.177276
0.145437
0.142247
0.912526
1.07174
0.73308
0.244185
5.03382
0.86243
0.624099
5.00591
2.57617
0.398854
9.64765
0.815676
0.228637
0.322958
0.182517
6.10825
3.23234
11.8986
5.49446
0.662163
2.98043
0.12403
0.898498
9.07069
0.131763
0.528164
5.28708
7.86586
1.41699
30.9909
6.5258
10.8211
0.251599
0.574851
1.09128
0.274486
1.30717
0.43173
0.232923
0.334419
1.3896
0.15092
3.27804
1.15159
7.50222
0.423289
1.27962
0.23803
0.268841
0.12817
1.016
4.49263
0.168125
5.49032
2.03287
0.295774
0.111949
0.143409
1.11706
0.365206
0.764395
0.117742
0.323403
1.06878
0.787032
3.38717
1.13766
1.84513
0.164729
0.313238
1.60488
0.297573
0.480334
0.200216
1.14194
0.860207
0.81499
3.18225
0.363813
0.218084
1.25954
0.836906
0.609184
0.858987
0.123663
0.241061
0.40455
11.0168
0.426511
0.467649
0.308
0.386537
0.243398
3.53648
0.434348
3.23273
0.146102
2.31783
0.413288
1.93088
0.651312
5.56857
0.120767
0.166471
0.902227
0.384
0.225092
0.566222
0.315505
0.215395
0.507996
0.26662
6.78251
1.76109
1.07341
0.200012
0.361012
0.219936
0.10385
0.883912
0.795821
0.224916
1.04886
3.41023
2.87492
0.789209
0.172736
0.216816
1.32026
0.252716
0.508177
1.07656
0.811038
0.587958
0.100151
1.51752
0.140083
0.222568
3.98347
0.119243
0.181342
3.71157
0.914285
1.40862
0.275501
0.495394
9.68518
0.49135
1.16288
1.70017
1.11504
6.1509
0.283479
2.75954
5.8493
0.244962
0.119951
3.0513
21.6445
0.308989
0.105761
0.178119
0.277471
12.6237
0.125219
0.908962
0.337397
0.212815
8.98894
0.368801
0.200583
6.03313
2.07787
1.00935
0.121455
0.256995
0.458174
1.60209
0.899125
0.98056
0.133933
1.3677
0.421007
19.7031
0.712284
0.31214
0.133477
5.3591
0.17723
2.8895
0.913049
1.64308
0.102446
0.608374
0.138647
0.343391
0.155382
1.73928
1.28505
3.2185
0.15242
5.93215
0.235296
0.164109
1.07629
14.5864
0.357497
1.22971
0.182787
4.27386
6.27759
1.05744
0.202542
2.70608
6.46291
3.94948
5.92181
1.64113
10.5641
2.50846
0.121902
0.708657
0.435872
1.1163
0.134738
3.53545
2.31189
0.189689
0.239186
0.129515
2.35045
0.993977
10.5556
0.137504
0.721516
1.66484
0.985034
0.156764
0.111301
0.300284
1.68817
0.253724
2.11565
0.203755
6.48025
17.263
0.194175
0.365189
10.189
1.12359
0.408901
1.344
2.35018
0.835936
0.290036
1.62458
1.11596
6.06437
1.25351
1.89312
0.257741
0.557643
0.109673
0.879123
0.111195
0.142672
21.0939
0.183067
0.120915
3.22969
0.213431
0.580022
0.379791
11.3213
2.53769
0.771063
1.0358
1.33879
10.6571
0.654252
0.492783
0.366845
0.709773
3.8405
0.217352
0.474041
11.0976
1.55322
0.47959
0.356815
13.822
0.773121
1.71833
0.526325
22.7054
1.98872
0.504041
0.915559
0.141683
0.505477
0.175467
1.03418
0.275816
0.479944
0.180058
0.463643
14.8791
1.48397
21.4101
0.384703
0.418957
0.381933
3.60958
0.232576
0.101304
0.230196
0.70911
0.207426
0.137588
0.9084
1.36671
1.18129
0.133536
1.3965
0.135843
0.665608
0.194372
9.83478
1.12408
0.649111
0.169985
0.512956
0.718148
0.450019
2.94887
0.205375
0.476617
0.155094
2.72768
0.100478
0.265603
1.27328
1.47209
0.404631
0.927135
0.310292
5.56776
0.374126
0.43329
0.101037
2.9746
0.393974
2.77506
0.857479
4.01344
0.24189
0.853732
0.859648
5.57761
0.340746
0.188091
0.339083
2.70719
0.297658
4.62358
10.3468
0.6911
14.2622
0.187251
0.205837
2.19217
14.2181
0.111576
0.186603
1.57801
0.13415
0.863104
1.05401
0.252292
0.156913
0.286679
1.07237
0.410674
0.439121
0.673837
0.891145
3.59888
0.459237
1.2854
4.17275
0.240552
0.13584
0.348377
4.03424
0.679931
0.719856
0.223987
0.264261
1.95336
15.3491
0.158882
1.58763
10.2212
1.12917
0.263297
0.164921
0.366376
0.187824
0.187214
0.105309
0.383096
6.47274
14.7656
3.06897
1.57947
0.465237
0.414392
0.191911
0.171439
1.76894
6.75477
17.0425
0.8641
0.679526
0.158901
0.273849
0.292048
0.234206
0.158495
5.79783
0.803385
0.521312
1.03104
0.114472
2.40456
0.196241
0.814863
1.22047
1.61355
0.860862
2.3766
0.651863
0.82632
0.40087
1.28904
1.36624
0.107206
0.656412
0.390144
1.24132
1.79043
6.28548
0.233861
0.440981
0.180746
0.252405
7.43369
11.1251
0.241293
1.93272
1.03399
1.03469
0.23989
0.191175
2.17422
0.72837
0.108293
0.657576
5.80285
0.531129
0.38171
6.34913
1.36893
4.86664
0.157329
0.209043
0.447401
2.01416
0.924383
0.125119
0.222245
0.257243
0.141086
0.400002
13.5874
0.654351
4.41643
0.118612
0.195711
0.160557
1.26768
0.496522
0.393763
0.146476
0.278529
1.25303
0.171215
0.129343
0.125687
9.13178
3.15639
2.10961
1.29094
0.347492
0.683292
0.551711
0.12352
2.30329
0.122762
4.68428
0.79476
3.21447
2.63454
0.543277
1.92176
0.685286
3.07008
0.100942
0.804894
0.233285
1.52844
0.709332
7.87881
0.261522
0.23631
4.42175
0.105066
0.113194
2.78895
37.9162
1.96752
0.610033
1.24558
0.121976
0.420867
2.63235
1.45484
0.191769
0.124562
0.952244
0.262831
0.300052
0.675416
1.2155
3.23381
0.764824
4.15653
0.559949
0.177194
6.70697
1.94386
0.10763
0.157199
0.163632
0.85984
5.80487
0.160088
1.10974
0.27014
0.4234
2.48066
1.17232
1.43218
0.389144
0.267493
0.118063
0.298166
2.13292
0.13461
0.145712
1.39197
0.183675
5.19934
0.109984
1.49036
0.473007
0.869423
0.709097
0.173131
0.248186
0.136428
1.09714
0.357116
2.12352
0.408681
0.835452
0.317355
0.222022
0.159522
2.7868
0.573236
5.40322
0.12033
1.25983
0.465325
1.42239
0.186033
0.790599
0.237631
2.07281
0.878237
0.969513
1.50757
14.4734
0.254037
0.192103
2.19438
3.46693
0.11738
0.313774
3.07903
0.706008
0.872291
0.219224
0.255981
19.5485
0.333934
0.263302
1.02174
1.00882
0.118035
0.586696
0.100904
0.378652
1.95115
0.229465
0.309092
0.504825
0.197671
0.197261
1.10452
1.59551
0.237837
0.28128
0.519368
1.80569
2.64382
1.18029
0.121281
7.66088
0.475019
0.116146
0.432774
0.66441
1.47042
3.40232
0.163984
1.41485
14.4043
0.896523
0.70907
0.690247
0.48691
1.52682
1.90992
0.545851
0.123874
1.10896
13.7187
0.648635
27.0287
0.357448
0.426013
0.153018
1.45002
0.99681
0.629081
0.944701
0.205691
0.175101
0.175109
1.22241
2.12616
0.380814
0.207683
0.262618
0.320635
2.47846
11.9024
4.33636
0.204502
0.479418
0.303943
5.60119
0.140382
0.293477
1.66696
0.520188
0.191981
0.437572
0.146745
1.07181
0.142437
0.955959
0.269766
0.37433
0.536762
3.06463
0.175809
1.33157
1.60555
3.66029
1.81397
0.972272
0.128297
2.05011
0.817061
1.08077
4.43013
1.01577
0.327197
0.518954
0.545139
0.609044
1.65599
8.45656
0.111522
0.815925
0.123418
18.6627
0.375148
0.308802
2.6778
0.35073
5.01921
0.418145
0.260198
0.699771
0.187479
0.718022
7.46917
0.137025
0.66962
5.67364
0.716758
0.386681
5.05013
6.40836
0.291084
0.102649
5.95923
5.37449
4.59912
1.11696
0.630912
0.491336
0.357726
0.174984
0.125065
0.408475
0.780467
0.202023
0.273356
0.14967
0.65127
0.658879
0.985888
0.184365
0.149615
1.22085
5.42446
0.203012
2.16735
0.185128
0.183902
0.26975
0.201788
1.30642
16.0154
4.2412
5.3884
0.468264
0.32961
0.771874
0.569942
0.29939
2.87714
0.227241
0.22455
1.23348
0.546262
0.227667
0.527171
0.361903
0.184027
0.324912
0.694519
0.133265
1.37646
1.69916
0.129412
0.177425
0.110063
0.318751
0.103036
0.346812
2.59386
20.0162
0.143671
0.472138
0.685894
5.00933
0.780239
0.607038
3.77586
0.258177
0.471659
0.696263
0.27071
0.211303
2.59018
0.575547
3.30046
2.41959
0.216964
2.56691
0.384785
0.104053
4.15645
6.10283
8.57407
0.31685
12.952
2.3439
0.159024
0.522947
0.153298
0.207829
0.141643
0.693427
0.324052
1.12273
0.593512
1.48582
2.83164
2.42828
0.743006
0.41552
1.28739
0.14415
2.40046
0.940325
0.586872
0.295855
6.387
0.266518
2.41581
5.69364
8.69919
0.344702
2.2202
0.657107
10.3332
0.245221
0.143471
0.890262
0.350483
9.63258
0.640704
3.73489
1.33783
0.147884
0.208086
0.332581
2.79505
1.25357
0.160281
1.05914
5.53534
0.507329
0.550698
1.98457
5.528
4.01119
1.13905
0.550433
0.136086
0.605315
3.35768
0.144409
2.73612
0.392196
0.114767
0.228049
0.125602
0.348511
8.51304
10.9438
2.01463
0.623376
10.7067
0.137858
8.19993
0.360996
1.42692
1.31654
0.178743
5.92538
0.188323
0.785003
0.19859
1.36636
1.42091
0.273267
0.595174
1.14229
0.1185
6.38235
6.05516
0.235767
4.2417
0.125045
0.222635
4.54661
0.212259
0.429806
0.281629
7.38788
1.50575
3.48903
1.49134
0.927616
5.0916
0.42031
0.409308
0.232342
0.667521
0.678256
0.228635
1.94918
0.209021
0.173394
0.125106
0.554127
0.137783
1.1215
0.221849
1.11691
3.72487
0.356593
0.233295
5.20274
0.303055
0.143619
1.34824
4.78891
25.4866
0.294148
0.636362
2.69465
0.172326
0.142949
0.167259
0.229538
0.297659
39.2068
2.53282
5.53104
0.606827
2.78085
0.193429
0.127759
0.258394
0.90083
0.101492
0.861677
0.519426
0.222084
0.3255
0.815561
3.70892
0.510576
0.181742
1.1234
0.293959
0.751983
7.6096
0.212264
0.902333
0.239176
0.514785
0.535737
0.134803
0.212831
1.15045
0.267315
0.111467
1.59661
0.194451
6.60242
0.192522
15.0891
29.1733
0.204622
0.313832
0.144821
0.472318
1.19431
0.566997
1.879
2.02513
0.113828
0.29463
0.166669
0.103315
1.90422
0.326182
0.229936
2.7104
1.13519
0.631511
0.107226
0.131216
0.616842
0.578704
0.750554
0.284131
0.194404
0.870479
7.14618
4.95262
0.109453
0.196499
0.10433
0.138423
0.403791
0.56981
2.1269
0.103973
0.174969
0.261123
4.51346
6.73941
0.67058
0.883992
0.54478
0.20396
2.12075
3.10991
5.21237
1.59285
0.40176
1.34559
0.120948
0.682066
0.11142
0.387744
1.63198
0.114909
0.153985
0.394744
0.706849
0.249079
0.65528
0.357902
0.130542
1.20422
0.851449
0.446169
0.282437
0.272723
0.202781
0.419644
0.228217
6.96521
2.25658
0.126491
0.265545
0.276523
0.150438
0.141025
0.102979
1.77137
0.141112
0.578337
2.67618
3.96538
0.192923
0.70149
19.6626
0.369133
0.946288
0.632089
0.30016
0.108263
0.274873
0.202357
1.20634
6.03735
6.90559
0.55185
0.965623
0.250185
2.17814
0.435404
0.106782
4.41864
0.124296
1.77454
4.97683
2.7363
0.167157
0.319864
0.104895
0.665968
0.241492
10.3167
0.508841
0.205954
2.00432
1.34514
1.5699
1.44907
8.78603
0.49625
0.277487
0.502581
3.28838
0.114923
0.61264
0.70623
0.243362
0.239125
0.163698
27.3323
0.52582
2.09506
0.124613
3.82097
1.74939
1.63606
0.24039
0.166339
4.83572
2.55428
1.66809
0.146744
0.278524
2.11143
0.584091
0.797051
4.87918
0.365791
0.394106
13.6964
0.935084
0.131729
1.16983
0.143863
1.67337
0.801979
2.35234
0.199455
0.561387
0.896156
3.40829
0.873684
0.10643
0.133094
8.95562
0.184499
0.313743
4.22396
0.110975
0.821994
3.7892
0.638257
1.07834
3.25532
1.63744
0.82568
2.3399
0.764921
2.24309
0.336818
0.535177
0.380457
4.4064
2.08985
1.80748
0.238656
0.106968
0.17014
0.162002
0.12278
0.140846
1.69466
0.289187
3.21307
0.283918
1.01038
1.23248
0.225347
1.11875
0.111353
0.629165
4.95635
1.96719
0.313641
3.85509
1.04273
0.498326
0.404857
0.516265
0.14622
2.22233
0.133837
0.334179
0.317967
0.465398
9.85588
0.131085
0.342106
0.495025
5.86951
1.26632
3.81677
1.12417
0.208322
0.287121
0.30457
4.41221
2.62555
1.16453
0.197431
1.26408
0.622214
13.2681
6.16295
0.511872
0.212673
0.36956
1.03146
0.115374
0.440424
4.06987
1.35211
0.196898
5.19935
0.167783
3.26656
0.11666
0.121889
0.462157
1.11266
0.216095
1.10131
2.53731
1.38886
0.160374
1.99278
0.497631
0.249387
3.6016
1.88173
0.389056
0.410528
0.12712
0.232485
0.423584
0.14452
0.369998
0.298172
3.0474
1.96318
0.531282
11.458
0.13589
0.102806
0.54293
0.5675
5.34234
0.223608
2.64376
3.95686
15.2468
0.346491
0.258056
0.289748
20.5739
14.5321
3.37715
1.68791
0.427862
2.03974
1.41816
0.63062
5.28858
0.533995
2.09851
1.65095
2.07486
0.167239
5.20069
0.117264
0.304514
0.528967
0.748179
0.988851
0.20659
0.885066
0.958203
1.16973
0.329293
1.84912
5.48067
4.77177
0.503922
4.74664
0.218888
1.30079
0.523761
0.145831
1.14735
3.2698
14.1976
0.244166
0.151856
1.81916
0.100511
0.105729
0.16189
0.150385
47.7324
0.190057
8.64052
2.0698
0.314697
0.17427
0.193479
0.50321
1.09796
3.12668
3.69164
5.57841
0.221543
0.179016
0.167911
2.58655
0.769504
1.14462
2.38342
1.32876
1.12965
1.48959
0.477652
0.436308
1.45631
1.54711
0.319293
1.1758
1.51509
0.69728
0.215076
0.499137
5.24127
0.381929
0.237621
1.02297
0.557876
0.501427
4.81629
2.1423
0.471288
0.403117
1.22591
3.10715
0.657791
6.9268
2.14837
0.523031
2.67105
0.267051
0.366748
0.107452
1.218
1.11532
3.08343
1.06405
2.90188
0.18544
0.109247
6.49955
0.899287
0.153928
0.210995
0.253514
0.27696
1.90639
0.155795
8.161
0.325546
1.97493
0.212227
0.538667
0.777761
0.320445
0.429458
0.539279
0.140793
34.217
2.30797
0.372035
0.406967
0.149107
0.6298
0.316245
0.482382
1.17753
14.9692
0.527791
0.617366
0.441299
2.55759
2.52907
0.36944
0.411836
0.409099
0.447776
0.32261
0.140799
3.66958
1.25505
0.17804
0.111679
1.65015
0.539331
1.09436
1.93663
0.276084
0.314162
0.315009
0.762777
2.2101
0.245054
0.166377
0.230696
2.78787
0.399071
0.119045
1.67548
1.99026
7.01863
2.67294
10.6237
2.83281
0.136403
0.20157
1.56113
0.137816
0.12325
0.931891
6.4388
1.96464
3.78456
0.379039
0.193871
0.188447
10.1541
1.45982
1.37267
0.543316
2.20584
6.13778
0.105997
0.386086
0.292489
0.81941
2.37364
0.712959
0.422334
0.31955
0.581593
1.20986
0.338392
1.28537
0.671
0.218905
0.929257
15.2578
0.487573
0.778703
1.25808
1.67311
0.282262
0.738178
1.96767
0.133241
1.06333
0.38697
4.04244
0.874143
0.327126
4.30969
0.268646
1.72723
0.13626
1.04689
0.321872
0.300447
0.162706
0.202959
0.110619
0.962599
5.72992
2.14535
0.761665
6.11942
1.92647
2.62968
0.206332
0.311063
0.362996
0.488562
0.175757
2.21888
1.36349
0.154697
27.4012
1.90176
7.10616
0.179276
0.356098
0.426953
2.82218
0.130458
0.405196
1.22312
2.6293
1.04809
0.284178
0.447285
0.448134
0.100064
1.26254
0.111574
1.34534
0.140153
0.187724
1.28322
0.158575
0.330644
0.37691
0.114825
0.197543
0.186205
1.56575
3.18199
0.158781
0.71514
1.29771
0.798562
0.291857
0.250149
4.14567
0.505862
0.131671
0.408222
1.60706
1.31788
1.74596
0.379483
1.04398
0.965381
0.186531
0.169511
3.32756
0.80807
0.353506
0.220943
0.155176
0.654309
0.233715
0.236789
5.61722
9.54832
0.752526
0.639471
0.532956
0.306883
0.307706
4.87343
3.30624
3.92838
0.104186
0.116551
0.287439
0.271349
0.17352
0.511246
0.82414
5.50988
0.107479
0.231634
0.370249
0.153647
0.152663
3.30505
3.10654
0.441164
0.361901
2.88856
0.192147
0.459444
0.119196
5.75309
2.41729
2.70498
0.508937
1.12611
1.80961
3.0685
0.351037
0.685964
0.425841
0.351521
0.267314
0.858365
0.109572
0.134066
0.138224
1.65033
0.112179
0.119288
0.873774
0.272713
0.716502
2.30918
0.164786
5.48915
0.846664
0.206649
1.03499
0.118413
0.652325
0.104944
4.26553
0.101198
0.173224
4.17671
0.192263
2.62573
0.193746
1.05871
0.270794
0.374671
0.640538
1.53608
0.447974
0.159501
0.14208
0.287066
1.83913
18.7394
0.631476
0.173029
1.74138
0.915143
1.03666
3.34861
0.19671
5.01207
2.20626
0.349167
0.49184
6.70116
9.57162
0.270865
7.69476
6.50518
2.91179
3.48541
1.65418
0.136543
0.925819
2.43429
4.06174
0.218496
0.174006
0.967513
0.745748
1.92691
4.24209
0.685311
0.273447
1.38396
0.171425
0.125107
6.45345
0.715649
0.325564
0.440873
0.393736
0.184151
0.270484
0.527309
14.915
0.39175
2.02263
1.1007
0.180787
1.11458
0.164957
1.00221
0.482634
0.116717
0.159051
1.27753
7.11757
10.2068
0.829073
0.185811
0.106804
0.163541
0.128085
0.898356
0.343527
1.9789
0.162201
0.298035
3.45723
0.233765
0.776654
0.506055
0.68842
0.333142
0.492231
0.41909
1.03995
3.85688
5.00617
0.158572
1.27715
3.22605
0.106373
0.221509
4.36968
21.2877
0.14043
4.2081
1.4541
0.119609
0.187019
6.0225
2.5259
0.165244
10.7708
0.459024
10.0951
3.16635
1.25521
0.18426
0.759106
0.311379
0.53417
0.32857
0.371867
1.26615
0.310735
0.249479
0.296572
0.101108
0.239
1.82172
1.09455
0.378934
2.03608
0.353849
0.188053
11.4292
0.792873
0.573742
0.658919
0.205681
0.38091
0.287562
2.23576
0.597893
0.150284
0.462339
1.07331
5.3635
0.485284
21.1912
0.570344
2.60806
0.419764
0.286291
0.530208
0.545104
0.387261
0.16945
0.286424
0.337627
0.143399
0.758235
0.113062
0.2005
0.209734
0.826049
0.423224
0.125357
0.304382
2.66448
1.41847
1.59917
2.73858
7.97201
5.51343
0.459253
3.55322
2.22656
3.5429
1.38766
0.31607
26.2005
5.2778
0.9959
1.61356
2.70289
0.208596
0.187917
6.24496
0.209571
0.125322
16.0797
35.0228
0.136599
0.387427
0.289653
0.187637
0.190748
0.149631
2.25487
0.525838
1.73719
0.242037
0.188672
0.208808
0.130804
0.144753
0.12197
0.267369
4.16985
1.29249
0.179258
0.143359
2.83014
0.281585
6.40231
0.798208
0.11162
0.978037
0.201866
0.178945
0.109126
0.456686
0.116347
0.405988
8.64728
0.218213
0.11279
3.35981
3.0422
0.170049
0.405909
0.440102
0.186165
0.189725
0.273491
0.556612
0.490809
7.12218
0.386234
1.33598
0.124379
0.135221
0.848756
0.324784
0.432074
0.500257
1.53748
6.92017
0.472026
0.105923
0.113842
0.757647
1.33299
0.603949
0.732666
1.55083
16.4481
2.63815
1.27842
0.199787
1.02068
2.52488
1.17528
0.240127
1.5977
0.560424
8.71229
7.82376
0.671689
2.47229
0.13375
0.532846
0.595915
1.14546
0.530948
1.15331
4.12461
1.42386
8.14539
1.8034
0.413758
0.136835
1.0209
0.809646
0.642544
0.398333
1.98162
1.93925
0.116216
0.174655
0.792154
0.112861
0.264125
0.689054
0.12646
0.420923
17.3747
0.30374
0.455287
4.19315
0.216081
1.64399
0.145613
0.54148
3.99969
0.387957
0.107342
1.97798
0.603137
0.430133
1.01733
0.211238
1.22448
1.26089
24.8013
0.124779
0.194025
0.223596
0.236882
0.401815
1.46422
0.143113
0.680734
0.16175
3.26615
2.91973
0.45509
0.839831
6.04824
0.288877
0.100024
2.59892
0.138844
2.14027
1.26133
0.757213
0.83693
2.04233
1.05841
0.250007
1.5437
0.11753
0.170874
0.403655
0.638009
0.518923
0.175091
12.8061
0.984246
9.26028
17.1214
0.255147
0.133511
2.7538
2.81675
0.454028
13.2107
0.104735
0.369065
0.422642
0.268179
0.10013
0.257069
25.1701
1.43935
0.754011
0.100798
0.183616
6.66387
0.46893
2.24957
0.512611
0.936796
0.517624
0.283787
3.3493
0.345371
1.77598
0.533563
0.722528
0.494307
0.145734
0.648388
0.527651
0.351291
0.279924
0.425502
18.5248
0.100727
0.346617
1.58116
0.110472
0.166254
0.21406
0.277558
14.4399
1.12663
0.208216
1.72745
0.422478
0.846661
2.29526
8.00873
0.365409
0.567977
0.284482
1.03353
0.142485
0.411305
0.401532
0.495024
23.3733
0.880784
0.161786
0.149201
0.16507
0.631555
2.32332
16.3451
0.504294
7.8343
0.147144
0.390836
0.217611
0.139495
2.54749
0.789443
0.285912
6.51485
19.0536
26.9032
2.07676
0.151835
0.139899
0.124271
0.487831
0.883289
0.419857
0.137834
22.5601
0.758205
1.33981
3.44454
2.10284
0.2815
3.14526
1.0641
1.49009
0.252633
1.3749
2.66425
0.267955
6.23186
3.3193
2.4509
1.70812
0.124145
0.276288
0.641425
0.140956
0.488617
0.940983
0.768502
0.552113
2.9143
0.289626
0.177811
0.228612
1.21153
2.48665
0.120604
5.43172
0.239932
1.04546
0.679225
5.68151
0.642836
0.263006
0.169827
0.112161
0.120374
0.113369
0.515444
1.96133
1.40975
0.35867
3.8013
0.15812
2.81881
0.246424
0.218246
0.614326
0.519084
0.100212
1.14692
7.52026
0.855872
1.61906
3.0322
0.368581
2.60935
0.128618
0.116188
0.739821
7.26968
0.123126
0.128932
0.891536
0.753983
0.148077
1.26901
5.47068
1.43032
1.20236
2.65226
1.20447
2.59759
8.05748
5.38688
0.107648
6.91143
0.614488
0.158063
3.49462
1.12113
1.88609
0.953548
0.441048
1.34055
0.259467
2.78453
1.18607
0.24068
0.387198
0.487185
1.01099
0.100742
1.52527
0.275269
0.25181
0.149261
0.145388
0.566781
0.117446
0.207722
0.117544
0.11853
2.16804
1.33144
1.25524
0.112094
0.216943
1.68754
0.119448
0.109037
0.1398
8.78922
0.119982
16.9454
3.1483
0.808082
0.834203
1.51934
1.23421
3.09557
0.112446
1.33471
0.415638
0.203813
3.52551
2.68861
1.7631
2.46783
0.112384
10.7985
2.23001
0.208357
0.361686
0.210783
0.809822
0.130714
0.135875
0.765806
0.447804
0.465331
4.22654
0.238279
0.973764
1.88889
1.85377
0.101954
0.187346
0.205883
0.25278
0.123022
2.23619
17.6473
0.13996
0.547105
2.41159
0.101362
0.338142
0.63577
1.19724
1.65034
0.182611
0.250486
0.73424
0.177561
0.463924
0.627307
0.388007
0.214862
0.103796
15.5792
5.45004
0.235745
0.137611
0.214657
0.797165
42.929
22.6637
0.464536
0.142887
0.438247
2.30774
0.699742
0.745805
0.553187
0.525799
6.65414
0.180347
1.76716
1.48949
0.138135
0.850935
0.275571
0.151442
0.215606
0.442032
2.8415
0.200422
0.861249
2.06842
0.144315
20.7751
0.181238
1.50386
2.20063
0.270136
0.442579
16.2544
0.297438
0.112984
0.407727
1.14281
0.101582
0.176455
0.669785
0.592245
6.46634
0.903012
3.09067
0.122829
0.130396
2.48285
1.46585
1.21055
5.29294
0.11033
1.41791
2.09607
1.44251
0.21909
0.512887
1.56133
1.00976
1.51406
0.668852
0.575459
0.316429
0.557991
3.09599
1.03095
0.418549
2.16256
0.169711
8.41608
0.375472
0.465874
0.11307
0.321463
0.358106
1.34541
0.447538
0.454902
0.843506
0.590022
8.37189
1.1112
0.164502
1.31433
5.59371
1.0275
0.80783
12.2195
0.874409
0.802948
0.138494
2.75634
1.03104
0.13763
12.7044
1.4205
0.140227
3.19404
1.11482
0.155666
0.453142
0.135254
9.64026
10.856
0.409404
1.04809
0.474344
0.10929
0.720682
0.20462
0.497484
0.179195
2.20573
0.471793
0.109221
0.227093
0.489655
0.218018
1.12311
4.50445
0.108818
1.21093
0.800546
0.867975
5.11091
1.21859
0.361801
0.421288
3.12063
18.6806
6.02262
1.34866
0.1581
0.658599
0.180861
1.91808
0.362857
0.851229
7.47484
0.211734
0.340841
1.24702
0.830077
1.18533
1.62641
0.601997
0.251466
0.290898
0.173755
1.6738
22.2547
4.74821
1.10186
0.215974
0.279391
5.21894
0.443307
0.603145
0.101884
0.12378
0.16719
1.89362
0.15643
0.105451
1.32979
0.601311
0.630108
0.540201
0.103571
0.11473
2.35447
0.217266
6.2194
2.2257
2.47892
0.243141
1.01702
0.11358
0.570773
0.242363
0.112009
0.117422
1.15382
1.26198
0.174187
0.188198
0.175919
0.306328
0.554781
0.231394
0.737414
0.181549
0.407789
1.31375
0.246941
9.16938
2.87745
0.256416
37.6921
0.182908
0.117809
0.290474
2.30313
0.103614
0.115652
1.35105
3.3471
5.73121
0.127401
0.211132
0.184079
1.67422
1.19134
15.5215
0.315572
1.67166
0.209913
0.250063
1.42064
0.683232
0.162481
0.283515
1.26217
0.23766
0.215692
71.6367
0.235643
0.75264
0.675621
1.03094
0.122135
0.167849
0.413881
2.80376
0.314331
0.219153
1.33357
2.41242
0.257034
0.126639
7.59053
0.453797
5.3847
0.372903
0.45467
0.349934
0.868063
4.3323
1.70694
2.05684
0.249599
0.162403
1.05817
9.70416
0.445225
0.730758
0.107448
0.791719
0.192646
0.116336
0.274625
2.65011
8.46033
0.293056
7.19522
0.165768
0.371891
7.04901
0.33989
2.99897
0.207096
0.160811
6.01335
0.548649
0.33574
5.78304
0.472952
13.369
0.115025
0.132439
7.9235
3.81601
0.149552
1.61619
0.460932
10.0797
1.05338
0.195888
0.649524
1.24592
2.97532
0.177089
11.7395
0.344317
0.72937
0.281082
0.35654
0.179608
5.05667
0.244103
0.392035
0.169998
2.70203
0.436962
0.798915
0.49251
2.24336
4.72194
0.354889
0.173832
0.200564
6.76794
0.452075
1.52588
0.112954
0.168932
1.50158
2.12181
2.6006
3.83324
0.282667
13.1163
0.235708
0.142441
0.478008
0.356527
0.174364
0.211902
0.7533
1.8806
0.209599
0.345957
0.329236
1.36043
0.215584
0.358302
1.61641
0.590515
0.183973
0.908441
6.80634
0.192821
0.167225
1.22611
4.23892
1.05077
0.414219
2.05706
0.145002
4.22233
0.335984
0.10056
0.204682
0.188801
0.129035
0.103687
0.53412
5.48406
1.65393
0.723399
5.33328
0.581045
0.197137
4.04028
0.419428
0.365185
0.423214
0.213413
0.166247
4.1772
0.741317
1.14997
0.65885
4.41849
1.90684
0.130958
1.2902
0.257375
0.404703
0.192414
0.12005
0.110387
0.180177
0.196021
1.14515
0.891348
0.571307
0.763325
0.714585
0.211007
0.327727
6.57361
0.111301
0.499256
0.229404
0.973076
10.0074
0.44199
0.403907
0.214876
2.27467
0.122034
0.112587
0.101841
3.11465
0.760787
0.655846
1.04562
0.291816
0.197952
0.343183
0.125889
0.810167
3.73245
0.768524
0.595822
0.145212
0.314127
0.732538
0.261585
0.292206
0.36562
0.373603
0.374919
0.459543
0.103476
2.88148
0.366635
0.350997
0.109943
0.133654
0.221568
2.73052
0.374831
3.54632
6.25116
0.24298
0.539441
1.23624
0.220958
0.297667
0.173875
0.581987
0.107169
6.21676
12.5365
0.583299
0.242069
8.85028
0.29667
0.35637
0.343844
0.207657
0.239175
0.252528
1.62318
0.353952
0.486955
9.98211
0.262955
1.31513
0.219752
0.266607
0.194387
0.462688
0.169049
1.41612
0.202366
0.146807
9.81054
3.14565
0.171685
0.281773
0.222685
0.125932
0.50157
0.114872
0.196125
0.631562
0.109511
0.243196
1.11325
2.69199
0.251119
1.26943
0.176207
2.24544
0.574491
5.06302
0.795681
0.196586
0.257248
1.369
1.70393
0.31053
0.384904
0.38922
1.22939
1.62442
1.86786
4.92183
0.102129
0.431707
0.425708
4.17458
0.2132
4.20522
0.733968
9.81981
0.101983
0.644587
2.6844
0.322171
0.208973
0.15353
4.69031
0.218745
0.215171
3.75791
19.4922
0.13821
0.324719
0.729073
1.426
0.195439
0.146358
1.04127
0.392029
1.33091
0.322448
0.529263
0.84549
0.124699
2.14768
0.361159
0.551659
0.8502
0.308403
1.20981
0.175755
0.262419
0.202449
7.32889
5.39611
0.190445
0.710111
0.152346
0.433147
2.76654
0.214122
0.488603
4.73858
0.105018
0.220836
0.708183
0.584993
0.309129
2.18204
0.900745
15.3509
2.53994
0.546129
3.16238
0.846613
0.393855
0.203115
7.15861
0.36047
0.100097
0.138055
2.54342
1.03372
0.13881
0.527884
0.421915
13.8737
5.45434
0.957538
0.231536
2.5061
1.42507
7.60793
0.105079
0.28004
5.04983
0.640218
0.134215
3.53582
2.3578
0.124717
1.64681
0.117012
0.338297
9.31736
6.84705
0.780576
0.421948
0.243684
0.570317
0.729674
0.291315
0.250376
0.137326
0.100157
0.221738
9.48182
2.10007
0.670453
0.110151
0.518775
0.198147
0.620677
1.09453
0.216569
0.764875
0.639937
3.5367
2.20219
0.281269
0.94665
1.75949
0.954527
0.144361
0.381445
1.75611
0.287774
0.763027
0.259215
4.56229
2.43392
12.956
0.363511
0.151623
1.63022
1.42858
0.780008
1.32812
0.131951
0.76113
0.20546
0.394694
0.120692
2.93046
5.55041
0.161806
0.765557
0.138157
3.83082
0.900467
0.14525
0.700354
0.111456
0.237858
0.279867
0.253315
7.35391
0.658832
0.560356
0.661239
0.137207
0.205025
13.9342
17.4756
4.41444
1.64332
0.481066
0.165761
4.43638
0.181003
1.31859
0.288331
0.522223
0.776506
8.69569
3.95425
0.101913
2.35116
17.7011
0.722927
2.23584
2.01212
0.821064
0.992077
0.501342
7.62958
1.74008
0.296455
0.232284
0.150943
5.38357
1.76496
0.94592
0.145492
2.25667
0.265571
0.119212
0.120635
0.471784
1.59173
0.189842
0.757378
2.79437
0.551079
0.557204
0.426504
0.18551
0.138828
0.584092
0.372425
0.406692
0.538755
1.42717
0.246498
3.27865
0.204021
0.144477
0.318608
4.91791
0.316547
0.868952
0.217491
0.11622
1.21471
0.787687
5.98582
0.30501
1.36364
1.04786
3.95989
1.68071
3.14657
0.814321
1.32767
0.134344
1.84367
5.54143
1.96076
0.263271
0.711201
4.83765
17.7777
1.45268
12.2696
0.175925
0.130587
3.44192
0.210471
0.712889
0.255226
2.33674
0.148084
5.36081
0.168588
2.11844
3.58613
7.38648
0.473352
0.552894
0.591071
0.65802
0.335934
0.101092
3.17163
0.224272
0.14017
2.45516
6.06556
0.32823
0.831005
15.8369
2.3027
1.35924
1.56842
1.09301
1.05595
0.140628
0.183075
2.75264
4.30658
3.41753
28.8593
1.05879
0.190576
2.29358
0.761802
0.219916
10.1883
0.446321
0.397943
44.338
0.176841
5.41114
28.6913
7.50491
31.714
33.2877
0.273101
0.117736
4.05976
4.65205
0.271464
0.203635
0.419049
0.500797
0.303489
0.242995
3.00287
0.146095
4.17501
0.251977
1.1533
0.266482
0.155678
0.280693
0.263386
15.3991
1.58009
0.950115
1.80116
0.326845
2.04219
7.0818
6.75321
1.46025
0.108286
6.08079
0.109563
0.122756
0.591473
0.307648
0.311102
0.849784
0.121818
0.112125
1.96625
0.907327
0.883376
1.68428
0.66021
0.137314
2.68665
0.264687
0.339646
0.274238
3.07209
15.5563
0.110941
2.48535
1.98216
3.91758
0.124206
0.411378
0.144775
0.93947
0.2738
0.456906
1.74859
0.138824
2.61464
0.724934
1.77475
0.517607
7.40624
0.614177
7.06752
3.2552
0.321932
0.179278
6.29871
0.516735
1.23848
0.864211
0.234942
2.05368
0.206795
0.225796
1.20817
0.182136
0.109912
0.358337
0.211626
0.256748
0.156543
2.26593
0.362952
0.355827
1.91298
1.15827
21.0077
0.334989
0.672961
3.81529
0.28204
1.80546
0.321342
0.267585
21.1983
4.25029
0.382496
7.38526
1.45929
5.26323
0.305019
0.253684
0.198693
0.608351
0.222509
0.137499
30.1041
3.25958
0.135519
9.00226
0.432296
0.518689
0.121121
4.37116
1.07175
7.31985
0.298198
0.140068
0.107771
0.282113
0.132547
0.348635
2.09087
0.164321
1.20464
0.589274
12.0463
0.213784
0.201171
4.16279
0.215597
5.3948
2.94921
0.109937
0.174816
0.210952
0.799435
0.431084
0.806471
0.29534
0.468981
0.236606
0.218768
0.776399
8.26359
0.827217
1.53712
0.754209
1.91892
0.334914
0.119791
0.461484
0.189446
8.86059
0.153737
3.34091
0.498578
0.3903
0.259289
0.685282
0.634902
0.720125
0.100177
6.72708
1.53153
3.5057
0.135023
1.42121
0.145965
0.105242
0.564183
0.436021
1.04766
0.106688
0.668657
9.37772
24.7317
31.1243
0.103761
4.17332
2.02564
0.182088
0.74571
1.75369
0.115003
1.11181
0.117916
0.141667
0.148688
1.14225
19.424
1.3982
0.405144
0.117951
2.17158
0.202038
0.166295
3.04795
0.195969
0.138151
0.111811
7.17649
0.373345
0.154834
10.7108
0.169298
0.684969
0.302833
0.167482
1.07713
0.41414
0.12586
0.403347
3.26642
3.49236
0.631486
0.623192
3.36838
0.397154
0.296275
4.98319
0.33568
1.30803
1.61835
5.27146
0.291455
0.191959
0.465934
0.136352
1.80199
0.283824
0.252298
6.55195
0.136612
19.0054
0.672269
0.105739
0.109996
0.630884
0.159021
0.403019
1.11812
0.333559
0.123493
0.255692
1.29483
3.18076
13.4917
0.114103
5.00072
0.11063
0.833315
0.234657
0.410494
0.878211
0.711658
3.05508
0.103892
3.2862
0.118201
1.6957
1.01056
0.408868
2.27181
0.693497
0.500172
26.9061
1.28071
1.03541
0.201645
3.17573
5.3789
0.383318
0.277199
15.7985
0.321602
1.5742
2.5097
11.0836
0.181928
5.42317
0.885136
0.610189
0.611476
0.112227
13.3815
0.149796
1.4542
0.134277
0.146581
3.19057
0.874456
0.417388
0.10331
9.71468
0.201884
0.120525
0.225992
0.209942
5.64884
0.358432
0.317636
3.71226
0.110395
2.05813
2.49037
4.16631
0.926073
1.00462
0.209898
0.28921
1.08058
0.336163
0.105495
0.400508
5.37974
2.08535
0.281193
0.300327
0.394787
0.347041
5.29044
0.413368
1.39171
0.177179
0.156519
0.269377
3.47639
0.30923
0.227617
0.61032
0.362701
2.39593
2.62926
0.101419
1.9864
0.379033
0.747346
2.3022
4.70495
0.155707
1.25742
4.26934
2.62779
0.643838
3.58628
0.938276
0.369494
0.112182
0.144753
0.235505
0.185282
0.121276
0.405267
0.104037
0.29732
0.805107
17.977
0.343196
16.3929
0.635391
0.122186
1.2494
6.46674
1.15739
0.228077
4.25567
0.225236
1.29148
1.35394
3.9904
12.9804
2.62244
4.06679
1.27714
0.704168
0.963008
0.227839
0.142402
0.583404
0.820857
1.64179
0.269818
0.143775
0.367539
0.218504
9.04245
5.14853
3.60275
0.43669
1.69234
0.190245
3.13226
0.105494
0.626162
0.317498
0.923215
2.96789
0.209544
0.187643
0.175042
0.81806
0.108397
15.3256
0.178662
0.230535
0.203414
0.176274
1.94086
0.574872
2.51476
0.47347
5.97537
0.239042
5.22973
1.83916
0.937771
3.13183
0.707934
7.1988
1.26502
0.967756
0.262795
10.2425
1.52174
0.115244
1.26326
0.173698
6.37981
0.378195
0.260851
1.02911
3.20978
0.222819
1.19568
0.119566
0.312515
0.147968
0.10053
1.14671
0.34493
0.750402
0.949329
0.634624
0.866122
0.263344
0.140341
1.30015
0.332163
0.417472
2.1855
1.44855
0.574102
0.844512
10.6305
0.426261
0.132388
0.14797
0.110421
0.342763
3.12807
0.10719
1.41116
2.74689
8.31306
0.554542
0.372257
1.53212
0.385367
0.613785
0.217025
5.48583
0.106149
7.59523
0.583086
0.102092
1.32466
0.270413
0.556573
0.383388
0.383352
12.1919
1.06702
0.215457
0.212678
2.22394
0.289575
0.67634
12.9276
0.276252
0.470538
0.616974
0.104198
0.175214
0.200494
1.47506
11.4776
1.1976
0.113303
5.85317
0.436653
2.26065
1.04072
0.938055
1.63584
0.220199
3.38247
1.01186
0.33801
1.48368
0.22052
10.4713
0.526516
8.97095
1.11725
0.615957
3.74121
0.872449
5.18623
0.137515
0.62535
1.87513
2.55697
0.149732
12.9733
0.524866
0.358711
0.172681
13.9825
0.363016
0.283304
20.9566
0.542448
2.44419
0.205084
2.409
14.4064
0.34889
0.170381
2.05976
0.177344
1.79683
0.521065
5.97572
0.183538
4.59011
1.79457
0.112195
0.102856
0.2307
0.245377
5.49461
0.217399
2.09666
0.164117
20.496
1.05755
2.818
0.418491
0.463148
0.695672
0.285952
19.0376
1.06034
0.301378
0.220173
3.08283
8.85073
0.255093
6.07477
2.41376
0.144276
11.6568
0.929312
0.230185
0.160666
0.455708
0.329215
0.105271
1.06245
0.154668
3.01257
0.300784
0.705614
1.14607
0.637077
0.109472
2.19118
1.73423
6.99807
0.369924
0.166062
0.330591
1.03413
0.113017
0.159597
0.443102
0.337955
0.434067
0.280748
0.319875
0.615031
1.22842
2.12568
1.47928
1.13647
1.05065
6.56255
0.172648
0.149295
11.8391
0.1817
8.46184
0.491924
0.150951
0.213964
0.111491
0.141156
8.01234
1.71462
0.658894
0.241974
2.07502
0.687945
0.421474
0.619793
0.818263
0.346347
0.804199
0.446163
0.19838
0.844657
0.711223
0.825261
1.25744
0.31645
0.39142
1.32399
0.377061
2.34183
3.88119
0.107448
0.120609
0.355615
0.178574
0.200016
1.00401
0.3401
2.17267
0.180061
0.571824
0.278731
1.32283
0.423794
0.746441
11.0865
0.226683
4.41015
3.40441
0.19348
0.177712
0.395622
0.56307
4.12036
0.397172
0.576015
0.101468
0.366502
0.207392
5.85785
0.754441
0.142676
0.803234
3.99436
0.163395
0.122783
5.56531
1.61969
0.2218
2.55637
0.10011
0.28697
1.28076
0.140529
0.319653
0.163977
0.674187
0.660505
5.52306
1.25793
13.2644
2.93792
0.694425
0.262
0.110182
2.70118
0.328112
0.283276
0.682726
0.513991
0.22693
0.429043
0.16416
0.574547
8.54726
0.40605
17.8767
0.239286
13.5469
3.58699
2.30432
0.651994
0.108617
0.698741
0.604678
0.981853
0.274397
0.353452
0.357789
0.467436
0.225319
1.93249
1.36788
0.151156
0.207874
3.20447
7.2294
0.191488
0.710023
8.43925
0.466584
7.01377
9.88195
0.261014
0.171265
2.71839
0.404055
0.134961
4.51457
0.309961
3.18999
0.353584
0.154042
0.295167
0.94503
3.21015
0.179321
0.393604
0.161442
14.6442
0.115234
1.43463
1.11402
1.8331
0.183193
0.308963
0.185342
0.44425
0.824823
8.10198
0.401098
1.18396
3.35639
0.354597
0.524576
0.214404
4.05528
1.24905
0.536528
0.187831
6.61548
0.17781
0.122895
2.50163
0.1381
0.115981
0.141472
1.69253
0.997005
0.171013
2.15448
3.71079
0.748871
1.1209
0.461774
0.105506
1.79986
2.41269
0.380795
2.4793
0.323382
3.66141
0.426316
0.295749
10.5589
2.30042
3.13414
1.01132
0.118373
21.8384
0.385556
6.23491
11.1873
0.29158
0.21794
0.398047
0.119391
1.4938
0.449559
16.7978
1.83993
0.325733
2.51203
3.49747
0.120108
0.241
0.541018
0.169999
4.31932
3.80129
0.109873
0.548881
0.939029
0.194331
0.25345
18.8877
3.58302
0.65842
0.363296
0.297074
3.13459
2.06659
0.756407
0.23199
0.633839
0.272061
2.1393
0.323216
6.72951
0.274193
0.168087
0.242582
0.555043
0.645523
0.681857
0.309252
1.29981
0.912409
2.87593
0.64404
0.346062
1.97883
0.53943
1.28553
1.29756
0.462624
0.553513
0.493071
1.12666
0.702532
2.56371
1.11068
23.5554
0.166862
2.6936
0.223682
1.24409
0.101774
0.131102
1.68873
2.22694
0.19581
0.170448
0.106617
1.92135
4.86692
1.06552
0.790198
1.43342
13.1231
4.3149
2.05214
2.70471
0.725445
5.05004
0.424091
0.208595
0.550196
0.182497
0.558991
0.623138
0.296722
0.415813
8.03289
1.53847
0.366134
3.01632
0.487634
2.20439
0.550528
3.23576
5.66895
4.04611
0.151366
0.150542
0.10349
2.51329
1.33768
0.438509
0.396834
0.294937
0.282371
1.80581
1.48783
0.259223
0.541197
0.213003
11.4767
6.91924
7.25495
26.0924
5.38609
1.10432
0.779543
0.215072
0.661783
0.201929
1.92453
0.629949
1.68885
0.274072
0.224133
0.192352
0.441177
4.6001
0.517896
0.385083
1.10636
8.42907
0.2394
0.160043
4.42459
0.614828
0.264724
0.794421
6.7782
0.799296
1.39722
1.06758
0.65523
35.894
2.15798
0.224618
11.718
3.32309
0.261201
0.149547
0.134658
0.22737
0.768347
0.914208
1.2481
20.8194
0.18855
0.264479
0.536382
0.397021
3.51891
1.00042
4.01494
0.123235
5.65098
11.0151
8.16842
2.36257
0.241797
3.85718
0.120783
1.12304
0.118837
3.38539
0.161127
0.25059
8.46808
1.15501
0.699856
0.84606
0.687983
0.228741
0.597434
1.87839
0.302439
8.65087
0.721673
0.653016
0.369265
4.59251
1.01243
0.541561
0.158568
0.17858
0.292965
0.113672
0.101754
3.04575
0.229109
0.766578
14.3903
0.286133
0.110591
0.229683
0.191038
0.243401
2.4786
0.151155
0.600443
0.223825
0.111587
0.35249
0.146707
0.380358
1.36537
0.154053
5.56104
5.59501
0.145057
0.663472
0.423436
0.269238
5.1313
2.17766
0.250612
8.72832
0.128126
0.942477
0.708539
0.209613
5.22
1.3954
0.527878
0.271042
0.301758
4.11033
1.04079
0.163006
0.438265
35.9717
0.302459
0.317899
0.183962
1.91504
1.773
4.18718
0.27125
1.94403
0.999998
1.39833
0.514051
0.76737
0.360459
0.488238
6.34449
28.458
0.124637
14.3715
0.164629
0.398265
4.53748
0.360208
1.31218
0.13538
3.27733
0.156371
0.18227
0.180009
0.380127
0.352351
1.72148
0.322555
2.43807
0.256068
0.125828
0.700696
47.9508
0.21763
1.32142
1.37978
0.180281
2.11428
4.04052
3.1833
0.256566
0.257073
0.144726
0.980009
0.25821
0.181024
1.0946
0.241613
0.117467
0.216368
1.20229
0.126211
10.5372
0.105037
18.909
0.388023
0.333801
0.384382
0.326911
0.462415
0.687499
3.55027
0.12013
0.452494
0.109518
0.413615
0.551903
0.483648
3.09563
1.85509
0.660566
0.327752
0.164998
0.189076
0.41642
0.467336
0.491876
0.63988
0.706126
4.63733
2.9879
0.476
5.22638
0.37473
0.140032
0.312864
0.306445
0.105705
0.18868
0.109321
2.54364
2.78022
0.190549
0.473997
0.32896
1.47223
0.406099
0.220133
0.293171
0.357186
4.15448
0.755625
7.6897
0.824239
4.40588
1.07076
11.3893
0.416022
0.386405
2.29877
0.114896
1.38153
0.803782
5.82718
2.33645
0.299523
0.188776
0.157063
2.80723
5.7845
0.315712
0.504105
2.41914
2.02183
8.31854
6.75986
9.0943
0.108176
1.20585
0.130149
0.724465
0.955387
0.32308
0.174471
0.226637
0.110795
1.96556
1.79752
2.87154
0.231489
0.335279
0.328748
0.25342
0.941607
2.64421
0.267004
0.41363
0.32147
3.57318
0.826174
0.480794
0.670634
9.88747
0.130042
1.49848
1.07766
0.225259
0.351415
0.430627
0.452463
0.602064
0.552814
0.108345
0.118886
1.99775
10.9541
0.159313
0.109294
0.740461
0.472447
0.157823
0.18806
0.109896
0.253989
2.85156
1.15243
18.4467
0.127674
1.33655
0.958435
5.90938
0.41969
0.290382
0.168692
0.216431
1.34081
0.366457
8.30307
3.77862
0.678933
0.224003
5.40097
8.61676
0.210176
0.523883
0.191071
0.177912
0.239188
0.799129
0.145155
0.219475
0.133092
0.172796
2.89559
3.58019
0.184977
0.833946
1.1088
0.109747
0.705079
0.235968
1.20369
2.02082
0.316845
34.3414
0.128301
0.158274
0.193544
0.170128
0.18988
24.5138
7.34072
1.95844
0.23384
0.332241
0.106145
0.126002
0.108473
0.469072
3.28796
1.01426
3.92215
1.8999
0.294398
0.400446
0.714987
0.704769
1.12743
0.225178
0.141454
6.99677
0.676871
0.239083
0.942659
0.471911
5.29436
1.7387
22.9107
0.305207
6.92238
0.141681
1.07763
0.952327
12.5108
0.269642
0.214909
3.1324
0.230116
12.4321
0.183664
0.847918
0.805279
0.123776
0.103035
2.67232
0.106448
14.7036
2.68237
0.663705
11.89
3.90237
5.38026
0.342452
0.54081
0.146133
0.579664
0.116827
0.117562
15.5392
0.104388
0.683518
1.3277
0.495958
0.425511
10.5842
0.920653
0.22809
0.648372
0.180381
0.538993
0.349324
15.2144
0.432313
0.273852
0.696847
3.04902
0.253498
7.16414
0.755398
0.100463
3.97803
1.5903
0.338696
0.938234
2.01658
0.199244
1.31643
13.3523
0.211225
21.1836
0.170335
0.152235
0.323237
0.148289
0.17787
0.164279
0.173003
7.50292
0.330177
0.15771
0.128012
28.4359
1.22713
0.190022
0.194834
0.124175
0.180139
0.50976
0.762488
1.39605
0.168321
0.122682
1.22571
0.871881
1.19503
1.36679
0.177692
0.382197
0.121253
3.22394
0.130592
0.236351
0.390603
0.334101
0.209995
0.434121
0.521151
0.81288
0.945509
1.80597
1.02738
1.165
15.5485
0.186776
12.289
1.54993
0.836307
2.68645
1.90138
0.231789
0.355528
0.960658
0.177658
0.287345
2.60553
6.11083
0.162475
5.31786
0.295544
0.486192
0.145219
0.174751
1.61156
0.433127
1.81536
2.04887
4.8165
2.09041
1.98974
5.74973
0.723799
0.158626
18.028
0.271844
0.209658
0.186108
0.416473
29.1524
0.934627
0.115396
7.40886
0.652079
0.216046
0.402122
4.64076
0.264385
0.347447
0.328508
0.294595
13.2111
2.51574
3.55506
5.10657
5.96882
0.293815
0.366947
0.319416
0.984259
0.314585
2.34923
0.132715
0.3465
27.7824
2.44127
2.12515
0.192363
13.956
0.163125
0.60138
3.23143
0.33303
37.7472
0.225269
0.186648
0.287865
0.401464
4.40193
17.3954
0.274358
1.50474
6.28823
0.499612
0.96099
0.117401
0.132987
0.173925
0.650054
0.341923
0.210897
0.782633
0.223193
0.10978
0.262042
0.907613
0.183747
2.39395
0.591112
0.106334
5.15191
7.70465
0.111384
0.184151
0.252409
1.07603
2.71961
5.74433
2.53601
0.27712
0.182482
0.111346
0.33531
4.57582
0.287424
0.259543
0.210595
0.144192
0.742175
0.279826
0.95912
5.44276
0.768284
0.278442
3.26805
0.160334
2.38973
1.26792
0.162119
0.134851
0.226998
0.189065
0.359779
0.578272
0.176322
0.26081
0.106488
1.81601
7.64754
0.315064
15.8231
0.663073
0.2443
0.342471
8.24936
2.72434
0.139221
0.70294
0.995256
0.185046
4.4695
0.99688
5.6705
1.0131
0.637736
0.326303
0.236961
1.50975
1.94938
0.768278
0.249636
0.460035
1.09962
3.1897
0.55127
0.314259
0.574772
1.76518
2.2453
0.705608
20.7009
0.374952
0.200933
1.30539
0.477841
0.189365
0.128768
0.223899
6.74253
0.408159
5.52129
0.226544
5.46792
0.124998
0.298232
0.243582
0.273998
0.802377
0.592524
0.109711
0.906039
0.119866
0.358922
0.58809
1.82566
0.42588
0.73662
0.699671
0.337753
0.238494
1.77302
3.3838
1.79215
0.180274
0.58864
0.769848
1.39359
2.45273
0.816059
6.46747
0.210764
0.130931
1.27642
0.118626
0.105032
0.711688
0.856759
0.185759
0.112773
0.407323
0.108981
1.59099
28.7845
2.95364
1.84835
0.105043
0.258251
0.260884
0.436748
0.540474
1.2553
6.38735
1.34868
0.116338
0.320102
0.208121
5.38879
0.14277
0.412633
0.131811
1.24169
0.227307
8.82591
1.11459
2.31512
0.32117
1.21244
0.788737
0.102052
0.282423
0.103166
0.109428
4.31571
0.118699
1.87404
9.10157
0.151235
4.41989
0.103209
12.3297
0.163643
1.75255
0.284193
2.46193
0.618095
0.240389
6.50751
1.14238
0.118457
0.327604
0.430081
1.95232
1.93
0.481123
4.94147
0.85591
0.192686
1.41871
0.771112
2.40645
0.300231
0.143794
0.159593
4.18478
0.533076
4.59409
0.128382
10.3548
0.779818
11.8876
0.184268
0.996103
2.67287
1.02532
0.558118
2.09045
0.242293
0.233457
1.02716
5.28596
0.654962
0.519236
0.447413
0.87788
0.201387
2.37689
0.335679
0.258738
0.222042
0.21219
1.69517
0.491437
1.47759
5.06254
0.138978
0.277703
0.858377
1.54583
3.44533
1.28577
0.27534
0.120228
0.326524
0.200599
0.624761
1.57163
0.128251
0.41567
0.212072
0.155221
0.169705
0.360122
0.468192
8.16451
0.668151
7.43946
0.328476
0.596113
0.443795
0.124761
0.639611
0.125949
0.183278
0.771257
0.826668
0.200786
36.3343
1.27643
2.1339
3.1249
3.16112
1.08672
0.111828
2.20524
0.382977
0.146729
1.5225
0.494503
0.234141
4.51496
1.60189
1.03551
2.53657
0.345039
0.84855
0.688924
0.126802
0.516109
0.91263
0.198273
1.81997
0.265362
0.126994
1.02969
13.9426
0.33542
0.939876
2.94087
1.32799
1.43425
0.5186
0.404134
0.240538
2.72332
2.50326
1.24185
3.74642
0.351028
0.248985
0.399138
8.29498
1.00552
0.365343
0.132752
0.124136
0.183286
0.5713
0.504857
0.651464
0.210567
0.289565
0.967009
4.62026
2.46232
4.86718
0.14155
14.6065
1.03098
1.24741
2.34573
0.109581
3.27534
0.168585
0.48127
0.31365
4.65308
3.61918
0.113595
4.48887
0.266954
0.126347
0.372515
0.851391
0.18581
0.869977
1.26861
0.202716
0.467223
0.191929
0.349498
0.676471
2.16571
0.350484
0.166788
2.89549
0.565518
0.100187
0.23902
43.7619
0.286548
0.957164
0.656258
0.1697
2.56276
0.603707
0.61194
0.791105
0.871877
0.156214
4.90471
6.0346
1.81062
6.35057
6.09198
0.795826
0.191977
0.2359
4.98305
1.15949
0.318506
3.42338
1.48895
0.302329
1.13246
8.82098
0.299872
0.397827
0.438253
0.686825
1.2078
0.216392
0.151594
1.31288
0.205401
0.205728
0.373802
2.75144
0.622686
0.17551
0.193345
1.9769
0.249683
3.50595
8.16953
0.262586
1.45492
1.36687
4.47855
6.86603
0.481136
0.44687
5.07129
0.196613
0.718188
1.40532
0.214803
0.130896
6.75152
0.202596
0.160655
0.224429
0.201992
3.83832
0.242384
2.33276
0.416656
0.551939
0.205778
17.2777
0.223621
7.26385
0.149665
0.293859
5.43075
0.17365
0.337664
2.37895
2.7763
0.189544
0.746546
0.230681
0.280546
0.160166
0.230449
1.05482
0.347803
1.45082
0.150922
2.6507
0.223619
0.820733
0.563881
4.64305
0.247703
0.12254
1.1762
0.93822
8.00614
0.731592
0.434323
1.09161
1.12513
0.31978
1.7282
3.65763
1.24378
0.117717
2.14428
0.105398
0.117223
0.220505
0.233984
7.11313
0.209179
0.237877
0.55897
12.0099
0.295898
0.679402
2.95031
0.228327
0.266649
5.82771
1.46384
0.12726
1.38517
0.127174
0.388382
1.84828
3.23855
0.182377
0.195711
2.858
1.75881
0.435379
12.2309
1.98274
0.146359
0.253811
8.31556
0.107936
13.4229
2.5957
3.84174
7.49972
0.542522
0.406427
0.212194
0.936298
0.183512
13.9651
3.36543
0.757792
6.08407
6.12529
3.2223
2.92654
0.139929
0.374519
6.48507
0.186036
0.324004
0.22701
0.168669
3.4313
0.311216
0.827406
1.59269
0.759202
0.458139
1.64579
0.316982
0.150626
0.951296
0.305768
0.827197
0.220663
0.112919
0.386336
0.37333
0.253724
5.52881
9.07359
0.152252
0.1656
5.04379
1.11781
1.65991
1.55889
0.533038
1.10542
0.489504
0.13372
0.123266
0.239985
0.576439
5.38594
6.37641
1.47672
1.66415
1.39777
11.9002
32.7482
0.339909
1.20007
0.143088
0.545428
0.407688
2.77984
0.395201
0.180039
2.57481
2.43258
0.105148
0.78389
1.03929
0.399681
2.30089
0.517571
0.208622
0.633945
1.58859
0.1243
0.181988
0.243343
0.188571
1.03451
0.125015
0.143242
20.2648
0.292649
0.347449
2.66578
0.176828
1.01133
1.38213
0.16825
0.253139
0.225015
0.103061
1.53718
0.167248
0.275026
1.54149
8.22265
1.54985
0.411308
0.212319
0.216939
0.212191
0.109562
3.41236
1.16491
0.720372
0.4448
0.194791
2.09301
1.71303
0.34523
2.17484
7.92443
14.9515
0.356118
0.155159
0.307227
0.292593
0.406859
1.1473
0.557256
0.188588
1.47583
3.90639
1.17777
0.161472
7.16339
0.645545
0.171012
0.803941
6.24288
0.904087
0.935609
0.908122
1.90136
0.969493
0.149476
0.455442
8.30326
0.797062
0.535396
3.94694
0.156012
14.4303
0.596488
1.0046
0.65503
1.50049
2.70855
8.271
0.227332
6.01974
0.777963
4.94847
4.38408
0.294385
1.26146
0.15442
0.346485
0.101993
0.360736
0.71861
3.24975
1.70596
0.194867
4.86163
0.333615
1.7227
0.120774
0.748192
1.77014
5.17517
0.323365
0.869462
0.100477
0.185018
4.72116
4.44417
0.877118
0.229366
0.497186
5.32643
1.13558
0.314019
5.18552
0.247225
2.70288
5.24791
3.13016
8.75501
0.66949
1.2835
0.164929
1.18332
1.41704
0.185271
1.65608
0.173368
0.321052
0.447687
0.284635
14.6456
0.213502
0.556073
0.56217
1.84784
1.16043
14.8533
0.343321
0.634383
0.129317
1.10255
0.872078
0.108383
0.250925
0.164007
0.117433
2.9989
0.209752
0.746855
0.474737
0.727257
6.66743
3.78119
0.656883
0.225079
1.07724
1.62635
1.89401
1.6899
1.4471
0.184357
0.828821
12.3698
3.4197
0.513728
1.27204
0.464799
10.088
0.396475
0.191708
1.32313
0.154363
0.893927
0.138947
0.195183
0.264222
3.70923
0.381873
0.284281
14.0876
15.2954
0.175454
0.491572
5.83827
0.242997
4.36631
0.249029
0.180655
1.34925
0.521156
0.161868
1.43708
0.468291
2.12788
1.30756
0.216923
0.794811
0.636826
2.12123
0.206113
0.227816
0.16952
0.888546
0.103275
0.852048
0.227174
0.103108
2.63374
5.27111
33.728
0.123158
0.580393
0.177086
0.150235
0.462646
0.404701
2.09069
0.135721
1.5088
0.142074
3.96118
0.586174
2.38515
2.44688
0.134554
20.4812
24.1476
2.22061
2.63707
0.451836
0.237592
0.447436
0.138486
1.4722
0.154918
3.25418
0.232738
0.626323
11.8945
0.151595
0.366455
2.76906
0.1907
1.68956
10.8019
4.02646
1.00847
0.114733
1.20788
1.25685
0.3571
0.135659
1.74664
0.231189
8.36605
0.896949
0.3352
0.253488
0.239803
0.291846
0.118346
0.533056
2.5175
0.121563
22.0665
1.1137
1.93733
0.446916
1.0573
0.185589
6.87842
0.517764
0.331657
0.103898
0.312924
3.66363
0.869441
0.593334
2.14761
6.46629
3.91322
0.401138
0.129385
0.147306
0.181273
0.14175
0.261023
0.370583
0.62301
2.03267
6.51174
23.5742
0.158952
12.6376
4.39479
0.439348
3.37112
2.67357
0.762252
0.172644
0.915919
0.680919
0.114149
2.45118
0.104727
0.477885
22.7784
0.1506
0.283111
18.3125
1.15092
0.776353
6.41525
0.120124
4.68085
3.01715
0.102496
6.49475
2.87027
1.37285
0.197781
1.10697
0.575453
0.178892
2.36897
0.414564
0.356031
0.133532
0.144466
0.350092
13.4685
0.408893
2.81014
0.22116
0.106998
0.156468
1.4938
5.11154
0.194426
0.112115
1.86984
0.299279
1.55792
3.3005
0.309724
0.95089
1.94708
1.17083
0.517464
0.727913
3.55107
0.353961
0.40798
0.163322
0.146254
59.3938
3.09738
0.110982
1.02793
11.5737
1.9223
0.449275
0.218105
3.0178
0.564259
0.166477
0.681843
3.16741
3.1445
32.7475
0.425853
4.53325
0.35519
0.119892
0.674194
0.130638
9.85932
7.25292
0.14683
0.239037
0.230676
0.263118
0.113834
1.51028
0.704521
0.719623
29.2611
0.185965
3.2268
0.493003
5.91383
1.51775
2.90842
0.139945
1.70086
0.406363
0.462479
1.19393
0.136728
0.284337
0.134313
7.26972
2.97891
0.865245
6.56121
0.452895
0.634286
0.672766
0.206688
0.456858
0.166699
1.7431
0.238921
0.302846
0.252756
0.116556
3.60262
1.71214
1.26502
0.137902
2.47572
0.829073
2.12277
0.720643
1.49144
8.80267
3.63729
11.8384
0.116629
0.18004
2.72531
0.221364
1.57482
0.431479
0.273837
3.22196
0.182314
3.09977
0.816098
2.03711
3.35313
0.163277
0.546688
4.00522
0.585862
0.318371
0.196915
0.17829
0.10123
0.433037
28.751
2.84372
3.74265
1.25568
5.64443
0.156759
0.130922
0.262762
0.100302
0.480873
0.167999
0.167846
0.405442
1.30043
1.13357
0.173645
3.65686
0.233201
0.197214
3.54099
0.253221
1.67129
0.144071
0.386865
0.55468
0.292509
0.23231
0.291027
5.21734
0.527667
0.25116
0.423039
1.45147
0.119125
0.181098
3.23334
0.777806
0.372477
0.173506
1.06731
0.160588
7.53665
2.80104
1.42788
0.111966
2.86374
1.60094
0.436557
1.61648
0.26239
2.57717
0.108215
5.38854
0.397952
0.560501
0.130516
16.0526
0.412708
0.114158
0.183834
1.10546
0.549257
0.168288
0.294612
0.364097
0.120946
0.117284
0.367934
0.433622
1.74989
0.601997
5.76312
4.76444
0.853463
0.504149
1.07129
7.08994
8.30618
0.496811
0.25163
0.130369
2.58787
0.102399
5.7069
0.280563
1.00684
1.06109
7.21922
2.17734
0.161541
0.184587
8.56672
0.350053
0.429289
0.212742
4.00718
0.270726
0.259749
0.606567
1.55025
0.377327
3.34547
0.135204
0.495549
0.977035
0.509474
0.189842
1.23893
0.162124
1.4713
0.594526
0.232613
2.49407
0.158686
0.117704
2.86221
0.472987
0.352502
7.78476
0.142708
0.297323
0.457884
0.351828
1.29276
0.145086
0.14588
0.279326
0.35967
0.924521
15.7936
4.04785
0.494512
1.99233
0.29627
0.296863
0.143756
2.51147
2.93458
0.167441
18.2954
0.58984
4.60877
0.150334
0.181757
1.07977
10.3274
0.524319
2.63192
0.152347
0.125064
0.190613
0.286284
0.286616
1.27014
0.856145
27.8516
2.0819
0.1016
0.69007
3.43229
1.10761
0.145454
13.415
0.123687
1.85347
0.182581
1.79615
0.763795
1.17073
0.371403
9.63036
2.51018
2.18577
0.432622
0.111228
0.687995
0.181465
0.57886
3.39045
11.6933
0.235783
0.404066
2.36105
0.173815
2.17468
0.32982
0.42389
1.18643
9.01738
0.404
0.765764
11.834
1.90322
31.296
0.360111
0.144246
1.79018
0.235988
1.6925
0.524346
0.179101
0.892048
17.0665
0.160719
1.82246
0.170974
1.37808
1.87939
0.111454
2.78479
0.526426
1.10564
5.44988
4.01123
0.222543
1.46061
0.296012
0.184017
0.42728
0.625802
0.613852
0.748738
2.42548
0.93872
0.603409
0.218636
0.244994
0.188625
2.47912
0.225287
2.42168
0.251205
1.37172
0.301353
0.274494
0.154015
0.327423
0.137675
0.162506
3.19125
1.53245
0.286331
0.128416
2.59837
6.46519
0.377612
8.01898
4.03488
0.521488
3.68565
0.207353
0.272325
5.66454
0.666565
1.87614
3.44043
1.1481
0.148366
0.798848
0.149324
0.104452
0.944271
0.564551
0.337694
3.90683
4.79827
0.39565
0.341901
0.266025
1.56545
6.59047
3.46125
0.28871
0.1073
1.58024
4.43082
8.52434
0.200981
1.8082
0.310009
0.618242
0.810082
1.10209
0.551714
0.161093
2.83505
2.78662
3.39788
0.905733
1.95137
0.102576
4.41765
4.71119
0.632539
3.9153
3.09531
0.461801
0.546343
2.22389
6.26384
13.7277
2.14672
0.237037
0.466887
1.97811
0.311351
25.135
0.110197
0.676741
1.13474
1.80313
0.171099
0.164389
0.17246
0.454288
0.147765
0.102195
0.764804
0.117442
0.223601
11.0293
0.654411
2.47415
12.2158
0.137993
1.98164
0.737035
0.128702
0.115057
8.36191
1.81215
0.124212
0.530749
0.487238
0.239633
1.43816
0.740906
0.128574
28.458
0.374664
0.354917
0.50589
0.357022
0.599687
2.1059
1.38485
1.84239
0.808753
0.498287
11.0861
0.137863
0.250944
0.180608
0.105292
0.14945
0.939005
0.135178
0.107096
0.140817
0.118635
1.86326
1.95922
0.36207
0.416498
9.59539
0.123691
0.564137
0.173313
0.220843
1.58812
0.801533
40.0477
0.190488
4.00612
0.339914
0.897019
0.183505
0.139974
3.21368
0.546737
0.109548
0.338472
2.51597
0.618294
0.227224
0.641165
0.198155
0.112951
0.109996
0.185769
4.79861
0.161422
0.150996
0.700014
0.419335
2.14175
7.73242
1.38859
0.779601
0.250463
11.6159
0.176081
0.157282
0.100097
0.564854
8.97619
0.257924
0.32816
8.76631
0.170345
0.688357
0.119272
0.145278
0.365079
0.43251
0.889082
0.250752
0.170743
0.429102
0.931579
0.392182
0.23798
0.206325
0.912891
1.0672
0.770392
0.27117
0.326108
0.182888
0.170791
1.97061
0.107658
48.8094
0.679351
0.61279
3.69948
0.230171
1.05537
0.106768
12.3703
2.78429
0.111065
0.185969
0.110081
1.35005
6.64528
0.450301
0.156921
0.138754
0.297755
1.34424
0.244957
2.13813
0.12731
0.687469
0.22235
0.279574
0.323461
3.20093
0.408849
7.41442
0.570307
0.384074
3.01488
1.11486
24.7155
4.12986
0.320002
0.410864
5.47116
2.21242
0.332849
0.820208
0.222405
0.50733
1.86201
0.18131
0.111673
0.114713
1.94024
0.157248
0.210215
0.634621
1.80747
0.184454
0.175094
0.138743
0.586522
0.614686
0.219362
0.131755
3.80825
0.288884
1.53969
3.73657
0.127439
0.119405
0.521651
0.592832
7.87194
1.57242
3.09088
2.24757
0.229411
0.787288
0.465311
0.299353
0.299688
0.96723
0.182288
0.317796
1.57803
2.49308
0.909484
0.565465
1.67846
6.326
0.255553
0.196102
7.35365
0.138681
0.465274
0.377524
0.570916
26.7909
8.46676
1.147
0.191711
0.614064
0.944003
1.58106
0.428852
0.454711
0.482154
0.717924
0.100495
0.504523
0.125494
4.48256
7.98517
8.42533
0.211832
0.149932
0.133254
0.272482
1.74813
0.379429
0.86004
0.122191
0.681079
0.958472
0.152629
3.02681
0.556506
1.32927
0.182633
0.149818
1.6048
0.777044
1.01867
0.131154
0.457589
0.14148
0.599
0.247983
0.178887
1.50526
0.646747
4.8241
5.14466
23.5462
0.335804
0.308072
1.32294
0.370973
0.182313
0.161565
0.296888
0.136242
24.6341
1.05907
0.348542
2.16252
3.93182
0.13373
0.13887
0.308711
2.43416
0.837006
0.664555
2.41251
2.62351
0.655789
2.02093
1.70823
0.382408
0.313026
1.9581
1.36144
0.348132
0.290293
0.120222
0.2159
0.130286
0.281165
5.62382
0.316902
1.37772
0.162291
0.141945
0.524388
0.130452
1.03624
0.24623
0.189031
1.33315
0.172753
0.388742
0.251147
0.360846
3.99274
0.382499
3.03753
0.185066
0.153138
0.339781
1.03727
0.229657
0.178386
3.38794
0.300915
2.0478
5.05499
0.906782
0.668003
0.688939
0.154999
0.585914
3.88086
0.597775
0.868987
0.399983
0.513764
2.0429
0.114602
0.616368
1.75501
0.14055
0.208345
0.791015
0.334471
0.148545
0.274774
1.91423
0.104827
0.203759
0.331522
7.77005
1.86161
0.750645
0.102067
0.65242
2.03313
0.705688
0.242313
0.137792
0.227712
1.91494
0.345888
0.115393
3.30093
0.510077
1.19978
0.368676
5.03055
0.535362
1.0308
0.374823
1.97052
0.174617
0.281823
0.193747
3.909
0.1762
0.484865
0.300466
1.96414
0.429578
0.33106
0.126466
0.403972
0.343456
0.251257
0.600647
0.106999
0.450307
0.582365
0.237538
0.1174
0.334904
8.47282
0.544851
0.263631
1.24251
0.273563
9.44163
4.43809
0.370435
0.397748
3.52974
0.491939
1.09192
0.18002
6.93061
1.42307
0.378647
13.7291
2.69316
1.27474
1.1919
2.26787
0.131102
0.521469
0.340852
0.193504
0.234382
1.58744
0.513882
0.869905
1.00214
3.87458
10.9084
0.969794
2.60141
6.25202
0.16055
1.55168
0.158623
3.15148
2.61173
3.17508
1.19049
0.734048
2.79432
0.641611
1.62567
0.154639
0.441443
3.48306
0.145457
0.670908
0.743446
0.215159
0.581906
3.85766
0.576886
0.134009
0.106444
0.117151
1.02691
5.96718
0.289181
0.670054
2.20215
0.275019
0.507204
0.312553
0.192915
0.390176
4.47066
0.147912
0.286619
5.46635
0.434341
0.291023
0.121346
0.617334
1.25115
5.17361
0.322776
12.4189
3.0131
1.04744
0.269642
0.474441
1.39166
0.231409
7.25832
0.276653
0.203843
0.94693
0.340539
7.51317
3.32102
0.603336
7.8757
0.154126
1.78915
0.27295
0.261187
2.1338
7.30082
0.390269
1.93865
0.892211
0.100374
0.769748
0.265813
0.715411
5.58044
2.60612
0.54058
0.523695
2.22402
22.5176
0.556697
0.774239
0.100687
0.609071
0.960108
0.161432
5.06402
0.145335
0.156915
1.56173
1.14795
17.4753
0.178088
17.3844
0.246945
1.07862
0.501163
0.337033
0.688354
0.297357
9.15789
0.524362
0.914117
2.04656
4.4477
2.58478
0.561213
0.2537
3.65551
0.377377
3.1331
0.108218
1.21551
6.66305
0.289967
0.891755
0.417788
0.421831
0.128115
0.112082
4.04733
0.177937
1.89738
0.889581
28.6295
15.4558
0.676367
0.231164
0.181016
1.65048
1.32109
1.47849
0.454713
0.209509
0.281921
0.468161
0.155031
0.521351
1.25719
46.294
0.880997
5.67074
0.300922
1.39514
1.20213
0.507479
7.39737
2.95417
0.180415
7.73597
0.132219
4.03172
21.0391
0.52727
0.586312
0.13573
0.182836
3.21592
2.40417
0.64909
0.538291
2.34255
0.204694
7.465
0.889177
0.177129
0.146238
0.211864
0.106408
12.4276
0.202678
6.82182
5.95593
0.365388
1.59982
2.1098
0.134573
0.205398
1.23137
1.34702
1.79718
0.128229
5.37279
0.171191
1.08244
0.135317
3.28817
0.115156
3.96867
0.301947
0.272539
0.484622
0.104481
21.2462
0.322636
0.154643
1.9819
0.170374
7.05277
9.06434
0.341598
0.247716
0.449276
8.5578
2.75375
4.16016
0.694343
0.524018
7.06218
0.693548
11.5028
3.06213
0.62233
0.123852
0.10535
2.61174
0.101648
0.490886
0.135128
1.2102
0.114983
0.11051
1.91581
0.69721
0.131825
12.2792
0.148622
0.797088
0.31007
1.00333
13.3506
0.193425
3.06938
0.401834
3.16161
0.83181
0.167034
0.263453
0.165593
0.127226
0.607083
0.179304
10.3787
0.27454
0.252507
0.239486
5.93937
3.06436
0.119764
0.449599
0.304588
6.89597
0.105313
2.17773
0.182743
0.586519
1.22195
8.3977
7.6637
6.17536
15.3303
2.04715
2.7893
11.7703
0.259637
0.334137
2.9654
1.2276
0.188499
0.460975
0.530868
0.32062
1.01735
0.38429
0.521381
0.371776
0.298783
1.08718
4.91887
0.156926
0.120149
0.595965
1.45143
0.13802
0.928647
2.04113
1.75001
5.0759
2.38245
0.408437
8.79369
0.24557
26.4317
0.471923
1.06879
0.104071
2.65634
0.356825
1.68517
0.167072
5.91174
0.134326
0.120383
4.27933
0.926547
2.4331
0.282274
0.226224
1.01155
0.212572
0.139779
0.486145
24.0617
0.853535
0.30312
1.69364
1.62902
3.5261
0.365475
0.193425
0.230596
0.449517
0.323016
38.7694
0.162407
0.16447
0.558882
0.506868
1.53771
0.175109
5.7849
5.245
0.100901
5.09509
1.39551
0.206933
0.296651
0.137205
3.28496
8.65979
0.134677
3.50763
1.43119
0.923973
3.02767
0.460219
0.140737
2.85271
0.157264
5.45736
0.333383
1.7806
1.73002
0.324321
0.359234
1.65565
0.714976
1.86135
0.905643
0.22242
0.15234
1.28149
0.51375
0.209791
1.67129
0.963604
0.174665
0.344723
1.36079
0.556996
1.34339
1.66805
0.367129
0.27031
0.120397
0.31246
0.145747
0.433695
0.242774
6.19321
0.213127
0.201876
0.609819
0.67841
12.099
0.22595
0.536722
0.245504
5.82986
0.138945
11.2176
13.8123
2.61545
0.652409
3.87013
3.04465
0.755047
0.112681
2.91918
20.5041
0.203425
1.65187
0.190081
1.82628
0.833198
0.311652
1.33816
0.20037
0.114234
4.1599
3.96349
20.2225
0.211974
0.239364
0.247244
1.15055
0.175465
0.111257
0.926632
7.39082
0.748676
0.274346
0.687994
0.672274
2.4
0.645707
0.138208
2.58218
1.68787
2.87377
1.67674
9.71634
0.519066
0.172883
0.186851
12.7891
27.9793
0.12717
0.26437
1.93163
0.294385
0.954095
3.60746
0.759481
0.10386
0.107608
8.92978
27.7922
20.5851
0.123128
0.227264
14.8336
0.476132
0.69624
0.448355
0.743499
0.213342
0.144854
0.602758
2.88604
0.157538
0.567358
9.86401
1.30226
2.2325
29.5044
0.437603
3.21626
0.146233
3.86632
5.64524
0.108547
0.408865
0.416634
13.7287
0.3129
1.24289
0.184663
0.204594
5.78931
19.2385
0.365387
0.117341
4.75455
0.858132
12.6168
0.600767
1.25178
1.56944
0.481667
0.140172
0.303615
0.281966
0.103174
0.201343
21.2306
0.402192
0.460523
0.209559
0.573671
16.0585
0.104781
0.282041
8.1607
0.393624
0.147664
0.414556
0.241192
0.406616
2.53282
0.158349
1.147
2.16474
0.957846
9.56919
0.974825
0.736811
0.128566
0.966588
4.93074
0.7498
0.179807
1.27572
1.63466
0.583764
11.6585
0.886179
0.172544
9.34303
0.106856
1.41908
0.102231
0.302998
0.342863
0.542547
2.93274
0.535358
1.19988
1.48632
1.35215
0.105633
0.527371
0.322203
0.672637
14.5429
0.356043
0.447357
9.50432
0.134092
0.700959
0.130046
0.313866
10.2024
0.445169
1.56112
1.88036
18.0133
1.5257
5.76699
0.4593
0.185243
0.230735
0.10947
1.63516
1.40523
1.61953
0.126494
0.628462
0.306
1.13483
1.55661
0.336708
7.11951
2.2545
0.158906
0.218801
0.247462
15.8793
0.100941
1.86962
0.159367
0.236552
3.1192
0.103601
0.509218
0.296463
0.92103
0.559455
0.137474
1.27992
12.9312
1.02948
9.53899
1.34352
0.19894
24.1939
28.2814
0.239312
0.373047
0.10001
0.158868
0.103063
5.80048
0.951982
0.177916
8.94621
6.0661
0.101316
0.148157
0.352333
0.207185
0.399259
0.150285
1.74874
12.0047
0.155784
6.90637
1.45018
0.21187
1.37301
0.238673
0.306517
0.459074
2.39493
2.26751
8.77842
2.81978
0.613208
1.00443
0.103594
1.84424
0.323036
0.159732
0.392158
0.150494
50.0498
0.144502
0.106272
18.7813
0.674393
0.19771
0.11409
1.62534
0.265606
2.16387
1.65521
2.18217
0.238313
0.426156
0.430069
4.43896
6.22179
0.252371
0.792096
4.50137
0.781868
0.569913
3.93002
0.256403
2.74137
0.116624
0.379712
0.115462
0.398238
0.129944
2.8437
1.49305
0.258067
0.179052
0.719956
0.230143
2.54374
0.567218
0.407615
0.394973
1.44297
0.399233
0.533282
0.794714
0.141975
3.67826
0.366093
0.124901
0.367826
0.830222
0.146492
0.905858
0.799339
1.53671
0.697211
4.52582
0.217657
0.25252
0.166108
4.04371
0.268316
16.7832
0.347525
0.223848
0.31545
4.17234
0.394305
1.21217
0.842984
0.982147
1.32602
0.626211
8.39967
0.512492
20.2427
0.411306
0.225679
4.07441
2.85962
0.132455
2.05909
0.323202
0.102515
1.42388
0.466293
0.325477
0.615144
0.57115
2.6804
32.143
35.1664
0.541947
0.497079
0.145066
1.10593
0.300006
2.51416
0.191114
0.418068
0.295787
0.396134
13.2493
6.5193
0.103302
0.227355
1.19527
0.188479
0.350429
0.221704
0.463006
1.00075
0.524462
0.115877
0.197698
0.344303
0.145501
1.25502
2.03714
2.17478
0.493047
0.252239
3.44373
1.6588
0.383494
0.245253
1.00514
1.29792
5.26143
0.933972
0.514317
0.715094
0.704303
0.214234
2.74911
0.239006
1.31562
0.173971
0.173878
9.72268
2.06251
30.3033
0.380697
0.436229
1.05209
0.95985
0.286458
0.946269
0.15145
3.05944
0.225722
4.56489
3.54117
0.153481
0.19796
0.187028
0.933438
0.480322
3.47673
1.05332
0.702168
21.7955
0.528289
0.223839
7.97339
0.160877
0.926717
0.100654
3.67738
0.126292
0.30182
0.188916
0.631241
0.179741
0.175848
0.972602
0.426434
0.578989
2.15301
0.197734
1.04417
0.663573
0.497741
0.40399
0.842057
0.332632
0.117589
0.726821
0.467296
0.965977
0.12627
0.233515
0.229504
3.82667
0.507467
4.41278
8.67956
0.108711
0.187704
0.857043
0.256558
0.612699
3.59135
0.101933
1.32431
0.964386
0.202352
0.308445
1.69984
0.508117
0.299982
0.869922
0.157051
12.2254
1.37771
0.113884
0.133581
0.156689
1.33032
53.2614
17.8201
0.267183
0.273073
0.554312
0.169558
1.4257
3.3345
0.139064
1.4623
0.537215
0.297072
0.249426
0.463879
0.95377
0.101181
2.82021
0.976004
1.51755
0.281078
0.325715
0.155986
0.321938
0.126386
0.236865
0.403076
0.730109
8.07144
0.124452
0.196737
0.529806
38.5787
6.49811
0.112153
1.38203
0.145206
0.602559
0.153968
0.389841
0.154396
0.468074
0.185177
0.360656
8.72699
0.214316
0.437299
0.860097
0.957273
1.57273
2.97221
1.48472
1.25044
0.247354
3.37041
0.180044
0.158761
4.82568
0.161526
0.192284
10.0115
3.62373
1.76931
0.159846
0.312248
0.153312
8.86141
0.723198
6.09348
15.4335
0.190057
1.6499
2.93606
0.829934
0.158664
0.442802
2.15573
0.501705
9.5557
10.2108
0.160024
0.655387
0.833123
1.73566
0.443645
0.259499
22.0554
0.271437
0.316801
0.545644
0.502934
0.119461
1.20286
4.82026
0.159975
2.87635
0.137632
0.885115
9.09994
0.751214
0.754631
2.27578
0.512776
9.44364
13.8544
0.986836
1.59704
0.483599
0.226936
0.16746
5.01952
0.573162
2.56504
22.6234
0.108431
0.665687
7.51701
0.723797
3.28186
2.21255
27.0518
0.687848
8.94595
1.0977
0.174258
0.129942
0.306737
0.155963
24.2643
0.599302
0.110373
0.420272
0.116776
0.680596
0.594179
0.109843
0.183485
0.327227
0.773422
4.39043
0.820087
2.89533
0.317616
0.115455
7.67304
0.231729
0.789199
15.4341
1.86353
14.9176
2.83433
0.152467
1.74777
3.48321
0.150884
0.257067
0.71994
1.27268
0.473333
0.912079
1.31997
0.458514
0.128413
2.03351
18.4155
2.02867
5.80977
0.6595
0.17198
5.06991
2.0025
1.48651
0.122554
4.10956
4.89284
0.102266
1.9383
1.07023
0.149695
0.393774
0.863092
0.198591
0.170022
0.264925
2.19147
0.109423
1.73108
0.275148
32.0828
0.101391
0.851777
1.43316
1.70522
0.341839
0.826531
0.958301
1.8653
0.3743
0.151617
0.740062
0.379585
0.426397
1.12343
1.38368
0.923695
0.17218
1.6136
10.1884
0.634586
3.84853
0.129587
0.171242
4.18387
0.237958
3.79686
0.278169
0.53035
0.113852
9.69543
0.120865
0.718009
0.285435
0.111683
1.03756
2.6852
9.39246
0.794753
0.204806
0.769406
9.24163
0.488118
0.570362
2.64034
0.171914
3.73031
0.308998
0.19343
9.83421
0.137057
4.28341
0.40344
0.274562
0.272406
0.21652
0.869495
0.157407
0.236137
0.952721
0.398924
0.363517
18.8871
8.32799
0.43164
0.588787
0.272864
7.1984
31.7234
0.462166
1.52862
0.501943
4.85107
2.93772
0.586083
0.280439
2.47839
1.39014
0.150803
0.509671
0.566663
0.509696
0.192913
0.330078
0.386423
1.40578
1.56558
0.482276
0.429506
0.107848
0.216845
9.64263
0.231649
4.70464
0.467597
0.442855
0.117003
1.23475
0.328714
3.61548
0.924013
0.222552
0.159572
0.130565
0.12812
0.17268
0.683439
1.82375
0.746108
0.311308
9.57932
4.86865
0.444008
0.741392
0.634001
2.77809
0.689539
4.68846
0.135196
3.07047
0.24671
1.43253
2.00622
0.378332
1.17081
0.157312
0.108769
0.734626
0.838672
0.703727
0.136424
0.313423
0.499795
4.1658
2.77181
8.13127
1.28815
0.129918
9.74795
0.209025
1.2585
1.71472
1.30691
0.66342
0.358054
0.242354
0.261283
0.400394
0.820659
2.06885
0.146207
0.340062
0.152192
0.566464
0.427107
3.65006
1.57781
3.01591
0.838065
0.155514
4.31516
1.61437
4.82211
0.123475
0.96059
0.581207
2.12824
0.158537
0.210482
12.6967
0.316305
0.770799
1.03168
0.327953
0.237014
0.17274
6.4168
0.112711
0.986465
0.205363
14.6692
0.252878
0.570299
1.15836
8.56258
0.234538
0.168899
0.48857
1.04038
0.172427
1.37398
0.275112
0.8816
26.3673
0.723673
0.431408
0.336473
0.269087
6.71447
19.1167
18.7124
0.228476
0.331413
0.464748
2.31793
1.81569
0.120726
9.8881
0.240339
0.949551
0.1388
0.294301
0.858798
0.998122
0.563496
0.73362
0.191289
0.122039
0.171052
0.651421
2.42886
0.231529
0.110023
2.09582
0.108805
1.19917
0.446673
0.287522
3.30348
0.140751
0.108312
0.749713
0.505775
0.257956
0.496095
19.6403
0.482362
0.127475
0.370158
0.241458
0.456551
0.179675
0.306286
0.262817
0.135028
0.167399
0.123663
0.868295
0.235861
0.460047
0.23634
4.77061
0.414257
5.05368
11.0784
0.531163
2.11126
11.8375
0.15563
0.916712
0.122856
0.126988
0.80653
0.246712
0.241903
0.521979
4.48692
0.101429
0.164475
0.217702
0.857928
0.529319
3.1779
0.214585
1.58695
1.78947
0.311005
0.43503
23.3239
0.426188
5.60679
0.447291
0.360754
11.239
1.96253
0.324284
0.313581
1.4652
1.51695
0.201185
2.0987
0.154251
0.120127
0.932499
0.555862
21.5508
1.45975
0.206558
0.109755
1.13303
0.184796
1.80098
0.64117
0.41911
0.298941
0.17707
0.630903
3.93564
6.17444
1.31954
1.87391
2.51111
0.131389
3.27623
0.601592
3.93089
0.146185
0.405576
1.45116
0.323021
0.440973
1.21834
0.978199
1.61016
0.268986
0.369659
2.03391
0.32944
1.35566
3.62907
0.112766
0.338814
1.97208
0.980163
0.205168
0.422862
0.231249
8.80254
1.91391
0.119414
8.63742
0.189999
0.884615
0.114353
2.88567
5.49417
5.61007
0.17487
0.33418
1.73451
0.167318
19.3742
0.260985
0.490487
0.471049
4.97014
0.236697
1.06797
0.295266
2.24006
0.919534
3.9451
3.46299
0.353642
1.30178
0.261145
0.115492
24.5898
0.218109
16.6576
6.88648
2.02714
7.95992
0.134423
0.875495
0.540177
0.244257
0.149575
0.18342
0.44087
0.768902
0.137076
1.09356
1.78967
0.116466
0.800313
0.573082
0.132675
0.206085
0.478117
0.724552
0.384215
5.17899
1.8418
0.313414
0.238526
0.354549
0.428903
1.61776
0.856134
0.389522
0.250422
0.127371
1.44949
0.566388
0.192347
1.09966
0.112984
0.918639
0.132269
0.818183
0.382472
0.445731
0.737767
8.87121
3.51863
2.97874
1.88003
9.8639
0.565396
0.433483
0.163596
10.8445
0.28739
2.13239
0.250902
0.457874
0.117856
0.15132
0.253367
0.13163
0.915776
2.93221
18.8175
3.71522
0.406507
0.350951
6.19546
6.6723
0.794803
1.5337
5.42069
0.12621
0.182427
0.134468
0.541467
11.9708
0.740297
0.122726
0.468957
3.5301
0.635222
0.692425
0.749155
0.175224
0.734651
0.114477
1.39497
0.960292
1.35265
0.143983
0.10658
0.135455
0.106857
0.18708
0.281365
0.502408
1.3623
2.89942
0.108828
0.91255
0.275683
0.149826
1.40828
0.181606
0.157693
0.446581
1.62747
0.234395
4.14262
0.214683
5.43039
0.364595
14.2604
1.9733
3.05804
0.937757
2.13484
1.77468
0.574467
0.351775
0.119037
1.52755
0.143671
0.661336
1.63626
0.443273
0.124997
0.278967
1.67312
0.533444
0.723349
1.03083
0.809453
4.07275
0.470286
0.176038
0.243246
0.429824
1.04725
0.649513
1.40839
0.895728
0.19408
0.605593
0.639469
1.64142
0.745209
0.650508
0.466427
0.923566
0.872152
0.241552
4.02181
0.422217
0.108884
0.31835
1.06039
0.204939
0.671368
0.896253
0.155303
0.237391
1.34623
2.91027
1.39043
0.161355
0.255163
0.399574
0.124134
2.38007
0.114596
3.07701
0.120217
1.44835
0.173983
1.28995
0.10015
1.26185
2.41588
0.192528
0.483852
0.119748
0.132641
0.196946
7.19158
0.462972
0.626873
0.173321
11.6419
6.01694
2.88831
0.11466
1.19552
0.158519
9.07526
2.14948
0.89336
5.00894
0.444419
0.144539
0.144642
6.96685
0.16452
0.568858
2.73548
5.2709
1.14733
0.133265
0.6063
0.171017
0.187353
0.171927
1.73288
5.53069
0.637889
2.24157
0.59897
0.787317
0.690319
4.13803
1.79675
0.165462
0.394055
3.53962
2.02693
2.04443
0.165219
5.29945
2.00308
3.52942
3.9896
0.110113
0.895098
0.332604
0.10883
2.38178
6.03269
0.137246
0.959517
0.228203
0.36202
3.33101
0.292838
1.8996
2.14762
3.73111
0.429103
0.128872
0.690124
0.613365
6.82844
0.39184
0.225469
3.33888
0.251614
0.2673
6.29197
0.593261
0.208216
0.412665
2.27315
1.31564
0.39785
0.180801
0.121042
0.271409
0.242013
3.89538
0.956957
2.49815
1.67834
11.1275
0.873022
10.012
0.873896
0.417931
0.879689
1.69949
0.123446
4.64635
3.58894
0.618924
0.231218
0.311658
0.323143
0.958375
13.9146
0.204632
0.604549
0.537986
7.26956
0.477739
0.122756
0.673375
0.361908
0.976733
0.338333
0.53416
0.104428
0.911891
0.392923
0.330081
0.103069
0.285971
18.4443
0.210063
0.318194
0.416235
0.10948
3.1915
5.03683
0.716119
5.24689
0.116547
2.4065
0.147255
9.1834
1.13996
0.320745
0.12932
1.22414
0.302647
0.134418
1.99337
0.110816
25.2889
1.1802
13.7481
0.875021
1.12684
11.5578
8.72547
0.286141
0.58203
1.4902
2.32951
0.679359
0.768015
0.324818
5.42521
0.147026
1.15875
0.35002
7.1124
0.431693
0.175193
0.697229
1.6092
6.79514
3.4397
0.13286
0.497324
0.134033
1.10495
11.706
4.56481
0.11986
0.634449
0.708518
0.844524
0.696582
0.104924
0.214928
0.751393
11.9686
1.14142
3.25194
2.48736
2.28873
1.02899
1.40555
0.747425
4.66759
1.90804
1.88548
0.10289
27.247
5.56175
0.148781
0.549329
0.104813
0.104276
1.46173
0.17514
0.85409
0.862205
0.490967
0.40888
6.44906
0.169639
0.494526
0.50608
1.10197
0.254341
0.100717
12.2896
6.94767
0.187615
0.166306
0.114852
0.137883
0.380365
0.102402
0.334423
0.488696
0.104137
2.52168
26.8065
0.660048
0.362327
0.22213
1.08966
0.326451
1.39354
1.19747
1.16774
4.63268
0.160968
12.0756
0.588515
0.370514
1.61661
0.137061
1.03588
0.15345
1.95796
1.78334
1.89513
2.47057
0.306622
3.26742
23.6474
1.84032
0.20745
0.122015
0.263355
3.63961
0.181123
0.115007
1.69222
0.362127
0.157556
0.29341
0.331354
0.276582
1.33033
0.153049
1.28354
2.41043
1.42578
0.10416
1.10468
0.510486
1.90414
0.868326
0.941386
0.285499
0.174495
0.126485
0.532312
0.374321
0.46584
0.205434
5.44903
0.173515
12.2302
2.26702
0.149857
0.2175
0.130947
0.659574
1.88287
0.164753
0.248563
0.158992
9.80849
14.1746
0.429311
14.8704
0.39792
0.338216
0.371309
13.1095
3.32298
0.881596
2.01605
0.283783
0.154246
0.176064
0.43798
0.165206
1.006
0.341101
2.57475
0.178358
2.75906
0.77662
2.95729
1.06327
0.161999
0.244474
0.533827
0.341255
1.14062
0.472959
5.20848
0.17051
1.40799
1.58478
0.520395
8.23515
0.528794
0.299601
0.647258
2.77298
0.782927
1.23729
0.10629
0.420025
0.888599
2.49753
0.619226
2.73527
0.17283
0.729988
0.157314
0.9523
7.06863
0.274549
0.209151
1.65525
0.11582
0.638569
0.107475
0.274001
0.826284
0.22179
0.101288
0.866639
0.294315
0.190068
3.2564
4.22768
0.196787
0.287736
0.352121
0.668081
0.193145
4.46051
0.341253
1.27911
0.280188
0.130823
0.350139
0.182553
0.205621
2.71621
0.362731
0.405446
6.18741
4.21554
0.511456
0.542497
0.343749
0.401145
3.9837
0.529277
0.238968
0.165977
0.328601
8.29699
0.362094
0.499007
0.64162
6.56309
1.35239
0.35196
2.12876
0.179214
0.112982
0.117208
0.919412
0.110006
3.47251
1.41476
2.03791
0.187239
0.114338
0.865047
15.07
0.135178
1.51
0.5664
0.574003
0.121745
1.23673
5.89089
0.229577
0.24708
0.159648
0.458807
3.7227
3.66627
10.9474
2.14779
0.445449
0.162723
0.170814
0.277311
4.58808
0.295983
1.71988
0.157068
1.41782
9.56052
3.67862
0.519396
4.13841
0.746468
8.94125
0.270878
0.223405
1.24792
1.37558
0.157092
0.230869
3.84892
0.314122
0.414178
2.6782
0.294568
0.192554
0.586085
3.5504
0.284915
0.738649
1.29275
2.01027
0.111669
3.10341
1.25564
0.546556
1.93075
0.46676
0.732572
0.312903
5.12727
0.109861
0.898397
4.68363
0.38105
0.363635
0.701406
0.302937
14.459
1.02739
0.421699
3.44559
0.201306
0.140918
2.61544
7.34469
0.698758
2.59591
0.161931
11.6514
0.105086
3.45778
0.145776
1.10096
1.44311
0.194822
0.595188
1.19556
0.355153
0.153456
1.74601
0.106961
0.61632
0.172335
0.238442
0.266103
0.202924
0.246726
3.70582
0.21117
0.397274
1.00467
1.25813
0.344609
0.956647
0.224569
0.466917
1.47708
0.372032
0.726523
0.78731
4.45998
0.278051
0.409543
0.186344
2.09877
0.445275
0.18901
4.75221
1.38113
0.239366
0.695094
0.142843
0.492366
1.7372
1.04209
1.03272
1.20978
0.460254
0.308593
8.14099
0.127257
1.7617
0.12787
1.27971
0.262605
0.871963
0.367158
3.60522
1.49317
1.08413
1.85235
0.232063
6.00092
0.138931
5.42
0.723741
0.113957
7.18814
0.824356
0.896284
0.294743
0.131346
0.635613
0.971432
0.437884
0.257299
1.24416
3.44466
1.47316
0.320708
0.314857
0.516187
0.138305
0.168024
0.440276
0.295869
0.30839
0.165491
0.162025
0.616599
0.42883
0.616435
1.10897
7.88203
0.273871
0.593486
0.100067
1.88813
0.138255
1.9839
0.235975
0.260573
0.198936
0.380129
1.07048
0.816417
0.276336
0.1564
0.488935
0.720152
0.557162
1.80719
0.349114
1.09672
1.29584
1.11861
1.80819
0.592826
0.645037
4.24575
0.677576
2.58325
0.771459
4.23575
5.99
0.112373
0.980852
0.824373
0.558439
0.143415
1.02532
0.382324
0.186559
0.623203
0.652001
5.76728
1.84268
0.170699
0.305858
1.18145
0.746883
0.515264
2.81636
3.00489
2.81799
6.17017
0.212858
0.189765
5.58922
1.68779
8.20613
1.42481
0.115973
4.44304
1.54098
0.334778
0.399963
0.874016
0.18987
0.270512
2.07022
5.88585
1.38056
0.580387
0.281069
0.827089
7.5328
4.95434
7.44112
0.347427
0.286395
8.78525
0.140607
0.670357
0.653789
3.86726
0.204019
4.3296
0.186755
0.156843
2.69913
5.09225
0.317401
2.27234
0.329696
1.44723
0.357719
3.68677
0.753272
0.118416
0.106986
0.290248
2.40321
3.42988
0.28825
5.27357
0.471136
0.754335
0.876124
0.460685
0.198827
0.72689
0.976947
8.73771
0.628241
17.0837
7.74656
2.63324
0.128904
0.174691
12.0419
4.30876
6.21926
0.161976
0.338137
0.149359
1.16921
0.616862
0.923409
0.259155
0.696338
0.945796
2.73051
0.119859
0.192693
0.40753
0.164724
0.211682
0.181543
0.199644
0.329692
0.467807
0.446082
0.9473
1.02884
0.428277
2.3958
0.281056
0.408674
5.63952
0.506926
2.22543
0.110483
0.446825
0.264398
4.12146
2.3854
1.81656
7.673
0.892079
0.146638
1.15216
0.625863
0.317271
0.359718
0.517996
0.351503
2.57748
0.316611
0.631892
0.85269
0.174756
0.293195
2.9957
1.46874
0.834804
0.323555
3.04159
0.66946
0.256926
0.661638
0.646821
6.58492
8.39592
0.809783
0.258411
0.417891
0.554051
3.52926
0.734354
0.309331
0.100594
0.292053
1.52331
1.66033
0.212114
0.113221
1.33627
0.11595
1.08313
0.183592
0.174103
0.136899
0.341922
0.22478
0.697551
0.703061
2.10053
0.671529
0.141187
0.113309
1.04283
0.116461
0.121157
0.383953
3.80459
0.120551
0.444725
0.465239
0.305529
5.64979
0.109141
1.50738
4.60234
0.863815
0.612732
1.02474
19.7429
1.21001
8.36362
0.477173
0.54768
0.678394
0.269565
2.43663
7.19004
1.20821
2.18965
20.4758
3.18034
1.46936
0.562102
0.658253
0.562785
0.159834
12.5689
0.261213
0.320723
1.92089
10.8051
0.186245
0.139798
2.00714
1.76998
34.5258
8.12224
1.40715
6.22357
0.362751
0.353187
0.599161
1.51273
0.409508
0.296214
5.80304
10.013
1.05261
0.257657
0.406463
0.188799
0.176185
3.11056
3.77821
0.121405
1.7483
8.07921
0.490527
0.291705
0.645912
0.13344
0.139429
0.778178
6.6195
7.30132
0.455193
2.15026
1.12773
0.713249
4.34609
0.276403
0.389156
2.60608
0.108083
1.41343
0.156277
0.231827
0.837646
0.266746
0.131326
1.31662
0.203208
0.925293
0.672302
0.280451
0.365186
0.260794
1.70651
1.34631
0.50675
5.10442
0.682003
0.605967
0.986651
0.708965
0.414682
9.70237
1.40611
1.19433
1.3192
0.119917
0.191786
0.369783
0.893832
0.960269
0.787921
0.200563
4.15216
0.519648
0.213749
1.18759
3.36555
0.137186
0.150093
0.339656
27.3801
0.278157
4.73188
1.02983
0.81374
0.170617
18.7417
2.31881
0.1457
0.129278
0.245955
2.8
0.191281
0.781088
0.119169
2.34641
0.241759
0.841346
1.00337
0.871385
1.36727
0.214857
0.563491
0.122008
0.165491
0.177771
0.176064
0.41205
0.413277
0.102819
0.132269
1.41018
0.309401
0.13907
0.285352
5.7238
0.37424
21.3721
0.147415
1.66089
0.612124
0.137407
0.206159
0.705562
0.379964
0.177784
0.33183
7.50958
0.399393
0.929485
5.14784
0.756492
0.626237
2.66669
5.81534
5.10604
0.556959
2.10771
5.61744
1.38326
0.123311
0.215242
0.110405
0.69095
1.72806
1.29327
0.201555
0.217645
0.233304
0.182045
0.261973
1.11909
1.15396
1.5902
1.8504
0.17595
2.84295
0.154265
0.408442
7.65911
0.510174
8.15353
0.85154
0.241597
0.233756
3.71252
0.19878
3.22367
21.5677
0.799921
3.72473
0.140095
0.107453
4.96066
15.2663
0.466557
0.647689
0.423449
11.2932
0.17702
0.31396
1.7443
0.12026
0.119544
0.509069
1.32954
0.450309
4.1782
2.96537
1.08992
0.28065
2.06478
1.1933
0.165223
2.22215
5.82629
7.81009
0.143055
0.176053
0.502189
0.331173
0.132322
0.502426
0.126185
0.126128
0.146984
0.402593
0.515111
0.318266
3.49776
0.187458
0.124873
3.22411
0.511161
0.120122
0.277255
5.04142
0.971411
0.187919
1.38854
1.55476
0.243907
0.461329
0.287989
0.369752
2.93017
3.00844
0.795733
0.179427
1.40315
0.649149
8.29577
0.113182
1.88416
0.310527
0.265419
0.17311
0.649211
1.59029
14.0715
19.7601
2.80323
0.302118
0.121792
0.838438
1.54934
0.460397
0.179913
0.259723
6.09594
2.53855
1.14227
0.275377
0.387206
2.87628
0.101883
11.9559
1.28824
9.15635
1.61331
5.53284
1.30564
0.559342
0.53791
3.70459
0.293762
0.134284
3.74817
0.377018
0.120313
5.13658
1.51085
0.940574
6.50387
0.263607
0.129536
0.232622
1.16093
0.567532
2.40423
1.62762
1.13639
1.56788
1.05046
0.190325
0.235413
4.70273
0.323464
5.34764
3.75456
0.992414
4.07904
0.178197
0.484728
0.901281
8.70187
2.5886
27.0792
6.58937
105.356
1.62059
0.230494
2.39625
