91.0178
64.6238
-21.378
-50.117
-70.0111
-182.57
-172.708
-235.063
-230.389
-240.875
-232.821
-247.513
-249.357
-244.017
-244.505
-216.346
-239.321
-220.849
-236.123
-222.74
-221.483
-234.561
-218.84
-246.853
-150.849
-243.958
-234.25
-248.929
-208.734
-245.447
-222.097
-239.842
-205.556
-248.087
-176.713
-185.803
-218.621
-237.067
-114.583
-175.466
-193.875
-220.452
-238.82
-247.897
-225.913
-249.028
-206.244
-130.854
-247.684
-245.646
-221.592
-245.092
-229.428
-203.04
-208.528
-231.676
-230.028
-227.65
-247.476
-237.462
-249.9
-219.31
-125.196
-235.701
-194.05
-239.171
-189.255
-235.228
-243.444
-240.34
-245.288
-242.481
-233.142
-211.076
-249.58
-202.379
-203.931
-226.957
-229.499
-158.589
-205.436
-129.158
-246.838
-208.246
-217.862
-208.189
-231.063
-244.358
-237.713
-164.674
-188.238
-191.318
-243.742
-233.201
-211.055
-236.12
-207.641
-247.476
-245.618
-248.688
-128.282
-187.597
-218.368
-245.945
-227.08
-249.933
-207.494
-162.58
-248.906
-230.662
-233.7
-231.223
-228.076
-240.54
-248.656
-248.726
-57.6292
-169.687
-233.688
-170.822
-249.046
-213.161
-202.688
-244.536
-239.101
-231.094
-245.757
-229.381
-208.138
-214.04
-218.259
-247.362
-235.776
-216.426
-224.179
-227.073
-219.866
-247.855
-237.802
-168.271
-193.981
-245.284
-244.469
-209.176
-226.795
-246.437
-229.641
-242.213
-243.927
-141.882
-214.758
-186.309
-209.892
-213.587
-244.304
-151.449
-185.674
-193.937
-197.19
-227.334
-179.555
-221.439
-238.958
-247.595
-246.156
-246.171
-199.707
-220.668
-248.142
-225.978
-238.937
-249.479
-179.363
-196.254
-246.587
-243.635
-212.298
-64.2033
-176.394
-244.523
-245.678
-177.807
-209.745
-202.171
-215.586
-210.282
-235.209
-163.788
-245.832
-242.105
-244.863
-220.785
-178.247
-249.124
-217.193
-248.26
-213.963
-224.894
-159.343
-244.404
-200.808
-216.935
-212.981
-243.651
-219.642
-210.012
-223.602
-239.919
-208.713
-235.707
-244.165
-211.462
-249.956
-245.409
-241.021
-120.753
-148.413
-232.642
-244.627
-241.713
-223.967
-179.084
-249.35
-191.192
-202.68
-211.959
-160.223
-221.999
-240.926
-231.635
-226.513
-240.399
-216.061
-233.751
-186.075
-222.776
-249.427
-238.65
-248.022
-231.804
-160.617
-112.091
-238.401
-242.74
-235.613
-220.666
-243.984
-239.207
-220.297
-152.072
-203.738
-227.804
-240.058
-201.745
-247.789
-188.76
-227.727
-197.211
-196.579
-229.355
-218.954
-248.776
-195.159
-216.517
-209.216
-241.322
-233.525
-227.172
-193.631
-208.989
-162.453
-246.78
-231.756
-192.66
-243.301
-200.693
-219.259
-174.511
-226.501
-92.852
-175.509
-234.229
-224.362
-249.264
-199.239
-142.515
-162.35
-226.483
-219.625
-249.977
-248.831
-196.596
-239.302
-126.202
-242.445
-179.784
-238.566
-219.683
-247.834
-248.304
-203.778
-195.944
-236.097
-236.215
-247.055
-201.358
-205.465
-238.467
-208.095
-240.336
-199.199
-245.667
-246.79
-238.497
-234.846
-249.623
-247.433
-225.664
-248.26
-168.994
-240.797
-242.83
-132.71
-205.879
-213.597
-174.384
-180.771
-226.376
-217.416
-245.427
-248.37
-249.354
-227.848
-220.398
-236.918
-197.247
-247.697
-236.455
-206.09
-210.633
-231.289
-222.625
-194.068
-197.804
-240.492
-210.405
-199.708
-230.344
-194.145
-226.582
-233.825
-229.871
-238.838
-246.033
-247.444
-228.82
-218.693
-249.032
-231.754
-183.367
-225.721
-228.336
-197.083
-175.611
-197.716
-240.749
-220.752
-183.296
-227.492
-234.595
-248.813
-246.799
-230.136
-169.537
-236.88
-195.829
-233.922
-125.014
-189.315
-190.995
-95.8677
-133.231
-247.403
-178.317
-241.854
-211.22
-240.769
-247.751
-52.715
-155.144
-195.917
-227.25
-231.434
-249.925
-244.245
-209.348
-229.22
-226.771
-166.428
-241.6
-243.251
-239.458
-246.777
-201.281
-249.61
-195.745
-233.219
-240.747
-229.323
-73.4323
-118.779
-140.482
-244.975
-242.585
-192.113
-239.833
-228.317
-234.787
-249.724
-240.316
-222.6
-242.135
-245.847
-243.89
-245.335
-236.303
-246.023
-207.282
-196.179
-213.688
-158.689
-173.907
-219.852
-234.193
-226.997
-222.523
-227.902
-197.249
-242.121
-151.653
-225.016
-227.319
-239.12
-171.242
-203.234
-129.234
-201.715
-221.816
-230.66
-184.339
-203.008
-191.906
-232.261
-211.077
-228.833
-239.294
-229.815
-245.134
-223.225
-190.991
-244.473
-201.688
-208.412
-225.79
-166.59
-242.734
-208.57
-238.262
-231.286
-215.164
-246.774
-233.952
-139.449
-219.059
-228.106
-227.423
-241.12
-213.173
-214.098
-150.24
-218.121
-210.23
-54.591
-233.542
-244.5
-195.701
-247.964
-219.594
-219.384
-219.6
-245.469
-231.996
-249.179
-221.328
-153.641
-246.805
-235.556
-235.497
-165.634
-173.838
-218.294
-219.719
-227.486
-238.833
-242.304
-246.317
-247.427
-234.36
-245.026
-214.392
-237.453
-185.413
-115.507
-201.694
-220.826
-167.689
-164.318
-181.07
-215.488
-244.703
-244.725
-224.642
-186.937
-227.802
-56.4895
-201.374
-232.583
-246.121
-228.717
-232.435
-243.08
-183.301
-207.57
-95.1564
-164.809
-208.984
-199.631
-237.16
-223.321
-246.461
-234.615
-210.773
-232.913
-237.69
-196.828
-180.3
-238.475
-217.833
-245.589
-177.985
-234.37
-159.624
-188.329
-211.509
-229.698
-230.438
-228.542
-182.378
-213.305
-245.246
-245.514
-213.816
-240.126
-163.079
-176.589
-248.293
-246.671
-233.043
-236.176
-229.557
-212.45
-240.438
-248.832
-240.26
-170.594
-246.966
-217.9
-241.172
-195.127
-236.848
-241.68
-244.707
-155.745
-222.642
-234.921
-240.388
-231.029
-212.062
-248.681
-178.506
-216.783
-234.83
-234.027
-232.853
-236.605
-236.285
-236.34
-171
-182.889
-159.133
-246.341
-244.774
-239.851
-240.665
-193.492
-245.502
-167.438
-179.438
-226.794
-244.029
-235.339
-221.678
-229.203
-143.581
-160.014
-179.444
-240.29
-247.257
-204.955
-215.216
-156.669
-247.099
-190.46
-205.63
-249.616
-207.967
-245.628
-244.612
-224.072
-227.172
-189.794
-150.687
-240.271
-241.639
-249.012
-179.327
-217.681
-162.683
-225.95
-232.488
-243.156
-203.148
-239.951
-204.5
-145.564
-198.781
-234.413
-212.887
-240.87
-235.788
-244.601
-237.189
-248.938
-240.073
-224.504
-216.832
-217.617
-237.368
-215.122
-241.912
-239.777
-237.632
-242.124
-195.263
-218.041
-237.941
-216.982
-242.286
-213.796
-210.822
-249.7
-67.4077
-145.026
-197.842
-214.33
-180
-249.042
-246.575
-215.102
-191.59
-201.452
-240.329
-246.964
-237.603
-232.29
-198.181
-233.848
-247.905
-211.075
-245.271
-40.015
-236.561
-185.224
-201.615
-234.954
-158.219
-207.225
-233.084
-208.469
-186.863
-180.269
-122.621
-237.344
-228.812
-166.744
-243.955
-181.944
-205.189
-234.503
-242.829
-194.722
-241.909
-240.453
-247.454
-214.568
-226.123
-241.621
-249.947
-217.77
-188.839
-161.105
-219.341
-239.204
-140.471
-248.547
-203.301
-204.543
-232.092
-248.2
-237.897
-182.855
-244.775
-212.808
-191.471
-200.561
-232.034
-208.367
-103.283
-144.684
-170.249
-179.43
-194.641
-224.757
-247.403
-246.453
-187.884
-214.833
-218.682
-217.213
-232.296
-233.452
-241.241
-223.548
-206.31
-218.959
-213.639
-239.377
-218.294
-198.752
-226.478
-242.824
-226.703
-247.691
-211.118
-169.872
-232.081
-197.641
-220.068
-190.766
-248.092
-96.7606
-201.026
-207.575
-244.596
-235.754
-182.716
-208.131
-249.669
-222.498
-202.16
-144.393
-204.124
-160.534
-233.344
-228.508
-245.233
-238.23
-207.93
-226.561
-235.437
-229.49
-228.514
-246.569
-249.296
-244.474
-242.031
-249.427
-243.077
-152.614
-186.065
-202.084
-249.042
-240.654
-81.4844
-243.265
-240.828
-177.856
-245.963
-221.751
-229.552
-194.367
-236.574
-223.582
-206.798
-235.879
-213.818
-228.231
-249.259
-197.971
-245.207
-240.575
-211.127
-194.22
-242.178
-235.002
-202.172
-214.579
-248.358
-246.232
-207.716
-247.808
-213.677
-247.226
-205.571
-164.302
-191.458
-203.365
-247.928
-183.847
-231.389
-239.805
-243.601
-215.824
-238.091
-216.838
-192.147
-231.931
-233.853
-246.38
-236.556
-242.057
-235.699
-238.321
-244.39
-249.414
-178.712
-245.851
-235.376
-187.624
-213.801
-228.809
-234.728
-242.598
-192.67
-208.067
-237.046
-245.509
-238.171
-238.818
-243.186
-238.839
-245.744
-225.102
-224.351
-202.662
-216.204
-231.779
-246.291
-231.1
-237.226
-166.979
-233.376
-219.008
-223.702
-248.188
-240.571
-179.688
-229.6
-177.708
-213.613
-208.842
-246.408
-229.803
-247.236
-196.454
-222.826
-192.281
-236.719
-246.264
-243.62
-204.37
-241.05
-246.128
-233.535
-194.119
-230.517
-238.273
-233.248
-232.128
-219.095
-220.834
-177.616
-193.42
-235.04
-181.275
-207.805
-238.006
-183.327
-246.24
-216.322
-165.609
-239.394
-237.267
-216.288
-200.227
-233.174
-222.326
-246.337
-208.701
-235.319
-234.212
-192.784
-228.811
-226.943
-233.897
-68.6039
-115.173
-208.1
-213.226
-227.589
-246.513
-191.886
-238.682
-222.925
-231.236
-227.672
-245.276
-244.973
-225.763
-240.451
-243.681
-197.451
-240.631
-244.815
-216.456
-216.459
-226.576
-174.892
-188.68
-244.261
-247.28
-242.538
-248.211
-161.155
-244.357
-238.791
-223.336
-204.503
-228.987
-222.103
-205.433
-228.43
-244.041
-199.044
-216.826
-234.798
-240.663
-240.871
-235.655
-201.534
-126.097
-243.416
-216.061
-247.939
-245.316
-128.411
-192.022
-156.074
-247.04
-249.352
-232.828
-239.559
-236.279
-238.31
-244.649
-217.239
-232.581
-239.188
-194.958
-209.183
-200.447
-230.772
-249.053
-231.095
-237.029
-222.727
-197.404
-245.237
-203.694
-235.673
-229.692
-243.039
-222.22
-207.14
-213.201
-227.595
-195.362
-234.846
-225.789
-219.775
-241.267
-228.555
-246.396
-225.942
-245.608
-222
-243.18
-241.424
-244.286
-242.974
-228.778
-248.145
-99.9411
-245.632
-168.679
-154.858
-192.011
-244.547
-228.242
-129.132
-243.979
-198.343
-243.326
-242.367
-237.294
-193.09
-243.294
-229.377
-249.483
-187.884
-237.965
-235.205
-222.685
-173.494
-211.154
-179.114
-200.979
-236.11
-133.424
-227.185
-244.359
-188.864
-240.071
-239.425
-224.208
-216.832
-220.352
-231.611
-243.226
-222.731
-248.623
-248.661
-234.981
-241.85
-246.815
-191.212
-194.463
-233.803
-235.219
-244.328
-236.565
-247.986
-240.151
-238.742
-243.584
-247.327
-221.57
-232.965
-246.759
-210.193
-212.47
-206.727
-202.931
-211.817
-14.7486
-64.9595
-188.743
-204.446
-174.466
-249.182
-209.387
-234.027
-161.193
-240.069
-244.755
-242.15
-235.405
-246.804
-172.807
-235.669
-226.167
-227.606
-240.652
-240.508
-144.099
-174.309
-247.186
-247.133
-244.847
-246.115
-217.939
-247.371
-243.6
-233.667
-248.62
-232.358
-245.861
-245.828
-222.263
-234.827
-245.757
-213.471
-194.824
-226.984
-245.732
-238.808
-243.754
-247.396
-246.315
-234.873
-204.517
-215.431
-248.794
-223.959
-228.27
-235.955
-242.315
-225.528
-230.393
-224.979
-242.789
-198.465
-179.516
-214.284
-230.189
-240.81
-235.044
-168.504
-235.354
-246.712
-201.284
-241.393
-231.891
-193.653
-209.01
-248.013
-244.143
-214.651
-218.647
-207.181
-218.579
-230.854
-231.454
-245.069
-194.032
-203.738
-227.603
-181.991
-249.849
-208.066
-234.584
-249.041
-234.627
-244.565
-248.241
-181.914
-219.434
-230.42
-249.049
-230.606
-249.392
-188.221
-183.183
-221.556
-244.316
-245.968
-226.514
-236.424
-249.464
-205.781
-223.51
-225.229
-203.36
-200.673
-202.417
-242.055
-234.748
-176.099
-237.771
-225.257
-217.359
-236.321
-245.06
-249.069
-237.661
-120.17
-217.876
-216.049
-238.778
-222.187
-139.967
-162.905
-190.67
-227.278
-235.034
-241.243
-247.365
-240.297
-248.302
-235.474
-246.914
-241.303
-189.194
-211.879
-180.554
-240.681
-229.158
-66.1085
-160.454
-236.468
-244.434
-215.119
-241.739
-223.595
-229.159
-231.047
-235.096
-247
-232.282
-213.134
-227.214
-200.944
-228.545
-202.378
-122.858
-196.957
-201.632
-234.618
-247.93
-242.678
-201.857
-217.091
-200.479
-240.729
-226.108
-200.049
-229.193
-228.651
-235.785
-187.329
-226.919
-201.473
-182.255
-188.043
-191.816
-243.747
-230.606
-215.59
-234.188
-188.8
-197.354
-229.441
-242.647
-179.945
-242.357
-132.225
-188.563
-178.675
-221.558
-243.383
-239.621
-239.309
-245.238
-207.385
-210.543
-176.898
-239.876
-244.793
-215.415
-249.938
-245.077
-164.084
-249.719
-225.31
-242.734
-157.303
-221.876
-207.24
-247.181
-247.99
-219.116
-235.17
-237.776
-156.892
-235.742
-162.241
-204.865
-169.26
-219.777
-248.383
-231.65
-231.996
-143.204
-201.971
-207.011
-244.493
-157.094
-173.005
-242.322
-172.331
-137.4
-204.52
-243.973
-249.156
-232.011
-212.006
-226.3
-182.956
-236.983
-171.412
-236.25
-235.08
-238.834
-220.266
-237.248
-247.378
-239.185
-216.882
-175.407
-141.072
-131.766
-230.004
-247.575
-237.78
-242.825
-229.658
-222.21
-224.796
-186.268
-216.422
-243.985
-247.9
-236.018
-223.836
-221.731
-166.888
-234.01
-248.38
-194.676
-241.663
-184.111
-243.068
-238.241
-125.256
-174.247
-205.682
-234.066
-199.795
-198.118
-238.194
-209.255
-178.773
-218.181
-225.669
-247.537
-239.743
-245.159
-249.564
-189.77
-227.334
-215.191
-219.997
-224.551
-238.314
-241.54
-186.357
-217.648
-236.52
-219.715
-215.048
-241.928
-242.44
-212.334
-234.514
-242.401
-249.441
-230.409
-209.129
-228.469
-223.732
-239.592
-227.033
-243.693
-245.304
-201.547
-231.158
-239.284
-248.749
-107.783
-175.086
-236.659
-234.595
-246.321
-225.638
-126.855
-233.787
-213.718
-242.587
-242.075
-224.698
-244.421
-244.441
-172.162
-245.909
-218.849
-229.926
-155.555
-238.672
-227.625
-187.046
-213.129
-246.602
-160.239
-204.077
-245.808
-211.524
-228.868
-229.367
-233.356
-237.371
-226.456
-230.991
-231.503
-214.064
-240.374
-201.35
-241.017
-163.224
-234.369
-223.308
-162.046
-211.95
-119.362
-190.195
-227.606
-212.721
-132.709
-180.42
-241.561
-248.766
-213.468
-235.657
-242.728
-229.667
-101.799
-104.332
-120.308
-217.225
-240.736
-221.733
-175.545
-200.536
-246.427
-232.833
-238.373
-236.216
-248.266
-231.193
-248.599
-247.497
-204.075
-224.559
-220.593
-207.247
-239.159
-219.639
-240.978
-241.402
-246.143
-233.687
-239.412
-88.1021
-225.265
-232.544
-220.595
-183.108
-192.152
-222.152
-242.319
-243.476
-244.939
-206.554
-213.285
-224.291
-239.315
-218.089
-243.533
-191.601
-241.335
-239.784
-241.338
-239.24
-239.438
-233.466
-140.12
-245.134
-228.923
-240.561
-241.767
-248.905
-227.345
-248.927
-72.615
-95.7826
-182.02
-170.067
-218.876
-233.898
-212.996
-220.328
-243.751
-244.359
-235.422
-160.59
-204.251
-249.896
-242.855
-241.741
-217.262
-243.452
-245.554
-244.396
-216.354
-232.399
-243.888
-101.275
-230.112
-220.129
-224.393
-244.062
-194.07
-235.175
-239.963
-216.999
-240.076
-140.944
-187.243
-232.073
-226.89
-243.507
-238.049
-233.233
-226.918
-231.2
-231.492
-213.703
-239.447
-244.815
-218.289
-245.158
-245.249
-203.384
-247.097
-244.088
-243.615
-211.471
-230.709
-234.443
-187.772
-230.956
-239.969
-242.849
-212.344
-236.748
-241.142
-186.106
-207.052
-237.893
-210.484
-241.288
-211.992
-244.945
-243.956
-216.331
-223.15
-235.344
-223.686
-247.217
-229.191
-215.591
-167.456
-221.263
-228.108
-177.684
-219.877
-195.459
-217.774
-219.555
-249.136
-249.787
-241.684
-227.658
-231.407
-243.259
-228.506
-245.929
-235.572
-232.918
-173.357
-183.324
-137.675
-242.094
-239.137
-224.7
-230.965
-189.128
-216.558
-245.002
-247.062
-244.565
-248.216
-228.991
-211.229
-249.537
-240.938
-249.871
-220.366
-216.139
-247.794
-218.982
-239.393
-247.051
-214.298
-122.617
-241.5
-232.024
-219.45
-249.049
-246.248
-194.866
-216.989
-225.87
-147.012
-205.106
-247.383
-224.118
-227.494
-105.275
-124.556
-239.3
-184.732
-229.414
-248.947
-207.704
-233.697
-246.261
-164.31
-186.787
-190.679
-234.491
-249.853
-224.718
-161.507
-244.95
-189.835
-243.515
-213.82
-214.404
-223.69
-242.671
-219.509
-185.868
-225.18
-247.813
-164.637
-246.542
-216.566
-239.671
-241.371
-202.174
-249.605
-215.071
-233.783
-245.36
-232.253
-245.59
-190.359
-202.357
-236.136
-248.457
-149.541
-199.656
-237.536
-210.383
-154.872
-167.393
-176.358
-247.818
-230.155
-239.321
-217.643
-187.364
-240.045
-173.414
-202.324
-84.5156
-88.7385
-196.645
-233.021
-241.414
-235.327
-243.033
-217.965
-182.919
-244.855
-138.116
-202.201
-236.096
-244.413
-231.301
-109.589
-166.307
-216.912
-218.2
-233.736
-134.92
-192.463
-223.474
-243.043
-215.374
-239.497
-248.908
-244.611
-242.827
-211.674
-218.001
-238.193
-162.593
-202.758
-226.898
-237.21
-237.312
-236.497
-226.671
-180.233
-199.828
-231.61
-246.661
-249.784
-240.67
-243.215
-211.248
-247.154
-223.684
-229.856
-232.316
-239.272
-239.968
-245.882
-234.751
-222.713
-193.655
-216.365
-201.96
-222.454
-197.838
-215.639
-249.598
-203.047
-248.604
-205.28
-238.747
-79.5211
-106.555
-217
-241.58
-228.73
-223.879
-247.308
-244.969
-239.68
-241.275
-245.38
-242.258
-208.861
-236.704
-214.505
-225.458
-236.385
-239.933
-212.485
-235.227
-135.431
-223.555
-218.51
-219.192
-231.694
-239.095
-235.866
-168.135
-136.223
-210.112
-221.487
-226.658
-243.076
-246.601
-214.419
-184.181
-243.551
-246.892
-235.876
-223.206
-246.188
-232.895
-227.672
-217.404
-236.454
-236.861
-245.358
-241.019
-226.564
-200.277
-248.362
-142.561
-249.029
-236.7
-207.817
-220.48
-238.066
-231.046
-232.739
-178.285
-193.727
-219.878
-246.671
-248.021
-226.6
-233.251
-224.863
-232.39
-232.301
-235.117
-153.017
-214.39
-240.61
-207.552
-223.44
-246.944
-228.381
-241.01
-222.257
-105.235
-153.436
-243.766
-220.554
-217.355
-247.273
-247.549
-199.483
-219.793
-229.189
-220.027
-175.415
-242.743
-220.219
-243.954
-238.716
-222.078
-175.823
-241.503
-248.062
-247.669
-218.205
-216.666
-247.734
-242.555
-232.578
-219.589
-233.009
-239.419
-240.375
-249.103
-228.166
-222.811
-225.163
-249.908
-241.585
-204.353
-234.028
-239.785
-239.381
-237.797
-214.022
-203.867
-231.813
-235.441
-177.482
-237.532
-173.162
-227.529
-245.93
-241.172
-246.3
-195.23
-241.109
-155.038
-194.861
-244.726
-248.382
-195.707
-212.098
-218.43
-240.355
-185.934
-169.496
-186.256
-241.47
-233.072
-226.56
-242.499
-249.286
-243.056
-234.342
-212.773
-231.7
-236.569
-229.529
-244.239
-111.181
-185.636
-205.141
-209.781
-184.366
-244.966
-238.665
-166.141
-236.432
-181.933
-234.025
-199.648
-192.606
-221.592
-249.721
-226.237
-225.845
-187.919
-209.901
-224.625
-213.122
-234.794
-233.332
-230.629
-216.216
-220.714
-238.227
-249.413
-179.817
-184.709
-238.289
-192.88
-247.766
-209.437
-240.587
-245.75
-245.448
-162.698
-244.089
-237.344
-243.451
-230.204
-240.58
-248.043
-199.526
-216.727
-237.925
-248.545
-242.035
-234.408
-243.871
-214.625
-192.852
-248.591
-223.466
-217.714
-200.468
-237.937
-224.778
-207.069
-243.78
-144.429
-249.262
-39.6474
-222.298
-231.893
-218.891
-225.428
-229.561
-237.506
-238.718
-242.387
-219.718
-246.962
-214.369
-231.036
-227.933
-202.519
-204.373
-206.591
-189.685
-224.598
-238.148
-242.233
-208.84
-222.303
-210.265
-198.153
-242.083
-246.219
-136.192
-245.669
-219.273
-229.814
-186.262
-214.464
-246.953
-242.709
-244.197
-231.271
-235.657
-236.83
-186.754
-166.816
-229.254
-237.05
-232.052
-168.017
-209.93
-213.847
-202.676
-232.611
-247.708
-227.378
-143.859
-219.635
-232.738
-199.492
-247.649
-249.514
-249
-225.974
-247.12
-168.977
-225.322
-244.325
-233.245
-206.384
-238.923
-235.844
-142.437
-171.935
-239.041
-225.595
-246.501
-175.848
-242.218
-205.723
-131.344
-235.834
-216.249
-244.258
-160.72
-136.297
-154.279
-193.312
-242.838
-235.258
-218.537
-244.697
-228.786
-204.975
-227.01
-205.007
-153.942
-233.374
-249.746
-170.479
-191.219
-198.537
-229.297
-159.707
-76.8957
-201.259
-181.309
-188.106
-198.712
-203.353
-202.66
-108.307
-170.675
-168.223
-191.878
-235.923
-206.889
-228.802
-236.098
-245.868
-101.498
-247.359
-233.299
-176.946
-212.655
-229.337
-232.539
-218.329
-187.487
-241.637
-245.77
-244.512
-153.118
-210.283
-207.084
-214.721
-232.874
-222.373
-232.138
-150.421
-170.566
-228.15
-228.851
-212.993
-220.068
-215.181
-206.201
-239.954
-238.284
-211.645
-224.742
-156.376
-180.847
-196.06
-196.397
-231.466
-150.355
-223.928
-225.573
-240.014
-243.704
-178.26
-177.958
-248.992
-239.336
-240.626
-230.852
-198.812
-247.484
-244.348
-231.207
-180.799
-249.224
-196.72
-225.62
-229.124
-230.664
-228.641
-216.968
-229.132
-177.629
-183.207
-233.569
-222.319
-182.303
-205.139
-205.823
-198.137
-245.555
-168.386
-242.359
-247.782
-249.257
-179.54
-247.284
-209.5
-227.891
-222.353
-230.378
-243.937
-198.756
-193.928
-207.743
-125.426
-147.136
-196.611
-244.135
-239.684
-233.955
-210.235
-229.223
-224.283
-246.544
-212.989
-249.18
-182.152
-233.314
-120.742
-205.423
-218.308
-234.206
-240.447
-227.05
-240.681
-220.679
-247.192
-230.817
-215.632
-191.656
-247.139
-168.595
-237.198
-246.678
-240.858
-202.236
-237.239
-231.021
-94.2889
-217.834
-228.189
-94.4982
-189.722
-217.64
-233.995
-209.513
-241.673
-192.05
-246.638
-215.461
-229.147
-231.297
-237.358
-245.784
-223.029
-245.478
-247.768
-216.919
-221.463
-218.084
-239.785
-193.445
-236.599
-216.829
-245.791
-213.903
-192.921
-238.574
-184.926
-223.881
-212.464
-244.326
-229.741
-200.754
-207.111
-237.234
-240.044
-231.213
-232.326
-248.498
-247.437
-246.972
-241.548
-163.851
-224.374
-246.648
-245.986
-240.068
-218.773
-245.954
-230.727
-225.428
-196.136
-198.91
-207.667
-216.788
-218.986
-242.146
-237.732
-180.234
-247.243
-215.369
-203.726
-238.456
-240.364
-193.228
-231.06
-226.382
-235.186
-194.797
-167.136
-246.472
-232.019
-243.54
-220.558
-235.958
-234.429
-211.18
-220.202
-142.78
-191.153
-217.131
-191.353
-206.853
-213.11
-226.407
-187.67
-186.05
-201.965
-223.244
-227.728
-178.02
-216.103
-237.409
-248.235
-190.645
-154.918
-176.393
-244.342
-191.954
-218.807
-223.016
-200.773
-243.473
-228.564
-228.563
-120.656
-215.053
-233.509
-225.242
-230.437
-182.816
-244.074
-205.388
-246.336
-233.553
-191.856
-204.903
-236.7
-178.943
-202.059
-213.047
-224.243
-249.737
-221.925
-239.996
-228.19
-246.912
-244.271
-238.52
-239.115
-222.927
-177.609
-238.578
-183.628
-228.842
-232.193
-236.645
-210.174
-225.831
-164.305
-191.011
-194.407
-160.098
-226.887
-222.903
-245.634
-228.076
-234.435
-230.844
-241.694
-223.868
-245.046
-237.584
-248.815
-218.54
-231.084
-249.615
-245.194
-231.985
-232.393
-226.644
-157.64
-187.334
-238.181
-237.422
-245.903
-231.009
-188.476
-211.768
-154.254
-168.444
-212.051
-219.011
-229.585
-237.467
-230.023
-249.362
-239.992
-247
-247.473
-247.31
-146.449
-209.499
-188.125
-241.096
-210.867
-238.804
-210.835
-242.458
-230.963
-218.748
-226.103
-165.396
-241.823
-187.309
-221.573
-227.576
-246.958
-209.758
-224.209
-224.799
-236.784
-232.045
-249.055
-247.511
-182.116
-234.457
-194.863
-223.501
-119.157
-152.89
-210.899
-246.183
-240.759
-232.947
-248.856
-249.999
-246.527
-230.975
-231.588
-242.178
-238.076
-196.785
-237.769
-246.073
-234.019
-202.857
-240.26
-247.956
-225.16
-212.713
-203.821
-214.95
-240.663
-249.394
-236.738
-244.878
-170.469
-226.618
-231.119
-229.377
-178.599
-194.258
-248.517
-228.651
-244.463
-226.885
-167.513
-172.546
-174.215
-216.976
-224.257
-236.887
-244.214
-224.827
-226.772
-228.66
-242.166
-228.414
-245.061
-230.137
-207.626
-191.903
-198.932
-230.482
-233.248
-244.774
-241.631
-214.887
-235.673
-237.64
-248.991
-228.187
-241.949
-227.361
-232.037
-208.666
-218.171
-237.947
-235.705
-200.63
-207.278
-219.144
-236.07
-248.033
-189.85
-232.269
-224.272
-236.119
-248.633
-247.077
-220.738
-204.408
-247.945
-224.957
-236.173
-190.605
-241.389
-212.729
-227.866
-229.308
-215.325
-214.982
-235.948
-233.573
-232.536
-243.95
-213.08
-236.067
-227.347
-246.954
-246.607
-228.051
-231.107
-214.461
-235.99
-246.047
-121.848
-244.178
-215.608
-194.481
-249.521
-249.79
-230.921
-246.55
-226.144
-249.532
-217.896
-242.051
-232.775
-245.742
-215.865
-208.099
-248.528
-240.976
-206.59
-196.196
-210.353
-137.886
-145.205
-238.009
-230.691
-249.988
-221.211
-227.572
-92.3076
-238.609
-241.975
-166.199
-219.294
-247.987
-225.786
-242.486
-196.957
-227.448
-239.307
-248.372
-219.74
-186.233
-236.035
-92.5253
-108.93
-184.05
-202.017
-245.677
-223.95
-234.052
-213.84
-233.071
-226.131
-231.031
-197.76
-220.204
-224.256
-224.865
-238.896
-182.658
-140.744
-150.964
-157.409
-231.977
-222.285
-220.838
-246.869
-234.942
-245.873
-238.054
-215.003
-245.78
-244.491
-220.819
-223.263
-212.342
-128.24
-229.275
-241.631
-216.004
-225.971
-226.257
-114.018
-232.774
-196.918
-167.5
-168.769
-222.551
-215.41
-186.181
-243.671
-249.583
-246.256
-195.092
-211.455
-143.111
-171.532
-248.558
-214.935
-246.609
-248.437
-193.197
-241.523
-242.125
-233.395
-201.116
-245.19
-231.399
-234.617
-181.047
-248.656
-222.044
-179.593
-247.385
-246.164
-249.039
-241.202
-243.468
-233.711
-185.744
-232.967
-244.676
-193.222
-231.816
-147.134
-233.078
-249.959
-200.214
-247.499
-242.822
-175.412
-246.048
-223.992
-219.744
-174.299
-235.04
-227.913
-235.71
-236.826
-247.891
-214.124
-242.415
-247.887
-201.864
-231.274
-225.469
-212.214
-247.369
-229.516
-195.471
-248.991
-249.21
-232.036
-225.095
-237.518
-211.766
-228.44
-193.833
-246.23
-110.919
-203.939
-190.566
-235.205
-247.793
-223.629
-235.574
-249.202
-243.969
-126.777
-192.51
-228.913
-146.889
-222.883
-241.745
-229.92
-199.209
-206.105
-205.308
-213.249
-247.889
-222.992
-221.58
-248.29
-167.781
-168.155
-248.242
-240.258
-243.243
-246.395
-210.092
-191.436
-178.355
-244.648
-195.069
-249.118
-233.014
-245.336
-186.822
-242.653
-224.521
-218.499
-242.065
-156.629
-241.976
-236.04
-183.132
-196.49
-227.514
-196.85
-197.066
-244.578
-246.173
-229.083
-223.021
-191.291
-216.426
-235.912
-238.306
-245.455
-128.174
-240.706
-227.469
-195.402
-233.271
-216.168
-237.83
-223.693
-224.089
-199.424
-241.896
-218.572
-218.291
-235.341
-205.602
-240.884
-178.837
-200.149
-186.582
-244.311
-235.201
-249.846
-186.165
-247.215
-231.565
-165.728
-180.082
-184.405
-127.834
-198.554
-249.718
-246.466
-213.508
-181.93
-175.927
-218.647
-244.757
-236.584
-243.624
-184.08
-217.378
-247.328
-243.391
-235.652
-227.701
-105.016
-182.656
-223.983
-247.139
-158.417
-135.505
-193.265
-241.395
-219.024
-249.127
-237.031
-246.476
-231.43
-212.493
-209.209
-209.574
-248.507
-152.76
-248.892
-197.813
-236.763
-234.068
-249.688
-230.864
-163.827
-223.794
-72.4788
-144.625
-192.426
-244.957
-243.479
-249.265
-206.774
-240.71
-214.653
-221.884
-230.48
-224.813
-198.641
-221.182
-246.909
-235.363
-192.117
-249.94
-191.695
-239.89
-211.083
-212.433
-219.67
-223.604
-229.961
-235.833
-246.658
-222.821
-225.92
-219.634
-233.994
-237.834
-244.263
-110.444
-139.632
-142.157
-207.616
-162.24
-192.205
-237.677
-165.656
-160.17
-238.192
-234.572
-226.575
-237.482
-177.833
-235.963
-219.127
-235.212
-223.713
-238.501
-244.954
-222.882
-233.536
-246.533
-217.479
-230.09
-195.124
-202.108
-209.67
-197.738
-235.777
-247.231
-42.3778
-120.102
-246.787
-242.683
-225.25
-230.135
-241.346
-242.864
-245.822
-248.219
-230.125
-249.327
-247.365
-227.756
-234.702
-245.802
-242.405
-124.065
-130.489
-147.514
-241.74
-232.386
-213.099
-248.752
-216.566
-227.663
-170.573
-246.791
-240.782
-248.52
-203.581
-198.18
-220.169
-233.079
-202.327
-218.603
-207.282
-113.082
-200.997
-247.828
-223.146
-233.062
-236.291
-244.317
-171.996
-222.077
-242.029
-214.993
-198.787
-145.496
-172.476
-177.31
-185.349
-192.88
-218.261
-246.935
-132.658
-230.534
-205.559
-239.629
-239.857
-206.557
-169.773
-164.011
-173.774
-240.279
-230.133
-248.828
-229.952
-238.701
-246.29
-232.909
-215.554
-231.36
-172.943
-158.63
-249.207
-246.962
-233.895
-202.603
-228.519
-187.582
-178.928
-222.228
-224.114
-240.13
-245.171
-246.736
-220.686
-233.632
-228.112
-236.391
-241.875
-157.209
-163.576
-232.418
-209.762
-235.965
-203.068
-241.957
-245.671
-231.66
-237.063
-223.895
-209.394
-179.711
-226.113
-212.977
-213.759
-243.855
-242.881
-226.503
-235.36
-242.093
-246.768
-227.427
-228.349
-219.358
-238.764
-232.674
-209.794
-248.418
-248.141
-188.947
-233.603
-242.488
-231.8
-249.707
-226.883
-229.564
-223.426
-198.834
-211.81
-246.575
-231.289
-247.867
-219.237
-210.689
-215.519
-248.162
-244.164
-158.274
-160.579
-182.511
-184.235
-165.103
-223.808
-231.25
-178.351
-203.202
-234.689
-141.91
-176.574
-185.969
-242.506
-203.995
-243.674
-124.681
-206.753
-248.046
-205.448
-245.021
-249.677
-200.162
-181.99
-205.278
-175.191
-240.881
-247.333
-154.431
-217.837
-214.707
-205.562
-237.384
-239.09
-219.199
-200.295
-202.703
-216.772
-227.05
-211.202
-242.245
-197.756
-201.738
-226.778
-168.234
-197.682
-131.896
-239.972
-245.387
-243.047
-101.948
-171.951
-247.636
-232.437
-244.322
-231.657
-234.117
-240.708
-191.475
-242.049
-244.948
-247.826
-244.776
-115.568
-178.253
-186.573
-229.167
-242.003
-242.893
-237.283
-178.833
-227.697
-227.486
-241.54
-187.178
-206.869
-220.019
-247.79
-247.835
-218.954
-240.627
-223.289
-228.364
-247.603
-249.003
-221.536
-167.776
-221.599
-236.841
-93.0081
-138.064
-164.07
-164.756
-231.373
-241.415
-241.371
-178.446
-217.291
-228.502
-225.664
-226.981
-175.106
-249.879
-243.437
-247.414
-227.435
-217.083
-200.462
-210.437
-191.834
-248.599
-176.034
-215.915
-249.639
-224.644
-219.292
-201.551
-231.502
-229.832
-204.147
-243.37
-225.726
-247.83
-242.897
-181.518
-248.641
-167.852
-220.87
-239.586
-225.472
-223.077
-233.021
-236.063
-165.003
-202.964
-219.77
-157.401
-218.601
-224.786
-229.254
-209.142
-226.542
-216.063
-222.862
-238.208
-248.54
-235.217
-230.308
-224.985
-222.953
-222.158
-239.142
-182.334
-237.105
-194.405
-222.41
-235.423
-215.469
-166.853
-235.644
-214.77
-239.612
-240.149
-245.585
-241.719
-143.886
-227.735
-225.684
-234.791
-246.355
-233.417
-209.826
-229.026
-238.998
-238.482
-248.724
-217.039
-216.368
-190.126
-243.744
-236.75
-247.525
-224.605
-246.327
-242.34
-230.205
-212.012
-235.366
-146.21
-211.921
-227.412
-140.247
-245.205
-229.063
-235.531
-248.995
-188.108
-199.369
-225.266
-231.995
-200.992
-247.739
-238.799
-248.658
-187.331
-241.616
-217.715
-234.613
-201.416
-224.009
-179.382
-195.117
-232.964
-204.525
-233.654
-243.648
-227.983
-238.41
-231.531
-235.389
-247.248
-241.957
-224.034
-99.3137
-105.473
-231.421
-237.009
-182.389
-242.876
-225.381
-238.906
-216.522
-230.674
-245.17
-246.377
-189.348
-235.216
-248.083
-247.209
-245.237
-238.232
-216.766
-232.898
-246.414
-231.241
-241.502
-235.403
-248.7
-233.903
-208.834
-214.843
-235.758
-204.876
-246.063
-245.611
-233.277
-203.327
-245.265
-197.905
-221.358
-249.488
-248.82
-231.366
-245.04
-193.404
-225.631
-229.39
-223.437
-137.299
-242.007
-126.176
-226.75
-193.509
-193.694
-247.762
-234.393
-210.954
-221.757
-246.266
-239.697
-232.085
-240.654
-235.36
-213.888
-199.12
-248.736
-200.766
-237.957
-193.509
-247.883
-236.793
-224.773
-247.866
-243.673
-213.366
-236.451
-244.949
-243.81
-241.297
-209.454
-221.599
-200.234
-200.357
-189.913
-226.212
-234.082
-239.712
-236.622
-233.923
-229.555
-238.362
-233.435
-240.465
-228.295
-243.913
-238.301
-240.34
-222.491
-249.54
-232.758
-239.499
-196.311
-229.51
-235.644
-231.779
-209.945
-246.79
-243.677
-242.242
-225.125
-226.856
-244.823
-219.478
-242.662
-206.184
-215.989
-231.429
-243.233
-116.076
-220.073
-242.418
-208.462
-227.868
-244.845
-207.635
-244.035
-223.942
-151.118
-172.022
-231.603
-248.901
-143.866
-195.453
-248.524
-200.794
-215.402
-207.003
-210.011
-199.152
-247.511
-189.77
-192.392
-247.97
-227.082
-231.848
-239.629
-215.286
-214.201
-227.693
-233.567
-245.386
-248.73
-233.399
-207.876
-220.04
-230.468
-248.681
-242.402
-204.949
-235.532
-126.331
-205.86
-223.584
-242.984
-152.539
-222.386
-206.711
-218.183
-207.245
-234.867
-241.853
-228.421
-123.496
-227.511
-168.345
-228.456
-204.219
-246.405
-213.274
-217.056
-248.242
-228.644
-244.174
-132.686
-158.267
-248.894
-212.104
-222.24
-199.142
-247.794
-229.039
-178.203
-249.992
-232.676
-213.709
-243.477
-195.019
-144.668
-235.958
-206.87
-241.555
-175.849
-199.355
-206.356
-218.573
-242.945
-238.299
-227.443
-236.619
-229.661
-185.6
-238.767
-235.186
-234.443
-240.197
-146.941
-183.626
-200.859
-238.983
-207.734
-196.816
-214.466
-216.832
-246.907
-225.511
-249.594
-244.258
-232.454
-228.024
-229.526
-140.74
-226.87
-197.674
-216.433
-218.362
-200.105
-249.992
-141.454
-193.074
-249.116
-244.376
-242.429
-186.125
-232.166
-229.733
-240.631
-230.737
-211.123
-215.933
-246.136
-221.006
-200.555
-209.644
-243.845
-249.952
-228.721
-180.221
-231.909
-240.372
-238.956
-217.888
-227.59
-231.509
-240.969
-226.704
-228.187
-43.3118
-69.2789
-172.706
-183.128
-242.15
-232.474
-249.664
-207.683
-244.778
-247.021
-187.065
-223.41
-221.751
-216.858
-247.608
-249.804
-194.298
-203.645
-248.352
-231.612
-224.3
-150.603
-228.178
-233.244
-244.439
-186.271
-204.198
-197.296
-247.943
-230.489
-204.976
-31.4189
-169.815
-217.542
-249.613
-189.373
-198.383
-206.744
-241.438
-139.626
-203.707
-237.788
-227.857
-245.059
-113.815
-226.865
-234.82
-178.368
-103.29
-238.648
-242.446
-177.206
-201.813
-204.143
-204.645
-210.84
-214.92
-247.482
-240.208
-190.71
-219.651
-231.42
-242.269
-235.708
-137.917
-243.81
-237.31
-248.288
-240.01
-223.107
-226.963
-187.908
-205.228
-243.443
-242.861
-227.975
-238.68
-235.113
-232.206
-174.691
-239.292
-235.732
-239.065
-176.591
-220.147
-195.291
-234.84
-225.439
-243.762
-228.414
-200.479
-212.021
-219.953
-174.323
-205.132
-175.79
-199.737
-236.653
-237.846
-239.988
-209.313
-214.84
-239.399
-239.787
-197.721
-219.569
-226.585
-211.706
-221.629
-244.082
-192.445
-221.666
-228.936
-244.223
-230.365
-203.02
-190.677
-220.998
-216.611
-185.12
-239.226
-214.703
-249.373
-207.457
-241.442
-233.477
-237.342
-132.829
-200.59
-226.17
-118.328
-171.237
-248.184
-191.738
-238.351
-237.162
-247.231
-239.991
-249.875
-247.66
-226.191
-238.539
-163.159
-213.356
-238.594
-248.871
-218.581
-229.579
-230.434
-243.369
-248.833
-206.053
-248.76
-243.996
-240.98
-249.066
-247.741
-228.788
-230.646
-237.978
-242.414
-245.526
-236.811
-233.546
-228.127
-248.534
-145.741
-224.487
-246.619
-247.322
-170.876
-244.883
-249.267
-240.671
-137.029
-222.25
-177.18
-178.705
-206.937
-242.622
-229.699
-236.141
-248.193
-207.499
-228.681
-147.623
-242.501
-223.687
-219.978
-237.199
-198.902
-244.344
-242.725
-232.343
-214.311
-236.725
-244.649
-204.763
-210.544
-181.871
-189.023
-218.841
-201.477
-105.796
-194.251
-218.563
-212.828
-242.589
-198.346
-209.379
-222.803
-167.405
-189.143
-212.154
-230.064
-244.831
-225.331
-232.801
-225.902
-241.316
-213.038
-241.086
-239.636
-214.085
-225.287
-237.5
-224.237
-234.572
-195.55
-219.033
-211.374
-176.791
-245.265
-240.444
-228.908
-165.793
-187.321
-243.065
-192.98
-217.584
-219.832
-228.19
-156.97
-223.191
-249.021
-199.464
-212.705
-227.914
-207.291
-228.501
-212.509
-232.471
-231.306
-239.285
-226.469
-213.637
-238.908
-243.904
-225.786
-171.153
-209.672
-249.655
-156.471
-169.54
-217.215
-229.819
-232.812
-241.14
-208.265
-211.384
-228.419
-230.245
-213.937
-235.867
-231.954
-245.547
-208.117
-240.714
-225.725
-154.863
-183.266
-204.739
-235.489
-224.75
-244.35
-244.301
-232.96
-208.984
-114.692
-146.864
-223.967
-225.582
-246.627
-157.202
-163.925
-200.919
-222.317
-193.375
-213.14
-242.168
-217.917
-138.546
-172.321
-200.038
-223.172
-199.967
-246.912
-248.137
-221.152
-233.665
-224.619
-175.792
-226.185
-171.07
-169.155
-249.423
-226.519
-230.439
-243.354
-208.144
-218.996
-220.292
-229.191
-236.982
-183.283
-244.826
-229.806
-223.05
-242.331
-245.226
-151.191
-209.715
-216.341
-221.928
-235.173
-227.477
-244.198
-243.812
-249.682
-244.76
-216.385
-238.678
-228.33
-247.141
-208.729
-227.252
-235.458
-232.423
-236.956
-239.195
-226.179
-208.134
-247.381
-248.156
-240.932
-224.571
-240.376
-188.308
-174.757
-244.373
-239.821
-242.94
-239.562
-226.322
-181.593
-231.312
-150.856
-225.624
-226.783
-231.419
-181.181
-194.399
-208.567
-205.88
-211.304
-141.108
-210.582
-227.555
-237.905
-185.177
-203.903
-229.997
-214.59
-232.82
-234.262
-186.088
-197.514
-241.302
-88.0287
-181.046
-206.839
-246.074
-134.036
-208.984
-228.868
-208.55
-236.611
-249.651
-237.257
-192.869
-202.057
-221.808
-241.556
-240.675
-216.131
-206.331
-246.767
-198.681
-215.128
-125.718
-224.449
-179.828
-225.672
-236.557
-225.252
-249.152
-229.858
-245.861
-176.772
-235.512
-242.802
-227.454
-237.195
-210.329
-233.009
-210.507
-239.876
-223.602
-231.82
-245.94
-202.833
-239.923
-230.467
-233.052
-124.946
-216.013
-203.775
-206.486
-226.827
-242.625
-219.266
-171.899
-145.801
-169.091
-240.972
-238.57
-212.714
-194.516
-215.355
-223.906
-248.626
-212.399
-237.439
-214.159
-192.157
-223.881
-246.601
-182.919
-233.257
-214.796
-239.263
-226.756
-236.034
-249.324
-199.011
-72.7551
-241.93
-245.42
-170.691
-126.359
-238.336
-194.232
-244.228
-213.205
-245.811
-226.351
-247.688
-246.937
-172.186
-178.182
-215.777
-246.549
-212.205
-245.27
-241.77
-184.78
-242.555
-211.494
-194.34
-193.016
-199.224
-225.163
-249.117
-213.389
-244.732
-248.799
-133.152
-153.655
-180.573
-216.359
-215.169
-247.063
-210.292
-172.193
-232.093
-207.43
-249.175
-233.943
-246.513
-203.045
-207.912
-207.008
-240.156
-236.634
-234.78
-245.443
-237.632
-213.063
-237.943
-230.239
-133.282
-217.529
-226.618
-240.785
-243.296
-219.654
-244.843
-243.015
-242.912
-229.586
-246.477
-171.534
-196.669
-212.175
-213.486
-246.599
-231.87
-246.566
-218.104
-117.645
-219.46
-237.166
-239.569
-237.278
-222.768
-230.993
-205.286
-223.622
-195.126
-196.59
-245.889
-230.938
-216.984
-249.091
-237.162
-243.136
-247.685
-229.784
-239.702
-231.097
-133.718
-222.073
-205.032
-209.927
-240.496
-235.625
-213.987
-211.069
-248.339
-181.745
-159.276
-212.983
-234.554
-245.015
-238.556
-234.557
-248.658
-247.688
-247.973
-246.703
-222.961
-240.074
-233.787
-237.536
-238.033
-239.486
-213.619
-232.91
-220.122
-225.649
-143.165
-214.476
-246.32
-235.598
-242.331
-235.316
-245.505
-202.029
-210.643
-240.865
-226.26
-240.459
-215.743
-215.615
-245.028
-187.983
-226.767
-221.336
-231.976
-148.821
-196.425
-211.512
-184.599
-228.713
-222.337
-236.467
-219.076
-225.209
-243.454
-211.417
-238.146
-125.671
-182.461
-204.475
-242.726
-235.529
-220.545
-229.691
-202.347
-201.782
-188.69
-201.748
-226.108
-242.244
-227.199
-244.614
-216.5
-240.932
-238.832
-212.784
-241.294
-245.167
-228.708
-217.017
-228.431
-222.279
-230.232
-62.1978
-125.865
-232.427
-202.539
-244.706
-212.637
-155.046
-225.266
-216.336
-234.405
-158.945
-209.389
-229.017
-203.835
-247.295
-245.729
-246.774
-232.017
-237.205
-207.386
-212.884
-167.265
-180.394
-228.924
-241.554
-215.622
-210.7
-216.6
-247.058
-165.359
-114.687
-226.87
-242.224
-215.526
-211.992
-244.553
-247.409
-227.709
-174.245
-234.221
-172.76
-72.8085
-78.0617
-249.4
-225.501
-235.72
-230.762
-220.167
-198.162
-227.346
-238.747
-214.257
-241.818
-246.912
-240.777
-221.051
-240.604
-245.337
-231.499
-232.937
-242.042
-239.802
-248.467
-205.262
-245.08
-229.917
-243.143
-240.072
-240.322
-179.796
-245.988
-247.068
-211.098
-234.627
-241.725
-207.465
-202.689
-233.177
-220.436
-227.346
-201.707
-244.073
-178.011
-208.739
-227.98
-241.479
-241.347
-243.948
-220.612
-184.407
-200.969
-241.163
-209.381
-246.965
-245.618
-249.281
-210.413
-220.849
-234.214
-153.703
-204.386
-210.808
-231.961
-213.127
-216.331
-245.724
-133.381
-150.344
-214.317
-211.192
-226.524
-236.45
-241.595
-247.498
-228.669
-225.074
-240.129
-243.767
-246.178
-207.783
-221.557
-245.095
-246.291
-222.538
-240.46
-244.854
-65.586
-159.541
-217.042
-166.145
-224.635
-235.833
-246.781
-241.497
-215.177
-232.122
-214.573
-202.265
-201.219
-242.922
-208.527
-208.674
-224.162
-238.414
-243.006
-249.769
-228.172
-220.003
-225.492
-226.164
-243.95
-182.909
-244.343
-231.559
-245.051
-173.855
-221.839
-208.673
-218.468
-202.848
-234.082
-214.139
-226.994
-196.897
-217.852
-193.758
-249.231
-246.269
-131.608
-175.664
-222.848
-187.955
-240.397
-215.402
-242.906
-237.189
-152.478
-185.339
-223.646
-211.415
-239.934
-242.396
-231.691
-242.783
-219.611
-226.504
-226.515
-235.773
-243.532
-237.228
-223.348
-237.561
-227.021
-161.566
-242.85
-210.728
-233.111
-227.117
-246.301
-236.364
-208.801
-225.396
-193.194
-231.929
-207.781
-201.649
-235.911
-207.057
-220.308
-236.513
-239.086
-241.713
-249.091
-243.86
-223.327
-198.278
-202.553
-234.067
-180.969
-232.757
-208.32
-227.083
-219.273
-221.705
-210.533
-208.578
-202.165
-233.831
-229.027
-214.939
-216.2
-237.451
-218.753
-242.687
-235.038
-194.545
-237.744
-223.499
-223.218
-208.576
-226.337
-237.997
-249.316
-246.689
-242.988
-244.751
-247.224
-246.684
-215.279
-225.864
-227.005
-219.529
-245.074
-184.252
-232.191
-220.183
-233.341
-237.03
-248.012
-210.7
-211.087
-219.467
-160.359
-210.045
-203.106
-220.461
-206.183
-229.007
-249.2
-178.066
-243.97
-102.635
-136.5
-201.166
-186.097
-245.107
-244.317
-186.797
-228.616
-243.834
-197.45
-231.969
-249.174
-234.965
-235.462
-188.555
-214.333
-244.814
-142.351
-199.483
-185.659
-208.1
-216.543
-172.953
-226.009
-247.274
-248.068
-233.3
-236.249
-170.103
-194.832
-186.277
-248.069
-246.269
-217.245
-201.367
-244.758
-224.735
-236.6
-96.2644
-200.141
-106.356
-172.198
-222.952
-185.602
-232.838
-179.903
-206.643
-238.259
-231.364
-246.253
-222.234
-231.504
-234.497
-248.485
-167.658
-228.944
-244.194
-228.443
-176.039
-193.617
-236.91
-213.906
-242.322
-210.104
-232.9
-245.123
-241.937
-125.962
-175.216
-196.699
-239.5
-219.105
-225.892
-242.352
-242.375
-183.471
-226.449
-207.766
-247.642
-248.324
-238.062
-124.217
-229.387
-137.554
-162.957
-199.386
-210.819
-232.739
-183.031
-240.259
-123.102
-182.562
-79.9818
-234.182
-222.325
-220.755
-232.034
-242.179
-243.271
-201.78
-216.238
-218.353
-196.715
-188.592
-222.339
-226.636
-214.103
-144.329
-209.118
-234.234
-233.214
-230.294
-246.381
-248.332
-243.979
-245.394
-184.972
-186.888
-191.651
-208.667
-209.425
-236.707
-243.205
-246.921
-144.847
-179.74
-244.569
-227.327
-208.606
-243.248
-195.119
-227.427
-249.275
-129.872
-161.25
-183.289
-229.763
-243.087
-209.739
-237.134
-206.127
-195.951
-232.229
-220.287
-247.317
-239.444
-241.256
-243.846
-132.443
-245.13
-239.105
-196.073
-214.07
-246.269
-246.372
-80.5237
-199.591
-235.828
-249.684
-245.424
-231.803
-246.848
-193.202
-246.587
-246.985
-232.816
-237.764
-218.003
-216.891
-242.464
-240.226
-228.77
-235.682
-203.092
-180.295
-241.184
-236.108
-164.467
-175.188
-243.549
-248.261
-224.671
-212.238
-246.74
-215.899
-233.133
-244.613
-233.376
-206.465
-242.408
-249.595
-194.555
-208.636
-235.173
-235.967
-217.418
-188.505
-245.831
-248.966
-245.002
-178.704
-190.535
-209.197
-185.789
-213.699
-214.06
-166.627
-203.842
-138.734
-142.27
-226.312
-248.099
-249.082
-185.773
-202.542
-197.206
-248.093
-208.993
-246.72
-248.981
-227.418
-232.623
-153.872
-159.747
-169.924
-188.007
-223.038
-244.866
-247.631
-198.391
-236.531
-248.131
-235.876
-239.938
-220.727
-249.035
-203.322
-163.447
-245.233
-225.754
-227.216
-183.1
-199.544
-243.385
-242.818
-223.608
-245.928
-241.615
-244.564
-242.996
-241.854
-248.479
-240.222
-248.344
-215.584
-244.471
-240.631
-216.796
-242.859
-211.474
-239.641
-218.12
-246.089
-246.196
-137.948
-231.057
-117.207
-243.452
-248.933
-219.172
-227.215
-233.444
-226.941
-175.187
-207.812
-220.917
-235.024
-247.951
-241.612
-236.141
-248.166
-221.442
-193.452
-216.974
-222.155
-237.78
-242.747
-221.789
-141.941
-229.883
-241.119
-71.4949
-92.5085
-198.159
-169.094
-209.564
-241.675
-247.794
-248.284
-218.744
-136.222
-227.099
-232.739
-245.16
-233.537
-241.291
-243.634
-242.298
-212.707
-241.842
-196.627
-238.799
-214.604
-229.927
-155.598
-204.447
-207.427
-226.016
-249.515
-188.889
-196.494
-194.224
-245.816
-248.424
-245.266
-242.301
-199.074
-206.661
-168.254
-182.852
-201.152
-240.33
-226.863
-201.949
-248.741
-237.403
-232.423
-206.227
-208.697
-133.104
-184.463
-224.59
-243.83
-229.419
-246.376
-249.086
-234.098
-193.53
-242.101
-236.416
-248.865
-240.634
-212.726
-244.854
-244.419
-193.462
-241.773
-203.101
-229.947
-236.56
-232.406
-248.373
-235.882
-229.959
-113.107
-232.882
-221.963
-246.351
-248.933
-237.072
-238.488
-230.251
-188.072
-231.384
-241.497
-222.403
-135.532
-204.877
-233.253
-244.451
-248.518
-232.484
-228.239
-238.872
-231.292
-157.403
-238.039
-247.479
-239.098
-152.892
-239.085
-206.824
-221.051
-187.283
-240.1
-231.395
-197.702
-248.132
-210.597
-243.202
-225.286
-207.761
-217.591
-222.339
-248.216
-195.725
-197.918
-242.113
-238.54
-249.179
-240.395
-182.413
-216.456
-241.745
-239.251
-229.53
-228.747
-219.965
-118.063
-175.625
-233.632
-248.622
-158.378
-174.846
-242.38
-240.935
-219.268
-238.631
-195.049
-230.918
-191.129
-214.275
-248.961
-147.487
-197.991
-248.79
-229.713
-236.904
-247.532
-232.193
-245.251
-238.885
-193.673
-226.719
-238.276
-244.546
-221.115
-248.551
-168.929
-171.413
-219.422
-242.931
-232.825
-244.134
-159.923
-244.427
-248.556
-227.405
-249.522
-218.374
-248.049
-236.437
-235.746
-184.257
-248.574
-239.73
-193.206
-217.184
-211.854
-237.967
-208.935
-210.462
-191.173
-226.18
-239.522
-221.317
-209.782
-122.943
-140.042
-190.489
-207.789
-196.061
-245.841
-147.674
-212.139
-227.962
-84.8323
-232.906
-228.729
-238.068
-33.4597
-73.5585
-208.12
-230.863
-246.266
-163.815
-192.713
-244.39
-222.986
-233.217
-148.506
-222.975
-244.711
-213.964
-243.766
-239.826
-247.096
-102.383
-244.507
-238.563
-182.247
-228.582
-239.76
-249.885
-149.703
-244.948
-248.598
-247.35
-169.264
-240.404
-237.405
-240.315
-219.914
-140.926
-230.808
-224.203
-197.537
-220.623
-242.946
-242.818
-236.492
-219.02
-239.351
-249.005
-230.886
-246.215
-242.672
-243.692
-137.744
-220.621
-235.225
-246.398
-181.541
-196.076
-214.434
-149.064
-240.982
-229.361
-195.704
-176.618
-203.588
-240.8
-211.702
-198.844
-227.845
-138.582
-216.583
-229.02
-193.36
-210.055
-233.564
-233.701
-152.336
-227.257
-191.794
-205.545
-241.089
-232.903
-240.879
-241.431
-233.066
-237.24
-245.493
-170.257
-230.203
-194.551
-179.121
-246.995
-212.931
-249.908
-155.85
-238.42
-249.941
-218.7
-230.786
-212.472
-232.892
-234.66
-237.775
-226.532
-230.878
-232.311
-192.015
-242.394
-225.965
-248.586
-242.736
-247.594
-218.702
-241.412
-207.203
-223.553
-203.637
-229.409
-230.919
-211.686
-227.699
-196.779
-244.814
-202.797
-228.624
-124.277
-192.282
-228.455
-229.411
-237.051
-243.948
-194.604
-193.52
-194.138
-203.776
-245.149
-229.6
-186.176
-209.709
-244.155
-227.084
-228.559
-208.886
-133.036
-232.377
-147.059
-241.688
-240.557
-237.125
-237.883
-205.075
-245.363
-192.925
-210.26
-247.666
-197.161
-198.035
-231.661
-208.715
-210.431
-189.085
-218.209
-162.821
-232.835
-229.72
-218.639
-235.407
-169.518
-229.621
-155.594
-241.636
-195.869
-238.99
-232.397
-230.856
-247.54
-226.527
-147.748
-217.928
-247.859
-160.119
-249.202
-127.849
-189.209
-194.956
-207.984
-233.106
-200.965
-238.451
-244.607
-191.486
-194.228
-213.784
-221.57
-247.066
-231.034
-244.883
-235.419
-234.406
-177.253
-213.2
-209.314
-243.443
-229.777
-216.955
-237.302
-175.56
-193.335
-238.693
-169.813
-235.803
-222.932
-240.131
-239.937
-242.895
-224.463
-226.38
-165.515
-225.218
-214.684
-148.231
-169.859
-172.43
-248.247
19.5486
-39.2691
-140.244
-248.336
-225.05
-245.112
-215.363
-247.775
-224.693
-249.904
-190.753
-151.998
-196.475
-233.29
-236.894
-215.631
-242.357
-232.568
-244.494
-249.159
-202.822
-248.788
-212.102
-249.566
-218.351
-179.3
-228.364
-226.878
-247.705
-238.282
-244.596
-157.58
-223.255
-239.45
-174.03
-246.515
-248.822
-207.359
-246.031
-198.509
-194.853
-237.136
-203.271
-178.781
-228.305
-248.624
-224.799
-232.932
-238.532
-184.334
-226.412
-235.988
-248.553
-197.274
-226.22
-241.836
-155.171
-211.479
-237.72
-240.531
-248.742
-218.003
-178.065
-236.519
-163.978
-175.382
-197.271
-221.739
-249.856
-154.242
-239.552
-214.11
-243.941
-224.502
-246.482
-159.865
-214.977
-206.487
-246.339
-248.847
-161.479
-204.805
-244.667
-244.288
-239.642
-244.596
-217.72
-229.477
-238.363
-240.607
-245.123
-129.196
-249.785
-248.119
-235.495
-245.446
-226.865
-202.294
-200.225
-243.721
-246.536
-231.412
-216.84
-214.261
-247.17
-212.015
-224.415
-235.69
-210.678
-248.798
-228.04
-220.474
-193.502
-244.209
-203.23
-231.827
-215.524
-219.984
-157.31
-202.659
-228.359
-247.133
-241.574
-245.015
-242.607
-242.762
-248.16
-237.878
-211.559
-249.952
-216.665
-187.499
-235.651
-239.856
-220.148
-215.807
-217.805
-163.009
-226.471
-245.112
-243.206
-160.637
-191.818
-235.928
-132.403
-137.271
-189.798
-224.128
-196.315
-224.769
-249.171
-240.911
-139.635
-192.862
-218.98
-208.749
-233.822
-236.353
-127.133
-243.052
-180.623
-200.356
-161.108
-211.839
-221.372
-228.388
-228.833
-226.759
-245.525
-240.28
-129.846
-207.898
-214.451
-187.761
-240.421
-221.018
-225.016
-230.636
-205.412
-237.928
-177.956
-179.897
-235.475
-246.87
-217.938
-183.946
-245.993
-242.643
-246.601
-249.74
-235.971
-196.45
-206.029
-249.282
-150.234
-234.004
-234.675
-220.172
-226.972
-247.156
-210.763
-155.843
-192.933
-203.345
-213.484
-227.209
-184.931
-232.682
-163.913
-200.848
-173.817
-218.281
-183.719
-238.541
-200.694
-243.9
-213.443
-153.797
-229.296
-243.694
-220.225
-235.46
-243.861
-228.257
-238.189
-243.719
-221.54
-196.744
-182.966
-243.075
-248.257
-218.056
-227.197
-234.06
-227.443
-191.058
-204.335
-219.925
-240.977
-215.638
-241.559
-220.109
-185.666
-176.723
-242.854
-249.511
-249.46
-237.896
-227.466
-199.103
-246.547
-198.279
-187.213
-241.324
-228.248
-220.636
-221.849
-231.76
-228.024
-243.881
-223.075
-239.769
-173.692
-241.361
-232.131
-249.826
-234.066
-154.912
-223.334
-241.843
-246.928
-246.185
-237.89
-243.475
-213.181
-164.372
-199.858
-244.247
-217.972
-231.22
-242.098
-240.558
-209.35
-243.867
-245.201
-238.291
-203.781
-208.24
-226.704
-225.282
-137.294
-194.783
-199.271
-220.264
-222.442
-241.579
-183.157
-223.986
-249.927
-239.755
-241.416
-233.947
-191.562
-231.047
-197.721
-236.168
-235.047
-232.636
-248.84
-220.445
-185.05
-193.235
-202.809
-246.327
-194.848
-196.625
-220.583
-231.051
-210.706
-222.103
-236.516
-241.772
-247.62
-232.568
-244
-233.217
-249.683
-211.157
-180.858
-242.562
-249.841
-214.132
-136.863
-201.387
-184.934
-249.777
-234.264
-209.945
-205.221
-204.125
-209.817
-236.086
-177.237
-219.321
-213.285
-230.627
-246.974
-200.888
-204.093
-248.161
-235.206
-221.467
-198.888
-202.927
-208.867
-241.492
-235.022
-249.633
-186.558
-246.109
-231.639
-214.578
-237.27
-246.916
-238.764
-195.516
-245.982
-240.14
-245.23
-184.625
-172.578
-233.826
-221.062
-210.029
-235.655
-157.674
-220.638
-241.278
-197.457
-200.887
-213.955
-244.712
-205.061
-232.969
-239.298
-231.242
-232.514
-221.226
-240.27
-236.307
-181.277
-238.329
-220.289
-183.416
-240.541
-202.634
-179.788
-205.906
-208.18
-246.361
-232.231
-239.013
-210.834
-243.267
-113.311
-175.532
-166.105
-226.002
-246.045
-237.682
-227.053
-231.046
-237.237
-239.229
-224.425
-224.438
-180.8
-249.76
-184.511
-140.648
-168.166
-184.249
-224.862
-227.158
-195.578
-196.247
-242.391
-154.324
-196.218
-246.665
-206.64
-243.438
-241.725
-202.186
-247.034
-83.2761
-208.483
-187.55
-233.066
-210
-193.355
-209.521
-226.513
-236.027
-240.827
-231.224
-235.751
-172.785
-220.207
-177.393
-227.904
-235.162
-237.803
-244.028
-217.413
-226.323
-244.151
-238.11
-213.823
-247.164
-239.168
-231.132
-109.187
-190.999
-248.332
-232.343
-222.269
-229.033
-247.953
-218.455
-229.214
-242.926
-203.992
-133.544
-233.235
-211.727
-232.149
-234.285
-227.13
-188.883
-197.462
-247.841
-221.682
-249.955
-233.393
-208.683
-242.192
-236.515
-188.862
-205.549
-236.97
-203.941
-223.858
-227.852
-220.97
-208.888
-230.122
-247.22
-233.93
-247.941
-233.133
-249.396
-228.91
-244.142
-210.927
-236.534
-184.292
-242.006
-214.862
-194.43
-240.866
-228.505
-245.084
-236.927
-183.495
-224.915
-162.008
-228.808
-188.159
-199.759
-204.95
-248.346
-244.394
-226.794
-164.068
-246.625
-219.654
-200.852
-183.815
-187.337
-166.543
-201.179
-240.827
-215.909
-218.215
-196.253
-194.887
-246.217
-231.599
-243.574
-174.063
-231.706
-246.822
-244.674
-242.889
-185.361
-249.904
-242.4
-200.686
-225.433
-222.931
-234.414
-220.72
-219.279
-235.27
-239.887
-173.495
-185.204
-188.42
-214.789
-236.091
-241.471
-231.669
-222.705
-244.78
-245.106
-181.902
-188.514
-239.08
-195.164
-201.919
-213.992
-148.106
-189.776
-235.343
-249.832
-228.454
-209.288
-219.265
-247.82
-228.16
-230.424
-247.884
-237.577
-246.909
-231.918
-247.015
-170.217
-222.46
-190.875
-199.11
-228.1
-245.735
-206.267
-233.204
-242.235
-196.833
-234.132
-248.154
-213.421
-193.954
-215.427
-236.162
-241.267
-242.084
-241.688
-218.932
-148.752
-230.615
-227.493
-240.826
-242.935
-202.26
-233.187
-210.514
-240.45
-209.842
-196.807
-230.3
-230.008
-208.718
-218.651
-225.291
-246.724
-225.354
-232.077
-239.179
-228.304
-210.562
-148.804
-183.1
-202.71
-207.71
-242.385
-197.635
-214.332
-245.886
-248.354
-231.971
-248.505
-212.059
-219.039
-213.772
-196.525
-234.212
-227.408
-226.374
-236.226
-234.102
-239.287
-242.823
-228.775
-248.401
-235.672
-237.965
-241.677
-245.546
-233.298
-237.126
-241.841
-221.017
-223.717
-181.416
-190.969
-230.521
-248.84
-133.374
-236.615
-138.786
-237.774
-91.1644
-175.224
-214.83
-183.745
-187.723
-241.699
-227.197
-222.229
-208.845
-205.024
-173.88
-190.336
-191.13
-199.837
-203.67
-182.344
-227.294
-249.399
-173.363
-202.846
-233.902
-236.73
-233.012
-200.652
-247.561
-219.927
-245.413
-228.15
-171.889
-122.624
-203.901
-83.8624
-246.675
-234.889
-247.703
-228.693
-213.755
-230.217
-245.435
-249.247
-235.619
-236.229
-247.961
-232.058
-245.608
-177.146
-196.038
-221.64
-193.24
-246.175
-162.129
-208.942
-228.925
-224.547
-247.573
-234.191
-248.889
-240.932
-245.269
-197.376
-245.79
-248.785
-249.114
-248.375
-248.164
-160.096
-223.838
-242.09
-234.867
-225.721
-235.825
-225.409
-248.303
-247.795
-218.817
-245.555
-231.218
-246.53
-246.879
-118.318
-243.228
-235.288
-237.879
-246.77
-206.622
-218.171
-224.786
-246.575
-207.648
-222.819
-243.149
-206.811
-247.798
-239.281
-213.198
-239.791
-226.395
-239.346
-247.806
-246.031
-241.268
-243.936
-245.62
-245.946
-215.497
-231.92
-146.365
-191.854
-196.875
-233.511
-209.695
-241.409
-158.119
-217.623
-239.598
-244.55
-220.58
-238.889
-164.746
-176.659
-190.098
-214.458
-231.367
-199.358
-227.099
-232.327
-231.176
-245.291
-233.512
-241.794
-234.205
-238.36
-247.929
-228.349
-247.263
-237.671
-248.245
-246.01
-139.863
-208.529
-242.609
-223.609
-245.005
-178.418
-179.094
-216.654
-213.525
-232.189
-238.162
-140.475
-178.125
-202.281
-196.199
-239.962
-195.733
-238.122
-227.572
-214.097
-236.388
-232.573
-209.657
-233.247
-200.42
-230.849
-148.686
-171.801
-212.723
-235.942
-238.872
-159.037
-192.828
-169.415
-235.258
-248.939
-228.503
-229.756
-163.741
-249.085
-234.904
-247.991
-246.114
-205.263
-230.096
-218.017
-214.922
-209.826
-168.544
-227.441
-226.703
-142.269
-236.123
-234.921
-236.209
-214.035
-236.669
-237.046
-240.068
-236.353
-193.98
-201.491
-191.518
-248.12
-237.806
-216.179
-238.712
-212.133
-243.247
-152.777
-246.456
-205.868
-227.509
-243.238
-212.053
-242.758
-242.328
-245.158
-180.411
-246.737
-244.591
-233.396
-242.598
-227.442
-178.577
-216.701
-115.776
-242.303
-247.373
-233.953
-241.214
-240.998
-171.208
-218.917
-201.639
-247.089
-209.52
-234.624
-245.605
-175.376
-238.237
-164.732
-191.082
-228.551
-227.951
-222.183
-197.481
-151.372
-227.179
-220.432
-142.557
-133.96
-193.979
-224.681
-187.116
-248.19
-247.97
-246.313
-154.886
-231.344
-244.082
-212.58
-238.27
48.8243
-176.512
-216.218
-216.786
-242.469
-244.451
-176.72
-178.285
-248.804
-240.359
-248.231
-239.489
-244.444
-231.897
-233.742
-223.557
-241.137
-249.039
-217.157
-193.858
-198.941
-235.682
-200.322
-232.685
-229.762
-246.94
-203.777
-246.058
-242.812
-243.623
-208.76
-83.9072
-184.782
-209.802
-195.62
-174.433
-181.488
-206.105
-222.697
-243.627
-213.757
-212.134
-209.416
-200.817
-243.44
-222.351
-230.54
-244.583
-228.951
-229.984
-193.358
-230.337
-232.019
-231.609
-245.854
-248.8
-246.707
-214.064
-232.43
-242.649
-233.887
-157.996
-216.938
-215.404
-237.949
-108.334
-186.685
-235.325
-249.419
-199.375
-207.817
-185.56
-211.846
-221.64
-201.065
-222.633
-215.654
-247.831
-219.617
-169.087
-222.515
-212.174
-229.633
-147.171
-226.685
-183.16
-210.343
-219.407
-247.404
-213.479
-181.253
-171.54
-183.153
-214.705
-235.509
-245.889
-203.87
-132.413
-154.431
-156.473
-226.128
-224.269
-247.113
-229.003
-203.838
-207.798
-173.275
-150.583
-207.275
-208.956
-214.048
-214.124
-228.318
-152.913
-130.43
-233.681
-190.088
-220.676
-152.934
-215.256
-234.306
-212.624
-249.202
-219.026
-240.882
-243.499
-231.649
-238.353
-227.431
-248.594
-235.109
-195.923
-238.342
-231.626
-240.674
-233.169
-221.638
-184.713
-201.532
-220.07
-151.98
-243.35
-246.441
-217.239
-221.033
-249.355
-232.588
-224.835
-234.825
-230.818
-249.312
-246.206
-218.85
-212.471
-213.823
-231.922
-246.416
-245.767
-234.41
-246.486
-248.956
-182.489
-245.371
-237.324
-242.608
-203.052
-234.192
-244.411
-228.178
-246.673
-249.924
-208.866
-216.77
-186.631
-244.594
-90.2741
-225.738
-157.543
-185.799
-188.066
-230.807
-249.539
-242.158
-249.903
-224.999
-202.687
-207.579
-236.837
-221.533
-241.111
-241.381
-247.109
-247.391
-231.204
-216.769
-247.449
-231.767
-191.763
-201.57
-177.295
-247.693
-244.144
-224.47
-221.509
-246.39
-246.288
-242.416
-232.798
-182.729
-244.746
-215.346
-199.098
-244.814
-241.754
-247.118
-222.294
-177.698
-217.047
-248.771
-216.661
-219.294
-221.966
-243.862
-83.5536
-175.21
-164.788
-207.959
-229.787
-98.1025
-190.054
-234.281
-239.623
-220.981
-240.825
-195.972
-12.7521
-122.074
-137.491
-249.241
-151.825
-208.327
-218.647
-224.494
-236.321
-127.594
-245.188
-192.792
-223.838
-245.118
-234.76
-216.914
-245.725
-245.432
-243.795
-238.922
-221.684
-247.82
-65.0916
-166.075
-219.338
-192.057
-237.051
-144.813
-243.755
-236.107
-136.452
-225.293
-236.287
-129.801
-183.552
-107.007
-141.104
-150.451
-178.353
-200.79
-205.753
-215.501
-208.105
-245.897
-207.037
-224.364
-165.188
-207.48
-227.259
-194.586
-230.678
-115.709
-235.521
-249.146
-177.355
-165.113
-184.852
-198.647
-225.967
-198.927
-234.328
-216.338
-243.723
-242.004
-214.983
-231.347
-216.3
-177.657
-236.801
-238.978
-236.623
-239.552
-188.604
-200.821
-238.279
-188.727
-233.302
-225.18
-219.04
-241.684
-231.189
-196.666
-197.702
-239.186
-184.488
-209.86
-208.255
-207.17
-210.748
-202.711
-205.021
-246.312
-233.304
-235.773
-245.847
-246.011
-239.993
-150.203
-247.13
-189.484
-230.615
-243.019
-238.371
-220.18
-239.603
-224.917
-211.291
-245.379
-239.306
-186.928
-188.938
-234.162
-246.887
-197.047
-238.309
-184.407
-227.128
-245.526
-213.241
-227.707
-220.892
-227.639
-236.207
-231.296
-238.62
-201.422
-131.006
-181.504
-221.534
-232.241
-233.012
-230.033
-227.121
-243.179
-244.469
-242.093
-189.098
-135.266
-181.914
-222.798
-207.198
-176.704
-241.827
-243.888
-239.754
-242.845
-231.905
-240.347
-241.257
-236.64
-246.242
-225.151
-218.947
-95.2104
-244.346
-152.685
-167.063
-208.375
-207.821
-243.829
-213.204
-232.558
-237.384
-246.088
-207.823
-193.599
-207.979
-186.859
-219.49
-232.579
-233.981
-147.164
-203.169
-217.485
-247.768
-211.171
-236.718
-163.612
-159.071
-227.472
-180.795
-239.06
-124.025
-206.305
-202.33
-195.741
-241.204
-242.043
-216.346
-229.701
-163.565
-164.192
-220.116
-224.84
-214.625
-223.842
-194.685
-195.183
-235.504
-242.741
-238.328
-203.49
-210.078
-230.166
-226.885
-237.086
-237.089
-248.274
-236.582
-209.857
-226.476
-225.26
-212.593
-218.082
-215.418
-215.605
-238.393
-240.261
-246.122
-94.9111
-100.503
-239.844
-248.608
-227.388
-189.357
-212.024
-189.175
-232.082
-234.89
-234.662
-214.884
-249.772
-240.862
-197.262
-223.75
-240.961
-248.105
-192.882
-201.189
-202.491
-220.405
-226.988
-241.221
-225.91
-192.093
-205.974
-223.966
-224.699
-241.201
-241.528
-202.855
-195.472
-236.617
-222.24
-192.738
-235.708
-243.926
-247.217
-123.485
-183.469
-166.469
-248.905
-247.697
-228.089
-233.31
-182.675
-235.621
-169.109
-219.481
-246.204
-202.498
-235.299
-246.216
-245.877
-246.005
-189.877
-226.317
-248.681
-216.861
-238.663
-221.823
-192.239
-192.972
-242.831
-247.028
-146.76
-189.678
-208.702
-217.443
-248.562
-229.645
-222.41
-164.142
-210.257
-197.171
-224.863
-229.604
-166.955
-231.839
-214.242
-248.882
-192.907
-223.037
-223.919
-237.093
-221.118
-215.366
-235.506
-228.297
-248.873
-227.959
-229.822
-161.503
-194.703
-215.516
-239.475
-210.88
-233.648
-199.622
-231.519
-222.706
-215.575
-223.07
-233.603
-244.535
-235.517
-206.993
-183.919
-228.872
-247.236
-246.13
-236.834
-237.107
-241.579
-202.446
-225.718
-184.063
-178.55
-209.987
-101.52
-138.446
-213.548
-246.577
-215.135
-197.895
-221.544
-203.95
-227.689
-238.986
-237.994
-232.414
-233.236
-241.038
-239.639
-235.048
-200.595
-240.711
-217.609
-248.209
-245.539
-205.284
-213.61
-248.698
-211.734
-190.505
-198.603
-242.623
-219.073
-234.91
-220.286
-162.986
-210.406
-241.778
-226.117
-226.388
-237.529
-239.383
-12.2328
-71.3214
-155.534
-213.225
-242.071
-111.201
-248.021
-197.727
-166.041
-179.584
-248.44
-165.705
-221.131
-241.699
-163.718
-216.014
-235.285
-232.918
-235.973
-237.791
-235.254
-228.189
-248.547
-204.947
-167.653
-161.46
-175.152
-239.516
-227.686
-203.48
-231.909
-238.047
-214.144
-230.325
-235.5
-229.686
-188.728
-217.818
-217.444
-211.993
-219.474
-204.535
-206.281
-237.181
-237.805
-245.207
-243.309
-213.689
-233.617
-231.668
-181.741
-205.325
-191.996
-244.177
-249.188
-224.763
-232.424
-247.037
-200.325
-212.739
-242.183
-228.189
-240.243
-243.186
-248.326
-228.241
-247.227
-142.275
-238.405
-243.842
-248.423
-209.356
-239.279
-201.198
-244.716
-164.811
-202.791
-242.728
-235.16
-234.577
-229.535
-202.835
-214.197
-244.372
-179.868
-218.123
-209.258
-226.658
-170.949
-171.189
-191.742
-246.565
-237.64
-212.999
-234.414
-173.283
-230.152
-227.252
-194.007
-240.559
-230.863
-227.794
-127.78
-131.665
-141.759
-203.793
-215.324
-239.132
-219.803
-207.358
-245.639
-249.931
-224.483
-247.247
-121.976
-241.008
-133.067
-243.46
-213.757
-243.232
-246.115
-223.647
-206.497
-240.817
-248.458
-237.722
-248.891
-238.6
-219.109
-181.386
-202.999
-235.899
-213.051
-228.886
-242.245
-106.395
-72.861
-207.039
-222.327
-212.919
-246.782
-241.286
-211.883
-230.32
-233.191
-230.249
-248.377
-216.13
-235.363
-241.97
-228.477
-237.673
-229.901
-200.33
-244.427
-217.993
-236.046
-217.813
-225.259
-246.611
-244.479
-244.173
-226.93
-248.108
-242.224
-241.852
-239.819
-248.574
-237.993
-230.565
-247.463
-242.153
-241.099
-203.692
-213.722
-247.275
-187.333
-239.09
-244.487
-231.628
-201.367
-123.63
-169.059
-228.597
-201.226
-216.736
-239.144
-235.901
-231.838
-227.188
-241.584
-189.736
-199.978
-230.245
-240.842
-229.072
-233.182
-217.418
-228.435
-249.138
-217.348
-223.487
-249.598
-200.105
-248.643
-246.553
-249.583
-208.614
-227.411
-233.463
-242.017
-176.076
-216.746
-227.832
-245.18
-216.097
-225.891
-244.96
-198.081
-232.145
-163.664
-205.004
-245.662
-238.69
-185.233
-222.604
-207.276
-237.312
-188.993
-232.62
-213.225
-243.191
-246.214
-249.31
-244.827
-180.657
-243.801
-213.725
-199.592
-249.786
-242.575
-237.348
-222.298
-223.507
-247.266
-233.731
-221.94
-246.051
-236.247
-245.813
-247.723
-221.986
-175.088
-147.538
-147.769
-232.592
-239.89
-187.395
-188.803
-243.754
-203.942
-180.623
-210.83
-193.197
-248.999
-225.78
-237.745
-161.036
-228.68
-248.309
-247.23
-220.209
-168.824
-213.466
-236.929
-249.587
-220.351
-203.906
-249.825
-202.019
-206.598
-190.836
-249.608
-240.122
-232.386
-178.946
-206.294
-245.49
-170.836
-221.556
-203.675
-126.122
-151.553
-169.877
-176.124
-236.387
-236.117
-248.481
-235.373
-161.306
-172.715
-175.099
-237.646
-233.043
-208.82
-165.705
-226.778
-249.436
-241.871
-197.148
-210.523
-249.26
-215.329
-202.631
-235.039
-234.706
-179.427
-197.385
-179.379
-227.495
-236.723
-202.839
-223.468
-169.95
-199.865
-240.839
-232.219
-245.65
-199.745
-238.057
-249.592
-236.369
-245.617
-240.917
-233.915
-246.546
-244.61
-201.568
-200.386
-224.852
-183.747
-237.117
-239.344
-207.674
-242.513
-123.652
-127.421
-237.424
-190.827
-245.057
-246.735
-216.948
-248.015
-212.795
-235.642
-165.299
-220.068
-230.305
-246.094
-239.391
-231.223
-245.571
-248.165
-243.981
-249.382
-243.454
-213.947
-239.396
-237.222
-237.429
-165.425
-237.94
-237.435
-178.377
-231.069
-228.008
-177.272
-226.72
-246.545
-229.917
-237.2
-203.303
-239.06
-141.805
-217.064
-222.376
-197.854
-233.695
-213.462
-220.767
-231.663
-203.201
-230.328
-219.528
-170.38
-235.679
-175.42
-205.013
-211.16
-230.845
-220.069
-246.935
-224.21
-247.99
-239.699
-209.374
-230.005
-233.364
-233.399
-249.182
-237.67
-210.427
-236.358
-242.804
-232.797
-211.368
-233.474
-187.842
-213.481
-247.671
-179.477
-249.887
-220.411
-220.774
-229.578
-201.902
-206.722
-240.928
-245.695
-229.655
-237.708
-191.547
-222.812
-243.561
-230.864
-235.83
-238.458
-231.963
-186.71
-225.573
-233.886
-242.234
-211.281
-160.708
-184.509
-244.856
-244.878
-232.66
-246.228
-233.197
-192.387
-216.986
-237.003
-222.327
-189.079
-236.754
-219.523
-235.414
-247.302
-209.819
-246.005
-193.316
-164.259
-177.249
-196.12
-138.969
-246.858
-215.842
-226.902
-184.279
-160.702
-226.608
-175.461
-213.835
-248.199
-203.065
-229.951
-153.291
-193.716
-235.392
-239.544
-226.427
-189.982
-214.6
-228.161
-231.769
-236.468
-222.039
-219.658
-220.588
-221.294
-214.909
-237.058
-226.218
-243.581
-210.358
-204.533
-249.735
-246.341
-241.495
-249.888
-244.471
-248.499
-241.161
-229.008
-233.7
-166.298
-150.729
-213.616
-210.175
-228.348
-221.063
-223.829
-219.744
-233.956
-249.696
-235.11
-234.206
-236.441
-244.98
-233.121
-247.863
-246.678
-249.154
-232.615
-247.235
-237.605
-81.6062
-173.357
-189.752
-164.563
-244.791
-248.38
-203.296
-245.977
-244.866
-205.856
-237.916
-246.265
-220.926
-218.661
-134.692
-237.073
-225.672
-248.759
-236.931
-244.899
-203.22
-213.545
-238.023
-215.021
-190.379
-248.617
-204.745
-225.427
-228.517
-249.712
-226.131
-226.232
-233.33
-244.584
-241.353
-232.021
-208.124
-240.296
-214.557
-238.94
-243.362
-226.966
-246.047
-150.543
-235.857
-237.969
-241.319
-243.778
-233.758
-173.342
-204.237
-230.615
-238.675
-227.685
-228.876
-237.111
-214.362
-232.615
-240.07
-245.222
-174.471
-215.169
-210.992
-224.082
-217.249
-242.39
-98.2735
-137.906
-161.223
-156.678
-188.457
-241.591
-244.852
-241.367
-241.615
-206.13
-227.415
-187.998
-209.44
-249.238
-240.103
-178.89
-225.196
-190.082
-200.546
-232.282
-234.434
-242.794
-239.29
-241.944
-212.284
-214.842
-243.053
-236.472
-216.294
-220.913
-238.895
-244.456
-207.918
-218.462
-227.731
-177.725
-230.276
-184.339
-229.592
-197.962
-226.416
-237.541
-220.04
-229.293
-232.297
-217.027
-243.429
-206.396
-209.46
-220.812
-184.366
-218.683
-248.405
-233.797
-245.732
-139.629
-152.597
-220.701
-237.231
-245.05
-238.51
-232.58
-201.456
-194.95
-249.739
-228.734
-248.863
-164.878
-169.712
-146.466
-235.786
-194.858
-238.87
-247.265
-183.851
-242.901
-210.227
-237.568
-208.622
-210.763
-215.37
-241.635
-248.586
-223.104
-242.164
-243.34
-193.111
-249.359
-236.95
-245.066
-228.639
-124.199
-135.406
-161.529
-181.856
-174.943
-236.873
-222.789
-171.595
-237.861
-200.938
-242.232
-246.605
-204.74
-164.354
-205.061
-249.071
-202.176
-243.893
-207.743
-235.217
-243.302
-225.926
-191.223
-248.686
-218.564
-207.993
-178.203
-230.267
-209.095
-236.907
-239.63
-217.447
-244.818
-221.464
-245.467
-241.487
-247.451
-202.525
-239.124
-222.054
-214.144
-239.491
-181.697
-165.847
-194.699
-206.775
-207.744
-193.456
-221.336
-236.71
-249.384
-214.262
-226.789
-183.084
-210.136
-248.587
-241.44
-226.043
-232.029
-247.24
-223.84
-244.523
-237.848
-234.554
-218.942
-231.468
-243.501
-238.304
-237.707
-176.029
-248.39
-216.927
-209.338
-234.001
-183.518
-129.201
-213.544
-208.262
-240.336
-104.349
-141.497
-168.042
-234.985
-233.48
-237.799
-218.119
-235.248
-244.294
-189.505
-222.21
-231.72
-226.29
-145.393
-186.32
-194.258
-221.639
-222.515
-235.978
-225.438
-248.606
-236.316
-247.242
-221.356
-246.684
-245.669
-160.771
-228.667
-249.694
-220.817
-194.257
-239.872
-245.879
-232.92
-233.101
-233.343
-242.068
-207.211
-218.752
-222.349
-227.199
-246.587
-237.861
-227.692
-236.506
-226.884
-164.469
-192.272
-231.188
-247.496
-229.581
-187.159
-228.221
-243.987
-243.862
-247.687
-168.933
-239.943
-246.615
-236.544
-132.332
-231.903
-242.977
-242.394
-164.418
-226.32
-127.792
-177.107
-234.438
-212.861
-249.473
-231.48
-242.716
-244.201
-217.081
-246.702
-198.64
-242.619
-246.927
-214.66
-221.303
-228.486
-239.324
-221.755
-228.974
-182.527
-241.645
-246.435
-233.247
-215.491
-112.727
-113.412
-232.347
-221.041
-239.495
-228.111
-220.468
-244.321
-176.872
-202.546
-172.553
-203.835
-224.94
-191.969
-240.628
-243.75
-228.825
-222.728
-217.464
-249.071
-240.948
-248.375
-219.364
-241.464
-244.977
-216.308
-240.614
-230.293
-198.482
-205.941
-244.438
-203.745
-228.548
-215.534
-249.568
-221.833
-236.436
-116.05
-207.101
-242.841
-240.635
-162.755
-234.779
-248.035
-227.609
-132.333
-220.39
-249.692
-224.589
-243.032
-234.27
-242.622
-224.585
-215.459
-186.293
-207.723
-231.115
-225.734
-217.593
-151.549
-182.726
-201.705
-196.996
-209.636
-243.421
-218.468
-228.702
-163.199
-163.387
-222.671
-244.902
-243.291
-233.83
-239.236
-243.954
-238.278
-248.196
-217.427
-227.815
-247.453
-163.992
-203.629
-249.691
-132.057
-172.109
-224.6
-236.766
-220.055
-248.659
-235.795
-232.79
-177.1
-183.133
-194.649
-218.064
-241.737
-231.414
-233.679
-243.972
-244.667
-248.967
-207.446
-235.352
-202.36
-188.428
-219.206
-213.316
-232.305
-208.19
-236.72
-236.355
-183.067
-223.081
-240.728
-232.268
-190.497
-244.784
-232.455
-227.46
-171.915
-192.952
-249.771
-223.864
-245.325
-34.7705
-179.392
-208.733
-218.463
-232.546
-246.596
-117.787
-249.907
-192.022
-244.091
-246.32
-227.623
-235.717
-238.562
-232.143
-211.737
-247.893
-229.671
-249.889
-203.429
-207.196
-211.884
-244.847
-235.96
-236.42
-86.0985
-87.5071
-169.965
-193.963
-223.817
-192.487
-238.242
-237.73
-242.979
-215.004
-201.299
-240.437
-204.863
-146.374
-160.207
-237.611
-231.37
-231.701
-228.021
-176.413
-219.444
-182.244
-220.035
-131.499
-233.373
-235.001
-92.1338
-134.383
-209.832
-235.492
-241.089
-218.048
-239.827
-229.369
-240.114
-249.756
-182.065
-248.768
-245.983
-238
-234.882
-237.944
-242.687
-217.766
-222.436
-197.991
-203.926
-203.121
-205.404
-245.972
-118.127
-198.472
-212.797
-232.245
-151.057
-228.956
-204.988
-235.385
-231.705
-236.757
-224.8
-240.966
-219.413
-200.842
-230.099
-219.947
-227.049
-237.696
-203.25
-215.405
-233.999
-230.037
-111.639
-194.082
-202.752
-243.961
-172.576
-239.191
-208.474
-188.776
-243.689
-218.928
-230.989
-242.903
-216.149
-227.215
-246.598
-222.932
-228.838
-237.716
-234.223
-235.333
-192.414
-237.914
-238.935
-184.769
-217.7
-195.385
-217.492
-180.986
-233.294
-157.415
-199.445
-147.361
-236.361
-238.198
-244.957
-162.09
-171.128
-248.262
-203.435
-239.283
-247.504
-158.705
-201.011
-214.603
-222.346
-231.43
-245.627
-246.398
-176.527
-216.671
-247.097
-216.903
-242.754
-249.025
-232.837
-237.556
-201.038
-248.67
-234.274
-234.86
-201.575
-224.847
-244.337
-240.485
-220.503
-232.332
-247.301
-168.844
-212.041
-198.385
-226.137
-204.35
-243.436
-161.239
-193.278
-243.985
-225.566
-161.996
-205.381
-207.362
-210.505
-234.952
-229.642
-210.813
-243.696
-216.18
-243.182
-224.07
-239.941
-212.181
-221.06
-195.258
-204.046
-243.113
-232.064
-237.067
-240.837
-227.889
-221.279
-204.093
-244.727
-147.488
-237.456
-241
-244.5
-241.866
-246.381
-237.504
-229.691
-214.843
-243.261
-231.113
-234.86
-249.596
-228.028
-210.528
-196.095
-236.231
-152.441
-239.599
-222.099
-244.543
-220.931
-238.626
-176.268
-235.708
-209.348
-190.133
-243.583
-233.266
-249.106
-243.13
-140.593
-178.829
-53.5198
-153.335
-234.383
-220.098
-220.966
-218.536
-230.18
-203.355
-203.437
-209.268
-233.164
-245.989
-249.389
-241.118
-241.191
-238.013
-231.444
-206.306
-191.168
-203.135
-237.235
-249.618
-198.561
-247.208
-245.554
-63.6784
-73.5155
-78.3445
-241.229
-183.303
-212.388
-156.254
-163.331
-227.482
-243.264
-222.236
-206.28
-248.995
-175.419
-193.057
-245.819
-248.275
-244.1
-235.063
-225.06
-249.874
-231.992
-233.069
-206.042
-247.051
-232.017
-247.83
-238.978
-208.841
-232.26
-247.011
-215.332
-230.098
-236.77
-242.801
-201.185
-210.055
-238.998
-249.795
-192.448
-157.805
-222.144
-234.328
-249.102
-226.169
-243.597
-196.27
-240.53
-244.148
-205.311
-217.088
-164.621
-248.889
-187.495
-249.611
-221.247
-249.227
-209.858
-207.457
-237.97
-248.543
-249.24
-228.797
-247.158
-206.554
-234.201
-246.869
-221.454
-204.329
-187.496
-225.413
-239.839
-224.978
-214.842
-220.074
-189.416
-233.885
-245.415
-228.55
-195.57
-207.262
-235.233
-243.721
-217.357
-233.657
-247.933
-199.012
-221.311
-236.647
-231.956
-186.519
-248.492
-164.039
-209.62
-216.243
-188.369
-166.711
-199.675
-225.168
-245.345
-246.76
-231.579
-216.968
-142.323
-192.853
-239.72
-240.666
-248.365
-100.966
-171.545
-249.178
-229.926
-238.101
-195.272
-202.519
-242.133
-230.393
-224.601
-241.611
-232.375
-241.447
-235.627
-222.723
-212.512
-228.807
-248.64
-153.345
-239.479
-249.149
-245.552
-244.163
-189.953
-213.067
-246.074
-249.128
-240.846
-241.215
-170.142
-198.59
-215.936
-215.437
-236.361
-223.241
-226.287
34.4868
-3.03627
-41.601
-103.365
-169.188
-216.275
-239.562
-244.095
-165.702
-215.32
-246.423
-15.913
-66.1865
-220.769
-221.952
-195.362
-247.721
-225.925
-227.446
-242.885
-246.286
-211.223
-220.678
-176.746
-218.602
-232.419
-241.877
-238.414
-232.726
-242.008
-198.031
-248.256
-220.625
-239.053
-245.506
-86.0923
-240.741
-226.275
-214.767
-215.187
-224.987
-227.104
-233.934
-224.488
-237.225
-184.427
-228.148
-243.167
-240.052
-247.088
-215.466
-137.985
-249.367
-243.996
-170.16
-201.277
-211.612
-248.301
-198.872
-226.863
-217.372
-249.425
-242.877
-244.506
-218.023
-243.443
-244.698
-227.822
-242.22
-246.986
-249.451
-179.151
-123.431
-249.398
-234.862
-220.068
-241.465
-197.047
-155.352
-245.642
-219.752
-239.738
-234.436
-240.154
-224.475
-240.814
-248.292
-205.962
-223.672
-235.999
-217.37
-147.537
-219.634
-169.084
-244.803
-32.3272
-217.412
-224.887
-245.279
-247.814
-216.442
-242.022
-217.494
-152.821
-184.007
-221.914
-249.854
-235.747
-166.165
-229.305
-248.485
-224.402
-237.17
-195.903
-245.577
-205.845
-241.675
-247.627
-249.585
-242.679
-242.136
-244.753
-248.468
-219.029
-203.466
-238.961
-241.615
-240.893
-186.15
-245.92
-233.792
-216.202
-231.633
-230.931
-214.311
-245.035
-162.23
-214.135
-196.048
-192.912
-170.359
-235.341
-248.289
-207.235
-238.507
-185.578
-243.319
-245.86
-239.933
-236.942
-234.937
-211.067
-222.603
-224.95
-222.869
-226.471
-216.335
-231.905
-223.807
-236.31
-229.502
-239.68
-185.305
-247.298
-108.645
-165.111
-168.1
-198.933
-188.218
-218.332
-247.725
-231.94
-236.589
-236.218
-231.294
-241.075
-226.283
-240.374
-238.396
-157.625
-222.783
-231.58
-225.285
-206.151
-222.349
-235.539
-223.687
-247.445
-211.879
-240.628
-248.631
-244.289
-162.123
-165.02
-79.4982
-243.866
-219.584
-198.383
-224.754
-201.627
-161.873
-182.939
-112.42
-125.925
-244.203
-228.304
-212.088
-217.054
-217.763
-156.559
-193.044
-222.211
-220.863
-237.475
-231.055
-243.294
-192.544
-143.949
-242.202
-239.531
-235.275
-242.168
-216.332
-238.418
-205.463
-222.827
-243.491
-209.354
-214.382
-245.917
-189.348
-217.712
-212.55
-198.354
-205.068
-248.875
-247.935
-244.802
-184.688
-248.643
-200.274
-225.272
-223.657
-229.741
-203.381
-233.206
-249.848
-234.889
-227.265
-204.412
-182.589
-143.038
-199.305
-222.821
-249.592
-247.687
-198.066
-241.737
-172.666
-174.454
-243.49
-230.145
-239.171
-220.735
-236.253
-236.36
-240.387
-236.752
-214.364
-249.018
-245.097
-202.388
-238.13
-234.783
-194.686
-216.504
-238.609
-244.132
-233.653
-212.16
-182.371
-195.999
-237.462
-244.63
-245.847
-199.578
-199.522
-227.955
-226.649
-183.105
-156.996
-189.315
-240.036
-226.943
-245.46
-105.924
-246.376
-192.184
-207.288
-164.896
-236.557
-224.404
-197.403
-154.065
-163.533
-185.578
-232.91
-182.088
-242.474
-241.875
-192.916
-205.321
-248.103
-246.701
-214.893
-229.735
-241.956
-247.388
-201.679
-178.446
-249.695
-201.224
-221.616
-244.26
-239.16
-241.796
-237.757
-234.786
-228.396
-221.903
-127.125
-223.735
-237.114
-236.449
-227.458
-226.217
-219.773
-222.575
-222.672
-219.057
-212.394
-141.531
-167.094
-243.964
-153.195
-240.148
-215.331
-239.766
-245.582
-185.492
-235.567
-235.27
-237.332
-231.398
-249.769
-231.582
-202.688
-248.203
-235.289
-237.878
-223.387
-215.667
-109.604
-135.572
-234.495
-244.411
-169.002
-188.281
-249.907
-248.245
-219.838
-230.411
-162.952
-224.549
-220.677
-200.669
-204.818
-219.411
-243.507
-241.086
-243.69
-199.407
-224.222
-236.576
-231.695
-232.235
-235.294
-144.218
-245.657
-244.82
-174.702
-232.802
-243.857
-217.695
-123.607
-239.827
-242.038
-193.632
-223.106
-230.598
-235.694
-205.294
-226.23
-242.565
-246.089
-243.533
-247.938
-240.073
-220.315
-229.909
-186.584
-227.897
-243.181
-248.955
-248.673
-238.812
-235.798
-248.077
-231.645
-128.985
-249.348
-207.221
-196.17
-245.159
-248.429
-192.449
-247.02
-225.139
-217.867
-227.102
-224.772
-239.054
-239.395
-194.635
-245.43
-191.551
-223.38
-233.86
-239.678
-242.104
-179.682
-219.42
-163.194
-241.569
-214.474
-237.348
-239.31
-220.595
-242.964
-188.222
-172.436
-185.311
-236.474
-143.645
-207.65
-216.01
-216.638
-217.587
-175.532
-230.203
-234.138
-190.044
-216.068
-203.216
-230.001
-179.14
-210.054
-247.815
-224.771
-212.42
-224.052
-249.644
-183.506
-200.266
-243.412
-244.08
-221.635
-247.172
-144.314
-242.538
-220.653
-227.372
-240.688
-216.405
-230.297
-145.733
-223.088
-164.013
-205.782
-222.227
-208.881
-225.059
-174.519
-234.454
-220.701
-247.553
-243.564
-245.323
-226.415
-237.669
-234.073
-191.137
-214.712
-224.485
-204.923
-230.917
-212.555
-222.383
-229.762
-239.121
-197.729
-238.237
-227.127
-236.936
-175.126
-239.014
-202.885
-152.765
-230.29
-247.189
-230.391
-249.711
-248.506
-239.958
-212.27
-237.14
-239.195
-216.505
-227.308
-224.171
-215.884
-138.126
-180.095
-237.348
-248.941
-239.826
-227.258
-190.21
-239.057
-197.135
-237.602
-249.33
-206.391
-224.822
-241.244
-224.238
-226.605
-223.554
-232.704
-234.263
-162.134
-207.001
-213.53
-215.51
-236.022
-239.592
-191.353
-249.683
-245.582
-187.094
-243.578
-245.371
-248.734
-244.971
-245.588
-170.247
-249.657
-227.564
-242.221
-232.89
-186.905
-231.727
-237.777
-242.138
-247.555
-247.835
-216.069
-237.166
-189.515
-211.56
-207.835
-246.457
-195.542
-234.836
-245.175
-137.121
-162.237
-220.528
-230.497
-236.726
-248.22
-246.8
-195.124
-218.077
-231.197
-211.954
-225.995
-248.066
-125.288
-173.476
-216.22
-236.396
-241.265
-231.429
-243.627
-219.512
-184.854
-192.166
-245.503
-175.213
-191.871
-244.569
-237.562
-241.151
-247.483
-230.307
-186.9
-237.996
-231.878
-211.542
-242.264
-211.985
-212.962
-238.738
-220.049
-228.824
-249.912
-236.95
-243.604
61.0297
-79.6761
-126.003
-147.215
-163.937
-187.156
-240.714
-245.818
-217.648
-202.8
-218.006
-203.928
-227.268
-244.814
-137.678
-232.8
-215.493
-232.633
-225.581
-236.366
-209.243
-247.364
-247.716
-224.11
-229.675
-226.388
-249.107
-188.451
-245.884
-234.558
-168.705
-244.188
-244.219
-203.453
-216.835
-209.185
-239.613
-223.049
-231.298
-237.781
-248.482
-247.021
-248.526
-222.342
-239.184
-196.966
-237.611
-249.5
-247.87
-228.001
-233.221
-196.255
-207.485
-208.154
-214.428
-215.036
-148.3
-223.857
-235.525
-246.052
-234.347
-234.97
-182.659
-226.153
-240.943
-219.536
-222.337
-246.441
-236.604
-241.985
-207.77
-176.665
-205.744
-174.917
-199.305
-182.699
-238.917
-223.738
-161.752
-167.341
-248.629
-238.881
-237.345
-245.944
-141.655
-148.365
-234.939
-15.5347
-35.307
-230.982
-245.389
-25.4887
-33.1023
-43.9829
-96.2164
-105.891
-191.584
-243.945
-228.446
-234.832
-233.457
-210.116
-235.58
-244.362
-239.61
-247.629
-168.65
-170.863
-218.253
-238.774
-239.453
-247.484
-240.683
-240.623
-244.539
-132.781
-249.021
-161.439
-178.022
-249.585
-222.709
-238.846
-192.802
-249.126
-113.314
-214.74
-164.977
-220.407
-151.495
-186.887
-236.807
-226.84
-214.945
-235.59
-151.607
-180.799
-244.267
-186.687
-237.154
-148.654
-152.031
-215.258
-197.705
-223.861
-239.846
-235.768
-172.069
-210.27
-249.094
-225.909
-228.792
-230.932
-241.087
-241.915
-189.041
-184.579
-209.13
-237.813
-213.826
-234.596
-224.983
-176.129
-189.963
-236.588
-208.564
-241.685
-232.813
-212.207
-247.832
-245.927
-218.293
-186.168
-248.848
-215.649
-234.383
-141.508
-242.034
-232.281
-204.07
-229.355
-239.016
-180.332
-222.434
-225.17
-241.724
-169.858
-186.693
-190.878
-213.349
-247.438
-223.193
-240.722
-228.975
-175.404
-236.642
-239.949
-227.341
-234.818
-239.618
-244.862
-226.711
-248.696
-233.726
-243.347
-231.145
-247.883
-242.252
-227.71
-229.456
-230.376
-242.573
-160.321
-188.737
-234.835
-200.376
-227.579
-227.295
-193.979
-245.636
-243.67
-246.145
-237.128
-226.59
-186.425
-234.178
-235.845
-185.635
-211.558
-245.304
-235.759
-244.191
-195.576
-232.156
-245.939
-237.634
-244.137
-240.482
-220.628
-232.032
-193.708
-219.205
-159.379
-211.634
-234.815
-233.101
-212.494
-210.07
-103.878
-165.704
-172.329
-234.791
-234.921
-247.424
-181.826
-241.871
-247.874
-240.992
-214.413
-171.943
-249.711
-122.428
-182.707
-242.085
-206.935
-217.099
-227.811
-248.258
-248.482
-247.905
-225.398
-235.035
-202.438
-245.3
-247.568
-228.699
-220.591
-233.439
-214.81
-240.564
-220.171
-226.339
-242.953
-246.888
-219.966
-194.18
-202.559
-154.036
-239.148
-228.952
-239.96
-239.447
-245.818
-225.546
-208.948
-227.282
-142.564
-213.866
-230.582
-245.968
-233.092
-243.794
-197.619
-191.415
-180.21
-241.313
-212.464
-206.62
-237.261
-194.933
-239.875
-245.047
-204.184
-224.86
-241.519
-240.096
-160.216
-243.388
-184.22
-225.95
-227.832
-219.946
-227.457
-227.842
-242.457
-85.8476
-117.124
-143.034
-145.446
-245.813
-241.29
-239.683
-185.372
-205.265
-159.16
-194.07
-245.795
-225.264
-239.041
-153.02
-234.299
-241.892
-220.9
-207.355
-240.801
-244.379
-211.462
-209.607
-233.578
-237.134
-196.396
-238.749
-199.344
-225.091
-236.883
-231.877
-220.803
-231.217
-159.032
-242.334
-246.993
-194.258
-194.48
-236.287
-244.831
-240.695
-244.74
-232.711
-248.619
-223.984
-153.589
-246.241
-182.79
-167.048
-171.255
-243.574
-240.929
-194.959
-102.397
-246.111
-154.12
-170.07
-160.725
-57.8669
-120.269
-152.968
-232.599
-226.391
-249.847
-213.414
-217.093
-181.844
-215.675
-245.478
-212.252
-235.986
-139.469
-179.843
-240.628
-248.68
-225.669
-234.238
-243.415
-238.542
-245.413
-222.86
-129.721
-211.299
-219.735
-238.799
-244.266
-213.363
-240.712
-240.76
-219.134
-227.684
-230.122
-202.533
-244.981
-248.396
-225.592
-201.234
-101.751
-121.457
-204.22
-167.581
-240.44
-217.272
-176.988
-247.953
-198.699
-211.326
-243.38
-247.737
-237.94
-222.251
-185.504
-238.595
-239.843
-225.107
-225.601
-216.554
-234.204
-215.422
-221.891
-236.957
-225.288
-164.537
-213.863
-204.025
-245.577
-238.799
-210.417
-221.673
-191.743
-219.128
-242.967
-247.077
-244.057
-225.98
-235.118
-165.092
-185.448
-182.322
-242.919
-243.739
-216.911
-239.691
-202.531
-203.533
-210.459
-234.606
-246.003
-204.257
-218.034
-222.839
-249.97
-212.708
-245.949
-241.147
-172.914
-217.047
-212.617
-215.519
-244.043
-244.468
-202.443
-239.382
-235.246
-176.914
-230.187
-247.056
-235.933
-163
-245.156
-206.336
-222.006
-218.95
-178.667
-199.093
-246.999
-239.885
-226.64
-248.835
-225.713
-230.063
-192.544
-248.386
-249.954
-248.117
-165.203
-230.342
-188.192
-182.901
-218.287
-224.238
-247.037
-245.149
-248.201
-236.953
-197.512
-162.114
-221.787
-249.385
-239.987
-235.854
-242.367
-227.947
-226.565
-241.054
-212.076
-246.349
-233.299
-239.281
-244.77
-243.101
-226.175
-236.307
-190.567
-248.616
-208.567
-235.61
-165.697
-194.936
-217.687
-241.467
-127.499
-199.237
-238.107
-244.343
-201.163
-227.458
-243.226
-216.652
-243.569
-179.25
-194.537
-248.873
-236.6
-222.689
-225.52
-245.384
-216.589
-195.524
-221.77
-239.631
-160.341
-172.995
-245.126
-246.302
-221.178
-249.031
-158.829
-200.951
-241.765
-172.951
-205.354
-232.323
-249.851
-192.239
-244.621
-176.154
-228.393
-203.12
-209.066
-228.885
-197.417
-214.092
-230.586
-181.76
-211.206
-237.176
-224.793
-228.964
-156.363
-199.187
-228.835
-248.04
-228.148
-227.51
-232.402
-246.609
-190.677
-128.105
-208.781
-220.303
-237.473
-241.252
-231.005
-246.505
-244.234
-224.621
-221.992
-225.22
-237.394
-148.124
-237.013
-243.517
-239.416
-248.686
-224.783
-245.051
-204.908
-237.058
-194.801
-215.406
-224.243
-240.486
-220.013
-245.072
-237.232
-244.059
-225.206
-240.303
-240.636
-237.584
-234.824
-240.388
-218.343
-248.968
-243.348
-238.768
-222.492
-240.337
-200.023
-192.717
-205.289
-124.743
-234.741
-201.209
-204.517
-229.603
-248.739
-244.592
-196.076
-230.367
-206.357
-218.306
-233.015
-244.826
-223.826
-216.416
-205.798
-229.61
-193.611
-181.772
-232.288
-245.117
-149.612
-247.97
-246.199
-220.051
-212.299
-239.964
-249.832
-238.235
-215.972
-228.372
-246.448
-200.008
-242.614
-165.859
-229.834
-87.2994
-221.665
-239.094
-199.955
-229.162
-212.497
-224.419
-215.75
-214.906
-225.681
-238.875
-238.354
-215.796
-211.732
-219.859
-232.595
-240.288
-237.522
-235.993
-243.699
-247.311
-217.418
-221.973
-202.18
-211.189
-160.627
-162.921
-188.464
-221.098
-238.061
-235.153
-248.692
-247.493
-246.925
-176.397
-232.571
-195.064
-244.909
-200.065
-237.916
-235.79
-184.9
-241.655
-246.409
-237.593
-226.297
-239.501
-241.3
-245.602
-224.811
-181.294
-217.215
-249.285
-208.035
-238.313
-222.27
-186.329
-197.22
-249.455
-235.657
-144
-230.974
-243.639
-236.727
-228.392
-249.838
-248.319
-237.627
-101.746
-133.148
-153.232
-202.648
-218.499
-161.517
-205.329
-206.706
-240.759
-232.113
-234.039
-222.522
-225.302
-241.307
-206.832
-219.524
-241.831
-217.688
-210.596
-219.727
-247.428
-239.402
-229.02
-221.269
-242.321
-191.49
-204.911
-227.924
-200.026
-182.728
-231.826
-239.124
-241.677
-243.929
-236.256
-243.187
-246.602
-244.352
-219.665
-197.238
-208.625
-241.342
-219.473
-249.252
-231.331
-231.299
-241.33
-226.499
-241.356
-233.681
-232.165
-227.238
-230.478
-221.952
-212.955
-228.519
-156.877
-217.477
-233.746
-227.858
-179.679
-241.481
-248.133
-240.022
-235.37
-212.138
-241.536
-243.633
-233.161
-246.912
-247.265
-232.794
-229.005
-249.596
-247.609
-115.094
-242.43
-247.083
-230.457
-225.487
-249.075
-179.782
-220.155
-225.15
-246.253
-228.598
-203.177
-222.238
-230.661
-247.091
-229.775
-228.371
-196.622
-232.924
-209.012
-206.718
-235.609
-244.159
-200.508
-219.704
-187.191
-237.168
-242.798
-226.247
-218.59
-232.341
-241.002
-241.192
-160.582
-248.733
-246.219
-217.98
-248.128
-195.477
-195.193
-166.077
-182.3
-234.652
-241.66
-234.639
-188.674
-143.566
-202.442
-223.291
-238.975
-225.906
-243.397
-244.137
-202.579
-246.085
-241.623
-187.096
-187.151
-198.407
-241.019
-239.879
-222.155
-214.649
-248.681
-217.51
-221.847
-226.98
-213.341
-234.933
-241.968
-240.555
-245.67
-231.106
-191.419
-231.445
-233.471
-233.13
-223.423
-210.402
-231.375
-232.976
-249.821
-212.78
-210.196
-247.56
-233.074
-244.71
-227.725
-217.786
-225.273
-229.347
-238.288
-242.546
-215.061
-219.572
-102.151
-141.578
-245.493
-249.253
-238.97
-240.065
-237.133
-231.036
-238.225
-243.096
-244.992
-205.695
-224.102
-241.348
-140.845
-209.209
-213.706
-244.149
-152.907
-226.675
-235.25
-233.046
-246.324
-212.408
-215.803
-59.7179
-142.99
-185.671
-204.727
-227.63
-239.651
-240.434
-246.622
-213.627
-242.193
-237.499
-170.734
-230.977
-246.447
-241.677
-235.171
-200.509
-249.662
-233.158
-176.356
-126.606
-210.273
-204.876
-237.399
-247.092
-192.672
-247.852
-223.69
-234.584
-239.564
-244.747
-235.69
-248.099
-183.087
-225.961
-236.42
-245.549
-209.987
-229.965
-212.289
-237.295
-212.919
-240.523
-141.563
-214.647
-209.06
-247.84
-224.599
-174.719
-232.635
-240.269
-248.311
-223.028
-236.295
-244.135
-236.401
-241.684
-246.865
-219.052
-151.091
-178.883
-192.135
-215.043
-247.139
-237.063
-242.44
-175.254
-226.186
-249.832
-207.77
-169.213
-236.293
-239.799
-213.843
-243.398
-234.485
-203.329
-179.127
-177.392
-210.41
-245.594
-202.052
-242.23
-236.554
-106.108
-154.005
-238.122
-243.537
-240.843
-175.76
-196.023
-249.68
-180.364
-229.595
-237.785
-235.551
-196.188
-244.169
-242.115
-207.071
-195.894
-205.21
-184.165
-211.097
-199.025
-211.399
-139.912
-197.173
-240.001
-235.589
-243.771
-244.519
-239.212
-226.117
-137.816
-139.302
-160.035
-204.539
-235.963
-169.776
-222.788
-212.645
-220.172
-155.73
-203.139
-234.657
-239.573
-187.556
-232.076
-248.048
-219.353
-231.511
-225.03
-230.741
-214.484
-245.182
-224.213
-199.027
-225.673
-171.506
-202.964
-235.647
-245.958
-150.151
-239.79
-241.724
-202.831
-236.819
-131.877
-203.208
-210.078
-201.578
-235.707
-140.575
-231.446
-247.117
-147.371
-248.261
-206.987
-234.411
-230.965
-241.535
-219.248
-246.264
-228.499
-196.732
-239.94
-242.366
-244.905
-242.538
-217.892
-236.175
-179.11
-188.954
-235.934
-233.419
-216.418
-233.53
-232.669
-192.615
-205.839
-190.183
-241.038
-244.17
-229.133
-235.154
-186.202
-248.957
-135.14
-223.506
-244.942
-182.547
-220.335
-233.129
-249.13
-194.533
-240.37
-217.611
-243.09
-226.532
-135.597
-242.856
-231.542
-238.407
-176.035
-233.927
-211.593
-193.474
-218.032
-230.294
-242.191
-200.27
-203.065
-242.741
-234.31
-244.899
-173.075
-212.825
-203.685
-248.817
-215.764
-237.01
-239.432
-132.472
-241.182
-210.328
-204.703
-8.56429
-38.948
-48.6865
-55.5649
-106.704
-124.613
-230.375
-229.555
-217.609
-247.966
-238.733
-248.586
-147.9
-245.202
-175.676
-247.426
-235.651
-221.563
-209.796
-217.536
-153.311
-243.954
-247.927
-210.833
-222.225
-231.675
-199.842
-193.346
-241.733
-225.025
-224.161
-217.764
-245.786
-241.165
-240.585
-235.166
-213.647
-243.031
-240.892
-241.344
-240.726
-233.981
-157.269
-234.606
-243.734
-193.16
-235.656
-114.771
-247.599
-221.489
-241.676
-247.495
-228.957
-216.915
-220.643
-239.002
-88.3665
-224.127
-249.064
-247.886
-238.878
-238.058
-244.759
-142.566
-247.686
-226.69
-249.655
-213.211
-195.353
-196.824
-236.088
-198.534
-233.809
-243.748
-248.62
-247.711
-186.78
-216.87
-227.916
-171.34
-244.362
-204.746
-249.749
-210.413
-183.731
-188.31
-207.381
-242.863
-229.438
-249.242
-235.66
-231.687
-245.71
-239.719
-241.555
-245.67
-211.426
-234.3
-240.51
-241.17
-175.141
-206.888
-248.381
-209.865
-210.281
-228.807
-249.208
-214.07
-240.004
-248.297
-209.787
-235.304
-247.137
-240.698
-228.868
-246.356
-239.397
-242.86
-243.431
-243.132
-249.104
-195.296
-241.529
-203.875
-236.747
-245.504
-241.541
-248.57
-201.034
-242.289
-198.753
-217.401
-186.801
-249.583
-240.725
-202.628
-121.823
-153.608
-201.873
-224.568
-191.405
-143.294
-243.793
-172.085
-157.073
-161.134
-230.414
-235.699
-230.198
-198.899
-206.94
-218.89
-246.266
-242.458
-145.383
-212.286
-243.177
-158.119
-249.394
-248.167
-233.669
-211.488
-116.243
-239.449
-248.115
-231.003
-243.981
-245.178
-246.589
-208.033
-240.264
-209.834
-248.662
-239.537
-172.599
-230.855
-235.6
-212.105
-201.969
-227.97
-230.247
-207.904
-204.164
-244.458
-236.039
-181.648
-236.701
-216.398
-239.011
-240.143
-239.294
-247.29
-194.027
-219.073
-216.148
-249.317
-239.91
-227.501
-242.743
-166.866
-246.229
-198.715
-199.481
-212.474
-200.712
-205.513
-174.931
-235.907
-218.785
-190.371
-239.993
-248.247
-217.768
-192.309
-236.846
-121.348
-242.405
-244.32
-241.981
-235.136
-174.246
-245.447
-206.281
-214.511
-193.86
-204.634
-168.794
-207.686
-199.565
-198.044
-249.384
-239.976
-240.717
-240.365
-237.794
-209.645
-186.974
-234.796
-242.916
-227.602
-243.539
-229.019
-230.823
-236.378
-246.79
-247.116
-245.455
-241.876
-229.74
-223.458
-223.746
-208.586
-244.36
-193.073
-233.421
-249.616
-237.016
-223.79
-249.95
-200.146
-222.247
-231.846
-242.719
-236.843
-175.069
-231.911
-161.734
-222.384
-240.269
-183.143
-202.537
-225.413
-243.556
-241.853
-237.066
-228.545
-158.015
-248.202
-249.84
-223.42
-216.498
-235.028
-221.619
-231.473
-210.772
-199.983
-223.115
-238.113
-234.816
-191.262
-219.684
-244.283
-233.327
-245.472
-244.25
-130.141
-138.341
-242.545
-194.582
-221.744
-203.879
-209.512
-236.742
-242.313
-206.591
-201.369
-242.466
-210.59
-248.66
-214.332
-219.812
-240.105
-240.889
-224.667
-244.93
-241.77
-246.029
-246.668
-240.284
-218.304
-249.394
-218.728
-223.2
-237.52
-247.693
-223.734
-176.372
-208.95
-245.102
-227.325
-225.135
-249.099
-238.965
-236.568
-138.615
-221.029
-242.109
-169.396
-243.979
-195.731
-185.926
-191.995
-225.293
-236.412
-246.714
-209.127
-221.195
-247.472
-199.229
-202.438
-232.754
-248.567
-116.051
-223.098
-216.888
-199.316
-214.437
-163.295
-249.246
-198.31
-247.238
-224.952
-222.159
-246.326
-248.832
-224.671
-225.927
-150.322
-167.224
-235.178
-181.632
-242.901
-224.295
-143.536
-200.631
-241.119
-249.064
-235.761
-225.036
-243.695
-171.603
-216.011
-219.871
-238.755
-248.379
-112.208
-243.771
-193.218
-232.432
-224.95
-220.917
-232.47
-223.779
-249.874
-236.006
-225.54
-243.936
-244.574
-154.6
-246.188
-242.593
-230.082
-239.517
-242.461
-193.661
-197.546
-206.362
-225.744
-237.628
-240.979
-219.928
-196.282
-189.26
-220.766
-193.087
-197.111
-235.575
-240.988
-220.543
-210.633
-240.416
-222.173
-235.025
-240.602
-216.038
-183.011
-245.487
-249.387
-231.169
-175.639
-241.309
-232.018
-213.511
-248.575
-241.415
-169.423
-236.381
-240.227
-239.345
-224.894
-227.437
-241.02
-246.179
-204.601
-248.789
-245.5
-247.881
-212.038
-221.031
-164.889
-207.006
-198.954
-249.844
-237.309
-242.821
-235.054
-226.673
-232.01
-241.756
-191.418
-204.146
-247.811
-209.492
-248.707
-199.609
-225.768
-242.738
-246.582
-235.143
-128.114
-189.205
-225.64
-206.082
-226.953
-249.918
-224.97
-227.394
-218.631
-243.947
-221.131
-226.049
-240.163
-242.707
-157.879
-243.446
-246.022
-239.796
-240.74
-180.543
-248.05
-214.538
-182.553
-246.534
-246.568
-206.779
-236.423
-224.425
-137.809
-237.262
-241.425
-223.939
-184.713
-226.177
-213.997
-213.514
-231.984
-229.741
-203.099
-230.183
-247.339
-234.884
-247.629
-244.943
-246.447
-227.036
-244.635
-243.007
-248.881
-227.94
-232.951
-249.664
-186.552
-228.322
-243.742
-230.552
-214.191
-239.335
-209.986
-217.262
-237.874
-239.768
-227.353
-159.168
-215.75
-196.688
-225.637
-232.092
-221.693
-219.571
-226.562
-176.418
-243.556
-249.35
-235.927
-241.741
-245.761
-225.34
-235.813
-171.148
-241.839
-207.135
-245.25
-166.965
-243.039
-205.75
-247.773
-224.563
-223.476
-233.087
-194.359
-197.603
-237.186
-234.466
-140.856
-219.616
-116.576
-249.886
-240.555
-203.296
-221.443
-246.86
-226.469
-232.124
-246.695
-243.684
-224.818
-186.708
-196.835
-205.593
-244.557
-232.537
-245.292
-237.912
-222.557
-204.003
-248.408
-229.882
-239.889
-233.607
-209.459
-246.5
-234.617
-246.27
-230.19
-213.785
-246.539
-210.683
-241.936
-191.054
-246.104
-218.512
-243.409
-227.553
-205.383
-152.792
-204.623
-235.465
-242.496
-188.861
-177.295
-203.05
-105.259
-224.365
-214.499
-248.881
-224.832
-128.12
-162.377
-238.14
-238.83
-249.969
-222.775
-230.07
-242.853
-209.898
-226.65
-249.048
-215.543
-201.445
-202.267
-231.926
-212.63
-231.723
-225.046
-191.309
-247.439
-141.395
-249.061
-187.087
-223.74
-247.493
-122.285
-248.497
-208.083
-245.884
-190.277
-245.149
-240.041
-224.297
-238.673
-164.659
-234.681
-213.792
-243.497
-240.237
-247.943
-201.447
-237.029
-197.79
-229.919
-227.868
-132.39
-228.026
-183.444
-219.096
-235.371
-237.07
-223.192
-247.49
-235.973
-233.3
-222.155
-237.565
-238.869
-247.485
-244.987
-248.677
-203.605
-161.609
-227.131
-221.299
-186.194
-249.319
-231.267
-219.979
-200.17
-220.233
-192.515
-232.958
-231.046
-187.65
-242.72
-220.534
-226.408
-205.605
-219.977
-100.456
-224.143
-241.486
-192.359
-227.257
-244.425
-241.209
-205.671
-229.178
-236.921
-168.67
-195.371
-220.017
-167.362
-169.296
-145.333
-242.108
-186.398
-240.561
-226.026
-245.686
-238.079
-210.77
-244.163
-245.517
-249.55
-234.581
-225.199
-236.475
-241.355
-242.282
-249.757
-236.724
-240.818
-160.295
-227.559
-246.738
-234.86
-241.59
-180.728
-241.315
-240.1
-238.259
-238.694
-245.574
-248.418
-156.732
-229.785
-177.135
-230.646
-219.6
-235.873
-240.718
-247.98
-236.472
-229.96
-153.929
-161.878
-226.489
-227.529
-167.096
-203.713
-234.898
-242.004
-231.699
-189.397
-238.387
-246.767
-211.374
-242.753
-198.303
-223.916
-244.805
-186.784
-221.141
-240.636
-248.557
-248.993
-244.841
-232.519
-186.722
-199.717
-241.908
-245.565
-247.591
-236.771
-245.38
-232.924
-210.789
-221.742
-247.597
-225.639
-225.152
-235.2
-240.409
-214.195
-177.119
-146.952
-153.573
-232.641
-246.943
-183.122
-227.41
-241.046
-217.417
-184.038
-241.564
-172.885
-235.81
-214.448
-219.721
-217.59
-241.78
-207.652
-245.319
-166.825
-249.128
-212.502
-210.122
-234.845
-225.383
-247.032
-222.697
-247.455
-229.952
-246.306
-219.737
-221.774
-175.576
-209.049
-222.133
-231.214
-183.462
-207.668
-234.112
-229.473
-226.278
-236.356
-240.166
-227.718
-235.828
-238.805
-247.428
-178.634
-236.92
-228.599
-240.283
-244.594
-230.673
-240.192
-155.595
-238.119
-193.9
-237.211
-222.499
-183.247
-235.935
-246.448
-197.509
-216.852
-248.791
-135.712
-247.164
-221.56
-223.405
-244.869
-244.572
-230.008
-128.114
-196.316
-209.995
-244.76
-237.456
-229.508
-217.835
-246.055
-206.298
-235.159
-245.474
-236.265
-224.514
-244.632
-233.571
-234.523
-225.244
-239.172
-219.116
-235.862
-172.842
-166.105
-175.859
-191.779
-226.322
-230.05
-222.606
-165.907
-241.475
-227.953
-246.334
-183.386
-249.306
-240.031
-164.474
-238.025
-208.988
-233.684
-234.67
-238.122
-219.007
-229.579
-236.454
-235.51
-247.6
-207.242
-231.787
-209.324
-244.539
-233.707
-230.162
-175.118
-138.011
-168.275
-203.644
-229.36
-242.775
-211.705
-238.495
-186.238
-220.816
-243.235
-240.478
-238.966
-213.439
-201.54
-230.861
-233.903
-229.535
-181.311
-237.782
-216.245
-244.554
-241.388
-122.81
-235.434
-178.442
-214.266
-243.279
-217.972
-232.049
-237.454
-235.601
-235.716
-215.078
-238.144
-246.34
-236.589
-177.559
-222.626
-220.232
-221.556
-164.919
-241.332
-236.093
-243.991
-249.554
-235.766
-220.676
-187.689
-216.772
-242.943
-230.911
-237.231
-209.52
-218.982
-204.587
-228.399
-181.645
-190.471
-210.718
-244.536
-248.999
-207.352
-217.915
-189.09
-193.413
-243.183
-205.27
-224.589
-181.694
-225.783
-232.555
-239.329
-219.881
-223.656
-198.118
-235.339
-187.82
-172.772
-223.949
-169.396
-224.94
-232.639
-191.766
-209.559
-231.637
-230.926
-243.939
-178.994
-238.749
-182.655
-239.345
-230.433
-247.186
-224.655
-212.317
-182.735
-240.614
-237.782
-224.669
-207.142
-219.598
-169.592
-114.843
-145.298
-210.363
-215.975
-245.975
-228.782
-232.873
-248.46
-227.708
-169.669
-186.499
-198.146
-234.095
-223.983
-198.07
-240.75
-244.976
-239.087
-201.733
-226.567
-180.933
-200.389
-248.498
-180.307
-221.921
-247.231
-103.731
-244.012
-243.418
-222.515
-232.865
-220.494
-230.524
-228.761
-233.206
-196.785
-206.202
-247.428
-172.19
-214.875
-217.347
-207.33
-209.895
-232.369
-242.085
-227.967
-225.668
-165.27
-198.703
-235.98
-244.209
-171.622
-226.718
-229.433
-243.649
-237.197
-247.576
-208.167
-240.497
-249.025
-216.163
-209.347
-224.689
-200.974
-204.079
-228.433
-236.835
-193.368
-247.154
-246.35
-183.655
-208.763
-235.26
-240.232
-225.462
-229.521
-240.215
-244.579
-242.937
-222.612
-243.317
-245.982
-234.244
-213.301
-217.114
-242.573
-182.907
-240.268
-202.308
-229.637
-229.837
-239.538
-219.879
-202.655
-247.716
-247.362
-212.887
-224.496
-226.396
-238.431
-243.837
-235.178
-190.202
-206.224
-243.393
-213.039
-223.755
-232.499
-113.167
-149.013
-218.622
-238.709
-219.167
-175.242
-184.204
-203.36
-237.694
-204.699
-226.276
-248.32
-214.515
-238.482
-209.079
-163.682
-109.705
-171.655
-239.379
-227.415
-244.33
-238.667
-226.823
-231.925
-246.608
-182.586
-244.893
-201.062
-165.648
-238.616
-214.666
-202.813
-227.828
-227.612
-245.949
-190.522
-221.912
-141.147
-233.313
-244.514
-246.363
-237.623
-242.684
-244.798
-209.535
-203.855
-248.464
-240.807
-136.825
-180.495
-248.633
-242.299
-233.653
-199.816
-222.629
-237.179
-238.897
-235.678
-242.936
-227.578
-181.685
-209.988
-239.687
-233.796
-238.808
-240.959
-178.284
-240.645
-241.669
-129.844
-198.977
-241.47
-182.497
-208.809
-239.399
-199.662
-232.706
-244.632
-246.659
-212.006
-239.449
-147.129
-155.285
-166.013
-171.529
-184.453
-221.754
-217.053
-248.749
-143.238
-239.083
-213.575
-237.805
-183.506
-234.606
-240.266
-233.599
-201.666
-245.862
-200.064
-213.643
-233.353
-241.483
-227.027
-237.537
-207.597
-150.249
-164.635
-172.596
-221.129
-226.655
-248.338
-170.895
-201.509
-147.067
-139.746
-189.56
-212.038
-159.304
-220.516
-237.236
-244.462
-145.806
-183.867
-240.925
-152.555
-243.607
-205.691
-234.86
-211.574
-228.358
-197.314
-224.404
-240.858
-247.469
-172.424
-214.559
-239.66
-132.65
-141.693
-243.279
-234.05
-234.432
-245.323
-243.344
-242.181
-245.04
-248.211
-246.252
-118.983
-196.407
-235.111
-249.412
-193.562
-227.006
-242.456
-232.168
-223.4
-240.28
-228.188
-230.853
-242.571
-238.659
-245.531
-232.536
-202.022
-221.165
-242.135
-234.916
-126.777
-128.095
-236.512
-208.553
-94.0767
-240.005
-43.9352
-184.463
-234.336
-235.125
-240.298
-208.037
-214.24
-230.646
-248.198
-210.776
-219.515
-225.822
-216.063
-227.711
-243.151
-239.945
-222.753
43.3093
-30.7278
-200.229
-236.119
-166.433
-248.06
