0.425477
0.690032
0.9109
8.36171
39.7407
0.105239
1.3001
3.43864
0.120859
0.180507
1.47984
0.268816
4.11966
0.141392
0.41339
0.123493
0.143058
1.86179
0.587322
0.378148
11.6691
0.183783
0.319297
0.378407
0.14491
0.125456
0.136402
0.408716
2.09355
0.177853
0.218625
0.145343
1.03087
0.191071
0.671229
0.104256
0.721303
1.46987
0.186244
0.694418
0.386671
0.343629
0.140629
0.953353
0.308144
0.134666
2.86948
0.320999
2.08988
7.95669
0.201239
0.199428
0.16466
0.175738
4.42081
0.554801
0.519733
1.28107
0.38812
0.285974
1.01424
1.21036
0.773742
4.93027
0.142702
0.126238
0.787705
0.147239
0.108445
0.394529
0.222187
0.491846
2.5449
0.20522
0.195113
5.60107
3.42894
0.202631
0.11014
0.427562
0.355943
0.128581
0.161834
0.188803
0.108461
5.50943
0.104914
6.18931
0.531825
2.99655
0.162461
1.62526
13.9824
5.60487
4.46986
0.931884
4.56328
2.26954
0.10995
0.582961
1.26637
0.7068
0.363382
0.609485
0.197377
7.44186
2.26672
0.230818
0.348143
0.478094
0.120934
0.143632
0.137342
0.385138
0.126909
0.148811
0.410059
5.63134
0.132815
0.143401
0.332752
0.6861
1.25415
0.961084
2.07659
0.720722
0.461961
2.02844
0.574212
1.37937
0.179428
0.799052
5.08414
0.561691
0.370592
0.572322
2.502
0.299266
0.589116
1.50245
2.03369
0.529402
0.369728
4.20385
0.156852
0.995317
5.5881
0.596426
0.981936
0.155238
0.320082
2.66981
0.177376
1.06087
0.189138
0.129844
0.134892
0.534264
4.59256
0.181937
0.289501
0.186523
0.546475
3.02097
1.70457
6.58936
0.870223
0.516157
0.282592
0.125486
1.36362
0.264329
7.38228
1.80748
0.155038
1.8051
6.18309
3.35015
0.655313
7.44667
2.63527
0.494146
0.347187
0.164108
5.6719
0.356501
1.42364
4.13393
0.106785
0.122728
0.154961
0.348491
2.77761
0.385031
0.647816
0.409408
0.216004
0.259358
0.211283
2.20921
0.130232
0.597036
0.694766
0.151464
0.31081
0.22205
0.312378
0.585464
0.625728
5.18328
0.118266
0.299613
0.252195
0.177123
0.20208
2.91924
0.356907
0.334099
0.103345
1.14754
0.111307
0.221857
0.297479
3.90657
0.232426
0.544276
1.05001
0.484557
0.16603
0.3418
0.158256
0.750511
0.30719
0.12981
0.176971
0.475262
0.320892
1.17395
4.7485
0.12222
0.991043
1.47192
0.142582
0.40964
1.02655
0.205737
0.279658
0.115891
1.1015
0.107763
0.891997
0.838868
0.104254
7.19268
0.826785
1.93823
0.435251
1.5046
0.1647
2.34797
6.37805
0.694857
0.196834
0.144172
0.336628
0.545119
