-0.992157
-0.97048
-0.999627
-0.99486
-0.992674
-0.608213
-0.871999
-0.987679
-0.906366
-0.937314
-0.183712
-0.985347
-0.998301
-0.939366
-0.989595
-0.999446
-0.817589
-0.975131
-0.971363
-0.989573
-0.970335
-0.987162
-0.731547
-0.964478
-0.894923
-0.942315
-0.652809
-0.784738
-0.993389
-0.91933
-0.948752
-0.98031
-0.994907
-0.974744
-0.968356
-0.731429
-0.952358
-0.756814
-0.969838
-0.955573
-0.990219
-0.988628
-0.94563
-0.883146
-0.256987
-0.845758
-0.617565
-0.988498
-0.778189
-0.966819
-0.977269
-0.689123
-0.974137
-0.722589
-0.95093
-0.991222
-0.998077
-0.988113
-0.965278
-0.626285
-0.949366
-0.859652
-0.970154
-0.817533
-0.923902
-0.975011
-0.940377
-0.947269
-0.820304
-0.998262
-0.95054
-0.889466
-0.973681
-0.98068
-0.984004
-0.95972
-0.818361
-0.996713
-0.78336
-0.965455
-0.83117
-0.628136
-0.931693
-0.191813
-0.963267
-0.998966
-0.9889
-0.975573
-0.980588
-0.939872
-0.954432
-0.902382
-0.739478
-0.945893
-0.969951
-0.843756
-0.878456
-0.947111
-0.993864
-0.908946
-0.983189
-0.983901
-0.934919
-0.98963
-0.997027
-0.999844
-0.806179
-0.477615
-0.951699
-0.962924
-0.9863
-0.988572
-0.996093
-0.996441
-0.897596
-0.57966
-0.971105
-0.905448
-0.875194
-0.845353
-0.997924
-0.996883
-0.986332
-0.950331
-0.95395
-0.783297
-0.840357
-0.971517
-0.979003
-0.976295
-0.971636
-0.958923
-0.960011
-0.989634
-0.943673
-0.889324
-0.991839
-0.975492
-0.993226
-0.995734
-0.998247
-0.99408
-0.993652
-0.992319
-0.955109
-0.974049
-0.972403
-0.766751
-0.985611
-0.334803
-0.956929
-0.939375
-0.971951
-0.893353
-0.82298
-0.876876
-0.853705
-0.810704
-0.77801
-0.91292
-0.946797
-0.977737
-0.99435
-0.989409
-0.899352
-0.999449
-0.94304
-0.933583
-0.859158
-0.967512
-0.93866
-0.978501
-0.998293
-0.979363
-0.948146
-0.811549
-0.998335
-0.992953
-0.971775
-0.997124
-0.971598
-0.970107
-0.989902
-0.150021
-0.891448
-0.978083
-0.980486
-0.996091
-0.868346
-0.914712
-0.996021
-0.969556
-0.979879
-0.587326
-0.939917
-0.843302
-0.789617
-0.994129
-0.953327
-0.989508
-0.871773
-0.900707
-0.996538
-0.593898
-0.86767
-0.935815
-0.926031
-0.9734
-0.978914
-0.971669
-0.955691
-0.983533
-0.730112
-0.984898
-0.980598
-0.939057
-0.792737
-0.965223
-0.895472
-0.664775
-0.785162
-0.79217
-0.89721
-0.960935
-0.969445
-0.907825
-0.966765
0.347507
-0.945114
-0.823036
-0.990906
-0.991331
-0.998333
-0.99182
-0.978568
0.678776
-0.915389
-0.770599
-0.766118
0.940563
-0.996872
-0.996699
-0.998392
-0.998434
-0.956561
-0.997886
-0.995673
-0.995163
-0.964656
-0.611176
-0.988201
-0.936621
-0.997529
-0.99738
-0.910173
-0.990065
-0.990194
-0.954654
-0.995701
-0.992872
-0.956054
-0.908816
-0.92803
-0.991762
-0.956939
-0.987989
