192.865
167.266
85.0531
-33.9235
-133.351
-222.877
-188.141
-282.837
-269.135
-252.845
-285.327
-194.484
-216.078
-137.156
-269.069
-284.21
-303.225
-290.254
-142.168
-300.621
-300.705
-307.063
-314.521
-310.442
-237.785
-245.495
12.6746
12.3127
-66.3893
-142.453
-155.689
-195.464
-229.327
-273.716
-272.696
-126.173
-308.928
-299.951
-292.735
-126.953
-234.792
-305.775
-272.456
-288.444
-293.321
-299.589
-185.487
-293.333
-248.167
-320.577
-318.453
-167.924
-187.97
-263.48
-190.145
-230.042
-286.604
-270.937
-314.543
-303.381
-305.225
-263.05
-270.014
-267.344
-258.666
-269.852
-288.655
-268.079
-275.126
-316.705
-317.589
-137.553
-216.861
-235.853
-292.236
-262.876
-311.612
-282.583
-179.437
-248.903
-232.718
-286.691
-315.299
-264.828
-285.729
-283.383
-304.584
-233.603
-315.406
-250.057
-318.393
6.24539
-188.643
-276.717
-321.607
-305.012
-313.704
-321.292
-174.343
-228.964
-248.125
-316.99
-227.458
-237.173
-132.637
-298.642
-188.077
-311.499
-194.949
-260.197
-318.637
-311.453
-224.972
-300.408
-301.998
-313.74
-118.844
-312.56
-262.841
-266.954
-273.2
-251.15
-258.869
-298.087
-204.219
-309.281
-217.749
-318.36
-213.278
-257.416
-271.107
-280.767
-224.173
-236.358
-310.195
84.3388
35.6178
-21.5262
-66.494
-150.349
-204.264
-237.86
-246.315
-290.082
-205.398
-259.435
-293.918
-303.047
-288.502
-323.161
-273.173
-287.652
-276.554
-317.047
-255.049
-253.961
-264.068
-252.206
-304.095
-156.083
-157.68
-245.563
-317.531
-151.984
-191.341
-177.256
-273.144
-294.606
-217.903
-269.823
-146.378
-199.337
-293.583
-324.265
-276.494
-296.073
-159.167
-226.033
-281.949
-90.8288
-290.426
-266.354
-312.314
-235.319
-57.4413
-136.702
-242.895
-260.826
-318.747
-140.007
-297.597
-318.858
-283.302
-267.075
-211.105
-322.841
-310.565
-255.768
-279.215
-218.75
-297.873
-188.626
-308.197
-319.161
-308.476
-322.655
-279.089
-322.112
-252.737
-265.637
-279.856
-285.937
-70.1691
-210.115
-292.133
-275.947
-59.1963
-269.176
-257.46
-312.993
-254.841
-285.845
-307.686
-324.438
-316.022
-293.231
-295.721
-241.25
-316.627
-272.057
-324.507
-223.561
-226.526
-250.761
-310.382
-256.837
-292.965
-303.765
-231.789
-218.556
-191.035
-230.053
-234.919
-271.48
-127.278
-251.92
-322.359
-302.002
-320.923
-194.612
-313.539
-272.602
-254.39
-255.935
-177.536
-269.011
-97.0114
-153.919
-158.403
-230.556
-277.317
-288.698
-308.181
-324.604
-208.707
-225.164
