64.6704
-121.073
-212.962
-213.81
-216.443
-236.136
-242.501
-223.296
-229.056
-229.563
-245.808
-246.36
-245.551
-157.758
-218.593
-227.834
-237.998
-244.771
-228.99
-220.193
-172.856
-205.176
-246.131
-234.176
-234.517
-240.81
-249.662
-214.191
-243.294
-218.479
-217.445
-225.603
-247.294
-248.297
-241.771
-246.189
-194.836
-96.7128
-164.244
-209.652
-212.807
-245.609
-101.535
-212.383
-180.07
-197.042
-227.273
-197.62
-241.591
-246.212
-212.129
-232.521
-244.332
-241.705
-210.301
-233.031
-245.284
-224.916
-249.19
-149.443
-209.49
-189.613
-244.222
-241.556
-219.031
-204.516
-249.263
-149.487
-165.122
-120.941
-227.133
-242.646
-248.487
-151.086
-159.487
-176.18
-201.406
-242.886
-225.613
-234.533
-181.294
-242.67
-223.034
-236.414
-162.695
-238.008
-229.608
-237.521
-206.955
-230.8
-225.221
-249.215
-241.895
-234.67
-192.191
-239.895
-229.916
-244.24
-247.05
-243.635
-230.749
-248.674
-199.529
-234.254
-168.323
-173.004
-225.749
-230.984
-249.275
-219.374
-191.73
-216.953
-185.244
-234.413
-247.287
-230.655
-204.344
-230.027
-243.074
-210.615
-211.554
-246.073
-229.396
-89.5086
-242.056
-195.986
-237.169
-197.541
-243.47
-181.38
-205.561
-199.984
-217.664
-211.416
-235.436
-219.323
-247.358
-166.488
-189.954
-202.023
-245.902
-206.467
-241.539
-233.77
-244.359
-229.905
-246.06
-230.727
-225.633
-234.245
-163.867
-248.072
-231.377
-212.001
-246.059
-195.065
-243.968
-217.447
-237.933
-180.419
-197.03
-211.792
-240.472
-212.137
-230.739
-243.914
-215.174
-249.851
-225.907
-209.666
-226.511
-234.178
-227.473
-162.749
-199.271
-241.202
-245.976
-225.791
-225.36
-237.153
-218.822
-226.015
-224.855
-185.609
-243.359
-125.141
-134.263
-247.502
-248.709
-236.466
-174.062
-161.088
-230.587
-247.943
-241.705
-244.108
-237.431
-246.874
-222.475
-229.955
-243.163
-249.884
-194.655
-199.752
-240.234
-242.285
-249.373
-225.284
-189.489
-211.2
-249.695
-247.043
-223.802
-246.747
-244.094
-249.974
-195.591
-244.539
-237.699
-244.154
-191.595
-208.932
-232.207
-190.53
-241.455
-245.011
-243.335
-218.227
-228.113
-239.177
-229.701
-246.319
-243.949
-221.976
-228.767
-214.393
-216.477
-219.874
-231.846
-241.226
-213.099
-233.894
-169.641
-247.79
-237.29
-206.81
-238.415
-229.834
-131.964
-188.197
-208.914
-247.063
-239.443
-228.91
-236.107
-196.523
-246.318
-234.25
-242.853
-244.25
-232.918
-249.557
-240.411
-229.459
-225.466
-248.717
-239.759
-218.889
-211.148
-247.564
-243.924
-224.646
-235.758
-248.045
-224.459
-242.66
-249.952
-244.154
-191.097
-177.304
-239.542
-235.306
-241.804
-111.158
-114.854
-249.997
-244.191
-214.854
-197.403
-212.665
-175.798
-219.117
-232.521
-190.951
-212.145
-230.892
-180.306
-175.426
-212.861
-145.739
-245.23
-195.488
-213.24
-201.134
-226.683
-230.403
-233.392
-178.946
-248.642
-239.963
-237.833
-243.981
-244.067
-225.573
-238.68
-246.048
-232.682
-241.694
-238.047
-232.945
-172.778
-155.653
-246.214
-211.878
-249.971
-238.949
-190.051
-243.805
-248.028
-234.616
-249.485
-205.403
-239.711
-242.717
-222.213
-126.533
-227.897
-124.727
-159.216
-227.899
-182.582
-248.417
-171.586
-176.454
-187.446
-207.045
-244.919
-242.025
-219.847
-176.031
-214.535
-234.509
-208.017
-218.793
-228.147
-238.728
-245.905
-241.493
-246.354
-160.131
-248.723
-168.081
-183.674
-188.367
-231.661
-237.439
-249.295
-234.797
-205.513
-248.679
-222.081
-232.988
-245.981
-234.423
-249.815
-222.48
-244.929
-205.038
-240.172
-175.656
-248.996
-193.942
-155.15
-228.753
-249.922
-200.173
-226.112
-83.7543
-192.48
-242.132
-198.736
-211.868
-245.616
-242.681
-215.521
-244.211
-217.259
-220.462
-213.509
-249.217
-242.647
-249.73
-219.102
-214.533
-209.423
-243.828
-243.024
-220.114
-237.495
-211.858
-249.491
-242.279
-242.321
-237.884
-209.023
-241.101
-119.208
-216.813
-233.896
-237.687
-229.217
-227.076
-233.44
-198.138
-234.168
-242.602
-237.078
-242.97
-229.689
-236.106
-240.943
-156.26
-249.123
-246.924
-235.457
-230.424
-240.454
-229.804
-235.693
-218.981
-174.916
-245.836
-247.827
-222.584
-247.134
-247.344
-213.379
-221.008
-177.882
-241.029
-204.02
-215.952
-236.805
-246.08
-246.133
-235.494
-198.566
-209.527
-180.411
-237.713
-234.199
-220.484
-235.229
-245.603
-109.61
-174.121
-201.9
-231.559
-215.018
-211.249
-242.518
-223.673
-249.083
-213.227
-246.47
-173.57
-225.171
-249.619
-220.748
-230.21
-226.106
-238.515
-246.353
-222.225
-245.56
-235.394
-170.207
-234.755
-245.959
-212.929
-241.351
-248.661
-243.442
-186.475
-201.314
-224.303
-198.108
-237.253
-222.587
-197.553
-207.077
-235.059
-136.892
-150.605
-205.081
-223.918
-219.101
-221.383
-96.1713
-190.983
-243.828
-212.345
-226.629
-129.507
-216.332
-229.045
-231.251
-236.608
-128.503
-237.399
-243.376
-219.093
-236.194
-219.042
-246.718
-228.706
-203.06
-236.298
-211.024
-230.174
-242.595
-235.509
-223.215
-182.537
-207.51
-207.137
-244.779
-149.765
-83.128
-199.233
-216.426
-247.484
-214.961
-238.762
-242.859
-230.324
-249.233
-208.792
-209.393
-224.945
-173.71
-193.524
-222.781
-244.4
-189.493
-214.823
-227.66
-246.86
-224.347
-187.952
-211.37
-247.512
-233.714
-222.006
-237.751
-121.014
-137.112
-236.727
-219.705
-246.911
-225.177
-243.839
-234.64
-249.282
-246.38
-181.005
-247.211
-232.626
-245.282
-248.845
-244.689
-245.089
-242.731
-227.3
-244.97
-240.772
-243.658
-229.539
-235.142
-249.893
-246.086
-224.393
-237.311
-152.365
-197.943
-247.11
-202.413
-245.242
-236.475
-195.436
-238.356
-189.29
-202.458
-113.149
-148.631
-225.461
-214.319
-238.079
-237.206
-102.308
-215.794
-208.151
-247.04
-234.507
-244.194
-236.802
-239.017
-226.368
-247.331
-236.95
-213.386
-236.207
-209.615
-245.321
-249.502
-239.939
-188.709
-233.623
-151.38
-241.098
-243.005
-240.474
-230.66
-244.434
-249.044
-244.492
-230.893
-236.866
-190.528
-241.526
-248.852
-237.604
-198.051
-237.635
-223.105
-237.078
-237.499
-238.111
-233.44
-206.89
-246.654
-197.588
-185.853
-208.008
-239.962
-216.8
-224.704
-229.883
-240.953
-222.906
-240.923
-246.816
-247.738
-229.853
-230.467
-207.084
-230.173
-245.184
-230.926
-212.833
-204.392
-248.283
-165.492
-224.741
-240.869
-241.023
-245.11
-152.335
-246.449
-240.369
-240.058
-209.241
-215.65
-215.704
-194.422
-217.792
-232.297
-42.4978
-240.934
-217.998
-247.254
-247.06
-221.37
-240.595
-229.581
-210.87
-245.764
-219.667
-236.185
-249.319
-205.648
-223.26
-240.454
-232.945
-245.56
-132.937
-236.864
-221.487
-246.81
-204.766
-228.266
-180.974
-189.846
-212.166
-233.38
-187.118
-173.646
-244.15
-123.553
-165.571
-177.234
-208.561
-224.815
-241.452
-236.047
-242.13
-246.094
-243.343
-244.269
-156.088
-189.852
-194.261
-139.581
-195.971
-211.319
-151.708
-199.84
-201.958
-237.278
-227.415
-228.229
-246.299
-191.444
-205.799
-216.988
-212.607
-233.523
-185.623
-247.116
-102.409
-157.872
-221.545
-178.46
-204.618
-247.728
-100.41
-103.676
-195.236
-180.57
-237.732
-238.61
-206.673
-216.341
-171.993
-238.238
-243.194
-211.754
-240.318
-223.605
-248.431
-190.271
-178.091
-233.161
-220.914
-208.614
-247.629
-229.298
-230.292
-203.892
-214.762
-249.078
-179.036
-163.015
-233.966
-241.476
-248.884
-249.445
-179.442
-191.234
-226.856
-174.257
-229.167
-236.84
-196.045
-246.935
-143.207
-228.828
-224.628
-208.362
-233.975
-176.442
-226.48
-227.24
-237.107
-249.556
-248.126
-222.132
-242.416
-212.318
-199.299
-234.588
-242.308
-230.932
-241.833
-214.257
-236.575
-205.923
-236.144
-233.141
-212.276
-211.725
-172.816
-228.943
-247.552
-203.745
-198.847
-162.188
-195.544
-240.567
-226.859
-111.502
-133.743
-245.391
-207.281
-174.865
-226.878
-243.9
-239.719
-226.366
-189.245
-177.671
-241.773
-198.76
-241.26
-218.128
-199.749
-220.717
-183.796
-247.256
-228.926
-232.394
-199.612
-205.982
-236.637
-194.485
-174.066
-175.317
-235.095
-156.146
-217.079
-226.246
-236.517
-199.529
-245.721
-244.184
-215.805
-230.125
-249.46
-240.749
-223.275
-217.559
-235.629
-229.695
-184.566
-233.563
-152.179
-196.664
-246.755
-237.141
-242.754
-217.042
-237.174
-160.252
-160.902
-173.365
-226.506
-172.177
-203.891
-244.094
-243.194
-173.159
-247.072
-107.857
-236.821
-240.233
-227.825
-138.076
-207
-228.198
-248.628
-196.332
-240.8
-197.916
-128.42
-171.551
-173.065
-219.971
-192.968
-232.84
-249.534
-221.682
-249.774
-182.166
-243.121
-178.658
-214.543
-249.687
-184.281
-195.294
-227.64
-198.537
-238.609
-245.292
-186.919
-188.272
-224.506
-228.336
-151.827
-235.69
-215.821
-234.262
-234.267
-225.903
-222.165
-232.311
-211.789
-247.86
-201.291
-228.628
-238.106
-157.769
-194.212
-213.014
-233.375
-164.603
-186.316
-246.206
-200.196
-236.187
-244.859
-225.146
-243.69
-213.004
-245.082
-95.0998
-121.643
-229.139
-57.7702
-232.899
-242.881
-222.672
-219.843
-190.629
-193.414
-229.452
-231.426
-226.46
-249.448
-160.768
-233.93
-240.874
-61.5716
-240.851
-233.792
-241.552
-244.197
-231.254
-206.816
-234.5
-205.22
-225.394
-229.722
-230.163
-200.038
-211.168
-191.028
-239.918
-210.793
-212.645
-244.698
-231.081
-235.75
-241.104
-220.574
-248.792
-237.245
-177.401
-239.019
-206.248
-227.616
-237.194
-231.422
-248.688
-235.822
-244.288
-73.7075
-246.999
-249.481
-225.553
-226.728
-247.879
-225.02
-230.925
-188.403
-220.788
-209.808
-229.064
-214.915
-222.281
-221.884
-244.942
-243.703
-248.17
-172.298
-207.596
-185.439
-249.453
-248.236
-243.206
-244.828
-248.182
-225.235
-234.899
-213.392
-234.901
-239.454
-235.094
-160.381
-243.208
-234.291
-245.655
-248.772
-229.339
-243.703
-223.213
-161.94
-165.518
-169.325
-199.636
-244.384
-182.216
-211.496
-223.352
-208.318
-243.908
-244.017
-233.857
-235.474
-244.715
-234.672
-235.801
-227.727
-212.002
-232.118
-205.574
-217.093
-235.65
-231.326
-236.287
-127.69
-244.076
-241.302
-238.879
-196.095
-249.382
-248.043
-241.54
-233.631
-115.599
-235.671
-240.052
-244.423
-209.903
-233.253
-210.461
-210.595
-220.575
-236.459
-233.512
-214.914
-209.64
-223.279
-226.566
-222.754
-202.217
-249.37
-175.586
-201.397
-242.245
-202.3
-232.772
-239.316
-216.032
-241.153
-249.254
-220.672
-218.286
-209.772
-235.534
-237.523
-247.463
-249.041
-198.642
-171.789
-173.519
-246.208
-99.1989
-131.502
-236.869
-227.206
-247.588
-186.028
-129.425
-146.882
-179.787
-52.3622
-226.389
-227.815
-228.482
-238.219
-206.419
-243.93
-237.646
-180.143
-231.617
-149.758
-182.746
-235.97
-240.65
-245.69
-209.834
-230.224
-233.805
-238.97
-225.508
-194.256
-234.531
-243.186
-219.153
-243.953
-213.713
-245.327
-224.711
-203.404
-227.778
-242.503
-245.818
-185.517
-223.92
-249.319
-220.476
-228.262
-239.616
-219.152
-236.069
-229.221
-197.771
-232.321
-246.446
-209.17
-242.485
-180.494
-200.095
-239.434
-198.016
-231.069
-171.27
-240.623
-224.161
-235.054
-228.097
-246.506
-207.215
-244.267
-204.608
-237.96
-246.486
-221.885
-238.13
-230.411
-246.441
-236.089
-245.352
-246.664
-112.704
-178.281
-210.151
-217.669
-237.819
-248.369
-225.591
-178.685
-239.543
-201.79
-231.473
-245.963
-233.179
-249.815
-241.144
-225.081
-223.056
-214.292
-245.428
-245.592
-210.548
-186.301
-244.825
-219.37
-221.646
-246.588
-239.569
-241.849
-173.031
-239.496
-242.96
-213.248
-228.013
-228.585
-240.709
-241.828
-225.697
-178.023
-244.003
-204.983
-151.042
-217.815
-239.276
-229.24
-226.089
-202.806
-227.68
-236.756
-165.492
-180.941
-197.864
-231.121
-161.211
-238.79
-215.701
-237.121
-246.977
-172.316
-203.499
-226.492
-231.981
-191.376
-246.548
-234.485
-172.051
-219.974
-231.002
-165.528
-214.844
-240.153
-207.603
-244.52
-232.951
-240.891
-202.832
-245.241
-199.246
-243.066
-245.443
-243.54
-232.429
-200.253
-211.905
-228.193
-154.913
-234.239
-235.017
-149.38
-165.988
-222.187
-248.556
-249.408
-232.564
-231.205
-223.998
-249.064
-247.306
-231.316
-238.016
-247.475
-184.342
-230.131
-203.309
-226.061
-222.462
-243.509
-245.575
-244.121
-221.873
-220.968
-207.412
-210.055
-247.672
-246.426
-173.433
-228.596
56.7379
-85.1157
-235.556
-235.87
-121.327
-147.97
-220.749
-233.41
-198.829
-240.076
-244.858
-210.302
-243.868
-196.995
-218.719
-65.0751
-98.0377
-129.403
-248.905
-235.949
-247.698
-249.811
-220.332
-225.402
-227.351
-238.589
-229.014
-248.524
-215.709
-227.268
-247.254
-247.097
-179.683
-197.873
-225.341
-244.242
-176.801
-238.016
-244.954
-222.035
-230.084
-227.049
-236.229
-226.295
-200.897
-232.859
-241.795
-180.852
-200.151
-213.94
-214.209
-231.209
-246.306
-221.159
-247.419
-211.135
-234.007
-204.816
-237.295
-135.08
-161.54
-210.657
-174.335
-200.506
-10.2211
-13.9041
-230.268
-248.699
-237.16
-237.154
-238.87
-237.236
-190.151
-234.508
-246.048
-214.951
-240.278
-241.159
-216.144
-246.676
-242.8
-229.845
-214.769
-196.808
-232.018
-242.484
-248.997
-213.934
-242.144
-222.437
-245.058
-243.448
-245.343
-242.244
-114.52
-192.732
-224.903
-196.693
-238.904
-185.746
-224.295
-233.954
-238.255
-182.578
-191.733
-202.443
-236.644
-237.43
-248.968
-194.865
-247.866
-249.812
-164.277
-242.851
-174.027
-220.853
-223.86
-244.201
-248.327
-245.143
-247.069
-218.25
-230.736
-164.912
-246.385
-150.652
-233.266
-209.76
-190.52
-223.01
-236.669
-248.543
-226.52
-226.795
-247
-236.14
-239.078
-234.674
-222.676
-195.914
-232.604
-221.169
-246.979
-249.444
-189.606
-218.152
-180.27
-245.374
-232.874
-244.372
-231.491
-219.929
-234.252
-242.138
-208.186
-244.615
-214.989
-197.555
-226.001
-231.873
-239.255
-231.786
-188.323
-202.47
-240.651
-203.06
-236.526
-237.999
-165.579
-200.847
-222.81
-229.682
-162.852
-172.496
-210.544
-214.356
-248.422
-243.272
-239.191
-233.51
-179.842
-234.222
-219.431
-247.278
-194.865
-246.415
-249.708
-212.65
-221.57
-248.121
-190.143
-204.407
-246.032
-191.08
-245.129
-237.645
-237.663
-243.801
-243.823
-238.514
-201.763
-210.639
-223.65
-244.122
-220.08
-176.514
-234.848
-240.419
-232.475
-226.013
-242.129
-181.568
-182.068
-186.279
-248.7
-198.943
-228.991
-108.055
-112.051
-148.111
-229.05
-211.044
12.9871
5.38671
-211.966
-247.663
-233.306
-249.607
-232.963
-229.559
-217.414
-207.111
-230.968
-194.16
-209.624
-235.723
-225.632
-223.487
-178.025
-165.073
-233.728
-169.721
-241.158
-239.784
-222.923
-226.103
-249.379
-186.147
-171.622
-213.67
-227.702
-247.083
-184.088
-209.914
-139.437
-182.432
-233.619
-238.588
-248.518
-239.113
-247.419
-245.307
-215.056
-175.985
-182.898
-160.231
-243.99
-237.848
-206.572
-220.765
-182.483
-243.151
-223.423
-249.491
-171.9
-239.683
-222.831
-205.851
-245.051
-249.756
-245.007
-207.384
-246.231
-229.546
-247.629
-217.68
-248.971
-147.78
-218.775
-230.831
-226.395
-241.003
-211.304
-219.309
-175.077
-237.605
-248.972
-226.998
-223.563
-198.676
-229.023
-236.943
-248.077
-238.722
-249.17
-241.501
-242.38
-221.501
-233.362
-233.421
-234.47
-248.172
-194.784
-137.874
-248.158
-242.491
-230.884
-209.073
-130.049
-233.301
-242.122
-245.716
-249.064
-224.311
-244.909
-241.468
-224.734
-190.895
-220.637
-246.479
-246.742
-230.457
-239.413
-230.901
-221.868
-202.753
-237.7
-199.103
-225.323
-245.015
-190.167
-218.704
-208.423
-234.472
-214.41
-127.257
-170.501
-247.08
-231.694
-233.392
-218.03
-218.149
-227.717
-227.272
-211.177
-180.839
-210.699
-243.86
-246.859
-164.797
-229.531
-242.862
-242.137
-244.597
-247.279
-194.61
-244.917
-178.711
-241.354
-200.608
-222.873
-202.068
-247.793
-208.212
-194.728
-218.018
-227.193
-243.091
-188.182
-195.99
-218.859
-93.8881
-168.929
-249.285
-243.586
-219.68
-221.322
-246.064
-239.625
-229.02
-238.951
-187.462
-240.269
-228.239
-214.941
-188.198
-233.883
-230.805
-223.093
-163.288
-229.819
-221.243
-214.264
-231.466
-154.482
-235.684
-243.132
-234.046
-241.088
-221.225
-234.145
-200.593
-182.641
-238.526
-245.673
-248.162
-215.796
-215.045
-241.174
-222.378
-246.797
-211.474
-224.783
-214.308
-140.787
-233.409
-213.991
-193.079
-199.876
-240.386
-236.87
-201.434
-187.797
-244
-248.935
-224.805
-247.178
-165.011
-167.747
-230.365
-209.28
-201.85
-227.028
-243.315
-232.077
-249.511
-245.492
-167.444
-214.152
-222.097
-228.193
-246.773
-225.916
-243.605
-242.546
-247.847
-189.087
-249.634
-219.975
-221.453
-173.485
-247.799
-221.532
-215.22
-179.633
-207.978
-234.405
-225.814
-240.404
-231.502
-241.435
-249.54
-237.629
-204.887
-221.447
-213.078
-216.193
-214.443
-217.531
-195.336
-245.926
-246.275
-171.394
-142.089
-228.213
-225.93
-247.258
-234.835
-237.596
-233.922
-240.151
-197.398
-225.382
-207.288
-215.781
-238.927
-239.796
-230.88
-170.429
-224.443
-233.419
-228.857
-237.102
-199.103
-201.587
-229.516
-228.671
-242.637
-202.369
-209.756
-179.248
-228.213
-235.607
-155.683
-226.428
-244.036
-204.114
-172.135
-205.561
-249.983
-243.564
-233.464
-221.432
-213.74
-229.6
-242.777
-234.671
-246.693
-187.681
-213.662
-232.081
-173.849
-249.448
-222.005
-244.344
-220.804
-249.275
-237.952
-197.261
-146.582
-208.824
-193.28
-243.728
-245.04
-236.573
-233.269
-232.595
-228.219
-234.286
-246.556
-202.811
-233.32
-223.025
-225.213
-203.712
-247.476
-216.182
-229.607
-246.021
-230.751
-192.482
-249.87
-159.04
-213.799
-197.153
-214.271
-242.84
-195.085
-180.224
-246.636
-236.782
-233.797
-233.187
-245.85
-189.258
-242.475
-242.82
-160.646
-179.389
-245.415
-230.182
-244.196
-188.417
-247.541
-210.528
-240.32
-188.597
-192.774
-203.449
-249.759
-241.849
-214.119
-247.626
-241.708
-243.484
-153.743
-181.046
-219.484
-135.711
-183.546
-231.583
-190.022
-248.161
-229.644
-231.323
-245.228
-226.835
-238.082
-219.757
-242.768
-248.672
-202.654
-232.481
-245.551
-246.645
-240.936
-230.89
-223.172
-187.541
-199.084
-232.435
-239.375
-221.918
-246.243
-221.48
-233.81
-248.858
-245.574
-192.723
-232.002
-217.044
-193.819
-238.2
-233.762
-155.492
-242.053
-209.481
-210.27
-246.176
-239.84
-243.224
-229.209
-144.153
-246.106
-200.462
-249.288
-163.262
-243.35
-246.742
-124.159
-174.076
-198.624
-190.839
-243.172
-244.505
-220.332
-248.269
-241.82
-226.34
-249.881
-188.115
-196.39
-139.909
-156.114
-245.973
-245.463
-149.492
-179.984
-207.909
-241.324
-244.208
-229.192
-125.717
-142.112
-174.411
-199.164
-239.887
-181.249
-167.422
-172.56
-197.671
-247.11
-193.711
-182.689
-209.729
-205.02
-214.306
-230.784
-232.593
-201.2
-225.303
-245.095
-237.866
-237.352
-155.734
-187.181
-234.548
-212.817
-247.345
-161.882
-234.504
-206.966
-239.986
-233.14
-228.954
-231.329
