-0.98977
-0.997527
-0.998268
-0.998574
-0.998898
-0.95363
-0.998642
-0.808542
-0.918066
-0.939776
-0.970607
-0.751568
-0.982972
-0.995126
-0.998902
-0.976735
-0.87323
-0.992926
-0.539251
-0.209875
-0.997671
-0.999039
-0.997157
-0.906028
-0.965967
-0.98872
-0.922564
-0.946838
-0.996692
-0.987433
-0.98793
-0.998817
-0.989337
-0.971862
-0.984386
-0.977916
-0.933488
-0.992832
-0.99216
-0.999613
-0.996011
-0.948572
-0.897852
-0.974664
-0.98794
-0.799665
-0.997404
-0.984792
-0.78943
-0.86374
-0.924425
-0.983236
-0.995808
-0.988592
-0.95192
-0.999592
-0.993946
-0.990677
-0.995592
-0.936195
-0.999998
-0.980619
-0.988113
-0.996255
-0.382158
-0.993021
-0.961434
-0.981508
-0.940488
-0.960851
-0.99819
-0.99939
-0.995021
-0.987854
-0.982978
-0.984509
-0.992772
-0.96456
-0.432574
-0.27948
-0.994531
-0.989215
-0.912483
-0.98832
-0.997854
-0.97824
-0.984102
-0.950748
-0.973443
-0.995772
-0.984199
-0.681649
-0.979393
-0.934013
-0.812889
-0.974748
-0.960399
-0.965708
-0.999016
-0.865626
-0.902197
-0.966212
-0.995313
-0.975442
-0.979252
-0.983869
-0.989581
-0.994585
-0.98821
-0.993592
-0.930213
-0.994428
-0.984719
-0.965296
-0.785608
-0.983037
-0.988293
-0.989824
-0.997068
-0.992388
-0.994758
-0.998206
-0.978006
-0.999918
-0.998717
-0.875335
-0.956123
-0.975504
-0.997906
-0.804193
-0.912052
-0.985811
-0.983951
-0.980467
-0.779991
-0.984043
-0.999158
-0.970917
-0.997971
-0.998016
-0.993286
-0.999289
-0.911415
-0.802255
-0.87361
-0.990609
-0.993137
-0.992639
-0.999007
-0.951036
-0.998811
-0.997174
-0.996002
-0.999281
0.181162
-0.989811
-0.965299
-0.834427
-0.996706
-0.991087
-0.993377
-0.998388
-0.992029
-0.95685
-0.976269
-0.976385
-0.893833
-0.989059
-0.998261
-0.985972
-0.991975
-0.990684
-0.979738
-0.797708
-0.993226
-0.996592
-0.978002
-0.981066
-0.991758
-0.9901
-0.989446
-0.890739
-0.858008
-0.969821
-0.996687
-0.999795
-0.99239
-0.972656
-0.990091
-0.979521
-0.970944
-0.362201
-0.49748
-0.987217
-0.996173
-0.989524
-0.993388
-0.996445
-0.950439
-0.974626
-0.986892
-0.99831
-0.987426
-0.998756
-0.998658
-0.999919
-0.999468
-0.858128
-0.974458
-0.983577
-0.985096
-0.991582
-0.957389
-0.775151
-0.904036
-0.996415
-0.844595
-0.972989
-0.989194
-0.977769
-0.992718
-0.964295
-0.676204
-0.897956
-0.999728
-0.985166
-0.995253
-0.974968
-0.98758
-0.982021
-0.993342
-0.961781
-0.977943
-0.960176
-0.995732
-0.994174
-0.991326
-0.988794
-0.983211
-0.982085
-0.967881
-0.983207
-0.94236
-0.988051
-0.944956
-0.957989
-0.936649
-0.997334
-0.993701
-0.990616
-0.986035
-0.959283
-0.993041
-0.890994
-0.994969
-0.947332
-0.979097
-0.970269
-0.987379
-0.996006
-0.956874
-0.939945
-0.997477
-0.924559
-0.989198
-0.995457
-0.993669
-0.995624
-0.9604
-0.93413
-0.998186
-0.99658
-0.976756
-0.996472
-0.978796
-0.950495
-0.997435
-0.997666
-0.999303
-0.989153
-0.981275
-0.998103
-0.986501
-0.998483
-0.999435
-0.987664
-0.934222
-0.98741
-0.936739
-0.997304
-0.994303
-0.99497
-0.99243
-0.706289
-0.970553
-0.977111
-0.931483
-0.984042
-0.992405
-0.996259
-0.980425
-0.990068
-0.88905
0.301953
-0.970707
-0.976668
-0.994486
-0.9869
-0.967258
-0.989452
-0.978772
-0.999035
-0.992713
-0.807309
-0.996999
-0.993927
-0.969163
-0.847774
-0.931656
-0.999005
-0.985739
-0.987298
-0.830662
-0.92649
-0.984201
-0.913764
-0.97938
-0.103717
-0.994297
-0.979458
-0.963425
-0.845746
-0.975899
-0.973682
-0.992402
-0.94382
-0.995057
-0.993554
-0.99567
-0.99979
-0.153639
-0.998204
-0.740899
-0.907133
-0.984469
-0.986107
-0.999242
-0.995992
-0.996131
-0.848967
-0.951101
-0.808053
-0.995889
-0.988888
-0.906623
-0.584531
-0.993247
-0.995589
-0.94155
-0.975097
-0.912817
-0.976081
-0.967561
-0.997557
-0.971265
-0.97501
-0.980974
0.147917
-0.960681
-0.978313
-0.996507
-0.993953
-0.976526
-0.996233
-0.950153
-0.989662
-0.992867
-0.976021
-0.989057
-0.907527
-0.982846
-0.946972
-0.996029
-0.894667
-0.972259
-0.976521
-0.992086
-0.998638
-0.996516
-0.994161
-0.961973
-0.999372
-0.897222
-0.991798
-0.601005
-0.969755
-0.983438
-0.919165
-0.980397
-0.97089
-0.993568
-0.98993
-0.966117
-0.997609
-0.979847
-0.943277
-0.963407
-0.995056
-0.942509
-0.991874
-0.997817
-0.993498
-0.969592
-0.799645
-0.900174
-0.992049
-0.94911
-0.988385
-0.995128
-0.997422
-0.645327
-0.991136
-0.971628
-0.968971
-0.906987
-0.924356
-0.995117
-0.901446
-0.978289
-0.983762
-0.98848
-0.956225
-0.989599
-0.997318
-0.94955
-0.962093
-0.931062
-0.977645
-0.802696
-0.971697
-0.964343
-0.982403
-0.873827
-0.991604
-0.995759
-0.972913
-0.714804
-0.995812
-0.992397
-0.993816
-0.993742
-0.996424
-0.988305
-0.993068
-0.984872
-0.992859
-0.98695
-0.981773
-0.971221
-0.965488
-0.985534
-0.989063
-0.999062
-0.989491
-0.993994
-0.959521
-0.983916
-0.999649
-0.998825
-0.988344
-0.997269
-0.987955
-0.955695
-0.997142
-0.977618
-0.953196
-0.942236
-0.997964
-0.956889
-0.959402
-0.869617
-0.991048
-0.998399
-0.998819
-0.855132
-0.987698
-0.861387
-0.981663
-0.991471
-0.988424
-0.876395
-0.99964
-0.997928
-0.806376
-0.982329
-0.912647
-0.991491
-0.996538
-0.972853
-0.981826
-0.991828
-0.995775
-0.922877
-0.962681
-0.965234
-0.964518
-0.999841
-0.998688
-0.824964
-0.995623
-0.998877
-0.984847
-0.955402
-0.990184
-0.995516
-0.998467
-0.995761
-0.972619
-0.972773
-0.525781
-0.961098
-0.997242
-0.999983
-0.993484
-0.983559
-0.989284
-0.970512
-0.966641
-0.991698
-0.997725
-0.994922
-0.934513
-0.989257
-0.986698
-0.99949
-0.965825
-0.999644
-0.992612
-0.999615
-0.466527
-0.981684
-0.991319
-0.988711
-0.986304
-0.995919
-0.978112
-0.994423
-0.996414
-0.996432
-0.997721
-0.993871
-0.984767
-0.995832
-0.997486
-0.994916
-0.980356
-0.998313
-0.966321
-0.998605
-0.976149
-0.984422
-0.989803
-0.968898
-0.994988
-0.994415
-0.996126
-0.998275
-0.857648
-0.714603
-0.999043
-0.976947
-0.925911
-0.997316
-0.965133
-0.985921
-0.971706
-0.980595
-0.971994
-0.991021
-0.994006
-0.941162
-0.980091
-0.982337
-0.884819
-0.986278
-0.981195
-0.999275
-0.988696
-0.932773
-0.972446
-0.992484
-0.989915
-0.999566
-0.99688
-0.915339
-0.993867
-0.974927
-0.995249
-0.983477
-0.994435
-0.936235
-0.98504
-0.933167
-0.745039
-0.933725
-0.989079
-0.977104
-0.963944
-0.900722
-0.920493
-0.969263
-0.969246
-0.996908
-0.821304
-0.984394
-0.993274
-0.967499
-0.981541
-0.913689
-0.978396
-0.706541
-0.984275
-0.992037
-0.997805
-0.974975
-0.984892
-0.810348
-0.856161
-0.981691
-0.994284
-0.995818
-0.986242
-0.982152
-0.978276
-0.983515
-0.963883
-0.940054
-0.99397
-0.93972
-0.957414
-0.940354
-0.989482
-0.970573
-0.99183
-0.98794
-0.738272
-0.996912
-0.874778
-0.999795
-0.943689
-0.997427
-0.992504
-0.995819
-0.963369
-0.979985
-0.859383
-0.999128
-0.995116
-0.992164
-0.994103
-0.956253
-0.979999
-0.895577
-0.982938
-0.9971
-0.988288
-0.999289
0.186423
-0.973002
-0.952287
-0.99016
-0.958023
-0.967355
-0.998918
-0.986781
-0.977973
-0.96924
-0.768513
-0.998671
-0.99185
-0.769442
-0.975542
-0.979177
-0.965693
-0.997409
-0.979452
-0.982127
-0.998239
-0.975129
-0.986224
-0.886208
-0.962588
-0.962598
-0.959701
-0.956899
-0.94929
-0.986162
-0.786453
-0.996512
-0.996132
-0.984763
-0.984497
-0.97702
-0.984074
-0.453276
-0.997203
-0.891238
-0.996427
-0.992856
-0.986375
-0.98348
-0.931146
-0.932978
-0.987751
-0.997518
-0.998025
-0.97408
-0.959435
-0.953972
-0.995901
-0.985041
-0.977147
-0.997964
-0.741336
-0.977878
-0.884827
-0.987403
-0.990216
-0.987781
-0.996109
-0.999107
-0.996391
-0.997292
-0.996924
-0.987505
-0.994687
-0.982646
-0.998707
-0.999993
-0.883763
-0.987903
-0.984904
-0.663018
-0.996836
-0.984723
-0.82807
-0.830373
-0.782599
-0.894656
-0.985855
-0.999669
-0.973973
-0.960293
-0.998239
-0.999881
-0.970372
-0.961967
-0.998023
-0.974157
-0.851859
-0.924352
-0.995557
-0.978962
-0.984743
-0.989987
-0.958529
-0.965536
-0.95937
-0.99608
-0.994369
-0.993004
-0.988267
-0.997177
-0.938307
-0.95197
-0.949842
-0.965673
-0.981963
-0.976544
-0.624415
-0.981372
-0.997813
-0.990958
-0.98679
-0.964741
-0.985007
-0.988033
-0.98884
-0.998296
-0.988186
-0.9918
-0.981205
-0.986766
-0.984091
-0.982961
-0.986881
-0.968385
-0.99916
-0.974541
-0.748397
-0.979188
-0.986765
-0.990724
-0.998043
-0.929814
-0.93176
-0.959632
-0.996537
-0.871667
-0.998216
-0.925433
-0.567308
-0.997061
-0.996665
-0.956844
-0.999475
-0.987677
-0.907294
-0.987344
-0.999102
-0.990714
-0.977401
-0.99506
-0.98907
-0.996129
-0.996696
-0.992521
-0.864511
-0.952053
-0.9991
-0.98714
-0.962824
-0.990903
-0.992055
-0.999846
-0.993669
-0.461167
-0.99644
-0.963679
-0.982531
-0.998782
-0.900838
-0.99337
-0.996972
-0.987757
-0.977082
-0.955508
-0.709277
-0.986753
-0.929646
-0.995419
-0.987526
-0.957408
-0.93099
-0.99462
-0.97462
-0.998008
-0.813876
-0.968316
-0.992308
-0.970551
-0.996546
-0.997969
-0.976896
-0.880549
-0.993743
-0.970356
-0.668926
-0.708837
-0.957141
-0.938846
-0.982019
-0.297278
-0.993497
-0.992259
-0.901358
-0.846891
-0.985986
-0.996897
-0.964842
0.213719
-0.94689
-0.996715
-0.998009
-0.993161
-0.879716
-0.998338
-0.984075
-0.990182
-0.987022
-0.991931
-0.99209
-0.971304
-0.999487
-0.88267
-0.996343
-0.833672
-0.993436
-0.991036
-0.975334
-0.976252
-0.977178
-0.964574
-0.987345
-0.97242
-0.953219
-0.999397
-0.981463
-0.95201
-0.971745
-0.922064
-0.997465
-0.523423
-0.995196
-0.996155
-0.875177
-0.968789
-0.720349
-0.956321
-0.980862
-0.971173
-0.869159
-0.999812
-0.7745
-0.991893
-0.974103
-0.99987
-0.985259
-0.94869
-0.98941
-0.997111
-0.999765
-0.984208
-0.954456
-0.974512
-0.999897
-0.997837
-0.870799
-0.987445
-0.995411
-0.966482
-0.980031
-0.987387
-0.999117
-0.900634
-0.988261
-0.982019
-0.998011
-0.639434
-0.997061
-0.994328
-0.944477
0.508209
-0.978132
-0.976626
-0.973498
-0.996975
-0.986294
-0.946311
0.710552
-0.936042
-0.78316
-0.952828
-0.929453
-0.990666
-0.994225
-0.902567
-0.96958
-0.996344
-0.998854
-0.999946
-0.89451
-0.9986
-0.993175
-0.999586
-0.990028
-0.998147
-0.976231
-0.99785
-0.975289
-0.984766
-0.966343
-0.812616
-0.988103
-0.930675
-0.963702
-0.999659
-0.895623
-0.905032
-0.94092
-0.998333
-0.997196
-0.978774
-0.990152
-0.998664
-0.978311
-0.987512
-0.947196
-0.998775
-0.998722
-0.952624
-0.939474
-0.977133
-0.977624
-0.991641
-0.999794
-0.999969
-0.986318
-0.944651
-0.990689
-0.993197
-0.981937
-0.973591
-0.960573
-0.852591
-0.475964
-0.98291
-0.957722
-0.973486
-0.956827
-0.975115
-0.98219
-0.934926
-0.977638
-0.977378
-0.992564
-0.982753
-0.863617
-0.981807
-0.994093
-0.985312
-0.976762
-0.994547
-0.887291
-0.97993
-0.995219
-0.97881
-0.991468
-0.996731
-0.982836
-0.776115
-0.979685
-0.98932
-0.954383
-0.991843
-0.985979
-0.970636
-0.991419
-0.998545
-0.976955
-0.978726
-0.982901
-0.989199
-0.818992
-0.946495
-0.995963
-0.972877
-0.994286
-0.998531
-0.992807
-0.990008
-0.988359
-0.997719
-0.983391
-0.992022
-0.964652
-0.975456
-0.939733
-0.994187
-0.929443
-0.987258
-0.995389
-0.961842
-0.980011
-0.500616
-0.998041
-0.99907
-0.98589
-0.923247
-0.926347
-0.967146
-0.992331
-0.841152
-0.968277
-0.989684
-0.983723
-0.99251
-0.971467
-0.98249
-0.99697
-0.962737
-0.995746
-0.989212
-0.814205
-0.91997
-0.929215
-0.960548
-0.999772
-0.892526
-0.999505
-0.798951
-0.944197
-0.966624
-0.994857
-0.994842
-0.998588
-0.649126
-0.986666
-0.994769
-0.999819
-0.996592
-0.970049
-0.940513
-0.955215
-0.965935
-0.95633
-0.880338
-0.997158
-0.980488
-0.994043
-0.958495
-0.998333
-0.991082
-0.98033
-0.994262
-0.990297
-0.999352
-0.940665
-0.899959
-0.951192
-0.99184
-0.961227
-0.938189
-0.763427
-0.974729
-0.966374
-0.963516
-0.963642
-0.966525
-0.998096
-0.976115
-0.972922
-0.994016
-0.992955
-0.996948
-0.989684
-0.988245
-0.978206
-0.982755
-0.995829
-0.98739
-0.986914
-0.996355
-0.997233
-0.961818
-0.531842
-0.992294
-0.995202
-0.981012
-0.97859
-0.991519
-0.984548
-0.998493
-0.993746
-0.987629
-0.979072
-0.935925
-0.994114
-0.978756
-0.855464
-0.989787
-0.963923
-0.98931
-0.998169
-0.820088
-0.979588
-0.999393
-0.999293
-0.972035
-0.865311
-0.977488
-0.993679
-0.995895
-0.966853
-0.971008
-0.983226
-0.804788
-0.939791
-0.965397
-0.999817
-0.99963
-0.857988
-0.949024
-0.328484
-0.998419
-0.987919
-0.94286
-0.934516
-0.998393
-0.944384
-0.980509
-0.994488
-0.992008
-0.968508
-0.995957
-0.994053
-0.998488
-0.99614
-0.99455
-0.963319
-0.995994
-0.964621
-0.994642
-0.997241
-0.966606
-0.99325
-0.998867
-0.969314
-0.982879
-0.917222
-0.918854
-0.997781
-0.774164
-0.998431
-0.998269
-0.221609
-0.963125
-0.95636
-0.996559
-0.992209
-0.998816
-0.959432
-0.988197
-0.984468
-0.958288
-0.934756
-0.92795
-0.998038
-0.913579
-0.99365
-0.995594
-0.967567
-0.99868
-0.988782
-0.994149
-0.967706
-0.808385
-0.992776
-0.990703
-0.991994
-0.979045
-0.946791
-0.987585
-0.990547
-0.996983
-0.97334
-0.962304
-0.981389
-0.996013
-0.875898
-0.966412
-0.998097
-0.980038
-0.990485
-0.882556
-0.982795
-0.952736
-0.991111
-0.96237
-0.996408
-0.996959
-0.994252
-0.856956
-0.982717
-0.995725
-0.951943
-0.98952
-0.98835
-0.950814
-0.998602
-0.996178
-0.836188
-0.944195
-0.991932
-0.981942
-0.977362
-0.961564
-0.999153
-0.989695
-0.999761
-0.953106
-0.999682
-0.974701
-0.976044
-0.939086
-0.985468
-0.999413
-0.995812
-0.973521
-0.932937
-0.981616
-0.944866
-0.989211
-0.977932
-0.964532
-0.937883
-0.994109
-0.92551
-0.642731
-0.975256
-0.940703
-0.995851
-0.998769
-0.977144
-0.767123
-0.9704
-0.997437
-0.631788
-0.992659
-0.945353
-0.960341
0.502578
-0.92191
-0.94443
-0.988109
-0.981498
-0.981803
-0.991477
-0.995831
-0.969423
0.686276
-0.749839
-0.951719
-0.984514
-0.917233
-0.939364
-0.956824
-0.926334
-0.917663
-0.992159
-0.997582
-0.979466
-0.957257
-0.952637
-0.971957
-0.940269
-0.978168
-0.977773
-0.988326
-0.599179
-0.858725
-0.998941
-0.964494
-0.989092
-0.992423
-0.941886
-0.866921
-0.998983
-0.99979
-0.985692
-0.96046
-0.989118
-0.983083
-0.999573
-0.835902
-0.992518
-0.911131
-0.994692
-0.976736
-0.996781
-0.999336
-0.907366
-0.9913
-0.989162
-0.995333
-0.979498
-0.902051
-0.895937
-0.990385
-0.953144
-0.990284
0.0567908
-0.930674
-0.960702
-0.992047
-0.880601
-0.969523
-0.971552
-0.979817
-0.966573
-0.8525
-0.997371
-0.873617
-0.999117
-0.982982
-0.972177
-0.990825
-0.999874
-0.86268
-0.870682
-0.957711
-0.952267
-0.960882
-0.902406
-0.957705
-0.998833
-0.976812
-0.939811
-0.7945
-0.981541
-0.992486
-0.999354
-0.998563
-0.949572
-0.956348
-0.991954
-0.972045
-0.999202
-0.990558
-0.803179
-0.873684
0.697384
-0.984899
0.499687
-0.954844
-0.978429
-0.914812
-0.984466
-0.984387
-0.953746
-0.863355
-0.9457
-0.975511
-0.998211
-0.978311
-0.973657
-0.998231
-0.979322
-0.989305
-0.811776
-0.853963
-0.978959
-0.803637
-0.977426
-0.984964
-0.99881
-0.997214
-0.997845
-0.98766
-0.962466
-0.989426
-0.957634
-0.99713
-0.983276
-0.98523
-0.997444
-0.919411
-0.986593
-0.963304
-0.999568
-0.985244
-0.930789
-0.984684
-0.984899
-0.995461
-0.995161
-0.938315
-0.83738
-0.99795
-0.994139
-0.985406
-0.994144
-0.899922
-0.9905
-0.997846
-0.930052
-0.998298
-0.931371
-0.988815
-0.997
-0.998728
-0.998517
-0.996618
-0.999812
-0.937901
-0.993544
-0.994145
-0.946331
-0.978435
-0.956618
-0.989967
-0.973092
-0.98784
-0.993117
-0.97857
-0.991132
-0.795453
-0.955359
-0.954745
-0.975808
-0.987204
-0.995434
-0.999412
-0.952958
-0.996018
-0.995169
-0.868911
-0.98471
-0.996809
-0.986756
-0.129086
-0.880408
-0.972526
-0.0850652
-0.971462
-0.975159
-0.952041
-0.819728
-0.996147
-0.944931
-0.98457
-0.99835
-0.988124
-0.989235
-0.99654
-0.998661
-0.994769
-0.994504
-0.987416
-0.996438
-0.957277
-0.754471
-0.84698
-0.899052
-0.992927
-0.964959
-0.971349
-0.979132
-0.997917
-0.993802
-0.926498
-0.977694
-0.987161
-0.868185
-0.984028
-0.356357
-0.910593
-0.890995
-0.999859
-0.972917
-0.992916
-0.947257
-0.998187
-0.997129
-0.971858
-0.973815
-0.959104
-0.995155
-0.991958
-0.964469
-0.969691
-0.938317
-0.990876
-0.9907
-0.986878
-0.996467
-0.981009
-0.982538
-0.998677
-0.933601
-0.984656
-0.800702
-0.778541
-0.98024
-0.934418
-0.92498
-0.965028
-0.993501
-0.967458
-0.971273
-0.958538
-0.982459
-0.74995
-0.999365
-0.995644
-0.952611
-0.973899
-0.958977
-0.998848
-0.987474
-0.537216
-0.988853
-0.944563
-0.985541
-0.996538
-0.944933
-0.578938
-0.871008
-0.987139
-0.975862
-0.999204
-0.997013
-0.69198
-0.979527
-0.996474
-0.968567
-0.998452
-0.996809
-0.99745
-0.995203
-0.98152
-0.989646
-0.989038
-0.976903
-0.994977
-0.984093
-0.989081
-0.988397
-0.906661
-0.997354
-0.998009
-0.992948
-0.98551
-0.963496
-0.789218
-0.977857
-0.996416
-0.993463
-0.868651
-0.987698
-0.805928
-0.999483
-0.990414
-0.753524
-0.973568
-0.996696
-0.972043
-0.998554
-0.948549
-0.991643
-0.476456
-0.853366
-0.696152
-0.983602
-0.996638
-0.995606
-0.980015
-0.999702
-0.986113
-0.997312
-0.877619
-0.973538
-0.996226
-0.994054
-0.998266
-0.99612
-0.987321
-0.973697
-0.999284
-0.986785
-0.996186
-0.940171
-0.997064
-0.999994
-0.973011
-0.973151
-0.986079
-0.949566
-0.993969
-0.779537
-0.997396
-0.98936
-0.991269
-0.953342
-0.976103
-0.804214
-0.972516
-0.848939
-0.759014
-0.85727
-0.990536
-0.989591
-0.958785
-0.925659
-0.861488
-0.9453
-0.966193
-0.947358
-0.97873
-0.979107
-0.962513
-0.958969
-0.993496
-0.938784
-0.975639
-0.866225
-0.840258
-0.967426
-0.932891
-0.97844
-0.998409
-0.990966
-0.972251
-0.997747
-0.998545
-0.997282
-0.969717
-0.963783
-0.997079
-0.995721
-0.97062
-0.979689
-0.998245
-0.893965
-0.989174
-0.969114
-0.876924
-0.863295
-0.978869
-0.992508
-0.918984
-0.994058
-0.997216
-0.992351
-0.997003
-0.98636
-0.978151
-0.887772
-0.995715
-0.993258
-0.998082
-0.995718
-0.920584
-0.97923
-0.993431
-0.906532
-0.999966
-0.987853
-0.974054
-0.916436
-0.965733
-0.993783
-0.992997
-0.976714
-0.9934
-0.918222
-0.98687
-0.995353
-0.99469
-0.997844
-0.892731
-0.987288
-0.995229
-0.999338
-0.968479
-0.987958
-0.849951
-0.942278
-0.998323
-0.995721
-0.996432
-0.999942
-0.795497
-0.989403
-0.989226
-0.978345
-0.99709
-0.995598
-0.988702
-0.572756
-0.981103
-0.920478
-0.940733
-0.97528
-0.990687
-0.991735
-0.993363
-0.991864
-0.997718
-0.981274
-0.98348
-0.9966
-0.967848
-0.989371
-0.9447
-0.943918
-0.803112
-0.935601
-0.547809
-0.998847
-0.9889
-0.994266
-0.768475
-0.98059
-0.992286
-0.974717
-0.858911
-0.948252
-0.976791
-0.957319
-0.989941
-0.993956
-0.917304
-0.96241
-0.978126
-0.992456
-0.930094
-0.654566
-0.97714
-0.924305
-0.984887
-0.940597
-0.924724
-0.995822
-0.991176
-0.995522
-0.998306
-0.937094
-0.995102
-0.997172
-0.888981
-0.966305
-0.997664
-0.985454
-0.998968
-0.931797
-0.952374
-0.999523
-0.999824
-0.941577
-0.988659
-0.996576
-0.927572
-0.988921
-0.997503
-0.995378
-0.654537
-0.980694
-0.989358
-0.988924
-0.924465
-0.63483
-0.984704
-0.97919
-0.966347
-0.996838
-0.995139
-0.946462
-0.0791395
-0.926746
-0.985048
-0.999757
-0.997295
-0.78764
-0.884984
-0.97134
-0.995124
-0.997029
-0.982451
-0.983612
-0.971882
-0.572772
-0.998397
-0.775817
-0.989907
-0.993204
-0.966769
0.206679
-0.951528
-0.945703
-0.974825
-0.990333
-0.994822
-0.999088
-0.981433
-0.890088
-0.976949
-0.999544
-0.906053
-0.479759
-0.962424
-0.986391
-0.972321
-0.818332
-0.854805
-0.974916
-0.990586
-0.99611
-0.99379
-0.941555
-0.995358
-0.850416
-0.911628
-0.978268
-0.987697
-0.995036
-0.950289
-0.723581
-0.996516
-0.997914
-0.951116
-0.99375
-0.969946
-0.521943
-0.982717
-0.971848
-0.921909
-0.986108
-0.997971
-0.998796
0.369972
-0.974381
-0.985412
-0.983263
-0.998784
-0.995111
-0.991443
-0.999805
-0.957839
-0.951319
-0.89006
-0.965872
-0.288073
-0.983951
-0.901517
-0.985535
-0.985926
-0.993475
-0.91033
-0.992478
-0.993824
-0.972393
-0.998193
-0.998039
-0.884102
-0.959693
-0.989862
-0.993271
-0.977016
-0.929893
-0.996674
-0.971757
-0.998743
-0.941536
-0.955849
-0.983614
-0.890719
-0.93924
-0.984959
-0.982135
-0.976188
-0.982702
-0.970453
-0.99724
-0.961198
-0.997925
-0.983345
-0.997242
-0.648114
-0.829402
-0.996791
-0.994316
-0.975603
-0.839507
-0.995729
-0.654607
-0.99839
-0.89718
-0.984275
-0.997034
-0.986584
-0.977864
-0.937505
-0.98482
-0.965673
-0.978566
-0.993915
-0.997115
-0.971894
-0.994539
-0.995715
-0.920811
-0.994346
-0.986693
-0.987321
-0.987461
-0.993717
-0.99595
-0.952002
-0.991291
-0.985078
-0.991199
-0.990059
-0.998841
-0.987028
-0.986693
-0.986433
-0.981586
-0.984451
-0.989549
-0.971943
-0.991726
-0.969013
-0.991197
-0.997159
-0.993608
-0.99986
-0.989212
-0.973274
-0.992936
-0.946092
-0.960747
-0.997056
-0.994994
-0.975021
-0.944325
