2.55263
0.132034
0.492422
2.74167
0.315862
0.216402
0.19832
0.376287
4.26996
0.256297
1.55159
0.676941
1.07797
0.27642
1.79607
3.27294
0.270534
0.676576
0.242583
0.183815
0.739773
0.120316
22.7074
1.37709
0.420362
0.346793
0.314465
0.470548
0.148136
0.665358
0.652312
1.58147
0.732322
0.999422
1.34386
1.27308
0.618145
3.96875
4.93021
4.53832
9.10954
0.112316
0.419955
0.104488
0.138882
0.143523
0.654028
0.145809
0.20187
0.258082
0.599005
3.99958
2.28097
0.165692
0.130787
0.168445
1.87565
0.209731
6.87869
11.0512
0.130162
2.57046
0.116463
0.268008
0.117982
1.29649
0.140746
0.164784
0.152579
0.938564
0.168256
0.106299
0.15723
1.12609
2.23102
0.230606
12.1315
0.225647
0.216494
0.118835
1.52941
12.5925
0.350033
0.267373
0.259206
0.127637
2.50522
1.60012
0.298227
4.46793
3.49742
0.299503
3.90374
0.633588
0.204401
0.393539
0.779654
0.101642
15.3112
0.263596
0.251976
3.87961
0.126907
0.18184
0.6532
1.50607
1.84955
0.164416
3.38047
2.97798
1.40861
0.415006
1.24661
0.13247
0.141281
0.250229
1.04585
0.512106
0.19833
3.11064
1.41848
0.541852
0.358043
0.205253
1.41495
1.36109
12.254
5.70174
5.48515
0.196068
0.586949
0.526619
0.141713
0.196903
0.160141
13.2894
2.46874
1.03695
0.777436
0.103567
6.42986
0.268576
0.250534
0.638732
0.346556
0.340196
0.174775
19.4037
5.60868
0.649344
0.812216
2.61225
0.31268
0.750309
0.196842
2.67875
0.17226
0.199198
0.261428
1.96127
12.6103
0.505941
0.157013
0.5751
2.70735
3.92476
2.07566
0.252321
0.198869
5.95513
5.93643
1.13377
0.26798
0.760242
0.111746
0.22845
0.484773
0.243975
0.242855
0.136365
0.632771
6.48345
0.657245
0.278617
0.514627
3.92509
0.71222
0.272815
0.310165
0.13053
0.593471
0.108621
0.857588
0.237707
24.0644
0.133585
0.232834
2.34728
0.374934
0.416938
6.03591
0.111874
1.51179
0.592308
1.46302
0.725561
0.184988
0.734003
6.89346
9.06028
0.87758
3.3149
0.133382
0.241426
0.174493
12.9952
0.341547
2.49048
0.154095
0.58733
0.610519
4.72486
0.721122
0.587712
0.211577
3.24676
4.7512
0.115603
0.41192
3.08842
0.743631
0.17515
13.3653
0.367544
0.999057
33.8043
0.759753
2.68998
2.01847
2.12899
0.132312
1.84964
0.281602
0.380561
0.2588
1.06486
0.542646
0.939708
0.291432
8.67634
0.938966
0.795633
31.1018
0.568003
0.124215
0.34064
6.96968
0.347585
0.497086
0.912281
0.382585
0.901111
0.418513
0.111468
1.77309
7.45915
0.689577
8.78153
0.584969
0.197504
0.262844
0.678852
0.392222
0.455686
0.153013
0.63636
1.25218
0.29127
8.80573
0.428778
1.31714
16.0183
1.2547
0.597991
6.24005
0.1303
1.94852
1.57327
0.180157
3.96041
2.44171
2.08414
1.8502
0.150716
0.364909
5.57845
0.219384
0.10977
1.51119
0.706492
0.104332
0.3832
1.21943
0.181474
0.809932
0.387328
0.324313
0.626691
0.207006
1.33215
0.120514
0.261734
0.689846
0.407535
0.134804
0.379045
0.109664
0.138787
0.164696
0.244464
2.15656
0.105638
0.410702
0.159668
0.538083
0.310717
0.709475
1.09805
1.49584
0.886573
0.919041
0.460884
0.276154
0.127748
2.20913
1.90534
0.424626
16.8292
0.478115
8.44848
3.17036
0.131016
2.24057
0.145777
1.2066
1.42318
0.276258
0.69588
0.634507
1.37134
1.92373
0.170301
0.542602
2.20442
5.95427
0.172565
0.122885
14.3573
0.228493
1.11425
0.105665
0.198449
0.266871
0.204046
0.322007
0.313511
0.137291
0.363776
0.802101
0.107661
0.18834
0.454309
0.274322
1.89201
0.271468
0.262915
2.89961
0.380528
5.78186
0.893238
0.193789
0.13435
2.10646
0.357739
0.253578
0.158907
0.229422
0.558929
8.40909
1.83471
0.453277
0.304581
0.134204
4.2056
0.933345
2.57712
0.679555
0.459309
1.28289
5.83999
2.6996
17.7703
1.18956
0.133035
0.1168
1.73113
0.186089
3.25635
0.635272
1.90797
4.65946
5.85134
0.587188
0.243867
0.328294
0.722859
1.58962
1.49034
0.453767
1.93944
0.542433
0.163729
8.60345
0.339683
1.12939
0.142805
0.156052
0.636126
0.189343
3.51052
0.13255
1.40231
11.3239
0.106967
0.354
0.287657
0.156009
0.599234
0.499799
3.00692
0.341885
9.15968
0.475586
0.437148
0.698699
0.956899
0.132872
0.990919
1.55168
0.178111
1.34967
0.324388
1.83324
3.62204
3.57528
0.597811
12.2708
0.344053
0.437838
6.16601
0.331554
2.0326
0.794738
3.18329
2.36641
1.07697
0.194507
0.573127
0.62836
0.728281
12.5221
0.116284
0.215462
2.58689
0.614232
7.2419
3.43546
0.177967
0.15903
0.277915
1.2928
2.42681
0.394027
0.107969
0.317912
0.167207
0.142272
2.96598
0.192975
13.9199
0.599907
0.243389
0.212861
0.144816
4.66979
0.188552
1.64359
0.264486
0.392872
6.06865
10.6205
0.104615
2.19499
3.37377
0.730673
0.226309
0.995814
0.792667
2.79667
6.908
5.96234
0.300531
0.379313
8.74636
4.6889
0.19307
2.00802
1.81807
0.766335
0.106222
0.469752
2.60474
0.148248
2.98951
4.65162
2.77967
0.85446
9.06148
0.203552
4.71069
2.24117
0.235696
0.335108
0.218326
7.57721
14.7535
0.178514
16.5029
0.36712
0.51849
10.0524
0.684759
0.103134
1.31443
0.420085
0.196576
4.88143
4.53572
0.933466
0.191561
7.32053
0.161974
0.107262
26.7353
0.134862
0.122664
3.16411
0.151164
0.3574
0.399594
0.871097
0.667085
1.84049
0.676703
0.249461
0.524621
0.20515
0.542966
0.44615
0.144384
1.23264
6.37257
0.263595
0.346309
0.173113
3.22627
0.47889
0.656211
0.598098
0.563438
3.76469
0.561895
0.878006
0.583258
0.539595
0.225499
1.91672
0.259744
0.476099
2.40984
0.754473
0.276563
0.779837
0.115727
2.75476
8.525
1.09215
2.09606
0.858379
0.135801
0.259865
0.508241
17.8643
0.17095
2.54835
4.41641
8.5576
0.173363
0.127517
1.04264
3.65218
1.0727
4.02759
0.920899
2.3687
0.743283
0.136335
7.67496
0.370214
0.203623
0.163702
0.116405
0.536177
0.977417
8.22647
0.106282
0.42729
2.51298
0.202218
1.2789
0.62581
0.1599
1.07347
0.219954
0.518045
0.89544
0.192844
0.257122
3.23447
1.73084
2.32133
0.116835
1.22073
0.606856
0.137955
0.111688
0.314319
0.614831
3.16225
2.52791
0.11089
18.5747
0.107576
0.250043
0.372441
0.170828
0.71091
1.38875
1.85459
2.17145
0.176512
0.310393
1.65144
0.360678
1.18704
0.161172
10.6071
0.480633
3.57659
0.233847
0.367185
1.08763
0.961065
0.46182
0.151192
4.46371
1.08791
0.113722
0.913973
3.0868
0.532101
0.178315
0.543171
0.133066
0.429171
0.791356
3.3997
13.7901
0.385384
3.63292
0.144558
0.327123
0.240111
0.519672
8.64683
0.319927
0.147463
0.125712
1.36156
0.252889
0.103052
0.983739
1.55494
0.177069
0.198344
0.150169
0.106656
0.189717
0.382408
0.557517
2.73034
3.78842
1.3401
0.47999
0.102136
0.495392
0.677886
1.14164
2.85425
0.18691
0.405503
0.155282
0.270463
0.163777
0.384569
4.15229
0.175114
0.160663
0.239114
0.992048
0.145368
13.5895
0.130597
0.352382
0.173943
0.430622
2.42892
0.387762
0.926722
0.39937
6.45587
0.23977
0.154879
1.067
5.99128
0.155663
0.389814
0.190261
2.87453
0.335901
0.253877
25.9245
1.30293
11.0059
1.37404
2.66092
5.0097
0.346859
1.0252
0.126807
4.16732
1.14773
0.556753
0.479617
0.154493
0.287302
0.451301
0.615232
1.34147
5.77886
0.131104
0.170436
0.210654
0.725334
0.105957
3.84689
0.195043
0.240066
1.2922
0.364167
1.40474
2.93381
0.419251
1.66042
1.36049
0.711804
0.735624
1.27199
1.53246
0.367022
1.72511
0.831814
0.984214
0.163523
1.48442
0.708648
3.44482
0.103818
2.80162
0.514675
0.201527
0.418884
0.153525
0.268944
0.192278
0.563025
0.140591
8.35439
0.118914
0.110524
3.57431
1.55582
0.700692
1.85709
1.27387
0.220705
19.1375
1.30298
0.746254
2.34001
0.317416
1.0246
2.64127
1.17829
0.526264
1.05302
13.8691
0.22337
0.331252
19.782
0.154062
0.213709
0.176001
0.553486
0.201574
14.7517
0.107899
7.16757
3.87604
6.91034
7.4203
0.258742
0.129905
2.64372
0.263896
1.10406
0.293749
0.240423
15.9157
0.679224
0.32714
0.193301
0.256834
5.12555
0.139259
0.287728
0.303135
0.110295
8.68655
12.3101
2.68536
19.1114
0.168571
0.112102
0.369054
0.122841
1.45228
0.30787
0.613315
0.541205
0.344108
3.42052
8.13702
8.40103
2.78262
1.50088
0.923867
0.100417
0.155779
6.22407
0.140435
0.790914
0.905306
0.108796
0.157577
0.259809
0.171381
0.253688
0.239743
0.375691
0.559122
0.44313
0.505987
0.983529
0.113037
2.27112
0.201075
2.56071
0.196786
0.245514
3.00134
1.34699
0.578795
5.05608
10.4813
0.118562
0.187103
0.177084
0.25296
0.147047
0.103292
8.38726
0.176243
1.10201
0.335172
0.375162
0.319497
0.285551
1.07937
0.611142
0.294037
1.43136
0.162856
1.11835
0.24039
0.872828
0.305055
0.15954
5.94052
3.21634
0.281121
0.322657
0.258347
0.78113
0.143499
0.176405
0.991652
0.226615
3.04363
1.62567
2.94106
0.323669
0.102605
1.68348
0.155045
0.216171
5.49992
0.249168
0.426972
43.1249
0.205082
0.458155
0.87287
3.89432
0.141905
0.63302
0.831969
0.845546
1.75307
0.200463
0.111836
0.395378
1.40705
0.683921
1.16204
5.26094
1.28614
0.173757
0.707858
0.236217
0.133369
0.170074
2.80295
0.324543
13.5897
0.390336
4.85561
0.212797
1.18827
0.75763
0.309527
1.04949
0.192694
0.251599
0.528836
0.100837
53.9439
0.272117
2.03726
0.237885
0.105255
1.33611
2.46848
0.551341
0.672111
0.604921
13.9021
0.112408
1.09034
8.30116
0.161175
0.139232
0.315848
0.191867
0.399834
1.02258
0.270936
1.16668
4.89791
0.688333
39.7593
0.46571
7.07408
0.781111
0.206078
0.589312
1.64868
3.24105
11.411
0.46786
18.4339
1.82535
4.62941
6.09877
0.455773
18.0002
0.144221
0.249111
0.758392
4.01145
1.90536
0.236934
0.339645
0.112598
0.500809
0.538579
0.833132
0.121832
2.42591
0.257689
0.27146
1.85011
0.556891
0.991335
0.525215
0.181718
0.300619
0.818839
0.196194
0.656838
4.68909
0.273743
0.233446
0.103027
0.272284
0.11728
0.72275
2.25135
9.04416
1.99906
1.89235
0.174736
0.223835
0.218582
1.07847
2.44265
0.299245
1.78244
0.190137
0.180457
7.23594
0.19038
0.224988
0.450251
0.203231
0.371871
0.757915
0.701092
0.328237
3.38419
2.94993
0.556315
1.30382
3.00508
15.126
2.52596
34.9421
24.4315
5.45787
0.245699
1.58454
0.128119
0.336419
0.241104
0.2342
3.19961
0.233569
0.297779
0.184992
1.45412
0.338712
0.205453
1.83938
0.200467
0.200149
1.56954
0.180888
0.361069
5.48091
0.208248
6.33874
0.637839
0.854158
0.319947
0.193957
1.23351
0.518195
0.292078
2.60756
10.5297
0.318946
0.149978
1.39704
1.98042
0.503093
1.15614
1.03851
0.380597
0.179738
9.6592
5.1075
0.105691
2.43327
0.721018
0.733944
0.946856
1.26762
0.596591
13.5013
2.90469
0.299249
1.60995
0.488886
0.326437
2.49735
0.217569
0.301215
11.7258
0.166512
0.225472
1.34139
0.143089
0.116675
8.3734
0.813446
0.322486
0.449791
1.12428
1.69616
0.100179
0.110075
0.130958
8.64702
2.73223
1.38961
6.98758
1.43088
0.518068
0.962498
0.638149
0.242694
1.6628
0.22103
4.56315
0.153525
2.45897
3.25384
1.75956
0.454418
3.36683
0.407375
0.465305
0.23965
0.135106
0.824146
0.489497
0.22874
0.412158
0.951952
0.40869
0.82114
0.195668
0.113996
0.419403
0.271496
33.2657
0.225295
0.681677
4.51179
6.48039
7.68134
0.145405
5.22129
2.0805
0.756051
0.761829
0.269988
20.2272
9.5991
2.14042
2.8845
0.295457
4.16712
0.105582
0.108661
2.32162
1.3747
0.780053
0.441068
1.18117
0.2468
7.98918
0.784371
2.15456
0.568408
4.99372
0.17582
9.95278
15.9474
0.269637
2.90963
0.782098
5.13075
1.02232
1.42225
3.41002
1.5335
0.556957
1.25973
0.500341
3.56866
0.675386
2.73491
6.72857
2.93612
0.19082
0.202042
0.197362
0.200522
0.117319
0.443637
0.584401
3.4791
1.67037
0.710581
0.534392
0.382311
0.638529
1.08377
0.392537
0.392324
7.22073
0.763501
1.30556
0.41924
0.290689
0.510769
0.440675
0.301838
0.659883
1.97118
0.628529
0.930031
2.36501
0.261805
0.873906
3.03316
4.06869
0.625582
0.160513
1.39079
0.144763
0.415335
6.06608
0.241056
5.37636
0.504435
1.94154
0.14625
0.289605
13.4117
0.342255
0.135247
0.135016
0.660217
0.258252
0.147722
4.17497
0.180762
0.103886
0.315561
3.07295
0.706754
9.96249
0.439636
1.76394
0.283982
0.113883
1.43017
0.144824
0.718695
13.4239
0.394367
0.288798
3.44946
4.12904
1.02465
0.307423
14.6212
0.132707
0.65485
0.231618
1.42044
1.08046
0.504114
0.141495
37.5566
0.729058
0.135641
0.184444
0.284363
0.164111
0.320876
0.112445
0.353613
0.911551
1.32656
0.62195
0.371451
3.76434
0.631835
0.880994
0.107873
0.108296
0.37601
0.184543
0.705901
1.74863
1.0676
0.382136
0.566542
4.63032
3.70959
0.538808
0.114919
0.126937
0.149948
0.148129
7.17428
0.338063
2.34324
1.077
4.89519
1.93964
0.166266
0.542304
1.05986
0.16441
0.15397
0.162171
9.00066
0.574949
2.86537
0.319031
0.253138
0.235949
1.83858
0.681733
1.61657
1.25793
0.887609
0.381714
0.196701
0.519056
0.401818
1.92948
0.272467
3.46414
1.09952
0.306034
0.41931
3.00599
0.160583
2.98631
0.553307
1.51271
1.07098
10.1664
0.400764
0.264186
1.19211
0.19836
4.4784
0.20124
0.164397
0.142464
0.12683
0.238891
0.425675
0.549576
1.21186
0.957983
0.185116
0.839343
0.866815
0.156365
3.1779
0.67673
0.320589
0.108891
0.116003
0.415242
1.3843
0.116005
1.47424
2.3232
0.336832
2.47631
0.506307
0.165874
0.17307
6.00364
0.282135
0.239437
0.124774
0.277892
0.267853
0.199591
0.122101
0.151135
0.166015
0.153526
1.30619
6.92997
0.372937
0.196751
19.4893
0.497644
1.45722
0.168343
4.84501
1.73157
3.51049
0.185794
0.172753
0.126463
1.04324
5.52583
0.449793
0.854148
0.216204
0.325923
0.104747
0.535895
0.142021
0.164417
6.02164
0.260237
0.14327
0.845451
0.165233
9.42515
2.30462
1.72341
0.251951
0.34147
0.48579
0.989649
0.481189
0.841281
0.537061
0.164677
0.260727
0.832589
0.139665
0.178103
0.306207
0.324632
0.180105
1.1435
0.474788
0.463359
0.570386
0.16234
0.922575
0.410544
0.112374
1.15131
0.101709
0.710798
2.50845
5.41393
0.323837
0.217784
2.81094
0.94072
4.94561
0.402156
4.85938
0.558651
0.317865
1.20246
0.195701
0.110361
0.278164
0.187349
0.171892
0.143816
0.136632
0.488909
3.06112
0.520962
3.78171
0.968801
0.136771
0.615558
0.15044
0.175157
20.9342
1.05985
10.2106
0.559144
0.187691
2.9033
39.8076
1.17425
0.181117
0.638787
0.238474
0.376545
2.73609
0.101189
0.158675
0.100471
2.68561
0.112017
0.650476
0.205398
1.32546
0.330966
0.478328
0.215839
31.3631
0.832467
1.30242
0.609807
3.74203
0.370144
1.19624
0.335821
0.524719
4.58827
0.212736
5.03779
0.769838
0.616575
2.0167
0.570835
1.98242
6.08119
0.965524
0.142198
0.395864
14.8438
1.54918
0.259301
22.4876
7.79078
0.153377
1.91557
1.55098
0.713721
0.100779
10.4943
0.308669
2.74999
1.64927
5.19
0.474835
0.220697
0.12533
2.29661
1.36094
0.340341
0.497376
2.12742
0.249767
0.318516
0.42119
4.36649
8.46129
0.551986
0.986904
0.581814
0.420277
1.41352
0.246056
2.34621
0.564318
14.3339
3.20003
0.183464
3.21832
1.80289
0.219717
2.1334
0.602147
0.152247
0.417245
0.260012
0.91602
0.112689
0.215604
0.123188
0.255831
1.59744
0.216233
0.938737
1.63325
11.8838
0.222723
0.543304
0.203438
0.150231
8.6093
7.68019
7.27899
1.04562
0.58047
0.700951
0.705021
0.726397
1.55049
7.30914
1.3104
0.97194
0.681044
0.353205
4.97962
1.30255
0.59149
0.475979
4.69316
0.130817
1.31821
1.4257
1.1578
1.29759
0.298372
2.44917
13.6407
0.588263
0.196273
0.131416
3.34488
0.134383
8.2029
0.446704
0.321285
0.375376
0.141443
9.4223
0.132584
0.446685
3.3519
0.447212
0.132903
0.551925
0.128311
3.19951
2.21056
1.13916
9.71286
0.104167
0.357205
1.53685
0.647374
1.23561
16.648
0.114584
0.497318
0.734914
20.3634
0.292501
0.420584
0.128008
0.277706
0.100028
0.201798
0.16673
9.44049
0.384889
19.8204
0.195668
6.7972
0.188983
1.84554
0.361393
0.28809
0.498789
0.227308
0.211011
2.58269
0.429696
0.137318
0.201417
0.176264
0.282247
0.283822
1.34361
0.447708
1.13463
0.801112
0.460603
0.311686
0.150357
0.143266
0.106543
15.2922
0.128978
5.98709
0.260383
0.271902
9.65788
0.206908
0.7781
0.228192
0.489708
1.11345
1.61968
0.229694
0.332044
0.524457
2.40618
0.171795
0.106031
1.062
0.467728
0.124844
0.214967
0.738903
4.93599
0.48233
1.23755
0.862713
2.37842
0.162513
0.117643
0.208898
1.74309
0.467676
0.311162
1.57987
0.723399
0.410267
0.714437
6.40998
3.995
0.234515
0.260345
0.167491
1.90361
0.155614
0.376737
1.5085
1.63883
0.902004
0.275196
0.101217
1.94716
0.170912
0.240015
1.53015
0.685443
0.394976
0.108342
0.129259
0.308294
0.132131
1.36655
0.879596
0.15467
1.51253
0.59726
1.0596
2.14017
11.1486
4.45418
0.12741
3.88013
0.169994
0.213276
0.101837
0.470631
0.63331
0.935653
0.825339
0.323232
0.484074
2.33266
0.1517
1.78076
0.792793
0.390273
0.102848
11.0749
0.509643
0.318179
1.00376
1.05065
0.781917
0.177804
0.747599
0.587546
0.420127
0.539992
0.247043
0.712614
4.85646
0.463883
0.147245
0.172385
0.214337
0.768862
0.513248
0.102676
0.402298
7.08558
0.209059
0.220082
0.104402
0.723152
0.192095
0.274813
0.284405
0.298207
0.358912
0.264438
0.107121
0.485661
0.115701
0.240731
0.282062
1.57487
0.727517
0.112505
0.244478
0.495887
0.296327
0.129537
0.328837
0.567419
0.663679
0.33911
6.09889
0.315161
0.394531
0.151595
1.3236
0.197068
9.34384
2.93461
1.24027
0.319692
1.15967
0.369338
0.309032
3.03712
0.158868
2.45666
0.597352
0.120375
0.140683
0.41992
0.188817
0.167115
4.80136
0.165187
1.38762
0.232988
2.82536
0.24165
1.21846
16.7597
1.248
2.33934
0.165925
0.996857
0.497641
15.1226
0.116562
2.46197
0.32223
0.141352
2.11167
0.216618
0.22187
0.275047
0.357247
0.117167
0.472264
2.90733
0.241213
0.398542
0.586681
0.162381
0.385936
0.389022
0.1224
0.117267
0.409647
0.391566
0.105585
2.13506
0.396733
0.84461
0.385799
0.712427
0.897785
0.454563
0.272129
0.136432
3.18316
2.55523
1.20214
0.68514
0.856751
0.56005
0.661446
0.338917
0.978099
0.843343
0.85296
0.100108
2.41191
0.116529
0.68187
3.44363
5.67653
0.175158
0.172046
0.36676
0.298663
0.110229
0.193479
1.10775
4.09242
0.50177
0.188059
0.906548
0.182518
1.80342
0.227101
0.642163
7.22557
1.03136
0.105763
0.21049
7.61793
0.842679
0.819661
0.112685
3.22018
0.338198
0.111849
0.128251
0.111695
10.6713
10.4111
2.50835
1.00212
1.22992
0.422035
4.73689
1.20713
0.752422
4.98221
0.144869
0.365211
0.134723
11.3537
6.27042
18.2483
0.229717
12.2031
4.67692
13.3675
5.99618
0.109898
0.40085
0.638906
0.111991
0.187513
3.59626
0.239025
2.90984
1.83716
0.332237
1.5675
0.516883
0.61417
6.72564
0.2164
0.149264
2.51942
4.18336
