-0.969633
0.795281
-0.703121
-0.928704
-0.980579
-0.96301
-0.979453
-0.995098
-0.991825
-0.722178
-0.596667
-0.93228
-0.971486
-0.980552
-0.994065
-0.425347
-0.982057
-0.918665
-0.98018
-0.96673
-0.824047
-0.784147
-0.984875
-0.995801
0.0132482
-0.994472
-0.906588
-0.885569
-0.558922
-0.528607
-0.982589
-0.827006
-0.959697
-0.912464
-0.993448
-0.835533
-0.951851
-0.999532
-0.887469
-0.725018
-0.971673
-0.972577
-0.973439
-0.941852
-0.81018
-0.735052
-0.982363
-0.977015
-0.952569
-0.988358
-0.986367
-0.957836
-0.959393
-0.954004
-0.955031
-0.87786
-0.960305
-0.949216
-0.998913
-0.756058
-0.547793
-0.882304
-0.919587
-0.557218
-0.957339
-0.969291
-0.898786
-0.998992
-0.995882
-0.959831
-0.996426
-0.99602
-0.66238
-0.997497
-0.945536
-0.573695
-0.936385
-0.99678
-0.948926
-0.646919
-0.997601
-0.94043
-0.95216
-0.881138
-0.995855
-0.952023
-0.992974
-0.958352
-0.965088
-0.980248
-0.955603
-0.986098
-0.987458
-0.683192
-0.976296
-0.998409
-0.981576
-0.962274
-0.972202
-0.77981
-0.946735
-0.951212
-0.945874
-0.96831
-0.969815
-0.997734
-0.938074
-0.994078
-0.974059
-0.962085
-0.91805
-0.956419
-0.97013
-0.958051
-0.969692
-0.963963
-0.997722
-0.973743
-0.934575
-0.968159
-0.576874
-0.947314
-0.741573
-0.827279
-0.982563
-0.989842
-0.985809
-0.957808
-0.955059
-0.989907
-0.963692
-0.964835
-0.942433
-0.987821
-0.855781
-0.962253
-0.804862
-0.980378
-0.486578
-0.98622
-0.983886
-0.963118
-0.99938
-0.995289
-0.839433
-0.980856
-0.993939
-0.960809
-0.966496
-0.870489
-0.944267
-0.942651
-0.868215
-0.86839
-0.97998
-0.938694
-0.989833
-0.998873
-0.989167
-0.931665
-0.479791
-0.847987
-0.957793
-0.998634
-0.826177
-0.984023
-0.713002
-0.936165
-0.97685
-0.807657
-0.932952
-0.964933
-0.990112
-0.980879
-0.999251
0.926987
-0.958096
-0.969905
-0.95197
-0.981868
-0.997425
-0.959363
-0.981316
-0.987966
-0.959092
-0.559579
-0.97918
-0.792039
-0.845549
-0.983622
-0.980112
-0.937454
-0.886168
-0.957077
-0.970658
-0.979072
-0.943726
-0.950204
-0.994561
-0.992352
-0.924246
-0.932191
-0.977137
-0.958458
-0.87698
-0.34852
-0.928523
-0.953822
-0.965211
-0.389651
-0.991353
-0.975591
-0.938028
-0.916637
-0.876032
-0.886608
-0.376239
-0.983652
-0.970627
-0.865564
-0.687621
-0.790656
-0.999415
-0.934703
-0.843832
-0.980483
-0.992482
-0.979866
-0.984491
-0.985561
-0.839706
-0.997922
-0.975036
-0.218908
-0.902887
-0.997409
-0.982994
-0.991296
-0.997758
-0.85798
-0.935087
-0.986477
-0.964578
-0.877913
0.752811
-0.745931
-0.968929
-0.985061
-0.416309
-0.994537
-0.753472
-0.778513
-0.69534
-0.868789
-0.989363
-0.946595
-0.987023
-0.98806
-0.956546
-0.965921
-0.955894
-0.532239
-0.983209
-0.998338
-0.982762
-0.948421
-0.998261
-0.997108
-0.974641
-0.9885
-0.894961
-0.800392
-0.969193
-0.986763
-0.992906
-0.999205
-0.983843
-0.968411
-0.727374
-0.931765
-0.963146
-0.98941
-0.998928
-0.927608
-0.989723
-0.889269
-0.92606
-0.836972
-0.934802
-0.977887
-0.999143
-0.989396
-0.964965
-0.982306
-0.925374
-0.988652
0.366497
-0.957672
-0.9735
-0.994274
-0.912118
-0.920425
-0.301961
-0.977828
-0.970056
-0.103824
-0.952429
-0.993933
-0.995634
-0.570205
-0.967244
-0.801593
-0.998283
-0.996951
-0.992044
-0.994723
-0.977081
-0.942037
-0.928998
-0.937893
-0.946678
-0.90632
-0.996207
-0.972101
-0.999909
-0.91972
-0.949861
-0.956744
-0.99545
-0.996396
-0.991621
-0.846268
-0.827164
-0.570562
-0.965744
-0.928369
-0.999476
-0.91395
-0.314701
-0.956619
-0.969867
-0.806649
-0.353718
-0.514917
-0.893901
-0.948841
-0.864943
-0.782257
-0.971085
-0.997386
-0.740993
-0.99304
-0.985579
-0.985131
-0.69008
-0.728461
-0.864716
-0.878752
-0.998263
-0.861193
-0.997716
-0.982749
-0.0241949
-0.909997
-0.818377
-0.988686
-0.65981
-0.90738
-0.886671
-0.642448
-0.986618
-0.991797
-0.98166
-0.98351
-0.974865
-0.964644
-0.994439
-0.995445
-0.798512
-0.973727
-0.997039
-0.986901
-0.950801
-0.901915
-0.830705
-0.98924
-0.99379
-0.764602
-0.922106
-0.970543
-0.52753
-0.932373
0.0930739
-0.985343
-0.97529
-0.976402
-0.998711
-0.943626
-0.964222
-0.828105
-0.937564
-0.979595
-0.998423
-0.983582
-0.531453
-0.992948
-0.894634
-0.779623
-0.968472
-0.914851
-0.997995
-0.953436
-0.983019
-0.988602
-0.997743
-0.927049
-0.893201
-0.984066
-0.460034
-0.713757
-0.998551
-0.871053
-0.792418
-0.969339
-0.92445
-0.984772
-0.962107
-0.984265
-0.870192
-0.991983
-0.981449
-0.96199
-0.997405
-0.986738
-0.96746
-0.652454
-0.938711
-0.775545
-0.936873
-0.982272
-0.883175
-0.992676
-0.916757
-0.993246
-0.944122
-0.96614
-0.859969
-0.995038
-0.956069
-0.997433
-0.99837
-0.992377
-0.998873
-0.998029
-0.760973
-0.949931
-0.986028
-0.994542
-0.979648
-0.9818
-0.92974
-0.930688
-0.851631
-0.919567
-0.919813
-0.967173
-0.782821
-0.692382
-0.925605
-0.920674
-0.916515
-0.998938
-0.846407
-0.978509
-0.907384
-0.751426
-0.919277
-0.98822
-0.9332
0.0828136
-0.984746
-0.944672
-0.923224
-0.716957
-0.926592
-0.574744
-0.995858
-0.938989
-0.997578
-0.975128
-0.996868
-0.978982
-0.809368
-0.956308
-0.351741
-0.99877
-0.99956
-0.890374
-0.846127
-0.955489
-0.996106
-0.54016
-0.647388
-0.998703
-0.990942
-0.989489
-0.926952
-0.996954
-0.813638
-0.952824
-0.342434
-0.969632
-0.889677
-0.964546
-0.767394
-0.98465
-0.959458
-0.882781
-0.856532
-0.998483
-0.885826
-0.60463
-0.978945
-0.904082
-0.946441
-0.485496
-0.948516
-0.920476
-0.983588
-0.918951
-0.927134
-0.873016
-0.881713
-0.982923
-0.988801
-0.994171
-0.905404
-0.95838
-0.95005
-0.895485
-0.935807
-0.949459
-0.977784
-0.888456
0.357012
-0.964017
-0.961919
-0.997326
-0.973118
-0.989268
-0.941905
-0.95824
-0.978358
-0.957334
-0.937688
-0.914827
-0.932913
-0.975845
-0.224738
-0.984551
-0.860425
-0.789561
-0.998064
-0.981296
-0.99725
-0.978002
-0.996066
-0.740246
-0.90487
-0.853923
-0.834739
-0.92305
-0.989107
-0.952102
-0.872261
-0.986031
-0.995169
-0.588907
-0.932505
-0.992118
-0.983203
-0.606665
-0.736542
-0.939723
-0.931503
-0.103348
-0.994217
-0.999654
-0.618954
0.70166
-0.96502
-0.933306
-0.711772
-0.994002
-0.944776
-0.949866
-0.564236
-0.98281
-0.98289
-0.989728
-0.617235
-0.784019
-0.784324
-0.965655
-0.626959
-0.910547
-0.99349
-0.945032
-0.943659
-0.995271
-0.980105
-0.998857
-0.962221
-0.984364
-0.987164
-0.918108
-0.99754
-0.992492
-0.959026
-0.971281
-0.99133
-0.79758
-0.924527
-0.661622
-0.999758
-0.93784
-0.867654
-0.972307
-0.863296
-0.797052
-0.975064
-0.959288
-0.42248
-0.954123
-0.984469
-0.536906
-0.978011
-0.923959
-0.985353
-0.932577
-0.951304
-0.799822
-0.960319
-0.649303
-0.98058
-0.94665
-0.905946
-0.907516
-0.957003
-0.94857
-0.781431
-0.997855
-0.974066
-0.981589
-0.979615
-0.939402
-0.983349
-0.96217
-0.978342
-0.984653
-0.969204
-0.576938
-0.993528
-0.976462
-0.981944
-0.969611
-0.962836
-0.976498
-0.996885
-0.99816
-0.994704
-0.990928
-0.960307
-0.885461
-0.944463
-0.805969
-0.953876
-0.808923
-0.992794
-0.930177
-0.970917
-0.820523
-0.644855
-0.950728
-0.880987
-0.849385
-0.929369
-0.9357
-0.402176
-0.993783
-0.990582
-0.986331
-0.960624
-0.981437
-0.944491
-0.930807
-0.988489
-0.995621
-0.9814
-0.974319
-0.979624
-0.882744
-0.944663
-0.976011
-0.968187
-0.851823
-0.984357
-0.912454
-0.899282
-0.81568
-0.910786
-0.884014
-0.886242
-0.960502
-0.970957
-0.987193
-0.743422
-0.965022
-0.87059
-0.921686
-0.951139
-0.975551
-0.98436
-0.753038
-0.857997
-0.930093
-0.916832
-0.91663
-0.968495
-0.983653
-0.715614
-0.877474
-0.985367
-0.867935
-0.970548
-0.985657
-0.980133
-0.913583
-0.986324
-0.984393
-0.952485
-0.991566
-0.968385
-0.992731
-0.993531
-0.99842
-0.888258
-0.921572
-0.80421
-0.99889
-0.979434
-0.971193
-0.990347
-0.992172
-0.919541
-0.980019
-0.926968
-0.918821
-0.995011
-0.318364
-0.819322
-0.577053
-0.998824
-0.968873
-0.748915
0.942534
-0.994497
-0.918138
-0.817959
-0.748112
-0.893736
-0.975172
-0.96935
-0.960619
-0.9775
-0.956662
-0.934019
-0.955286
-0.900064
-0.902887
-0.849866
-0.771314
-0.976497
-0.727423
-0.842924
-0.945947
-0.911007
-0.976411
-0.903697
-0.989682
-0.92047
-0.960243
-0.861078
-0.774781
-0.727801
-0.990177
-0.891075
-0.809845
-0.98539
-0.930118
-0.99302
-0.926373
-0.348322
-0.95517
-0.72535
-0.883044
-0.991175
-0.858046
-0.86262
-0.921069
-0.991466
-0.871711
-0.980787
-0.985462
-0.98923
-0.993466
-0.830768
-0.984658
-0.870609
-0.910636
-0.305424
-0.942899
-0.973507
-0.968105
-0.952471
-0.987182
-0.943239
-0.811827
-0.952567
-0.955838
-0.993915
-0.951639
-0.87465
-0.905035
-0.854202
-0.719628
-0.925546
-0.992523
-0.873374
-0.951723
-0.979345
-0.98866
-0.961936
-0.9256
-0.955546
-0.956223
-0.967075
-0.97714
-0.992622
-0.598588
-0.985955
-0.241158
-0.519199
-0.786681
-0.836203
-0.883619
-0.891216
-0.781544
-0.72077
-0.459879
-0.990185
-0.974689
-0.972175
-0.975345
-0.994296
-0.980284
-0.883661
-0.998196
-0.938392
-0.917214
-0.943775
-0.966439
-0.962678
-0.847062
-0.982535
-0.98089
-0.954177
-0.96638
-0.98847
-0.929731
-0.890745
-0.850187
-0.973453
-0.997183
-0.937287
-0.965043
-0.986445
-0.916267
-0.0434727
-0.997868
-0.88791
-0.980049
-0.992364
-0.552111
-0.980033
-0.981439
-0.977393
-0.985626
-0.872761
-0.991825
-0.999257
-0.994312
-0.994104
-0.714083
-0.303016
-0.978472
-0.88052
-0.851628
-0.979372
-0.822191
-0.979685
-0.870055
-0.907481
-0.964286
-0.963273
-0.988024
-0.98969
-0.995664
-0.435448
-0.874162
-0.985482
-0.999836
-0.988205
-0.999106
-0.926348
-0.777901
-0.967799
-0.988918
-0.841996
-0.983275
-0.970672
-0.635224
-0.96844
-0.890712
-0.826211
-0.982137
-0.994742
-0.980931
-0.778404
-0.838549
-0.971246
-0.635905
-0.975256
-0.930112
-0.97342
-0.986437
-0.959557
-0.918133
-0.861073
-0.925205
-0.961151
-0.0639256
-0.92653
-0.966053
-0.925817
-0.732311
-0.965999
-0.908628
-0.968571
-0.746539
-0.926529
-0.802457
-0.847834
-0.996904
-0.997223
-0.958919
-0.944233
-0.992795
-0.873938
-0.786688
-0.931031
-0.924558
-0.724137
-0.702217
-0.923158
-0.943789
-0.984724
-0.983406
-0.937454
-0.815787
-0.573202
-0.96401
-0.928127
-0.976603
-0.924008
-0.916927
-0.91876
-0.964773
-0.982886
-0.892735
-0.987383
-0.860715
-0.664462
-0.987999
-0.957655
-0.979866
-0.994754
-0.994028
-0.961719
-0.991243
-0.905909
-0.957764
-0.855972
-0.733299
-0.996949
-0.819041
-0.794156
-0.958147
-0.872646
-0.910152
-0.941727
-0.970828
-0.857412
-0.993401
-0.99746
-0.844131
-0.999072
-0.989582
-0.994038
-0.74496
0.276139
-0.934342
-0.941076
-0.973784
-0.839391
-0.901226
-0.604454
0.361953
-0.996818
-0.750228
-0.984183
-0.930222
-0.992939
-0.981356
-0.983919
-0.9636
-0.997563
-0.996708
-0.949045
-0.919541
-0.96115
-0.92831
-0.988097
-0.994812
-0.959164
-0.747802
-0.951137
-0.983299
-0.859639
-0.981715
-0.997346
-0.945265
-0.944184
-0.989112
-0.997553
-0.960249
-0.999026
-0.476358
-0.993637
-0.967602
-0.848461
-0.905205
-0.981494
-0.987619
-0.866253
-0.973428
-0.999516
0.232705
-0.638614
-0.917243
-0.598591
-0.764857
-0.810239
0.176409
-0.987999
-0.880297
-0.706854
-0.97168
-0.901852
-0.989435
-0.934649
-0.954414
-0.989123
-0.949866
-0.897837
-0.675477
-0.9829
-0.968785
-0.969725
-0.874255
-0.910494
-0.92525
-0.85243
-0.0506202
-0.975549
-0.99567
-0.995456
-0.965069
-0.799489
-0.904899
-0.951821
-0.937106
-0.886542
-0.980064
-0.982766
-0.920669
-0.917143
-0.953031
-0.928145
-0.140359
-0.998751
-0.970607
-0.96666
-0.984125
-0.942993
-0.976549
-0.992996
-0.991967
-0.894558
-0.907988
-0.955709
-0.980706
-0.624365
-0.944611
-0.999549
-0.987572
-0.98144
-0.986739
-0.918734
-0.981568
-0.991897
-0.959668
-0.988162
-0.991469
-0.972225
-0.943362
-0.691295
-0.913921
-0.940422
-0.961877
-0.951473
-0.938989
-0.961205
-0.967395
-0.993191
-0.990857
-0.946398
-0.944241
-0.881738
-0.880352
-0.91597
-0.934862
-0.961574
-0.971139
-0.936036
-0.996502
-0.871201
-0.662049
-0.93812
-0.96229
-0.961226
-0.978996
-0.957291
-0.805333
-0.824644
-0.986967
-0.998568
-0.937409
-0.979803
-0.869202
-0.992451
-0.968287
-0.957005
-0.588914
-0.97629
-0.93381
-0.772219
-0.994469
-0.974114
-0.990379
-0.968254
-0.927437
-0.949054
-0.927887
-0.911699
-0.948578
-0.971391
-0.908628
-0.96822
0.868042
-0.88666
-0.985316
-0.991357
-0.969764
-0.983214
-0.713802
-0.959208
-0.997453
-0.920298
-0.951489
-0.993402
-0.991135
-0.725601
-0.977451
-0.851696
-0.993263
-0.980514
-0.942271
-0.960283
-0.956876
-0.997677
-0.995295
-0.974465
-0.997173
-0.985268
-0.996361
-0.895463
-0.994445
-0.982472
-0.947024
-0.957504
-0.975907
-0.927119
-0.553481
-0.695831
-0.985097
-0.877379
-0.945728
-0.954443
-0.971653
-0.829358
-0.955919
-0.933249
-0.96189
-0.986181
-0.992638
-0.986757
-0.814813
-0.997791
-0.979958
-0.820808
-0.989234
-0.878814
-0.941949
-0.999193
-0.665795
-0.660639
-0.964059
-0.957606
-0.788358
-0.193462
-0.720242
-0.894524
-0.990061
-0.975542
-0.908382
-0.930373
-0.976754
-0.909319
-0.980725
-0.891016
-0.912032
-0.98739
-0.985995
-0.375645
-0.714871
-0.921426
-0.978319
-0.180664
-0.795739
-0.852203
-0.894533
-0.967103
0.497834
-0.95546
-0.95019
-0.934865
-0.939743
-0.892646
-0.833917
-0.897554
-0.990939
-0.963003
-0.984782
-0.835619
-0.943951
-0.996059
-0.958027
-0.978264
-0.992548
-0.986356
-0.836892
-0.974661
-0.935637
-0.955004
-0.996615
-0.753583
-0.87302
-0.793078
-0.978877
-0.972828
-0.992788
-0.98289
-0.955837
-0.994845
-0.822191
-0.999484
-0.836625
-0.938653
-0.995301
-0.97879
-0.985784
-0.953009
-0.968706
-0.955297
-0.972411
-0.854332
-0.77387
-0.985956
-0.994014
-0.982956
-0.966167
-0.986929
-0.882031
-0.960998
-0.98229
-0.949529
-0.97769
-0.892258
-0.979603
-0.858505
-0.860214
-0.963871
-0.986467
-0.959516
-0.920156
-0.98353
-0.0692504
-0.956483
-0.913746
-0.958382
-0.874909
-0.883251
-0.944862
-0.979174
-0.926237
-0.837964
-0.987662
-0.973784
-0.996952
0.112447
-0.0481514
-0.997575
-0.955253
-0.986416
-0.220176
-0.994738
-0.990463
-0.996198
-0.991606
-0.924817
-0.898206
-0.93214
0.410263
-0.78633
-0.998587
-0.993049
-0.913865
-0.987807
-0.887643
-0.964041
-0.97842
-0.989815
-0.918261
-0.904667
-0.991157
-0.955053
-0.746068
-0.911558
-0.986609
-0.97692
-0.955591
-0.820177
-0.929577
-0.996423
-0.970783
-0.835319
-0.951874
-0.829991
-0.915967
-0.870282
-0.971177
-0.974164
-0.990504
-0.985476
-0.981969
-0.987261
-0.997588
-0.957248
-0.903401
-0.93034
-0.941553
-0.984912
-0.959346
-0.965034
-0.9785
-0.790853
-0.845664
-0.921612
0.996748
-0.967343
-0.606056
-0.946237
-0.876585
-0.897838
-0.994586
-0.98485
-0.927881
-0.994888
-0.409312
-0.966085
-0.902811
-0.996729
-0.983943
-0.811019
-0.110035
-0.957991
-0.828726
-0.795946
-0.95558
-0.99389
-0.904545
-0.999549
-0.97558
-0.902344
-0.998326
-0.961812
-0.973691
-0.947429
-0.888961
-0.962799
-0.990226
-0.964025
-0.985235
-0.949161
-0.985472
-0.960449
-0.909508
-0.935354
-0.998687
-0.991255
-0.515138
-0.970106
-0.965501
-0.958798
-0.972854
-0.862423
-0.936363
-0.97682
-0.997812
-0.963047
-0.939275
-0.986797
-0.966467
-0.886565
-0.948898
-0.981125
-0.984728
-0.903843
-0.720224
-0.858153
-0.986403
-0.680045
-0.954704
-0.984215
-0.988035
-0.74495
-0.96459
-0.994766
-0.475881
-0.941999
-0.659515
-0.96779
-0.987717
-0.978017
-0.947186
-0.967979
-0.947355
-0.965361
-0.96462
-0.997035
-0.79835
-0.935224
-0.926477
-0.983826
-0.994509
-0.987083
-0.956128
-0.96955
-0.962508
-0.884975
-0.928146
-0.978537
-0.56876
-0.974799
-0.816131
-0.983537
-0.948876
-0.776215
-0.985623
-0.993221
-0.928
-0.992323
-0.998439
-0.976148
-0.987411
-0.99064
-0.996612
-0.957151
-0.943592
-0.992602
-0.985964
-0.952241
-0.993698
-0.998413
-0.768947
-0.94377
-0.869194
-0.98465
-0.996351
-0.992687
-0.994258
-0.996142
-0.97512
-0.962069
-0.900074
-0.990897
-0.995927
-0.979469
-0.90929
-0.976438
-0.978948
-0.98754
-0.992675
-0.973665
-0.988925
-0.971171
-0.87993
-0.826397
-0.977049
-0.960882
-0.984016
-0.998425
-0.994966
-0.986967
-0.97287
-0.830044
-0.891207
-0.963668
-0.728877
-0.88005
-0.988878
-0.833003
-0.981505
-0.843605
-0.986169
-0.988975
-0.985536
-0.98556
-0.983029
-0.886385
-0.888815
-0.974755
-0.992811
-0.784395
-0.979548
-0.965765
-0.978482
-0.982582
-0.90597
-0.924493
-0.949276
-0.982929
-0.901213
-0.956572
-0.967013
-0.999454
-0.973578
-0.737825
-0.936278
-0.192017
-0.750745
-0.955144
-0.982338
-0.990557
-0.955459
-0.938729
-0.446068
-0.984745
-0.561939
-0.839457
-0.878693
-0.963082
-0.906562
-0.957328
-0.982147
-0.982867
-0.971091
-0.776212
-0.990309
-0.990761
-0.361462
-0.942988
-0.958112
-0.99946
-0.652404
-0.870405
-0.99113
-0.871019
-0.466133
-0.907858
-0.98051
-0.982694
-0.993418
-0.996152
-0.956063
-0.999459
-0.937292
-0.903498
-0.91465
-0.991445
-0.946164
-0.897157
-0.776659
-0.808459
-0.947672
0.17647
-0.879884
-0.952179
-0.992573
-0.976738
-0.981348
-0.957397
-0.954956
-0.960205
-0.933104
-0.981293
-0.910363
-0.947298
-0.987148
-0.883502
-0.819608
-0.869392
-0.974928
-0.955478
-0.912192
-0.44634
-0.896712
-0.98393
-0.980238
-0.959089
-0.910903
-0.983373
-0.99104
-0.698053
-0.998835
-0.959106
-0.975306
-0.867862
-0.992157
-0.971053
-0.999125
-0.964559
-0.944232
-0.895504
-0.880118
-0.993458
-0.961805
-0.996843
-0.957844
-0.817976
-0.514593
-0.986071
-0.897709
-0.456138
-0.983249
-0.813356
-0.750488
-0.852831
-0.983557
-0.941291
-0.964306
-0.938551
0.0655027
-0.893663
-0.848856
-0.805624
-0.957599
-0.933167
-0.987892
-0.953319
-0.927397
-0.931758
-0.835151
-0.978982
-0.995544
-0.988562
-0.986428
-0.754446
-0.989937
-0.987478
-0.988102
-0.940901
-0.962609
-0.93481
-0.987389
-0.791721
-0.982593
-0.977855
-0.95351
-0.955772
-0.99472
-0.840998
-0.945194
-0.991608
-0.995941
-0.966139
-0.979173
-0.936934
-0.74812
-0.985236
-0.977597
-0.176965
-0.988026
-0.942136
-0.983671
-0.99655
-0.995238
-0.988264
-0.0416315
-0.999104
-0.918423
-0.683346
-0.97839
-0.989237
-0.906266
-0.810768
-0.850702
-0.925015
-0.923279
-0.990716
-0.956231
-0.818517
-0.960253
-0.980357
-0.923436
-0.986342
-0.543204
-0.999009
-0.889027
-0.997779
-0.996209
-0.996475
-0.917369
-0.949049
-0.941668
-0.232878
-0.99691
-0.997766
-0.773924
-0.0519289
-0.884016
-0.340487
-0.983336
-0.983609
-0.683008
-0.998515
-0.995157
-0.999777
-0.988126
-0.962946
-0.958118
-0.999121
-0.994338
-0.994787
-0.951565
-0.243269
-0.208286
-0.848819
-0.918998
-0.93169
-0.362605
-0.284938
-0.29991
-0.996401
-0.935526
-0.991653
-0.7856
-0.998193
-0.999385
-0.999545
-0.96172
-0.959783
-0.644998
-0.969943
-0.985891
-0.972088
-0.990221
-0.74756
-0.975699
-0.990818
-0.913109
-0.983566
-0.759541
-0.508184
-0.935209
-0.956733
-0.835608
-0.963095
-0.929546
-0.856638
-0.872573
-0.961733
-0.893274
-0.735562
-0.997378
-0.428639
-0.98184
-0.990726
-0.790759
-0.82772
-0.805823
-0.989663
-0.994528
-0.98154
-0.818253
-0.89169
-0.980493
-0.775683
-0.999993
-0.949927
-0.978835
-0.913901
-0.934875
-0.959499
-0.987974
-0.997381
-0.808928
-0.813651
-0.977104
-0.998525
-0.918202
-0.997993
-0.995776
-0.999701
-0.618726
-0.980872
-0.982516
-0.902403
-0.451214
-0.845202
0.235972
-0.906948
-0.975851
-0.98937
-0.961341
-0.963312
-0.985235
-0.995507
-0.433877
-0.798037
-0.89599
-0.956787
-0.990324
-0.684545
-0.715993
-0.800449
-0.973028
-0.623184
-0.527245
-0.995161
-0.962303
-0.959446
-0.987025
-0.962203
-0.858833
-0.851688
-0.96954
-0.997091
-0.977978
0.0045345
-0.765449
-0.418098
-0.987847
-0.976681
-0.988073
-0.927101
-0.947387
-0.838874
-0.952447
-0.995843
-0.857023
-0.940581
-0.994311
-0.939469
-0.513796
-0.75331
-0.757045
-0.942315
-0.958486
-0.843971
-0.481999
-0.989464
-0.979093
-0.902352
-0.83782
-0.971267
-0.99923
-0.997104
-0.806836
-0.980348
-0.882204
-0.890205
-0.925546
-0.994344
-0.979137
-0.968169
-0.964216
-0.969763
-0.879486
-0.977252
-0.988408
-0.995936
-0.842162
-0.935073
-0.936494
-0.955102
-0.988977
-0.960729
-0.829609
-0.917378
-0.814405
-0.636443
-0.991771
-0.994848
-0.992834
-0.884596
-0.996323
-0.935291
-0.924699
-0.998345
-0.969108
-0.9803
-0.348216
-0.983347
-0.992484
-0.944683
-0.981048
-0.81346
-0.953339
-0.993349
-0.92072
-0.821939
-0.926043
-0.996112
-0.925859
-0.869786
-0.986171
0.112178
-0.977743
-0.992986
-0.960741
-0.98709
-0.948395
-0.993573
-0.857149
-0.788833
-0.918122
-0.945653
-0.999289
-0.983281
-0.980553
-0.928383
0.68155
-0.977108
-0.948838
-0.657119
-0.889572
-0.991764
-0.88889
-0.580973
-0.797273
-0.989557
-0.763821
-0.860613
-0.961748
-0.985346
-0.979008
-0.993174
-0.874765
-0.986975
-0.955642
-0.997479
-0.995659
-0.923693
-0.977093
-0.958908
-0.922839
-0.945427
-0.455017
-0.981685
-0.93914
-0.887508
-0.621668
-0.989979
-0.980985
-0.904657
-0.963402
0.0655013
-0.865551
-0.944705
-0.839202
-0.928814
-0.951909
-0.954284
-0.922672
-0.961482
-0.996104
-0.994104
-0.81118
-0.918129
-0.980716
-0.97761
-0.991237
-0.996864
-0.972078
-0.975981
-0.804951
-0.761816
-0.980527
-0.997212
-0.964855
-0.944514
-0.960178
-0.934389
-0.968935
-0.953221
-0.973602
-0.753742
-0.978211
-0.829634
-0.686437
-0.991598
-0.96566
-0.921436
-0.987857
-0.822962
-0.974755
-0.94719
-0.493752
-0.963399
-0.999226
-0.912428
-0.991084
-0.939173
-0.959332
-0.981635
-0.832133
-0.892371
-0.994701
-0.900355
-0.94401
-0.987845
-0.997848
-0.879643
-0.993827
-0.909622
-0.935645
-0.919747
-0.815554
-0.879937
-0.977824
-0.988624
-0.832058
-0.901273
-0.995464
-0.994646
-0.964104
-0.562062
-0.975742
-0.801707
-0.798283
-0.93569
-0.924864
-0.989511
-0.916023
-0.913202
-0.929985
-0.951951
-0.908746
-0.822709
-0.945632
-0.703304
-0.899059
-0.991423
-0.946543
-0.826662
0.0315528
-0.985304
-0.964657
-0.959675
-0.98016
-0.873318
-0.978349
-0.969527
-0.851447
-0.998223
-0.997873
-0.999615
-0.892421
-0.977153
-0.883897
-0.920142
-0.78196
-0.908384
-0.985725
-0.82397
-0.980968
-0.969537
-0.935488
-0.988608
-0.971085
-0.997267
-0.999238
-0.993523
-0.991506
-0.804333
-0.962123
-0.89163
-0.916556
-0.985378
-0.927285
-0.964463
-0.919611
-0.857793
-0.784762
-0.943686
-0.992609
-0.954576
-0.965222
-0.8624
-0.611439
-0.986013
-0.984701
-0.99961
-0.944424
-0.98371
-0.967517
-0.921821
-0.999595
-0.998634
-0.819262
-0.945867
-0.0678526
-0.947735
-0.998128
-0.947562
-0.988433
-0.974569
-0.647103
-0.902858
-0.998435
-0.988724
-0.842391
-0.994198
-0.994092
-0.768123
-0.932449
-0.984733
-0.822
-0.939797
-0.971501
-0.961369
-0.966473
-0.592851
-0.95801
-0.454638
-0.983531
-0.963994
-0.988518
-0.996315
-0.989374
-0.994291
-0.998222
-0.956947
-0.998233
-0.911975
-0.880611
-0.89761
-0.933022
-0.879928
-0.981128
-0.998768
-0.99906
-0.999967
-0.999781
-0.973234
-0.972449
-0.918653
-0.841192
-0.760861
-0.885367
-0.856774
-0.983704
-0.468721
0.584343
-0.809569
-0.998783
-0.972483
-0.989084
-0.906077
-0.564619
-0.974845
-0.970114
-0.9999
-0.997536
-0.98824
-0.982847
-0.966843
-0.985311
-0.669783
-0.986579
-0.992361
-0.919767
-0.97003
-0.971209
-0.994177
-0.999445
-0.957265
-0.95995
-0.988615
-0.977522
-0.849647
-0.944101
-0.999534
-0.671182
-0.957959
-0.985616
-0.854686
-0.990227
-0.970669
-0.908382
-0.996584
-0.993486
-0.984107
-0.977817
-0.951727
-0.822364
-0.992135
-0.993404
-0.990956
-0.967397
-0.989457
-0.99403
-0.997192
-0.988078
-0.979483
-0.985507
-0.979842
-0.999522
-0.651072
-0.992296
-0.992946
-0.969102
-0.896513
-0.97928
-0.964912
-0.840217
-0.225695
-0.514877
-0.782059
-0.99638
-0.989335
-0.740619
-0.995806
-0.98187
-0.883521
-0.81645
-0.61337
-0.932502
-0.957219
-0.946868
-0.938431
-0.992936
-0.994126
-0.878745
-0.972839
-0.973483
-0.986051
-0.960907
-0.99699
-0.969859
-0.878864
-0.988001
-0.989337
-0.977495
-0.949535
-0.943717
-0.983887
-0.922237
-0.539285
-0.688499
-0.961225
-0.969981
-0.962877
-0.961487
-0.939102
-0.995818
-0.969722
-0.953451
-0.869751
-0.917987
-0.817313
-0.498376
-0.995076
-0.9996
-0.960973
-0.998063
-0.302238
-0.976106
-0.989482
-0.985148
-0.739816
-0.990456
-0.992134
-0.940954
0.706439
-0.990336
-0.971889
-0.698046
-0.991752
-0.971902
-0.911349
-0.977721
-0.999599
-0.937889
-0.85813
-0.619416
-0.96191
-0.91455
-0.820065
-0.826007
-0.975192
-0.992231
-0.847099
-0.699813
-0.999559
-0.59651
-0.986646
-0.956702
-0.945467
-0.882474
-0.959016
-0.990871
-0.989106
-0.858494
-0.934454
-0.998453
-0.99396
-0.950232
-0.948003
-0.988988
-0.925191
-0.993094
-0.996582
-0.994276
-0.947118
-0.551707
-0.952687
-0.960413
-0.607745
-0.913755
-0.980425
-0.926731
-0.852726
-0.910143
-0.99953
-0.989303
-0.970616
-0.921468
-0.939985
-0.985829
-0.991477
-0.968801
-0.94748
-0.999217
-0.978593
-0.988447
-0.986854
-0.992427
-0.953416
-0.371804
-0.782581
-0.938574
-0.81227
-0.782834
-0.978039
-0.988473
-0.985166
-0.993713
-0.996069
-0.994453
-0.978936
-0.916965
-0.865821
-0.898975
-0.987734
-0.993672
-0.982754
-0.71532
-0.876524
-0.951417
-0.913585
-0.922909
-0.907766
-0.996001
-0.980809
-0.987744
-0.957995
-0.922374
-0.910993
-0.962872
-0.989951
-0.972301
-0.884584
-0.905754
-0.93446
-0.991582
-0.991885
-0.947072
-0.832752
-0.996016
-0.911327
-0.93039
-0.756355
-0.642608
-0.989219
-0.946085
-0.92575
-0.371555
-0.935752
-0.97823
-0.965024
-0.982653
-0.989075
-0.989012
-0.666029
-0.847783
-0.945612
-0.968292
-0.973083
-0.990417
-0.984639
-0.720225
-0.992266
-0.98795
-0.969247
-0.986977
-0.970033
-0.711421
-0.955178
-0.968257
-0.949017
-0.847588
-0.995314
-0.892991
-0.925605
-0.956444
-0.993152
-0.921544
-0.965543
-0.917925
-0.954873
-0.982365
-0.899768
-0.960691
-0.98418
-0.985324
-0.95924
-0.905596
-0.975454
-0.98491
-0.949704
-0.979925
-0.981094
-0.928407
-0.983239
-0.978672
-0.953649
-0.692606
-0.773479
-0.968937
-0.895442
-0.906003
-0.94814
-0.887047
-0.965779
-0.747339
-0.901408
-0.99967
-0.946152
-0.755086
-0.957299
-0.952983
-0.434709
-0.936311
-0.956435
-0.995272
-0.974751
-0.611187
-0.958873
-0.873721
-0.951681
-0.787582
-0.988594
-0.970155
-0.998883
-0.907331
-0.975882
-0.942319
-0.931334
-0.987716
-0.997399
-0.995306
-0.985905
-0.759168
-0.842792
-0.944613
-0.867753
-0.811895
-0.992721
-0.932807
0.421388
-0.514371
-0.934263
-0.942444
-0.931843
-0.857647
-0.880731
-0.990113
-0.965231
-0.631191
-0.955965
-0.925793
-0.976421
-0.978472
-0.998794
-0.868469
-0.973936
-0.986862
-0.925969
-0.988648
-0.997397
-0.999723
-0.117705
-0.951829
