-7.55694
-294.768
-287.13
-139.175
-165.585
-244.323
-139.423
-251.861
-238.39
-326.577
-322.762
-115.624
-149.23
-228.404
-290.007
-267.035
-349.966
-265.814
-345.839
-341.526
-229.94
-138.445
-327.783
-339.725
-340.177
-330.253
-334.093
-339.871
-316.98
-286.361
-323.159
-278.453
-295.371
-338.353
-305.645
-216.765
-315.307
-336.02
-337.706
-341.879
-327.112
-302.896
-322.817
-342.073
-266.255
-305.753
-200.129
-266.561
-303.492
-295.234
-331.713
-270.324
-339.571
-105.317
-196.877
-293.823
-266.846
-283.373
-330.787
-325.92
-305.715
-276.762
-340.681
-257.921
-313.373
-334.325
-261.447
-286.965
-288.434
-332.049
-196.204
-290.519
-217.741
-299.632
-300.231
-181.717
-200.494
-240.805
-342.121
-124.77
-330.106
-246.615
-142.711
-147.339
-209.031
-332.943
-172.43
-247.084
-261.605
-280.995
-285.314
-246.067
-308.85
-348.448
-203.286
-303.428
-328.323
-275.709
-294.448
-325.442
-348.084
-133.56
-347.883
-337.874
-108.317
-280.854
-120.83
-188.722
-224.442
-284.949
-295.142
-338.457
-343.559
-332.984
-348.323
-299.755
-331.705
-309.232
-259.111
-265.204
-278.598
-339.593
-10.5482
-340.821
-342.495
-320.125
-344.008
-256.074
-128.098
-173.591
-230.286
-263.815
-331.308
-322.75
-246.491
-314.013
-299.739
-305.524
-322.467
-321.402
-322.947
-135.973
-314.147
-330.255
-161.734
-265.347
-335.485
-333.74
-268.844
-338.467
-298.798
-293.862
-299.993
-288.249
-289.997
-312.406
-195.583
-264.216
-312.506
-191.061
-332.298
-283.552
-151.132
-341.617
-234.298
-259.141
-278.434
-242.841
-327.573
-119.011
-218.121
-349.584
-223.428
-309.002
-346.258
-119.348
-301.489
-253.353
-128.072
-309.41
-270.571
-283.707
-295.556
-309.112
-333.514
-337.721
-324.526
-183.426
-270.559
-226.261
-252.73
-291.496
-336.681
-213.608
-189.047
-230.719
-280.139
-202.444
-240.178
-319.292
-104.625
-228.136
-308.34
-252.154
-278.04
-278.057
-278.737
-41.1343
-109.544
-329.444
-342.626
-315.841
-342.287
-349.578
-344.946
-256.333
-285.975
-322.855
-329.863
-80.6716
-81.1928
-189.882
-299.196
-269.853
-313.528
-328.31
-238.111
-269.883
-52.3944
-87.9987
-283.467
-331.786
-288.64
-335.823
-342.864
-267.875
-305.986
-285.492
-321.903
-345.155
-328.45
-261.848
-117.022
-327.63
-266.848
-273.303
-338.472
-342.616
-279.522
-179.25
-193.799
-314.163
-296.098
-228.862
-285.268
-324.128
-186.519
-221.423
-213.202
-328.699
-340.778
-52.3326
-173.101
-276.144
-348.613
-278.817
-325.262
-346.219
-184.684
-249.528
-186.644
-224.641
-347.46
-335.738
-264.551
-327.481
-297.411
-339.63
-326.329
-348.742
-272.693
-301.446
-346.199
-342.049
-326.982
-319.15
-345.697
-153.494
-310.656
-338.788
-322.007
-327.426
-329.509
-109.35
-186.534
-300.924
-172.314
-330.829
-307.356
-198.066
-294.921
-309.427
-340.384
-306.54
-346.831
-305.837
-258.383
-333.754
-346.258
-336.187
-324.963
-326.528
-216.612
-239.526
-272.615
-277.126
-288.237
-248.777
-338.957
-346.258
-347.098
-348.941
-277.225
-284.595
-109.402
-123.891
-292.162
-341.309
-289.101
-311.548
-349.795
-236.986
-318.711
-198.608
-207.528
-226.493
-333.531
-298.24
-311.687
-304.558
-326.154
-264.524
-64.1363
-169.519
-212.959
-268.432
-274.394
-341.329
-304.29
-254.778
-103.078
-239.127
-275.383
-311.022
-300.021
-324.157
-332.027
-150.631
-219.04
-317.744
-343.555
-338.957
-349.43
-340.215
-334.069
-341.217
-336.202
-346.953
-306.396
-14.2151
-96.5629
-191.01
-228.226
-235.953
-272.046
-299.552
-191.807
-298.765
-192.003
-304.663
-273.151
-307.158
-319.553
-348.926
-260.083
-317.932
-145.214
-267.221
-304.421
-344.587
-242.208
-344.877
-81.6227
-346.524
-344.659
-276.306
-270.789
-337.745
-327.628
-347.916
-286.02
-345.756
-325.253
-208.363
-179.889
-221.602
-279.313
-339.174
-320.443
-108.073
-211.704
-306.905
-159.376
-261.429
-329.111
-274.523
-326.505
-349.868
-277.534
-223.706
-334.525
-264.864
-326.849
-320.316
-326.608
-287.001
-108.322
-243.851
-293.615
-346.037
-328.231
-126.648
-238.227
-242.15
-275.543
-277.833
-234.746
-258.57
-335.471
-331.425
-291.482
-165.257
-33.4375
-209.964
-254.244
-297.421
-228.475
-346.928
-236.811
-271.244
-291.347
-260.357
-336.095
-343.752
-288.4
-307.852
-341.415
-347.85
-341.955
-294.403
-264.108
-280.227
-275.277
-328.384
-343.223
-311.929
-304.455
-305.874
-136.091
-200.401
-230.18
-243.456
-345.893
-193.188
-313.675
-311.848
-348.742
-173.702
-291.929
-269.827
-253.741
-333.343
-326.858
-327.88
-310.857
-313.023
-303.456
-318.223
-325.373
-329.89
-293.039
-245.855
-263.143
-266.961
-331.547
-328.2
-330.101
-315.719
-321.45
-349.689
-299.724
-268.744
-306.874
-240.636
-291.447
-176.308
-183.964
-345.374
-349.164
-314.952
-316.211
-294.109
-239.32
-265.058
-284.494
-299.195
-205.591
-155.963
-164.905
-326.816
-346.841
-179.05
-330.813
-328.394
-188.283
-344.419
-145.838
-145.874
-185.969
-254.623
-285.909
-301.197
-289.568
-204.56
-261.015
-327.582
-179.526
-301.134
-338.195
-305.042
-335.96
-337.533
-273.941
-295.182
-306.42
-307.245
-288.851
-349.125
-188.06
-288.322
-176.958
-239.718
-291.282
-335.848
-277.143
-349.63
-60.6126
-290.85
-114.149
-247.314
-305.824
-289.753
-340.004
-92.6527
-209.765
-290.151
-320.466
-213.16
-325.257
-261.962
-266.969
-46.0037
-179.607
-338.471
-136.556
-335.882
-337.362
-291.267
-326.808
-227.223
-229.09
-267.112
-276.834
-309.211
-319.058
-268.773
-321.916
-306.331
-281.037
-318.388
-340.894
-292.815
-343.365
-260.927
-235.963
-318.237
-347.104
-123.435
-289.576
-271.425
-165.086
-197.153
-285.688
-281.041
-157.087
-177.57
-302.61
-348.856
-257.638
-277.326
-129.325
-178.155
-210.412
-217.642
-299.195
-12.5799
-127.803
-243.682
-201.44
-253.568
-275.589
-220.864
-336.079
-347.341
-291.174
-311.192
-295.798
-307.043
-122.001
-129.014
-299.47
-303.499
-342.079
-210.528
-288.131
-201.465
-286.537
-205.435
-340.054
-316.508
-326.236
-349.162
-338.171
-295.992
-53.3077
-338.028
-39.5505
-45.2683
-141.587
-300.195
-275.345
-347.099
-234.837
-266.81
-282.18
-292.915
-212.402
-293.036
-313.957
-282.853
-348.791
-145.282
-337.457
-344.569
-304.225
-274.122
-317.875
-333.441
-349.002
-317.221
-307.511
-239.859
-183.781
-289.443
-312.573
-344.31
-291.158
-279.795
-331.517
-333.965
-289.55
-342.162
-290.426
-282.808
-329.509
-292.613
-338.956
-234.978
-244.883
-305.539
-219.226
-274.385
-306.905
-314.159
-333.915
-338.777
-120.884
-326.676
-328.31
-238.845
-329.865
-2.18162
-150.901
-258.596
-311.019
-346.66
-199.201
-242.436
-337.037
-258.797
-307.053
-336.337
-14.4552
-56.7762
-62.935
-97.4483
-303.874
-193.401
-235.924
-299.999
-278.253
-308.088
-232.042
-282.565
-219.852
-275.23
-331.537
-312.727
-290.562
-336.542
-325.415
-314.721
-295.055
-49.6724
-159.762
-197.829
-312.402
-311.073
-344.146
-287.009
-108.088
-318.231
-214.523
-310.063
-310.109
-317.879
-322.769
-318.61
-349.869
-201.064
-269.137
-216.661
-178.399
-244.378
-258.001
-311.444
-165.768
-347.01
-331.81
-338.533
-324.185
-314.886
-283.018
-346.474
-331.807
-316.804
-322.482
-345.664
-318.327
-284.309
-127.036
-183.625
-203.343
-231.832
-338.934
-330.989
-33.2677
-83.8058
-328.19
-340.092
-246.469
-291.867
-307.172
-204.346
-224.352
-261.151
-264.77
-292.184
-344.193
-340.918
-343.442
-199.05
-228.891
-261.923
-316.1
-294.577
-322.094
-211.347
-330.704
-260.44
-284.655
-292.639
-226.453
-349.424
-283.824
-321.962
-168.525
-306.452
-247.371
-323.798
-218.773
-334.574
-324.05
-279.523
-300.83
-333.506
-138.798
-157.782
-237.226
-334.885
-38.9078
-220.403
-260.509
-262.62
-346.043
-296.216
-325.293
-340.897
-286.685
-346.152
-258.907
-135.277
-304.652
-319.935
-348.466
-235.659
-278.531
-343.063
-288.175
-317.119
-343.822
-289.462
-212.735
-297.616
-336.512
-87.7981
-185.977
-291.962
-327.151
-84.5272
-211.297
-297.612
-295.363
-326.802
-317.782
-322.115
-328.938
-318.997
-10.8277
-326.264
-273.925
-303.983
-267.697
-302.986
-326.857
-302.934
-273.939
-344.277
-324.817
-246.98
-320.286
-283.653
-349.529
-266.652
-261.787
-192.537
-286.009
-308.533
-333.806
-306.129
-342.451
-297.958
-89.6099
-229.547
-170.599
-254.838
-276.796
-339.77
-311.295
-341.565
-249.218
-287.477
-297.09
-291.609
-348.571
-290.375
-324.772
-336.6
-166.338
-236.641
-45.7225
-246.938
-288.752
-348.479
-276.927
-319.333
-347.392
-337.149
-335.479
-118.187
-324.79
-67.2895
-136.052
-161.201
-222.77
-332.077
-340.228
-227.69
-196.681
-47.6072
-262.119
-339.131
-343.052
-340.17
-259.934
-11.2291
-120.42
-316.972
-343.903
-278.062
-296.858
-262.131
-298.285
-293.683
-335.568
-297.391
-341.987
-299.109
-253.725
-263.684
-292.308
-271.286
-300.241
-180.258
-300.313
-302.663
-294.038
-342.295
-233.165
-286.684
-309.874
-6.415
-84.5954
-310.915
-349.533
-265.101
-295.811
-339.898
-297.225
-339.832
-336.035
-343.157
-334.44
-321.295
-347.336
-332.084
-294.205
-329.805
-330.236
-196.786
-339.83
-331.349
-349.082
-249.643
-331.873
-338.77
-304.128
-110.323
-180.112
-344.33
-282.018
-337.451
-338.354
-312.805
-216.286
-300.19
-342.328
-321.339
-327.098
-346.857
-335.337
-275.4
-326.586
-341.785
-344.18
-74.502
-155.696
-220.368
-326.888
-313.339
-184.794
-271.338
-349.803
-348.889
-295.081
-219.634
-256.026
-334.956
-177.859
-189.27
-236.675
-326.867
-345.804
-285.4
-299.324
-335.107
-216.264
-274.221
-284.424
-178.958
-193.706
-198.899
-326.434
-328.755
-296.121
-343.723
-258.463
-341.147
-343.668
-320.057
-334.784
-286.529
-303.555
-271.678
-341.263
-238.496
-311.568
-327.663
-178.907
-249.851
-298.534
-286.429
-330.547
-324.62
-270.291
-164.39
-306.592
-279.622
-223.351
-107.751
-163.287
-230.5
-343.222
-285.665
-297.763
-264.505
-321.982
-346.355
-284.209
-315.7
-302.705
-237.054
-314.885
-317.915
-329.641
-337.958
-301.988
-237.618
-324.42
-221.448
-272.66
-340.019
-346.59
-337.846
-347.434
-238.342
-283.867
-39.5128
-297.678
-317.622
-225.237
-266.113
-317.385
-211.855
-254.085
-260.838
-223.991
-229.369
-255.922
-267.944
-326.343
-340.382
-169.361
-286.404
-307.983
-243.832
-296.026
-244.712
-241.426
-253.206
-321.798
-335.526
-329.175
-319.724
-269.848
-253.903
-281.745
-294.379
-347.054
-346.081
-232.341
-325.125
-326.035
-339.538
-318.365
-283.424
-326.209
-252.56
-340.288
-299.929
-302.55
-241.442
-312.619
-344.894
-259.645
-274.56
-292.89
-336.2
-310.659
-313.5
-186.808
-319.565
-222.43
-297.528
-347.575
-327.752
-127.554
-23.0452
-103.11
-170.324
-263.615
-332.328
-333.606
-38.3528
-228.12
-286.35
-158.417
-341.374
-326.946
-337.23
-327.83
-330.368
-183.364
-348.269
-172.051
-196.944
-306.615
-315.335
-213.788
-307.014
-309.51
-336.193
-301.053
-312.844
-313.39
-221.547
-271.794
-121.442
-227.181
-106.386
-254.673
-272.626
-266.831
-167.863
-176.913
-207.983
-318.257
-168.543
-201.005
-279.001
-301.104
-338.076
-323.269
-340.883
-182.492
-182.425
-216.962
-349.985
-338.633
-286.624
-316.455
-332.522
-349.473
-290.405
-319.464
-303.438
-242.497
-268.063
-236.682
-319.385
-234.094
-348.317
-332.927
-282.999
-332.016
-349.603
-279.644
-282.177
-290.278
-331.202
-114.18
-149.628
-239.615
-260.122
-314.179
-334.2
-76.4926
-235.057
-130.417
-145.232
-166.815
-336.092
-237.796
-336.741
-309.619
-299.882
-259.537
-260.026
-288.588
-318.658
-289.962
-339.973
-331.002
-301.523
-304.802
-324.253
-348.911
-180.372
-244.887
-345.125
-218.587
-261.321
-288.747
-293.533
-312.269
-333.78
-320.293
-236.324
-294.763
-306.171
-284.558
-335.873
-79.2642
-219.461
-244.9
-69.7667
-146.135
-272.626
-345.608
-277.591
-292.294
-337.465
-74.6038
-273.601
-289.429
-333.859
-207.213
-337.393
-204.196
-334.349
-334.678
-234.062
-256.03
-348.359
-320.233
-289.183
-317.35
-108.921
-149.589
-224.142
-243.366
-316.93
-332.132
-336.071
-46.949
-79.7185
-264.321
-136.59
-182.795
-198.959
-349.295
-272.942
-342.03
-84.1812
-220.21
-297.242
-279.526
-335.009
-332.01
-331.642
-149.303
-223.841
-333.486
-281.528
-281.922
-347.182
-247.262
-294.749
-296.676
-164.48
-256.769
-285.58
-346.081
-342.399
-186.336
-316.282
-301.828
-342.031
-260.187
-348.729
-302.393
-314.786
-254.783
-127.37
-174.974
-266.025
-345.634
-271.59
-301.52
-328.291
-218.892
-244.957
-315.409
-341.798
-286.423
-289.143
-305.853
-278.15
-295.624
-315.487
-348.111
-316.996
-324.447
-312.457
-337.777
-319.4
-317.9
-89.2432
-193.823
-263.333
-142.48
-339.7
-272.372
-295.142
-255.107
-253.587
-254.602
-312.972
-343.677
-323.385
-270.278
-247.119
-327.029
-304.902
-331.161
-338.855
-268.286
-348.214
-278.067
-316.831
-332.929
-116.21
-344.039
-306.46
-304.371
-305.146
-254.969
-334.079
-332.454
-348.683
-339.29
-337.646
-318.458
-316.123
-115.918
-331.826
-317.757
-279.304
-344.8
-12.7472
-345.482
-208.427
-349.418
-324.844
-97.6942
-98.5342
-291.343
-318.871
-298.602
-326.844
-318.017
-271.391
-222.394
-223.754
-237.953
-253.178
-226.251
-252.554
-308.062
-297.173
-349.985
-334.527
-311.711
-344.252
-35.6436
-78.3485
-330.696
-303.047
-329.8
-337.113
-327.921
-239.692
-317.644
-200.361
-268.653
-320.759
-348.352
-226.85
-307.961
-160.412
-243.762
-262.194
-322.344
-199.092
-346.169
-331.563
-337.496
-291.389
-315.083
-301.89
-237.224
-262.368
-326.173
-172.946
-315.438
-318.994
-303.675
-279.597
-304.807
-219.776
-244.979
-248.165
-231.38
-241.074
-312.065
-322.584
-344.208
-282.185
-319.916
-325.885
-249.489
-335.815
-340.691
-59.8466
-90.1164
-144.16
-330.465
-347.159
-327.424
-346.416
-305.808
-259.027
-201.698
-288.703
-295.154
-318.579
-168.08
-249.236
-325.09
-346.291
-154.587
-221.702
-320.673
-339.222
-280.352
-105.263
-120.82
-162.947
-168.781
-195.922
-294.076
-216.31
-349.024
-320.398
-302.963
-60.5252
-95.4732
-327.929
-281.187
-281.199
-229.957
-254.473
-260.611
-269.874
-339.334
-329.97
-342.593
-168.312
-243.391
-288.114
-309.7
-274.946
-31.3283
-60.3397
-81.2075
-158.364
-227.381
-331.824
-308.379
-240.273
-295.307
-94.7736
-130.197
-270.385
-320.966
-278.381
-312.061
-285.459
-308.717
-338.898
-293.71
-195.411
-319.447
-252.24
-323.848
-153.248
-198.308
-329.146
-343.044
-332.744
-322.964
-175.25
-300.55
-326.389
-286.073
-288.733
-332.608
-273.74
-303.273
-70.6467
-258.217
-267.841
-307.087
-314.348
-339.058
-327.466
-279.811
-336.74
-325.798
-328.253
-189.594
-329.096
-145.392
-299.759
-345.802
-140.089
-193.615
-208.822
-261.911
-338.986
-338.876
-293.785
-276.346
-327.1
-304.707
-156.489
-279.684
-322.73
-279.728
-201.244
-229.058
-289.356
-289.998
-261.878
-281.907
-334.485
-187.467
-215.377
-294.834
-282.342
-95.6154
-344.645
-303.274
-314.985
-270.589
-309.603
-349.181
-86.6862
-145.45
-169.235
-244.622
-282.559
-316.609
-299.547
-185.707
-190.545
-220.169
-287.4
-278.407
-286.952
-238.914
-341.26
-322.226
-261.347
-332.119
-272.968
-181.297
-249.306
-337.752
-312.098
-330.613
-85.4444
-172.766
-250.656
-273.141
-343.359
-335.66
-345.021
-346.809
-347.736
-275.723
-291.135
-212.123
-221.718
-236.25
-308.874
-344.433
-319.918
-345.177
-327.557
-138.388
-153.672
-300.854
-345.93
-339.598
-299.101
-226.643
-332.553
-345.553
-333.616
-199.025
-279.241
-326.435
-341.152
-195.414
-347.887
-260.279
-208.398
-311.654
-247.699
-296.88
-328.179
-343.213
-324.691
-278.346
-260.752
-346.715
-333.525
-222.965
-341.606
-294.655
-316.595
-342.646
-254.807
-299.16
-322.355
-65.0648
-258.606
-276.992
-334.539
-345.071
-304.167
-301.024
-308.939
-338.715
-349.749
-184.775
-251.749
-238.244
-326.381
-125.86
-205.127
-231.14
-322.905
-317.351
-340.755
-341.844
-320.043
-277.673
-347.501
-291.977
-329.254
-270.982
-221.12
-130.642
-250.102
-324.416
-336.262
-257.706
-330.685
-196.665
-321.721
-284.763
-308.638
-199.82
-312.105
-305.766
-345.11
-248.749
-332.875
-346.694
-313.647
-276.384
-333.515
-139.767
-143.684
-278.184
-348.594
-114.12
-122.276
-166.084
-242.884
-283.075
-327.993
-192.8
-234.34
-270.766
-147.442
-325.162
-348.398
-318.242
-274.357
-340.82
-324.644
-344.711
-327.493
-233.792
-235.224
-256.668
-304.143
-325.86
-343.615
-280.947
-190.238
-348.419
-308.898
-303.562
-327.902
-336.521
-305.751
-168.62
-171.815
-318.593
-320.468
-234.215
-236.028
-309.376
-276.834
-300.714
-274.521
-258.363
-301
-152.57
-347.427
-337.371
-324.183
-271.769
-302.085
-323.593
-251.054
-174.203
-304.133
-344.511
-232.683
-266.166
-330.43
-317.002
-327.705
-253.896
-253.832
-311.082
-278.916
-332.676
-336.41
-240.248
-313.604
-324.087
-317.536
-332.532
-176.297
-311.052
-319.584
-318.301
-256.887
-344.448
-335.302
-306.747
-217.027
-316.418
-138.485
-212.161
-282.667
-280.576
-327.704
-321.117
-206.587
-301.024
-323.317
-296.383
-346.341
-254.837
-275.442
-249.685
-302.059
-257.318
-325.156
-220.165
-294.606
-295.311
-317.666
-274.418
-340.955
-204.699
-225.057
-332.497
-163.822
-176.233
-219.945
-228.158
-343.056
-210.412
-345.188
-298.947
-308.859
-346.131
-200.613
-342.106
-193.888
-58.9434
-116.637
-180.876
-230.781
-306.7
-345.465
-347.964
-304.132
-121.323
-279.404
-228.842
-337.403
-338.132
-326.144
-313.559
-214.661
-311.272
-341.65
-345.507
-343.485
-284.476
-347.747
-219.336
-253.284
-338.66
-341.29
-344.105
-341.076
-272.305
-345.031
-272.702
-297.289
-337.539
-144.402
-198.045
-295.443
-342.917
-263.53
-295.676
-276.773
-337.346
-229.795
-338.891
-341.504
-205.189
-254.621
-255.31
-272.628
-310.342
-327.675
-107.867
-209.536
-269.296
-326.92
-346.257
-281.067
-340.119
-271.438
-204.306
-210.267
-345.971
-264.754
-303.8
-310.369
-246.495
-343.126
-303.167
-322.514
-268.313
-277.829
-323.486
-245.097
-329.558
-138.14
-147.557
-343.314
-290.332
-122.894
-125.087
-159.552
-336.003
-323.295
-317.098
-348.254
-273.97
-332.278
-299.618
-294.643
-305.002
-336.491
-332.018
-254.842
-188.225
-337.57
-335.25
-313.967
-339.526
-341.585
-347.848
-176.299
-245.486
-243.024
-327.24
-321.115
-246.085
-296.354
-117.964
-204.47
-310.241
-338.551
-326.139
-67.24
-321.302
-312.919
-317.085
-290.109
-298.625
-180.921
-224.02
-313.401
-332.714
-342.015
-330.623
-318.309
-310.908
-314.664
-262.274
-293.718
-279.673
-313.911
-349.86
-287.385
-299.273
-337.352
-339.147
-192.194
-277.923
-235.006
-258.834
-122.6
-153.905
-228.99
-318.558
-254.088
-267.316
-326.795
-332.168
-348.542
-166.185
-173.069
-301.97
-305.555
-208.078
-132.575
-305.076
-308.282
-153.884
-157.508
-221.456
-312.723
-333.869
-231.598
-318.102
-326.375
-310.518
-343.673
-156.73
-272.897
-347.7
-311.564
-345.018
-171.966
-226.743
-252.133
-279.565
-281.127
-314.996
-55.9333
-88.5898
-190.43
-274.222
-326.341
-141.358
-317.491
-342.521
-341.927
-220.597
-275.974
-332.504
-221.493
-306.592
-323.758
-297.166
-178.656
-192.671
-241.555
-264.206
-343.598
-253.822
-326.49
-289.876
-303.727
-345.267
-343.099
-200.994
-336.505
-333.318
-332.087
-225.435
-261.167
-330.059
-341.74
-201.726
-313.357
-117.805
-283.913
-336.028
-306.555
-298.636
-273.217
-327.901
-260.32
-94.5992
-125.253
-213.242
-320.564
-297.641
-325.573
-337.409
-347.155
-349.678
-285.373
-267.048
-301.828
-315.223
-339.09
-311.39
-343.241
-323.562
-187.069
-148.247
-218.535
-343.945
-316.727
-340.977
-106.356
-267.956
-214.191
-217.54
-291.606
-337.12
-117.267
-319.273
-337.845
-313.629
-167.127
-323.705
-347.375
-289.462
-295.225
-238.517
-262.984
-321.006
-326.455
-256.308
-311.777
-340.428
-26.8169
-210.614
-298.646
-313.089
-277.874
-323.823
-267.125
-276.927
-311.937
-294.412
-107.731
-264.555
-242.603
-217.128
-322.654
-229.063
-95.3256
-113.268
-208.427
-227.485
-310.312
-246.367
-348.145
-234.676
-257.002
-312.615
-343.456
-315.5
-248.294
-349.054
-332.209
-260.008
-344.756
-213.88
-320.36
-285.106
-117.492
-231.895
-234.474
-260.931
-302.04
-280.45
-292.164
-321.205
-317.838
-318.23
-312.588
-214.164
-339.176
-336.171
-338.993
-211.368
-236.484
-226.436
-347.822
-155.26
-256.599
-308.146
-231.063
-243.975
-303.998
-298.831
-247.043
-346.406
-225.202
-278.016
-307.543
-288.489
-345.551
-202.452
-334.523
-329.229
-253.721
-342.878
-282.309
-282.594
-338.519
-336.608
-296.792
-325.792
-346.521
-321.96
-331.574
-342.735
-312.554
-327.571
-318.013
-231.95
-275.585
-282.63
-311.106
-188.432
-212.994
-331.287
-346.64
-213.175
-240.912
-247.299
-300.762
-341.749
-179.709
-209.393
-334.244
-326.239
-314.098
-311.458
-259.602
-254.49
-283.397
-325.864
-343.61
-278.075
-344.615
-194.728
-295.592
-244.997
-287.635
-324.226
-349.846
-248.731
-261.642
-315.529
-341.537
-340.371
-238.902
-273.567
-326.482
-274.361
-319.981
-309.728
-332.811
-292.465
-307.452
-253.708
-289.313
-348.426
-45.8961
-128.873
-321.458
-284.314
-276.934
-313.49
-157.207
-302.42
-260.904
-189.427
-283.109
-332.789
-31.5916
-145.087
-136.053
-149.737
-173.631
-244.281
-323.135
-289.494
-314.389
-335.781
-297.118
-308.758
-255.24
-261.89
-314.887
-330.313
-339.837
-283.455
-345.06
-298.743
-316.83
-349.17
-238.275
-288.585
-333.294
-337.741
-278.981
-211.838
-246.985
-290.02
-292.311
-298.633
-210.926
-285.986
-305.119
-241.329
-232.574
-262.756
-267.602
-332.684
-339.062
-346.538
-320.907
-240.55
-330.349
-23.4745
-176.024
-273.881
-314.589
-288.366
-337.624
-347.923
-310.382
-307.888
-342.601
-309.158
-291.026
-299.69
-341.028
-348.201
-333.912
-203.618
-327.659
-282.235
-339.567
-348.654
-327.651
-251.07
-321.174
-253.124
-309.775
-314.329
-348.885
-342.447
-326.045
-339.279
-239.951
-348.5
-280.188
-306.859
-345.097
-332.524
-325.037
-301.546
-234.083
-331.493
-321.04
-273.736
-280.866
-90.5276
-183.562
-241.182
-205.056
-261.721
-341.519
-246.699
-326.993
-340.997
-151.65
-346.787
-219.471
-248.293
-226.342
-206.029
-296.986
-335.35
-203.568
-300.742
-317.844
-111.247
-186.118
-201.283
-318.58
-309.843
-58.7762
-164.985
-307.564
-341.603
-218.732
-255.487
-207.161
-194.465
-152.156
-280.343
-337.453
-201.605
-254.042
-297.28
-140.772
-162.235
-317.393
-282.192
-315.09
-341.557
-292.069
-321.004
-342.476
-308.27
-130.987
-317.554
-347.446
-307.469
-265.724
-348.151
-246.83
-301.063
-340.841
-343.11
-168.718
-280.472
-305.907
-336.717
-140.752
-264.604
-310.238
-295.01
-305.249
-184.999
-157.053
-261.514
-263.159
-264.018
-317.785
-332.502
-334.112
-322.204
-339.808
-202.49
-344.832
-322.469
-327.909
-348.553
-294.8
-338.869
-346.079
-348.829
-322.494
-160.348
-282.924
-320.786
-175.131
-272.121
-344.135
-301.062
-315.684
-337.223
-339.541
-317.439
-244.272
-265.302
-343.254
-320.163
-262.563
-279.626
-290.158
-310.12
-345.693
-337.607
-303.84
-348.174
-318.332
-310.733
-331.752
-268.664
-332.622
-327.977
-345.033
-246.279
-334.806
-315.225
-320.057
-254.132
-277.53
-329.689
-338.2
-248.652
-308.626
-331.029
-248.057
-184.792
-327.082
-247.791
-270.466
-301.983
-317.291
-305.202
-327.339
-323.638
-48.985
-102.909
-311.767
-286.875
-348.586
-306.692
-240.972
-285.843
-303.866
-333.678
-286.414
-173.119
-247.456
-287.01
-303.291
-289.402
-315.411
-322.256
-349.56
-266.355
-283.223
-275.713
-340.377
-312.454
-227.49
-253.21
-316.682
-338.769
-184.002
-304.944
-346.01
-297.48
-336.25
-324.505
-225.958
-308.248
-338.005
-275.751
-220.185
-230.592
-345.867
-314.948
-337.226
-283.431
-233.039
-250.933
-324.553
-337.739
-281.355
-318.674
-273.827
-270.376
-301.962
-343.077
-220.353
-347.981
-315.914
-303.733
-304.241
-329.088
-319.955
-331.908
-324.114
-180.224
-187.423
-256.302
-274.727
-292.531
-320.968
-328.581
-84.4838
-289.017
-285.187
-338.948
-304.01
