0.240608
1.0498
0.797568
0.318799
0.1277
1.13359
2.61317
0.153923
0.444793
3.24741
0.483888
0.829108
0.245849
11.1611
2.2329
4.94546
0.158193
1.28837
2.93675
0.182537
0.552715
0.782846
4.90874
6.36421
0.105709
0.156177
0.55795
0.631962
0.799538
0.161475
0.510306
2.89498
4.82497
0.860634
3.53388
0.147886
0.595505
0.889341
7.13566
0.370625
3.05381
0.361648
0.112764
0.214417
0.75642
0.229854
0.355199
0.760281
2.6424
15.5208
1.57536
0.193151
0.531669
0.272128
1.47182
0.687572
0.268055
0.935218
0.369534
0.282343
0.308039
1.50585
0.530295
1.40228
0.19097
1.53167
0.913024
2.22233
0.32183
0.655881
0.189576
0.21152
0.247074
2.8766
0.141421
0.727394
0.174098
0.975925
0.663503
0.568462
0.110653
3.90588
10.6843
6.93753
0.148507
36.9169
1.69679
5.89768
0.648159
11.7985
0.184944
0.600869
0.138689
0.247645
1.7498
0.53914
1.32813
0.502601
0.475731
0.119128
0.351165
0.877553
0.592219
0.261356
2.17039
0.137758
0.12
0.274806
5.33832
0.278444
0.128616
2.28867
0.11416
0.736544
0.118512
1.77795
0.189572
0.418504
0.175088
0.173552
1.17167
0.232116
2.91301
0.120485
0.473788
0.130941
2.85927
0.521365
0.150252
4.17647
1.35369
20.4821
0.113542
0.294671
0.745729
4.58455
0.923956
0.292566
1.01352
1.97678
0.922006
0.150209
1.98497
1.65897
0.770569
0.322937
0.459078
0.173217
0.240612
0.277243
0.78301
0.319379
0.186132
0.146642
5.58711
1.45044
0.11606
14.4843
0.562159
0.278737
1.53089
0.194724
0.436915
8.29436
0.185106
0.119885
1.13486
0.815773
0.144844
0.269466
0.164949
0.20929
0.12809
0.106984
0.170647
0.206819
3.81939
3.29778
0.118065
0.557979
0.392968
0.394024
0.317194
0.221365
0.994678
0.940366
0.208947
0.62986
0.157978
6.29613
0.38706
0.889122
0.183009
0.260119
0.291327
2.89662
0.169778
0.262723
0.159486
0.91781
0.195667
1.65523
0.506881
0.185346
0.210884
0.121436
0.114892
0.445878
0.396934
0.14311
0.20322
0.855893
0.288081
0.118243
0.580015
2.65914
0.214103
0.128571
0.316221
0.157799
0.238724
0.647153
1.84648
0.641156
0.202299
4.17489
0.54383
0.106833
1.05819
0.558685
0.899967
0.23876
0.712229
0.161864
0.205897
0.450148
1.60112
1.22725
0.339619
0.10396
1.09615
0.524491
1.24924
0.519615
0.302275
2.41837
0.159701
0.172888
0.118739
3.69222
0.726542
1.29334
0.16613
0.338279
0.936545
0.173283
1.72188
0.350697
0.811251
0.109424
1.21345
0.153427
2.11425
2.65495
0.686567
2.55908
0.514171
5.78837
0.538189
1.01389
2.57734
0.163835
5.86338
1.99
0.25757
0.521716
0.836477
1.16865
0.238961
0.155049
2.8777
0.228864
19.2633
0.609186
0.125052
0.634608
0.781897
1.32163
0.98937
1.51888
6.06354
0.229556
0.710191
0.172223
0.444984
0.321835
0.297285
0.101755
1.44205
1.9826
0.160933
0.320792
0.256343
1.01319
0.256939
0.130549
0.362986
0.130771
0.295996
0.124055
0.121475
0.218289
4.12001
1.71651
0.444341
8.12946
0.814238
0.299624
0.688886
0.243243
4.5919
0.120556
8.45886
0.375543
4.10569
0.206819
2.08226
7.15037
0.383085
0.906152
0.455314
0.487544
0.741648
2.98489
1.7276
2.52878
0.188949
0.113607
0.173244
4.16977
0.340715
1.83805
1.33069
0.295508
0.137493
0.107491
0.272896
0.128472
0.994968
0.129975
0.831325
1.03213
0.137743
0.420125
1.07921
0.707127
0.190356
0.262005
0.112241
0.48055
1.62067
0.112703
0.775974
0.544925
0.1912
1.3373
0.569495
0.109551
0.794676
0.252848
0.122031
12.3866
0.158893
0.559
0.63353
0.341457
0.73098
0.147667
1.65992
1.89462
4.84773
0.38254
2.30418
0.720738
0.109646
0.550372
1.32336
0.174481
4.07686
0.519429
0.168384
0.541393
0.114331
19.4682
1.67179
2.48473
0.424625
0.293553
0.470107
1.21477
3.59564
0.497996
0.21462
0.703606
1.4786
0.38656
0.930487
0.781681
2.9228
0.790657
2.05946
0.195018
0.276302
1.68712
0.98469
1.21499
1.60937
1.14982
0.1249
0.243588
0.592849
0.64359
1.13981
10.4857
0.675707
0.222369
7.21294
11.943
0.144609
0.49505
0.198516
0.146678
5.91629
0.110941
3.37468
1.1367
0.497805
0.439616
0.836211
0.199222
0.199498
3.91207
0.156573
6.74209
1.67726
2.58477
0.204924
0.229368
0.122844
1.82354
1.13367
0.157027
0.119263
1.4762
0.227032
2.65883
1.53478
0.110112
0.302449
0.476162
0.182294
0.361272
0.341868
0.117346
0.833044
0.309801
0.863245
0.328585
0.495511
0.280907
1.45935
0.238752
0.11312
0.136483
1.63087
0.211141
0.317298
0.851967
0.161554
0.577335
0.124219
0.334543
0.238296
0.388141
3.69098
0.108265
0.114453
0.631953
0.158265
7.06441
0.223488
2.55311
0.599049
0.400626
0.190105
0.611232
0.67872
0.309583
0.172851
0.512556
0.121053
0.127397
0.378745
3.90191
0.647035
1.38301
0.106696
1.38318
0.595154
0.189721
0.633919
0.203433
0.15645
3.12457
0.199349
8.83062
4.05825
0.758693
6.27086
4.08592
0.765273
0.106017
5.33598
0.994288
0.294527
0.268135
0.8112
0.629859
0.115133
8.87403
2.49032
0.133467
0.611805
1.64441
0.108945
1.27686
5.16359
5.48064
4.32687
1.51918
1.47795
0.133817
1.92488
0.16152
0.146988
0.152563
1.56874
4.53576
0.600174
0.76592
0.578309
12.0879
0.166503
8.1426
0.160985
0.432257
0.158626
14.0389
0.497826
0.153819
0.707043
0.223397
0.278064
0.117356
5.31215
1.66629
6.45165
0.599759
0.327478
1.24053
0.246472
5.69692
1.71342
31.9252
0.234484
6.7463
0.459614
0.102399
0.138382
0.181783
0.149801
0.989325
0.392612
0.517212
0.348354
0.210101
0.96138
1.48375
0.151312
0.806366
0.126602
0.534
0.126214
0.124069
0.813154
1.87189
0.212265
0.270449
0.902728
0.392882
0.120964
0.238596
0.160447
2.13819
0.46115
0.233196
0.218548
1.88184
0.64316
0.118045
3.06444
0.446954
0.388744
0.270324
1.02337
0.189813
1.61593
0.108697
1.23513
0.19247
0.27558
0.670506
0.39884
0.193156
0.371599
0.242852
1.36924
0.634822
0.410305
0.181753
1.30028
0.359582
0.224675
2.73434
1.26722
0.724184
0.355468
0.152098
1.22926
4.44651
2.56201
0.226217
0.192742
0.799729
5.37128
0.194652
1.62789
0.331892
1.83277
0.349563
0.12389
3.86348
1.92452
2.20404
11.9457
0.554375
1.42678
0.201412
0.315468
0.189452
0.277216
0.133622
0.170871
0.311002
0.307728
0.244658
1.04832
0.109252
0.222989
2.61933
11.7829
2.67878
0.163749
0.159458
0.289321
0.26366
0.677941
0.421316
12.1864
0.165983
0.232895
0.165846
0.535513
0.198742
0.809964
1.10129
0.350903
0.750005
0.293222
1.16944
0.239289
1.10382
0.138713
0.689302
4.12023
0.2738
0.883548
3.07043
8.75907
5.18034
1.52378
0.402222
0.167115
0.608316
6.13226
1.17581
7.64603
5.77999
3.62069
3.78027
0.304598
1.04108
1.12296
0.114309
0.315101
1.21741
2.82108
4.60622
1.26534
0.166912
2.91603
0.714305
1.24809
0.183507
0.714243
0.101805
0.291712
1.20192
0.385311
1.11119
0.14539
1.20826
0.125212
4.82893
0.317241
0.165807
4.02778
0.22488
0.64666
1.3015
2.40142
3.67513
1.79299
0.239352
4.77001
0.349907
2.19669
3.02113
0.195865
0.580378
0.782687
0.288022
0.116809
18.969
0.996748
4.23229
0.159952
0.418931
0.212322
0.569013
0.83539
0.3597
0.103477
0.267351
0.391236
0.108064
0.444578
0.190575
0.333772
0.161897
1.26606
0.152939
1.39107
1.09343
3.17452
0.251131
0.435069
0.767532
0.698111
0.448653
0.114797
0.558079
3.13414
0.935715
0.892744
0.16633
0.231551
0.297421
7.41408
0.203417
0.582286
2.10967
2.33398
3.63847
0.557018
0.303644
8.86787
0.174528
7.00373
0.150505
13.836
0.200092
1.37848
0.215739
0.109997
0.147204
1.82051
0.13664
0.158318
0.332393
0.331551
0.330228
0.130371
0.301574
0.153897
0.22345
4.17371
0.95976
9.15659
0.104101
0.153671
0.707477
6.99034
0.643549
0.1183
6.94047
1.26044
1.69189
0.192274
0.184227
0.104536
0.22566
1.70963
3.26751
0.234173
0.329802
0.44966
7.91407
0.127987
1.16498
0.357948
0.384299
0.497435
0.891784
0.523562
0.291724
0.223128
0.409271
0.274014
0.111987
0.292716
0.283494
0.208962
0.339614
0.573067
3.38847
0.375083
1.21672
0.351555
0.328906
1.37946
0.302703
0.549593
0.819945
1.31171
1.03822
0.115136
1.07047
1.22106
0.364052
0.675548
0.484643
0.155498
0.193216
2.5919
6.2523
0.225166
0.12894
0.713274
0.533192
2.43607
0.191802
0.170035
1.28625
0.125883
0.475571
5.31806
0.163088
0.163131
0.207607
0.111349
0.205323
0.102028
0.199437
4.44231
1.09547
0.121799
0.111672
0.410316
0.860483
0.574134
0.119558
0.216775
2.15971
0.855293
0.575957
0.252408
0.502402
5.7197
0.190419
0.176948
0.146328
1.90356
2.20887
0.518553
1.22034
0.379357
0.413841
0.199914
0.126705
0.123679
0.415673
0.155117
10.9556
1.60511
0.229705
2.97279
0.673872
0.177435
1.31512
1.75172
0.52855
2.13671
0.221387
6.29468
0.288036
0.140851
2.10926
1.75235
0.303987
0.106022
0.562906
1.29962
0.357108
0.127948
0.163028
0.492702
1.16897
0.260584
0.223502
0.332989
0.125317
0.157927
1.33932
0.626378
0.895014
1.17915
0.614692
1.85035
0.438568
0.270481
0.47782
0.870104
0.421322
0.144484
0.201592
0.131816
0.180061
0.447201
0.219292
5.11648
0.489136
0.139838
0.129366
1.01525
1.17295
1.73299
5.28326
0.189789
0.149453
0.436376
0.23692
0.132114
0.224095
0.54123
1.41443
0.288469
0.894306
0.682468
0.174178
0.305526
0.230746
0.461045
0.498197
0.104741
0.442068
0.127102
0.212438
0.668902
2.37297
9.02472
0.396346
0.783867
0.153411
0.13259
0.161978
0.274891
0.891724
0.242441
1.92595
2.39683
0.49776
1.59031
0.26836
0.564002
0.110942
0.249469
9.58714
0.630589
0.18613
0.283031
0.701003
1.31419
0.369592
1.64568
0.171832
0.204649
0.18812
8.19247
0.189856
0.151059
0.274052
0.831139
0.620521
0.186718
0.32787
1.29349
0.174706
0.109599
0.230701
2.36649
1.10351
3.08108
1.33629
0.656566
0.1172
0.138436
0.220959
0.414768
0.110958
0.191092
0.596411
0.233784
0.777394
0.501776
0.154967
0.127701
0.645073
0.195666
0.114232
0.63593
3.1829
1.84061
2.75473
2.4989
0.521881
0.285957
0.395428
0.249538
1.4316
0.304019
0.153259
0.189506
0.286546
0.349926
0.244837
0.961776
0.29362
0.138454
0.784223
1.89069
5.77154
0.127203
0.194937
3.04552
0.308929
0.238926
0.410704
0.192641
0.11289
0.13054
5.10924
0.120323
5.58142
0.112336
2.0281
0.121883
3.00628
0.220545
0.109094
0.156185
2.02529
0.381933
0.437994
2.56915
0.388076
0.594936
0.296369
7.66399
0.230063
0.226146
3.35168
5.91208
1.61632
0.171689
0.429669
1.06629
0.193615
1.24102
1.04924
0.274983
0.11682
0.306505
3.52217
1.6336
2.05249
1.23836
1.74416
3.2274
2.55345
0.127763
0.156687
0.113223
1.77574
0.194262
0.717871
0.215915
0.975463
4.46902
1.53224
0.813573
1.4263
0.27169
0.625078
0.226543
1.29509
2.11016
1.6725
1.35646
0.104929
0.406664
1.32728
0.123765
0.142979
0.148885
0.510501
1.55618
0.339052
0.100347
5.11323
0.147418
0.62205
0.133455
2.94593
0.414659
4.63489
0.141502
0.162038
0.339882
0.354708
1.17234
0.127691
0.576075
0.187085
0.115498
3.27869
0.210621
0.665832
0.769573
0.234618
2.44267
0.539941
0.160661
0.211125
0.175643
0.226982
5.84539
0.101074
1.1995
2.59275
0.134858
0.244377
11.8469
0.492094
0.264042
0.36455
0.26726
0.131223
0.610576
0.523272
2.52592
1.61918
0.757134
0.123168
0.245329
2.5474
3.29356
1.06508
3.95254
0.588132
0.442062
0.353765
0.627307
0.124944
5.80225
1.11554
0.29058
0.55428
0.220463
1.06308
0.330076
15.6629
1.40714
0.319351
0.318816
0.281484
0.472076
0.343621
0.124807
0.513272
0.198846
0.635971
0.135481
0.142764
7.73386
0.169465
0.561414
1.75444
0.223469
0.239752
0.41693
1.83506
0.603544
0.211135
0.834821
0.178093
0.270785
0.500844
2.73444
0.649385
0.514368
5.60293
0.325792
0.863264
0.131456
0.110012
1.63117
0.789693
0.198679
0.21502
0.114098
0.754874
2.67154
1.81057
0.153938
0.115446
0.130227
0.840235
1.01245
0.317436
1.31916
0.190763
3.63275
0.568678
0.172111
0.790108
0.242391
1.40353
5.15492
0.161376
1.42957
0.111915
2.64754
0.104125
0.301144
0.832803
2.78351
1.01725
0.81419
0.543455
0.529686
5.00854
2.637
3.45472
0.121029
0.343533
0.321751
0.185072
0.727995
3.15077
0.147913
0.301632
0.751712
0.992973
1.22332
0.518045
1.20605
0.140118
0.101022
0.193016
0.460215
0.267291
0.38211
1.30274
1.65942
0.125092
2.78155
0.300948
0.279708
1.92449
0.155823
0.68719
1.28409
1.16957
0.520808
0.107484
0.130263
0.385798
0.377465
1.94506
0.101649
0.291882
1.03497
1.63144
0.572823
0.193602
0.635587
0.236935
0.419227
0.15321
0.671943
0.125834
6.05574
3.13886
0.191776
0.127963
0.200124
2.27104
0.142629
0.373851
0.220277
0.256644
0.401386
0.128846
0.70836
0.193366
0.653465
6.17309
0.302246
0.14616
0.125671
0.418918
0.26883
0.120903
2.98364
0.164364
2.49867
0.133048
0.262707
0.270328
4.83417
0.629412
0.111463
2.15679
1.43179
0.647556
0.163976
0.830113
0.250281
0.136466
0.159028
0.101563
0.911291
0.10623
0.121797
9.41905
1.06258
0.43333
5.29702
1.96448
0.243783
1.39215
0.959846
0.23388
0.168475
0.439022
0.340234
5.30302
0.134853
1.60101
0.430763
0.261839
0.329371
0.345192
5.62294
1.19252
0.315056
0.843156
0.175535
0.118691
1.14127
0.15037
0.507192
0.561163
0.262522
3.11277
0.193818
0.458247
6.56151
0.188466
0.720754
1.59104
1.6301
0.656131
1.27684
0.127823
0.27859
0.28992
0.718175
0.405856
0.232335
0.45917
0.592059
0.866475
1.26192
0.204479
1.61978
0.56206
0.127778
0.158259
0.101722
0.871664
0.116861
1.82788
0.119457
0.160365
1.81135
0.197204
1.74729
1.04695
0.566163
0.232764
0.500664
0.438907
17.7361
2.13822
0.949253
0.348958
0.306628
1.77298
2.07016
1.11976
0.405975
0.561354
0.109207
5.42214
0.626428
0.227449
0.274839
0.927251
0.462193
0.786129
0.125635
0.7883
5.67321
18.2961
2.13578
1.04421
7.62902
0.10955
0.299919
0.607393
0.318649
0.118081
1.06802
0.158205
2.28796
0.195539
0.118381
11.3342
18.3062
0.138829
0.201706
0.819863
0.429985
0.667701
2.398
5.47706
3.18455
0.293717
0.144862
1.69714
0.35539
0.328273
0.151709
0.389736
1.78505
0.420948
0.790568
0.3666
0.130631
0.132081
0.20451
0.734907
9.00332
0.467474
0.106973
4.30254
14.6771
0.355815
9.78516
0.231027
0.174043
17.4706
0.134858
0.584813
7.13886
0.112759
0.737494
0.197226
3.2769
0.494269
0.121793
3.77756
1.78956
0.227818
0.961269
0.315197
0.893774
2.23754
0.255939
2.84193
0.300339
5.74862
0.885992
0.995666
0.313704
0.393991
0.480396
3.78038
3.25273
0.775811
10.1951
5.22007
1.77194
0.811233
0.117962
0.581743
0.119106
0.139256
1.55582
0.126492
5.24687
0.195242
0.88746
0.6252
0.156913
1.83564
3.34009
0.514717
0.452026
0.136867
2.77792
0.454878
0.162598
0.542309
0.976548
1.77199
1.97415
0.208525
2.6893
0.138382
1.53875
0.148632
0.9643
3.90772
1.54114
0.132773
0.408763
0.833602
0.107393
0.413692
0.169976
0.792139
0.240515
0.397966
0.42969
0.165577
0.167666
0.404644
4.05191
0.133028
1.87782
0.105873
0.979492
1.79717
0.127087
0.156781
0.111662
0.702492
14.4064
0.272884
0.445592
0.191978
0.435674
0.101627
0.800517
9.2489
0.550063
0.158751
0.420901
0.359798
0.257004
0.111668
1.46009
0.839233
0.110437
5.45997
0.111904
0.215292
0.148887
0.244819
0.593519
0.557704
0.717561
0.252171
0.393131
0.187744
0.236505
1.00863
0.344263
2.98082
0.560987
0.187342
0.183407
0.248467
0.1959
0.229958
2.13844
0.566542
0.162304
0.276725
0.145382
0.836922
1.39679
1.24893
0.192232
0.507387
0.167815
2.29521
0.150317
9.56138
0.348149
0.326242
0.553584
1.59184
0.349189
0.620239
0.141904
1.01182
0.635285
0.194176
2.38636
0.211846
0.532252
4.49023
0.248346
0.740994
0.34632
0.429285
1.18207
0.431795
0.124911
0.263727
0.189658
5.64762
0.625777
0.1183
0.437557
4.30045
0.297736
0.170799
0.871502
0.363916
5.59536
0.295069
0.961401
0.117629
1.32558
0.209905
3.30672
0.543748
2.08563
0.118936
13.6043
3.6442
0.164806
0.106383
0.638353
3.13084
1.7687
7.37713
0.847953
5.29295
0.21551
2.49694
2.36756
0.195262
1.57739
3.09458
0.25538
1.91398
0.628111
0.108895
2.018
0.210338
0.138188
7.33337
0.132397
0.16738
2.71385
0.826799
1.56685
0.734741
0.180362
3.82291
0.256688
0.220891
10.6485
0.205655
0.303397
0.159439
0.220928
0.423105
0.125379
0.376181
0.12114
0.654693
0.541576
4.08109
0.180635
0.739761
0.227524
0.171288
1.19972
1.14873
0.465
1.33455
4.56093
0.845513
1.17608
0.178529
1.41195
0.414328
0.480865
5.54507
0.276547
2.04536
0.126645
0.208631
0.327618
0.145858
0.595278
0.370014
0.212874
0.693047
0.571185
0.679048
0.144863
0.104474
0.248932
0.802853
8.63839
0.186195
0.380113
0.117304
0.362456
0.16006
0.526958
0.16688
0.145542
1.02098
0.580248
0.184138
2.18729
0.440562
3.43534
1.92208
0.685482
0.130157
0.554596
1.07733
2.24817
0.126086
0.357031
0.49866
1.39062
0.185685
0.145566
1.79423
13.0141
0.18485
0.490503
0.185325
0.224119
8.9012
0.29388
0.26644
0.139117
0.114848
0.587288
0.100447
4.16642
0.277821
1.05392
0.691614
0.143874
1.21067
1.04409
0.172764
0.29408
0.289343
0.109952
2.04914
0.117353
0.315295
4.43182
2.97858
0.544726
0.275289
0.284293
0.660869
0.953859
0.169788
0.29387
2.85277
8.07216
1.57881
0.392555
0.100712
0.118466
0.243178
0.192678
0.269438
0.117091
0.259623
0.156357
1.67714
1.85852
0.391839
0.412004
0.134451
0.394931
0.166402
1.98328
0.117402
3.42753
4.70705
0.28496
0.559126
0.183735
3.45973
0.564439
0.253605
0.419038
0.846302
0.77883
0.198229
0.554006
0.266505
0.210459
0.41926
0.317815
0.797787
2.59622
0.889975
0.479325
1.95503
0.151779
2.20716
0.129286
0.131286
0.164775
0.312925
3.93722
0.247632
0.11497
0.145284
1.88159
1.62976
8.60603
0.687966
10.8018
0.908987
7.38079
0.316136
0.135716
0.699344
0.355638
12.7328
0.101609
0.125298
0.838588
0.271701
0.445779
0.660378
0.232378
0.290356
0.906788
0.179012
0.527806
2.83878
0.209786
0.562005
0.58765
0.847843
0.186483
0.394263
3.76303
0.190878
1.98903
3.4833
0.523756
1.1005
0.61598
0.209067
0.97172
0.340347
0.600501
0.128053
0.262418
0.457142
0.348827
0.283265
3.13191
1.25569
8.40272
0.346976
17.2196
7.80642
0.381398
0.122039
1.1895
0.168044
0.176169
0.10346
0.34798
0.417519
0.127662
0.680033
0.402025
0.769998
0.218369
0.400674
0.417429
0.103288
1.04364
1.35505
0.10883
0.59629
16.5874
0.209639
4.79626
1.24342
3.45895
0.104801
0.103891
0.258388
0.184605
6.45684
0.471873
0.511619
0.673335
0.500975
2.15541
0.521858
0.1992
0.452471
11.6878
0.169148
0.219589
0.669739
1.35541
0.876707
1.41683
0.408299
0.396615
0.832845
0.234111
0.146847
6.31195
0.234309
0.377611
3.06481
0.231787
0.202893
1.14928
0.575003
2.04661
0.835506
0.109798
0.692704
0.448041
3.02273
4.81484
1.71292
0.476684
0.109476
0.419935
0.164151
0.810755
0.295132
0.203804
2.77247
2.68648
0.181788
0.89652
0.445871
0.100084
1.53524
0.364661
7.24668
5.27943
0.114733
0.124462
0.788921
0.99793
0.328196
4.9255
14.6197
5.22762
6.05547
0.49222
1.1204
0.166603
6.46217
0.102713
0.154335
0.690136
4.84133
0.117153
0.614593
0.153432
0.118694
1.57701
0.1336
4.84846
0.102207
0.136124
0.338806
0.142297
0.976548
0.191732
0.151327
11.3208
0.191787
0.276389
2.70268
0.704553
0.105382
0.866629
1.14943
0.227341
0.161043
3.25989
0.238045
0.178836
0.590198
2.23695
1.34116
0.159928
0.858783
2.02318
0.213022
0.482958
0.117981
1.45459
12.0486
0.397956
4.49671
0.292772
0.397899
0.708094
3.55385
11.6672
4.55438
0.4383
0.170662
3.73168
0.306393
0.10516
0.307324
0.185167
0.223966
0.455773
0.321996
0.537006
0.15976
2.46619
0.725441
0.262708
12.9618
0.517738
0.893614
5.88222
0.265729
0.257554
0.436982
14.4313
0.250437
0.835674
2.59551
0.279354
0.735401
0.112217
2.4358
0.142111
0.112337
0.395635
0.203995
0.199989
0.120485
0.54605
19.1819
2.78867
3.63193
1.57329
0.187368
0.164799
0.124883
0.188033
0.531645
0.728206
0.267935
5.28575
0.28856
9.6189
2.07654
0.213458
1.68
0.940429
0.107622
0.209698
0.178019
0.213092
0.231777
0.111936
0.118742
0.814268
0.74216
0.170665
2.08476
1.06722
0.438378
0.994982
0.119232
1.65733
0.155095
0.390798
2.74496
0.246472
0.262418
2.6952
0.309626
1.31559
3.03072
0.126354
4.71027
0.265553
6.51426
0.133198
0.163821
4.83877
1.9135
0.104158
0.411086
1.67422
0.224104
0.431339
0.528954
2.10268
1.07917
8.24002
0.380999
0.489095
0.127838
0.190916
0.341585
0.191481
6.61072
0.269057
0.298053
0.11244
0.142842
0.950172
0.622171
0.107457
0.429732
0.201988
0.104443
0.379277
2.34645
0.787997
0.167263
0.347134
0.175771
0.834167
0.730706
3.97452
0.101417
0.157359
0.226527
6.25591
8.64448
0.12259
2.46139
0.244665
0.878806
0.270381
0.221569
0.274484
0.119635
1.26675
1.01052
0.173096
0.116648
9.29414
1.21065
3.67036
1.70559
0.294559
0.902473
0.123648
0.827788
1.80691
0.226885
1.54407
0.579307
0.835254
0.58389
0.926701
0.176594
1.00603
2.19942
3.81177
0.86145
0.111092
0.19957
5.66678
0.118305
4.07493
0.208586
0.223044
1.79185
4.315
1.44497
0.183432
0.231613
4.88147
6.48745
0.168264
1.82218
0.137394
0.149213
3.83696
0.141851
1.30399
0.1778
0.17435
0.396714
0.268717
0.315325
0.521254
1.01601
1.56418
0.231505
0.154792
0.521466
0.445098
0.281432
0.229566
0.21432
6.0941
0.434663
1.54462
0.711658
0.168861
0.686787
5.32936
2.14796
4.28234
1.93708
1.40755
0.807969
0.152434
0.255322
0.157715
0.805573
0.841271
2.45711
0.143168
10.8724
0.283668
0.143209
0.367556
1.41735
0.288934
0.225254
0.694355
1.16772
0.208444
2.55678
0.241326
0.101393
0.145811
8.85158
0.165029
2.17004
0.451024
0.170801
1.53409
1.03138
0.26777
0.212703
0.155271
0.542691
0.191329
0.296653
3.88999
0.100728
0.268094
0.171545
0.754105
1.76707
0.115681
0.860586
0.546108
0.695008
26.9765
18.5852
0.172821
2.42646
0.100988
0.331564
0.560949
0.100238
0.115542
0.116896
1.12519
1.01899
0.28171
0.588696
0.464893
1.45409
0.144402
1.90111
7.41173
0.131615
1.94525
0.128048
9.66068
0.267279
0.150476
0.303562
1.60853
0.14706
0.483512
0.681484
0.236048
1.03303
0.500397
0.118645
0.203293
1.5832
0.237483
0.338544
0.274231
0.578334
0.19354
0.406911
2.09465
1.45199
3.07938
0.67305
0.144512
3.65593
1.81684
0.189802
0.496094
3.61684
0.192312
0.19041
1.28682
0.46888
0.341341
1.24261
12.3736
2.08136
0.312883
0.702578
0.101755
0.227392
0.36336
0.138661
0.714335
0.325028
0.211614
0.442796
2.04083
0.251275
0.1342
2.08074
1.52061
5.71061
0.100758
1.46067
0.191221
0.544918
1.56091
4.59351
0.439002
0.8503
0.10766
2.92101
1.4628
7.2905
0.754136
0.303019
0.274459
0.182362
4.67856
0.26154
1.10622
0.108234
0.297205
0.385419
0.18336
0.801074
0.891903
0.155174
0.699883
0.157007
0.210847
0.109068
1.24966
1.55717
0.114433
0.174645
0.219239
3.5611
1.55857
0.104815
0.453714
0.168644
12.8505
3.38706
0.224901
0.447595
0.168781
0.801905
0.379849
16.8039
0.978374
3.36811
0.107176
1.9432
0.315483
1.33507
0.305503
7.21626
0.285448
0.934448
0.71175
0.838457
0.38066
1.09575
0.191919
0.379345
1.29558
0.386897
4.86103
6.2576
1.68836
12.0189
0.278474
0.164099
0.878891
0.128481
6.20046
1.72542
0.223783
2.7731
0.10771
4.22754
1.33765
0.179118
2.71069
0.387499
0.182343
0.163475
0.297436
0.303758
0.104621
1.83952
0.135123
7.41101
0.245913
0.17377
0.283936
0.107759
1.55909
3.75768
0.153398
0.292915
0.137821
3.98634
1.58672
0.728629
1.17146
3.06248
0.389912
0.482713
1.09712
0.245714
0.794331
0.433635
0.108161
5.18274
0.759669
0.153405
5.44594
0.19247
0.160219
0.303548
1.03186
0.206051
4.14686
0.190485
0.163286
10.4407
1.77466
1.14626
1.04967
0.291615
1.33918
3.93899
0.158499
4.35456
0.230125
0.100148
1.8059
0.767303
0.858386
0.484361
0.234471
21.1118
