-277.227
-194.487
-222.359
-227.538
-212.902
-202.129
-198.647
-182.288
-171.636
-129.628
-112.118
-81.7679
-68.9877
-7.31226
40.3221
80.0006
119.986
159.301
179.928
212.562
243.128
252.568
260.807
293.431
302.308
343.838
342.457
109.152
-119.045
110.276
117.431
-263.036
-240.825
-229.935
-214.4
-196.778
-188.451
-180.316
-152.504
-151.947
-64.2701
-5.47127
26.3464
66.8198
123.912
167.735
176.272
179.954
180.752
232.936
270.898
305.513
305.632
313.703
337.944
147.022
-36.1149
-33.8473
-17.4124
-5.3838
-3.97001
1.20259
45.5564
153.303
179.236
192.378
252.292
275.316
230.168
236.017
-298.873
-290.192
-249.984
-135.947
-122.299
-97.9237
-93.5891
-68.6221
-36.1937
-28.1033
-21.1069
-9.83038
85.4545
100.702
114.583
127.655
141.267
211.782
225.295
260.07
294.457
311.845
323.871
-264.329
-217.356
-208.15
-156.746
-148.606
-77.5984
-65.9751
-56.9404
-32.3106
-26.4138
19.937
42.6498
69.0874
76.2851
98.5591
103.889
246.344
246.446
270.438
274.417
275.693
46.8052
49.158
-189.579
-122.257
-76.1415
-55.8892
-41.2059
-39.7752
26.1982
27.6826
75.6838
138.197
173.341
219.933
238.145
262.826
319.659
338.781
163.857
56.3469
-247.672
-209.15
-207.291
-187.638
-145.06
-127.831
-102.996
-41.0673
-27.045
-14.6411
5.69879
16.091
19.1766
25.1199
67.2875
71.9592
120.044
125.594
157.878
207.866
222.66
225.465
238.141
249.819
327.631
-78.5531
-107.782
-73.3314
-293.791
-271.673
-268.735
-240.825
-192.203
-187.743
-182.968
-142.731
-129.52
-128.968
-104.627
-102.485
-26.8774
-22.4729
10.9939
54.3463
94.8733
95.1313
99.2934
107.666
110.592
117.8
153.734
195.241
225.137
239.948
328.783
60.1787
-264.076
-276.629
-164.572
-84.9226
-38.2884
-193.216
-159.109
-319.978
-332.036
-300.618
-293.266
-261.559
-246.444
-227.617
-97.1312
-65.9499
32.5055
44.4598
125.705
132.359
136.292
143.855
161.59
174.072
189.564
198.762
200.959
222.008
253.457
254.105
267.918
276.848
310.412
-279.179
-290.067
-227.956
-226.026
-184.757
-174.271
-108.048
-85.3048
-51.7721
31.0498
34.2687
50.2418
82.6718
97.5603
98.9804
143.33
160.776
177.379
212.056
227.384
254.282
263.409
277.166
316.406
344.535
258.606
-293.148
-134.218
-113.119
-104.244
41.6459
134.525
198.556
199.957
263.363
278.316
283.111
296.732
322.957
-147.714
-317.027
-331.45
-323.716
-197.904
-138.216
-101.063
-92.798
-85.9354
-49.0563
-26.5982
-20.4381
44.5883
41.3631
40.4323
79.3276
128.932
159.253
164.17
241.519
290.159
310.621
123.85
52.875
104.828
128.659
-319.054
-301.269
-249.622
-232.783
-231.948
-227.852
-177.183
-162.685
-111.21
-93.8619
-75.9684
-75.0881
-16.8844
101.015
103.183
110.535
122.437
150.31
201.046
267.473
241.987
-11.0358
282.358
-51.5926
-289.362
-223.659
-227.179
-195.281
-184.435
-129.129
-108.127
-96.4817
-81.2042
-72.529
-68.6348
-16.0411
65.6048
94.248
192.796
198.469
199.175
301.787
320.577
332.685
291.103
-267.131
-115.049
-75.4066
-49.3015
-44.8568
-43.0559
-22.0122
27.4854
54.0456
101.402
113.755
127.738
133.546
137.598
151.481
181.153
234.322
296.886
298.365
334.809
-98.9916
-29.6339
-265.522
-256.941
-249.863
-247.105
-211.612
-196.396
-141.611
-129.193
-111.678
-108.59
-98.2314
-57.9268
-37.4321
-34.9983
-22.6665
2.72283
12.9814
74.7157
84.9594
89.0723
99.2532
101.447
135.146
234.904
288.299
306.208
310.63
181.111
73.9624
301.133
-206.417
-116.474
-43.2429
8.32302
36.1982
77.2533
91.0176
104.758
108.792
116.131
122.429
135.436
145.096
181.156
219.526
251.104
254.599
254.805
260.197
346.384
268.89
-319.322
-249.898
-179.031
-136.582
-122.202
-91.1013
-88.0504
-57.0315
-51.7951
-42.3772
-11.1604
-3.19235
39.1498
40.3445
57.5714
59.9932
61.1777
82.9698
96.4303
105.162
122.043
134.423
197.902
232.358
305.942
-276.59
-270.573
-257.71
-220.802
-157.408
-156.197
-109.818
-72.9407
-67.9336
-56.8873
-48.7116
-40.2412
-33.5925
34.6157
105.827
107.907
111.249
119.661
155.878
205.767
257.994
259.189
263.066
296.879
-255.357
-238.335
-232.963
-213.865
-194.177
-72.2992
-10.5138
-9.5513
-2.54863
27.2752
65.2055
69.905
155.324
168.857
242.685
269.815
271.515
297.579
303.219
274.094
-14.8554
-136.293
-125.592
-123.591
-105.55
-102.602
-67.7891
-63.8576
-54.2581
-37.309
-9.54944
20.4433
36.2219
42.3859
137.426
145.877
186.929
260.083
280.317
293.553
347.001
221.074
-197.874
-260.683
-341.755
-265.197
-260.248
-173.225
-84.4444
-160.817
-332.134
-336.872
-331.313
-319.981
-301.116
-286.972
-270.755
-210.949
-208.439
-197.345
-165.658
-140.388
-86.3157
15.6191
46.3448
54.8909
100.893
120.521
121.553
138.298
164.619
195.737
206.604
209.549
227.787
254.438
257.227
288.95
301.53
312.617
263.807
326.271
-85.9849
232.561
-254.71
-254.696
-278.16
-277.889
-311.507
-297.718
-255.055
-254.326
-218.733
-192.504
-188.068
-171.358
-140.765
-122.36
-108.995
-88.0125
-47.2095
-16.466
45.9217
54.2445
81.6618
85.744
116.715
118.21
166.098
185.642
186.799
204.702
205.258
212.11
213.979
245.22
263.84
275.827
339.448
180.341
232.412
-332.941
7.61122
-209.933
-175.18
-70.7716
125.044
