-0.283765 
0.398324 
-0.483604 
0.0922641 
0.465961 
0.49324 
0.759725 
0.592392 
0.230144 
0.00923332 
0.552846 
0.5613 
0.451005 
0.748297 
0.461737 
0.33779 
0.31468 
0.544545 
0.61578 
0.340808 
0.282209 
0.541975 
0.48224 
0.54906 
0.309714 
0.286635 
0.999338 
0.629065 
0.908614 
0.419312 
0.287422 
0.386123 
0.986973 
0.158193 
0.17482 
0.633813 
0.108715 
0.381599 
0.342652 
0.173488 
0.449598 
0.290115 
0.331754 
0.447399 
0.416663 
0.631045 
0.192158 
0.412189 
0.323562 
0.404391 
0.289528 
0.559841 
0.71757 
0.85864 
0.594152 
0.727174 
0.91825 
0.312131 
-0.156374 
0.716994 
0.398734 
0.217676 
0.558002 
0.425434 
0.272584 
0.637388 
0.52015 
0.198423 
0.907683 
0.193866 
-0.0394329 
0.167782 
0.791002 
0.390897 
0.340023 
0.127567 
0.354378 
0.422004 
0.179596 
0.136415 
0.853994 
0.511434 
0.421037 
0.282139 
0.563971 
0.576149 
0.725556 
0.11504 
0.787443 
0.538068 
0.353876 
0.183867 
0.850283 
0.71657 
0.811781 
0.423984 
0.356896 
0.415538 
0.50686 
0.354913 
0.444386 
0.447694 
0.587286 
0.586403 
0.638197 
0.619053 
0.503458 
0.297704 
0.869338 
0.26328 
0.360311 
0.558779 
0.428703 
0.609726 
0.84786 
0.902108 
0.760036 
0.184957 
0.0833032 
0.597431 
0.528173 
0.396099 
0.699113 
0.713713 
0.23532 
0.270022 
0.47384 
0.534875 
0.218131 
0.427249 
0.881471 
0.19844 
0.936228 
0.869086 
0.392333 
0.014652 
0.52718 
0.22291 
0.876024 
0.383175 
0.728303 
0.563194 
0.168629 
0.104874 
0.79068 
0.0782766 
0.0844853 
-0.00252706 
0.689946 
0.498656 
0.532415 
0.387672 
0.582467 
0.739664 
0.258001 
-0.00163483 
0.461451 
0.611717 
0.391186 
0.919404 
0.891772 
0.527935 
0.383654 
0.0546244 
0.703869 
0.343611 
0.519489 
0.313687 
0.662607 
0.447179 
0.813872 
-0.00835634 
0.203403 
0.541156 
0.404181 
0.517828 
0.373233 
0.544368 
0.418348 
0.456366 
0.392669 
0.69914 
0.30511 
0.293139 
0.543538 
0.55694 
0.482404 
0.453344 
0.500373 
0.894711 
-0.455467 
-0.333675 
-0.667025 
0.608509 
0.887987 
0.22957 
0.667161 
-0.769008 
0.48228 
0.194749 
0.570546 
0.417888 
0.615289 
0.241465 
0.603115 
0.308016 
0.292495 
0.75665 
0.549231 
0.247967 
0.925704 
0.309711 
0.242582 
0.207597 
0.444324 
0.453406 
0.423048 
0.301452 
0.283078 
0.52191 
0.552664 
0.918213 
0.749019 
0.111876 
-0.177855 
-0.138142 
0.189527 
0.262159 
0.490866 
0.595415 
0.628447 
0.393458 
0.38298 
0.512069 
0.473262 
0.382565 
0.278199 
0.462415 
0.243664 
0.727811 
0.118745 
0.130568 
0.45104 
0.214893 
0.93391 
0.263058 
0.367901 
0.304173 
0.732764 
0.834908 
0.448571 
0.332009 
0.558592 
0.472613 
0.10143 
0.220623 
0.716176 
0.49653 
0.397899 
0.237794 
0.273194 
0.697985 
0.894989 
0.765946 
0.0268861 
0.324046 
0.264239 
0.496331 
0.487003 
0.672172 
0.584263 
0.367452 
0.266291 
0.514886 
0.684904 
0.0645724 
-0.414036 
0.458179 
0.072347 
0.508763 
0.0763938 
0.743313 
0.384398 
0.313133 
0.567335 
-0.0462814 
0.988776 
0.900738 
0.683717 
0.296039 
0.0891772 
0.550232 
0.690245 
0.277402 
0.368574 
0.405787 
0.488785 
0.0698134 
0.33223 
0.488019 
0.190035 
0.766003 
0.311107 
0.506978 
0.467292 
0.537436 
0.696618 
0.558501 
0.986297 
0.592041 
0.680272 
0.878922 
0.94632 
-0.349475 
-0.662179 
0.597956 
0.788141 
0.428669 
0.0902931 
0.581133 
0.847362 
0.223798 
0.451552 
0.525018 
0.397341 
0.594829 
0.377847 
0.335411 
0.458805 
0.357419 
0.563103 
0.362889 
0.957211 
0.0432254 
0.411585 
0.410331 
0.340187 
0.246855 
0.401025 
0.297092 
0.345266 
0.402964 
0.502631 
0.438675 
0.554657 
0.507221 
0.431049 
0.510101 
0.360454 
0.458343 
0.357322 
0.441793 
0.345017 
0.553734 
0.65377 
0.752529 
0.882664 
0.387699 
0.85064 
0.696069 
0.259744 
0.383787 
0.304993 
0.328402 
0.244312 
0.470896 
0.345467 
0.666675 
0.403144 
0.48243 
0.476174 
0.529032 
0.323252 
0.860069 
0.359581 
0.36507 
0.46305 
0.477892 
0.308333 
0.496399 
0.573242 
0.368198 
0.920072 
0.874717 
0.838587 
0.443685 
0.790125 
0.681359 
0.709247 
0.457802 
0.272596 
0.22092 
0.105386 
0.742583 
0.682487 
0.518941 
0.544965 
0.6062 
0.212624 
0.522413 
0.73974 
0.321346 
0.214622 
0.325329 
0.405755 
0.840967 
0.293641 
0.224975 
0.512496 
0.243489 
0.315496 
0.492698 
0.293496 
0.516498 
0.41343 
0.901856 
0.565067 
0.923313 
0.217191 
0.446973 
0.352341 
0.433236 
0.721332 
0.420209 
0.602604 
0.650691 
0.264057 
0.443787 
0.543205 
0.312604 
0.429546 
-0.493021 
0.914672 
0.609396 
0.488846 
0.419441 
0.638428 
0.42721 
0.727935 
0.348742 
0.107342 
0.448871 
0.442526 
0.0606885 
0.142469 
0.641493 
0.67284 
0.275792 
0.392378 
0.272699 
0.620997 
0.155743 
0.560374 
0.455286 
0.987486 
0.494225 
0.0752782 
0.497596 
0.694551 
0.943366 
0.585785 
0.382414 
0.0519206 
0.285358 
0.327418 
0.448985 
0.393816 
0.787322 
0.254245 
0.652898 
0.331454 
0.279703 
0.511635 
0.388884 
0.975075 
0.872734 
0.994242 
0.836154 
0.0437815 
0.682482 
0.0525209 
0.404941 
0.308358 
0.348101 
0.467727 
0.657349 
0.551942 
0.0179087 
0.0555071 
0.460864 
0.501544 
0.101353 
0.00328725 
0.6039 
0.588185 
0.45664 
0.954082 
-0.0651942 
0.941665 
-0.477443 
0.843041 
-0.0473404 
0.498439 
0.846635 
-0.591871 
-0.650299 
0.32654 
0.736768 
-0.432548 
0.28306 
0.281248 
0.161926 
0.421697 
0.464915 
0.478669 
0.622037 
0.411148 
0.50467 
0.377908 
0.296128 
0.290711 
0.317457 
0.646848 
0.511091 
0.447415 
0.570846 
0.278165 
0.418977 
0.232684 
0.260105 
0.702649 
0.340968 
0.440315 
0.419551 
0.618839 
0.568388 
0.540046 
0.0440155 
0.537888 
0.235888 
0.202237 
0.447133 
0.063356 
0.7605 
0.749354 
0.655186 
0.672771 
0.199515 
0.569673 
0.473071 
0.586311 
0.347863 
0.944501 
0.504347 
0.347488 
0.423555 
0.468552 
0.355108 
0.569797 
0.359723 
0.322376 
0.391388 
0.724366 
0.347413 
0.564947 
0.374606 
0.324562 
0.390896 
0.455728 
0.378089 
0.639463 
0.883434 
0.124071 
0.771755 
0.632302 
0.356857 
-0.374995 
0.936398 
0.11338 
0.044041 
0.499598 
0.658176 
