0.135128
0.186085
0.138843
0.141812
0.382696
0.163935
0.598904
0.154205
0.31939
0.220781
2.18097
0.584029
0.167447
0.983005
0.14739
0.156818
0.176686
0.136589
0.289176
0.161374
0.14402
0.283904
0.220278
0.34289
0.105599
0.109623
1.92065
0.131724
0.611056
0.659808
0.214774
0.225069
1.30855
0.159764
0.121517
0.568653
0.107978
0.418318
0.172881
0.14158
0.117916
0.163296
0.336052
0.156127
0.220177
0.302815
0.111999
0.131347
0.137949
0.290355
0.108199
1.07713
0.44427
7.96006
0.361641
0.115225
0.516549
0.11876
0.115269
0.317996
0.176119
1.02129
0.31213
0.189498
0.105788
0.818495
0.449628
0.142179
0.102267
0.189493
0.304464
0.271246
0.185341
0.11723
0.338296
0.722026
0.632075
0.421044
0.221394
0.190448
3.31581
0.22427
0.147612
0.287456
0.277016
0.103167
0.228355
0.142775
0.746733
0.204753
0.292642
0.140674
1.42719
0.18663
0.446875
0.263461
0.110117
0.131419
0.168848
0.119356
0.31778
0.374674
0.163756
0.112493
0.141439
0.15765
0.889115
0.148292
2.53477
0.149285
0.107054
0.290291
0.181323
0.945446
0.321259
0.985766
0.10694
0.109802
0.104243
0.437623
0.164664
0.139556
1.25974
0.520122
0.133764
0.126403
0.240046
0.114565
0.130437
0.198679
2.72854
0.220228
0.612112
0.273683
0.215817
0.180049
0.492455
0.312011
3.44085
0.186652
0.448502
0.115251
0.150172
0.108338
0.258213
0.112482
0.135653
0.169557
0.442241
0.270724
0.172795
0.24274
0.116725
0.99842
0.28185
0.127919
0.112484
1.53379
0.109649
0.116883
1.06048
0.107369
0.146373
0.443124
3.5273
0.223565
0.475645
0.119421
0.148582
0.252593
1.01325
0.104674
0.121864
0.285006
0.118102
0.25094
0.207501
0.182872
0.136463
0.115258
0.460841
0.64242
0.120913
0.134614
0.122048
0.573552
0.508379
0.221979
0.140071
1.06619
0.106055
0.220559
0.105016
0.272274
0.337387
0.137478
0.203764
0.723286
0.421866
0.114694
0.211053
0.31176
0.113314
0.270905
0.30258
0.292317
0.12006
0.461035
0.167914
0.132696
11.8693
0.108251
0.112699
0.112455
0.167575
0.334751
0.143112
0.138115
0.102521
0.472811
0.378127
3.66171
1.27827
0.339221
0.333988
0.124206
0.192756
0.237816
0.270746
0.315197
0.308186
0.109097
0.138286
0.438301
0.276522
0.123879
0.145097
0.264516
0.123524
0.543608
0.120143
0.118008
0.16395
0.114246
4.64375
0.152795
0.12868
0.123275
0.511637
1.84422
0.102321
0.198054
0.347786
0.219297
0.117003
0.132667
1.64684
0.113612
0.291938
0.226975
0.241559
0.594963
0.207267
0.113158
0.260047
0.108933
0.601388
0.315806
0.328171
0.633261
0.987954
0.230377
0.19032
0.627306
0.158807
0.172582
0.637057
0.115444
0.239902
0.124901
0.115867
1.06031
0.19818
0.102442
10.5003
0.421158
0.626108
0.658333
0.306524
0.113642
0.139709
0.156689
0.32246
0.261711
0.149725
0.595972
0.142966
0.15857
0.41276
0.190106
0.100898
1.97183
0.191689
0.346366
0.434788
0.330027
1.21128
0.49827
4.31845
0.191977
0.211638
0.10846
0.196881
0.189743
0.867787
0.583137
0.786986
0.112821
0.125637
0.527328
1.3714
0.107802
0.138206
0.250452
0.266987
0.432807
0.131501
0.166929
0.218075
0.153558
0.31645
0.166426
1.38355
0.168595
0.249405
0.323955
0.153938
0.115016
0.155385
0.111272
0.103143
0.232624
0.322647
0.154146
0.678319
0.351334
0.142141
0.420409
0.157342
0.223179
0.196248
0.256554
0.111345
0.142625
0.446461
0.131295
0.282048
0.102265
0.494953
0.389716
0.320335
0.121829
0.108221
0.125469
0.112224
0.437714
0.131434
0.558774
0.144131
0.280279
0.223296
0.315831
0.120022
3.1871
0.161929
0.127992
0.183059
0.22441
0.177406
0.447388
0.269907
0.137611
0.550373
0.731663
1.12405
0.135567
0.75246
0.438698
1.0316
0.189017
0.107691
0.100131
0.100826
0.764573
0.360659
0.110812
0.159174
0.373769
0.111242
0.402322
0.851948
0.138964
0.126487
0.242842
0.157864
0.470468
0.160648
0.108781
0.406415
0.113659
0.18474
0.129152
0.250873
0.17804
0.102079
2.48848
0.454596
2.94169
0.134082
0.140903
0.260226
0.256179
0.757144
0.128302
0.550661
1.43241
0.108978
0.183453
0.620389
0.108269
0.174944
0.303734
0.118225
0.226447
0.115793
0.152822
0.386214
0.214083
0.155366
0.478176
0.254469
0.582842
0.88533
0.103408
0.180394
0.14366
0.178066
0.428549
0.195752
0.317319
0.106935
0.199097
0.117223
0.186717
0.303281
0.209841
0.412219
0.111021
0.606513
4.29451
0.181861
0.138301
0.107795
0.102345
0.293331
0.161213
0.313422
0.916252
0.123812
1.03765
0.102384
0.114118
0.362739
0.232267
0.668411
0.37459
0.156421
0.161917
0.108351
0.514993
0.117024
0.161896
0.109587
0.104663
0.166508
0.740851
0.689309
0.106806
0.111006
1.1706
0.169008
0.157821
0.149997
0.133479
0.551241
0.108987
0.387394
0.111671
0.287687
0.257579
0.250528
0.128267
0.142699
0.215755
0.126228
0.533396
0.109332
0.379709
0.148584
0.356412
0.150416
0.121558
0.205387
0.286767
0.144828
0.293046
0.219167
0.233513
0.12154
0.174865
0.180434
0.115038
1.26766
0.707517
0.155646
0.186355
0.253029
0.187764
0.105743
0.10297
0.995097
0.109149
0.204683
0.166092
0.292735
0.170072
0.340879
0.156707
0.100036
0.181763
0.101972
0.183958
0.101263
0.156316
0.169755
0.276345
0.119272
0.115228
0.154424
0.129675
0.448789
0.110965
5.04519
0.279326
0.117767
0.489604
0.144126
0.145413
0.369876
0.155791
0.150977
0.171225
0.927614
0.184905
0.502942
0.102738
0.134925
0.130996
0.167147
0.102375
0.964751
1.67169
0.119505
1.46234
0.30878
0.30403
0.169051
0.196055
0.108148
0.113329
0.128761
0.316808
