-159.069
-86.015
-66.5757
-50.4037
-13.3186
-6.56462
12.1061
22.3514
44.7259
83.6227
93.6543
115.316
118.304
165.331
-236.774
-226.384
-169.108
-165.074
-159.993
-125.28
-115.793
-109.167
-33.176
-21.7132
5.34681
25.763
30.5958
31.7025
65.5256
123.628
179.481
195.418
224.445
26.6542
164.544
188.985
248.746
249.311
-195.688
-179.044
-96.4096
-87.4581
-65.8343
-19.0266
7.083
57.0757
75.3415
75.533
87.292
93.5651
143.028
237.806
241.02
247.754
-232.961
-137.409
-176.386
-161.038
-106.134
-15.5407
164.11
164.315
-74.0256
-37.0296
0.315978
92.1392
122.807
149.291
156.533
158.55
166.591
193.494
197.292
209.201
248.078
227.217
137.73
218.962
-221.155
-197.727
-185.101
-169.133
-154.729
-129.849
-71.423
-36.5799
45.1344
60.879
86.7628
183.125
249.786
168.257
-156.064
-145.3
-108.869
-94.4259
-26.2823
-24.633
25.7237
69.1824
80.8532
137.143
169.246
225.502
-215.195
-203.866
-200.299
-176.594
-149.49
-134.365
-123.086
-120.822
-103.491
-88.3919
-62.4077
-47.2297
-27.4146
50.1154
69.1269
107.761
108.741
187.213
212.132
217.783
-228.636
-178.322
-157.157
-141.188
-112.857
-86.3543
-80.6531
-44.7399
-30.8795
-9.00217
4.30425
15.0434
35.3209
53.6679
60.4365
78.7466
99.1859
113.305
113.766
144.782
150.461
170.604
218.121
220.373
234.125
235.32
-239.31
-219.474
-159.368
-149.903
-148.23
-87.0595
-59.0712
-41.3877
-36.3709
32.9572
64.4886
99.6775
157.636
183.397
204.831
232.255
172.765
-160.903
-115.183
-87.2172
-45.0265
8.26617
10.9468
37.1489
77.2757
119.64
212.156
-217.496
-201.96
-174.155
-102.045
-89.7294
-87.9941
-86.3745
-51.8003
17.7489
60.0729
132.996
139.434
-190.78
-200.602
-236.172
-191.658
-187.098
-176.849
-124.749
-42.0228
29.0796
29.7709
97.004
122.027
132.27
145.37
188.683
221.019
-214.742
-205.778
-204.491
-178.903
-172.232
-139.143
-91.6147
-85.7445
-32.6397
67.2049
74.5703
102.642
105.905
160.199
178.782
-19.1468
-128.276
-119.146
-113.276
-43.96
-17.6809
23.937
30.8005
122.41
122.991
170.872
171.05
186.076
53.6107
168.573
-63.1937
-219.017
-152.356
-107.717
-97.4639
-47.1884
-5.17379
11.6476
16.9943
17.9778
24.1939
102.524
105.725
114.131
147.659
159.851
179.224
230.768
201.66
-214.83
-199.725
-185.615
-52.4875
-17.993
-14.9156
30.3482
47.725
51.1153
78.5289
151.863
181.144
241.675
-100.917
-221.72
-188.172
-159.649
-158.323
-144.785
-129.318
-64.12
-45.8277
57.0367
64.6615
88.8208
142.215
159.871
160.609
162.966
91.8915
213.834
183.069
39.0714
43.1293
-155.805
-196.224
-183.363
-156.387
-59.2391
36.0468
38.6561
41.7745
74.0596
80.2718
230.532
233.495
242.2
205.195
153.286
33.4865
-211.557
-161.394
-72.3596
-59.9906
77.8196
90.6476
164.472
203.015
199.855
-142.97
-102.784
-207.309
-156.11
68.3817
-171.665
-227.625
-190.416
-183.08
-157.899
-57.6005
-56.0474
-29.2678
50.0096
102.864
107.344
112.71
120.274
126.734
143.614
146.787
158.623
204.535
212.035
230.08
247.05
-164.295
-229.43
-192.8
-191.136
-105.681
-105.659
-96.44
-94.6984
-19.2219
84.6425
97.9034
214.081
-222.906
-219.826
-199.847
-109.029
-97.7051
-91.7908
-55.2398
-39.3051
29.4433
64.0265
68.3366
186.004
247.349
-168.938
-115.935
-70.0302
20.8729
23.8469
38.6927
70.8269
98.8452
146.137
209.993
244.795
136.35
-178.466
-190.784
-246.163
-236.317
-185.96
-184.914
-135.812
-101.144
-91.6198
-80.5668
-60.1028
-41.4954
-38.1619
2.24298
3.25925
43.9482
53.7011
58.9885
67.3754
68.3349
127.27
131.942
154.407
197.193
215.989
-228.174
-237.65
-216.631
-76.1786
-58.8714
-58.4113
-53.6927
-53.4769
-39.6569
-5.12132
-4.14561
21.1886
155.208
157.957
163.64
187.552
221.159
224.376
225.368
249.907
145.664
40.9457
127.134
-158.238
-187.426
-99.383
-35.3772
-25.0338
-14.0609
5.98733
89.9838
112.364
131.262
153.415
243.931
191.357
-217.72
-207.172
-204.851
-170.972
-112.392
-85.888
-82.5551
-56.5481
-42.5643
1.39482
52.3791
62.6656
68.9546
123.375
124.695
124.998
152.604
159.192
213.02
224.716
-213.562
-232.757
-207.113
-123.823
-27.8301
-1.40192
6.25778
21.5678
67.6836
106.417
149.868
180.86
191.53
194.662
210.151
-91.6828
-214.013
-124.051
-99.8375
-41.076
-7.22601
38.2074
49.506
55.2095
55.9056
80.8968
227.008
231.628
242.526
163.407
-224.088
-180.266
-175.956
-84.1804
-69.7621
-11.8183
9.40123
17.2955
31.0996
31.9248
45.2377
117.946
126.795
153.704
205.366
225.764
229.434
-177.268
-175.593
-130.37
-100.531
-74.8213
52.9819
104.247
137.728
169.75
178.264
217.164
-232.796
-197.914
-240.043
-179.832
-160.94
-138.169
-133.719
37.7685
64.9954
98.5522
143.007
148.997
165.43
175.777
212.731
215.084
240.853
-108.587
-187.324
-209.764
-204.46
-178.909
-152.648
-144.68
-115.714
-99.5103
-34.1833
-27.7216
57.5542
57.6755
73.0088
79.7573
97.652
102.243
-205.586
-170.039
-169.417
-168.52
-149.708
-112.509
-110.763
-75.7862
-61.4261
-40.9476
-34.868
-27.0568
55.8054
81.1904
144.035
152.759
181.49
182.386
227.103
231.204
107.525
234.283
122.087
123.225
124.168
126.973
150.234
157.071
178.714
221.709
226.043
233.641
219.005
-206.253
-134.37
-126.816
-109.717
-72.189
-56.8921
-31.0058
-20.4024
3.16109
25.5027
55.3413
90.5338
155.909
162.755
224.876
-196.665
-165.011
-139.557
-100.389
-97.2637
-73.266
-56.1253
-14.0699
-12.1481
8.54926
22.1812
36.6579
96.5204
101.182
111.392
125.256
142.089
151.639
195.104
188.581
-12.3728
5.25618
-228.694
-189.044
-80.3439
-71.1072
-60.8823
-38.6463
-14.4742
-4.95795
-3.71553
14.2265
45.7818
55.4963
57.0707
59.8194
68.0514
117.375
133.903
187.25
-230.826
-226.747
-224.907
-157.032
-143.9
-56.453
-14.7822
-14.285
-6.15379
13.7069
29.6441
51.9383
73.1409
90.2985
137.611
140.007
206.698
208.762
219.941
245.484
-239.416
-134.127
-228.715
-228.582
-227.089
-179.535
-95.5075
-94.4893
-77.4506
-57.7638
-37.5367
23.165
24.1245
31.5051
60.0714
83.2649
134.15
134.579
164.309
186.832
195.019
214.471
234.721
239.407
-233.184
-225.737
-164.29
-162.898
-161.476
-150.277
-143.737
-72.9399
-67.1337
-43.9821
87.3881
121.24
138.876
148.466
191.635
214.621
222.367
247.476
29.6692
-53.4573
22.8656
76.1344
-203.793
-231.767
-248.331
-148.803
-131.61
-238.695
-211.356
-190.942
-150.219
-133.526
-109.876
-100.631
-98.8562
-78.8784
-67.7679
-66.8129
-62.1153
-0.661433
48.8052
107.958
171.415
181.23
190.848
-200.915
-186.867
-145.491
-142.285
-136.509
-105.277
-104.824
-99.5274
-96.2148
-63.9425
-18.004
-17.9884
75.5049
91.0155
134.172
187.827
238.607
-241.053
-222.07
-146.486
-80.7551
-18.6214
6.31602
24.4713
38.4498
57.3394
74.8369
158.063
226.191
239.176
240.154
242.564
-226.799
-214.717
-178.239
-129.582
-103.543
-40.3348
-17.6647
-15.093
22.401
52.9533
61.5055
82.1412
149.066
172.33
173.189
182.63
198.409
-224.813
-216.105
-214.245
-140.711
-123.317
-87.1448
-76.5444
-68.7197
-30.3496
-3.58494
54.0029
133.878
175.951
190.992
-194.046
-53.147
-233.335
-92.2866
-54.4446
-25.335
21.9221
30.894
39.3482
74.4336
119.11
-216.905
-230.468
-205.491
-186.509
-130.59
-108.782
-95.6588
-79.9876
-75.1841
-53.5897
-50.7238
-46.5616
20.2284
22.0558
78.2024
82.067
96.519
126.969
145.004
173.416
215.193
-230.654
-223.968
-166.863
-142.265
-97.9857
-84.4975
-75.1135
-64.8472
-1.9395
46.538
49.0187
66.1794
79.764
102.221
123.606
137.564
138.957
185.371
186.868
240.927
55.7111
72.3597
174.282
173.067
-177.906
-172.098
-130.164
-49.2425
-43.1949
-21.3269
42.9669
76.869
88.5284
145.024
188.043
-220.126
-208.639
-155.85
-132.903
-121.362
-110.457
-95.6277
-69.3121
-51.0501
-29.8204
59.6644
124.329
132.117
158.775
170.33
215.531
230.545
240.856
247.729
-205.838
-228.215
-218.089
-211.576
-207.126
-168.835
-29.3048
9.28773
54.5132
106.668
150.204
151.866
169.658
248.473
-233.207
-234.739
-232.348
-126.983
-203.751
-167.829
-17.283
25.7588
51.7339
68.6567
109.62
168.63
185.918
197.819
229.73
232.886
62.289
64.4083
115.788
146.753
167.029
221.189
-215.423
-210.365
-204.069
-193.284
-176.31
-168.158
-160.921
-108.031
-89.9245
-39.4285
-17.9881
-5.63252
15.5679
34.342
86.9223
156.208
162.307
170.971
234.246
245.615
184.133
184.82
-233.257
-201.684
-190.271
-182.277
-165.936
-80.5368
-34.0376
32.5142
99.988
101.786
109.468
139.263
159.398
167.802
173.193
200.392
180.327
127.287
-142.943
-91.793
-152.579
-227.722
-223.36
-218.682
-191.91
-187.736
-182.856
-165.643
-162.531
-162.4
-118.864
-95.4583
-81.9178
22.4881
73.7061
94.0631
105.285
144.375
149.546
152.001
163.336
-183.618
-140.546
-108.625
-89.2518
-83.8692
-78.0229
-70.1329
-55.3484
-48.9016
-3.11075
49.9001
69.1086
110.568
116.754
125.185
217.956
-84.6445
-114.82
-108.468
-83.9114
-77.7838
-56.4958
-49.1229
-8.98162
5.53945
8.54259
30.3534
41.0938
72.4115
158.673
159.124
172.682
179.525
182.984
227.271
-230.997
-230.556
-205.103
-146.507
-144.021
-129.738
-110.172
-67.9193
-19.1371
-6.50674
16.3215
71.2698
147.706
161.227
-45.2946
-233.826
-132.504
-126.146
-224.225
-200.385
-133.409
-122.246
-104.217
-57.5517
-56.8285
-48.9689
109.92
133.462
156.738
201.797
203.001
-218.131
-216.888
-175.068
-145.869
-71.1725
126.439
127.667
131.742
140.353
159.658
-233.069
-203.701
-168.972
-138.582
-135.35
-80.889
-76.1951
-56.2374
-23.4046
18.8208
61.9155
108.415
123.603
153.369
185.968
