0.180403 
0.311313 
0.420882 
0.315552 
0.340786 
0.34868 
0.606326 
0.363295 
0.250118 
0.635913 
0.286911 
0.487302 
0.354868 
0.446914 
0.589062 
0.304115 
0.47483 
0.952263 
0.423282 
0.266055 
0.381226 
0.334093 
0.512771 
0.354927 
0.410619 
0.415978 
0.690026 
0.535217 
0.60819 
0.466297 
0.41255 
0.515218 
0.392 
0.998877 
0.330535 
0.341065 
0.437583 
0.362398 
0.331602 
0.436266 
0.518705 
0.515168 
0.434632 
0.83837 
0.803803 
0.388586 
0.491282 
0.935291 
0.305026 
0.398659 
0.630625 
0.330398 
0.424227 
0.74077 
-0.53912 
0.945123 
0.791222 
0.424462 
0.552771 
0.344474 
0.451819 
0.46161 
0.423322 
0.387195 
0.470491 
0.270375 
0.434649 
0.366362 
0.307943 
0.657109 
0.941603 
0.396169 
0.631528 
0.400877 
0.367616 
0.863094 
0.836758 
-0.117764 
0.471005 
0.556065 
0.332834 
0.50992 
0.225157 
0.812918 
0.567455 
0.462465 
0.421234 
0.627873 
0.942259 
0.387382 
0.338768 
0.928439 
0.565157 
0.392419 
0.393086 
0.501535 
0.467105 
0.173249 
0.394375 
0.532138 
0.58642 
0.439084 
0.567224 
0.473366 
0.0579902 
0.682643 
0.333781 
0.40622 
0.87868 
0.579242 
0.760484 
0.664341 
0.545307 
0.392655 
0.353229 
0.778549 
0.656002 
0.440974 
0.7497 
0.288942 
0.510261 
0.40341 
0.263368 
0.372461 
0.401064 
0.575557 
0.604148 
0.216507 
0.165745 
0.174283 
0.447836 
0.238631 
0.285884 
0.563482 
0.452608 
0.220849 
0.593779 
0.332036 
0.520751 
0.571505 
0.508207 
0.292018 
0.963301 
0.564318 
0.916517 
0.763759 
0.453709 
0.479394 
0.478476 
0.456589 
-0.482324 
0.381356 
0.505355 
0.383236 
0.368075 
0.236809 
0.372556 
0.464782 
0.372894 
0.320435 
0.344718 
0.338276 
0.643373 
0.291823 
0.576375 
0.319534 
0.949674 
0.454385 
0.238483 
0.176532 
0.27032 
0.45609 
0.501738 
0.60853 
0.558147 
0.634495 
0.303668 
-0.657279 
0.382107 
0.367056 
0.409619 
0.36726 
0.426886 
0.379892 
0.330464 
0.319428 
0.2829 
0.43264 
0.591935 
0.221945 
0.230598 
0.3486 
0.297501 
0.405906 
0.586511 
0.252887 
0.737916 
0.663349 
0.253643 
0.74824 
0.373884 
0.258642 
0.350847 
0.366202 
0.414931 
-0.153586 
0.479755 
0.300335 
0.430182 
0.561597 
0.818118 
0.816043 
0.361225 
0.313908 
0.504553 
0.860249 
0.441791 
0.898851 
0.322791 
0.699234 
0.931091 
0.349273 
0.731299 
0.241593 
0.58833 
0.258327 
0.33989 
0.173516 
0.347396 
0.397661 
0.433058 
0.462814 
0.28494 
0.994884 
0.379021 
0.510141 
0.823998 
0.497934 
0.386757 
0.444203 
0.33568 
0.353673 
0.922692 
0.275362 
0.306505 
0.628623 
0.439258 
0.209984 
0.321545 
0.514189 
0.362179 
0.341634 
0.438035 
0.993458 
0.385582 
0.269059 
0.496383 
0.26087 
0.427587 
0.33452 
0.61827 
0.637544 
0.402252 
0.31499 
0.729786 
0.567929 
0.417074 
0.695549 
0.628035 
0.308292 
0.325797 
0.329155 
0.457713 
0.26204 
0.339647 
0.346863 
0.377919 
0.308673 
0.816923 
0.564619 
0.271249 
0.400446 
0.271101 
0.745115 
0.416484 
0.987784 
-0.751305 
0.990649 
0.742266 
0.536618 
0.684405 
0.524112 
0.441832 
0.361067 
0.53396 
0.283215 
0.534977 
0.864511 
0.516374 
0.322041 
0.307309 
0.995799 
-0.650166 
0.969004 
0.567999 
0.481763 
0.627153 
0.414745 
0.40644 
0.407913 
0.648238 
0.35537 
0.979561 
0.464109 
0.373211 
0.377169 
0.212162 
0.884366 
0.268042 
0.16507 
0.234949 
0.477641 
0.284284 
0.822765 
0.552276 
0.432379 
0.3045 
0.388622 
0.402183 
0.460007 
0.777649 
0.471997 
0.345227 
0.440109 
0.291543 
0.897074 
0.296989 
0.466203 
0.703134 
0.839435 
0.295478 
0.570508 
0.374177 
0.332321 
0.360629 
0.39093 
0.520208 
0.533801 
0.413152 
0.488527 
0.368819 
0.321538 
0.633482 
0.275778 
0.417012 
0.576694 
0.357527 
0.328127 
0.503913 
0.290059 
0.415635 
0.296181 
0.292716 
0.296169 
0.538542 
0.70458 
0.455622 
0.821211 
0.357657 
0.465144 
0.52387 
0.492776 
0.404044 
0.463155 
0.28192 
0.734901 
0.57292 
0.387137 
-0.226132 
0.00191373 
0.371686 
0.186455 
0.387595 
0.374384 
0.425218 
0.738807 
0.343259 
0.411586 
0.389281 
0.428571 
0.318147 
0.760254 
0.328154 
0.404961 
0.307493 
0.373233 
0.368436 
0.7265 
0.311174 
0.297121 
0.363218 
-0.0378435 
-0.585653 
0.331849 
0.544324 
0.295922 
0.923229 
0.54018 
0.886237 
0.592084 
0.279481 
0.621204 
0.527871 
0.27088 
0.466956 
0.291768 
0.206708 
0.385601 
0.485456 
0.593622 
0.326768 
0.468194 
0.784422 
0.388182 
0.822417 
0.258125 
0.664664 
0.729627 
0.667154 
0.374395 
0.55453 
0.373822 
0.977183 
0.351579 
0.673754 
0.41886 
0.952538 
0.425441 
0.302258 
0.335395 
0.51092 
0.795497 
0.45518 
0.902433 
0.195629 
0.383924 
0.423314 
0.474661 
0.315995 
0.522793 
0.678368 
0.462588 
0.332811 
0.376514 
0.385875 
0.356532 
0.582178 
0.462759 
-0.840601 
0.523943 
0.600776 
0.262436 
0.579592 
0.307863 
0.480881 
0.375195 
0.411534 
0.183539 
0.544733 
0.829147 
0.389952 
0.471562 
0.434726 
0.306382 
0.365604 
0.405096 
0.263665 
0.946341 
0.645283 
0.611236 
0.69154 
0.998385 
0.21635 
0.354145 
0.42484 
0.220465 
0.951134 
0.679131 
0.449269 
0.398654 
0.59986 
0.892412 
0.3921 
0.228335 
0.226356 
0.461751 
0.285199 
0.2835 
0.519168 
0.628343 
0.259624 
0.358262 
0.358306 
0.347222 
0.859448 
0.537792 
0.980258 
0.59916 
0.28203 
0.464142 
0.898785 
0.39508 
0.686487 
0.378487 
0.530481 
0.933528 
0.936973 
-0.645345 
0.632912 
0.47719 
0.192109 
0.500397 
0.455322 
0.503834 
0.247858 
0.706733 
0.63482 
0.359853 
0.466667 
0.425461 
0.368366 
0.852752 
0.630881 
-0.337453 
0.73174 
0.765504 
0.811653 
0.262103 
0.702171 
0.28914 
0.538974 
0.637064 
0.176919 
0.224 
0.461673 
0.566814 
0.48231 
0.593927 
0.562308 
0.295367 
0.76132 
0.362887 
0.562531 
0.471975 
0.399196 
0.430304 
0.352707 
0.451785 
0.444917 
0.318155 
0.338573 
0.816272 
0.380999 
0.852378 
0.225882 
0.264185 
0.423434 
0.347166 
0.344987 
0.982427 
0.986378 
0.586496 
0.976682 
0.473078 
0.621842 
0.295034 
0.742132 
0.518118 
0.355792 
0.298468 
0.906773 
0.998315 
0.310184 
0.483731 
0.272168 
0.643669 
0.636183 
0.331694 
0.459463 
0.582347 
0.487317 
0.203298 
0.739529 
0.385623 
0.412411 
0.197012 
0.63237 
0.338482 
0.418021 
0.271711 
0.390947 
0.732658 
0.407236 
0.437851 
0.449603 
0.399066 
0.492989 
0.591885 
0.266932 
0.26609 
0.375614 
0.384324 
0.581154 
0.300087 
0.511226 
0.385575 
0.321614 
0.868009 
0.760474 
0.736522 
0.240495 
0.31148 
0.227589 
0.234508 
0.511053 
0.325752 
0.945046 
0.486241 
0.709185 
0.295488 
0.168912 
0.415446 
0.895977 
0.282048 
0.563152 
0.635969 
0.809572 
0.494458 
0.308311 
0.843066 
0.651977 
0.312795 
0.18876 
0.543297 
0.316967 
0.675403 
0.433752 
0.198219 
0.385952 
0.447924 
0.312881 
0.269926 
0.57418 
0.319997 
0.394324 
0.510821 
0.226246 
-0.0700726 
0.970515 
0.779356 
0.405638 
0.16853 
0.959932 
0.35861 
0.290604 
0.439789 
0.580737 
0.440241 
0.926198 
0.782899 
0.579379 
0.550947 
0.384975 
0.721608 
0.435809 
0.363239 
0.39204 
0.802278 
0.888099 
0.298512 
0.300186 
0.961643 
0.413875 
0.386128 
0.27379 
0.390428 
0.359777 
0.352857 
0.405002 
0.499271 
0.774407 
0.279666 
0.419639 
0.793747 
0.396777 
0.35839 
0.277572 
0.865797 
0.582522 
0.968719 
0.777321 
0.711895 
0.909904 
-0.274361 
0.644138 
-0.258336 
0.0938596 
0.726568 
0.162396 
0.609908 
0.906192 
0.271936 
0.357034 
0.392414 
0.265682 
0.566166 
0.565142 
0.743671 
0.428934 
0.689006 
0.283459 
0.449072 
0.412749 
0.329376 
0.716159 
0.296354 
0.338774 
0.347794 
0.390586 
0.462445 
0.293204 
0.474803 
0.334148 
0.356205 
0.761502 
0.427951 
0.565491 
0.73154 
0.387127 
0.396552 
0.736044 
0.54966 
0.320798 
-0.00243877 
0.327914 
0.458028 
0.414093 
0.431884 
0.212805 
0.351706 
0.552806 
0.29481 
0.486709 
0.221377 
0.218235 
0.553926 
0.422363 
0.50763 
0.608974 
0.536819 
0.114836 
0.402354 
0.594802 
0.458729 
0.41682 
0.302684 
0.897108 
0.859144 
0.401596 
0.722854 
0.438057 
0.743282 
0.336186 
0.28496 
0.883883 
0.584308 
0.76357 
0.81707 
0.444314 
0.400118 
0.402186 
0.192555 
0.255618 
0.515688 
0.60173 
0.585274 
0.425937 
0.350483 
0.294068 
0.350454 
0.361893 
-0.959632 
0.368638 
0.362627 
0.867374 
0.3977 
0.443904 
0.716428 
0.289192 
0.542795 
0.831561 
0.541526 
0.203009 
0.649328 
0.291985 
0.722783 
0.271242 
0.279133 
0.427205 
0.44356 
0.602872 
0.390771 
0.338484 
0.310032 
0.309364 
0.344941 
0.335641 
0.457049 
0.497791 
0.814462 
0.603194 
0.789305 
0.689163 
0.504773 
0.318087 
0.280416 
0.223161 
0.180732 
0.260669 
0.517477 
0.307033 
0.334143 
0.516866 
0.371937 
0.631955 
0.40616 
0.481854 
0.89114 
0.415778 
0.409912 
0.651101 
0.456403 
0.972441 
0.994903 
-0.0181077 
0.455829 
0.305963 
0.372443 
0.89023 
0.357344 
0.41284 
0.711828 
0.289867 
0.275266 
0.547656 
0.287679 
0.426872 
0.313785 
0.646143 
0.249816 
0.550444 
0.369577 
0.497756 
0.764417 
0.823586 
0.467529 
0.375451 
0.5735 
0.324607 
0.63866 
0.707674 
0.286615 
0.648414 
0.427857 
0.446786 
0.547865 
0.40718 
0.208196 
0.581769 
0.246306 
0.276775 
0.301824 
0.291663 
0.218302 
0.30718 
0.306796 
0.571978 
0.359898 
0.698146 
-0.593364 
-0.321041 
0.28984 
-0.107221 
0.69155 
0.355667 
0.228639 
0.249526 
0.466121 
0.271198 
0.331481 
0.421897 
0.5685 
0.657953 
0.322753 
0.483399 
0.999096 
0.71978 
0.440571 
0.297526 
0.494911 
0.374298 
0.162343 
0.466031 
0.233596 
0.315055 
0.475958 
0.409347 
0.447556 
0.477524 
0.308369 
0.880054 
0.40028 
0.321615 
0.511762 
0.896861 
0.333115 
0.945859 
0.357055 
0.314477 
0.711927 
0.68509 
0.888764 
0.493801 
0.533599 
0.562014 
0.519636 
0.580022 
0.34238 
0.684553 
0.646639 
0.439123 
0.861413 
0.339195 
0.399477 
0.278986 
0.323507 
0.348714 
0.618614 
0.455137 
0.999671 
0.991416 
0.914917 
0.779443 
0.130308 
0.421621 
0.61662 
0.0875353 
0.680747 
0.468469 
0.437496 
0.626838 
0.521512 
0.402914 
0.247528 
0.265844 
0.260552 
0.419737 
0.877447 
0.642705 
0.620824 
0.26536 
0.741542 
0.507342 
0.873721 
0.790447 
0.347169 
0.709726 
0.661556 
0.43259 
0.423227 
0.279795 
0.330721 
0.358551 
0.335237 
0.319256 
0.48287 
0.330424 
0.5701 
0.480957 
0.514793 
0.92555 
0.329352 
0.437838 
0.38483 
0.255796 
0.903061 
0.493537 
0.332622 
0.351869 
0.511489 
0.925785 
0.427055 
0.663703 
0.492019 
0.324861 
0.321333 
0.352224 
0.719512 
0.352768 
0.658804 
0.80095 
0.344316 
0.263425 
0.318652 
0.409176 
0.105795 
0.907832 
0.379352 
0.2516 
0.667198 
0.935339 
0.488412 
0.422402 
0.786727 
-0.845302 
0.240145 
0.855098 
-0.427175 
0.541255 
0.178817 
0.211631 
0.229258 
0.321965 
0.225085 
0.249926 
0.316835 
0.4097 
0.405482 
0.404971 
0.438676 
0.314125 
0.257732 
0.519362 
0.328752 
0.510245 
0.353259 
0.462225 
0.259577 
0.397295 
0.446276 
-0.770613 
0.278113 
0.524173 
0.147458 
0.598104 
0.169841 
0.579743 
0.318904 
0.317278 
0.415709 
0.571869 
0.690031 
0.710902 
0.223046 
0.398607 
