0.101495
0.11254
0.233492
0.130975
0.139192
0.142909
0.809713
0.257516
0.116849
0.599877
0.142469
0.216064
0.143972
0.356898
0.132174
0.14667
0.432502
8.30185
0.136244
0.110837
0.198992
0.128813
0.263634
0.212832
0.164934
0.24452
0.791056
0.327984
0.732615
0.366391
0.144475
0.308614
0.135501
32.9617
0.109728
0.131727
0.215632
0.129544
0.101649
0.260371
0.35218
0.302427
0.18329
1.91364
2.01268
0.182382
0.229156
6.46844
0.172001
0.24019
0.655954
0.149588
0.208402
1.36495
0.121953
0.222358
2.12165
0.193293
0.482829
0.153006
0.247554
0.279818
0.137174
0.130222
0.323573
0.11488
0.253744
0.126529
0.118932
0.687329
9.29985
0.196769
0.725194
0.246634
0.122082
1.04254
0.691878
0.10688
0.331119
0.33594
0.145711
0.31834
0.151201
2.52863
0.250017
0.492118
0.259527
0.381478
3.93106
0.170666
0.11545
0.407858
0.510458
0.108197
0.21784
0.397723
0.364989
0.120455
0.290307
0.453157
0.349873
0.354066
0.693152
0.258653
0.143649
0.294883
0.103237
0.113146
0.959775
0.172709
0.49026
0.78058
0.171066
0.506502
0.388689
2.30653
0.931596
0.295482
1.5365
0.128316
0.44938
0.157896
0.100702
0.12878
0.385188
0.154378
0.124161
0.270592
0.163529
0.108756
0.104139
0.140036
0.203858
0.397618
0.130486
0.162894
0.306935
0.11774
0.628456
0.310763
0.208976
0.108969
12.5475
0.335655
3.6433
1.32844
0.283155
0.159741
0.241077
0.139576
0.106915
0.100018
0.315469
0.163638
0.135786
0.124447
0.115913
0.228532
0.15252
0.118101
0.130726
0.101936
0.5512
0.102838
0.529467
0.105504
2.50333
0.166644
0.184111
0.118366
0.129881
0.198794
0.242732
1.00436
0.543015
0.93659
0.131469
0.764388
0.14595
0.121128
0.121079
0.130318
0.143882
0.114206
0.180936
0.195147
0.155164
0.149376
0.656835
0.316961
0.24624
0.115733
0.226045
0.105804
0.356252
0.117979
1.15831
0.894354
0.122658
0.99586
0.12625
0.1085
0.231873
0.117376
0.141149
0.139262
0.102409
0.632403
0.265323
0.20522
2.12028
2.08735
0.115066
0.138418
0.592258
3.36618
0.250555
5.14191
0.162394
0.841463
0.103308
0.1348
1.02071
0.106506
0.629507
0.106128
0.108163
0.121172
0.128848
0.126415
0.212571
0.209965
0.222167
0.114095
0.202097
0.301173
0.775354
0.143765
0.139099
0.212733
0.10798
0.13034
3.62306
0.12809
0.178088
0.387818
0.130329
0.108428
0.218299
0.219443
0.131088
0.160424
0.171131
0.300498
0.103442
0.118008
0.174835
0.17373
0.261774
0.127973
0.661063
0.844242
0.239336
0.113441
1.10526
0.382066
0.187013
0.141691
0.129065
0.105861
0.180729
0.144779
0.170731
0.115684
0.109657
0.109694
0.184684
0.135374
1.58581
0.380542
0.123868
0.130126
0.126587
0.258198
0.285424
1.62326
0.10283
0.390246
0.270325
0.424639
0.677083
0.436602
0.163642
0.136735
0.342857
0.109329
0.338705
3.05885
0.380667
0.108778
0.106939
4.04123
0.163013
0.20178
0.172222
0.141201
0.555396
0.22742
0.241818
0.16005
0.718881
0.168509
0.150401
0.121465
0.232281
0.143055
0.109213
1.70434
0.175692
0.121425
0.165354
0.120481
0.121967
2.22031
0.292264
0.318248
0.152719
0.142886
0.170739
0.349484
1.33046
0.349937
0.145405
0.209617
0.112923
3.96932
0.112894
0.378789
1.05898
1.08434
0.122659
0.574286
0.141377
0.175649
0.104136
0.200878
0.410267
0.381394
0.193051
0.286295
0.191306
0.106706
0.164279
0.123412
0.159125
0.356618
0.137346
0.108972
0.388786
0.10133
0.219904
0.104176
0.100923
0.107465
0.366546
0.657499
0.185248
1.30194
0.123052
0.331697
0.326349
0.215872
0.236934
0.178843
0.11004
0.958223
0.114061
0.194317
0.227891
0.136939
0.107022
0.128517
0.100472
0.145227
0.145748
1.44097
0.105423
0.201784
0.187139
0.228634
0.106987
1.28264
0.119477
0.257049
0.105763
0.133382
0.187968
0.999364
0.127096
0.113691
0.151838
0.103879
0.198598
0.12257
0.545062
0.1349
10.8463
0.516111
3.22215
0.44157
0.137474
0.422922
0.258738
0.182732
0.203352
0.205682
0.127653
0.113129
0.235403
0.304374
0.255865
0.261303
0.218821
0.147095
0.300324
0.11543
1.0902
0.84977
0.871482
0.186988
0.470696
0.146089
16.4781
0.145131
0.774334
0.212805
2.4835
0.164386
0.200122
0.127258
0.169938
1.15538
0.125218
2.12362
0.111091
0.126334
0.23284
0.27846
0.115996
0.381534
0.762049
0.31517
0.142043
0.152005
0.207142
0.132265
0.502542
0.319013
0.512593
0.279577
0.296499
0.137371
0.913266
0.247391
0.471342
0.117177
0.114228
0.104029
0.288549
1.6424
0.169146
0.171635
0.330031
0.14101
0.18916
0.359349
0.137126
4.6789
0.353124
0.292832
0.555083
16.4893
0.100742
0.181488
0.263502
0.112786
3.95393
0.187169
0.319134
0.303504
0.611775
3.45808
0.119867
0.137868
0.109592
0.200072
0.130812
0.117207
0.449089
0.468367
0.118893
0.152677
0.185982
0.107572
1.17981
0.123756
16.5237
0.650868
0.115363
0.253153
3.87187
0.115901
1.433
0.138842
0.329261
0.416297
0.138409
0.221864
0.40277
0.202296
0.123593
0.429804
0.226383
0.282334
0.103795
0.737593
0.512911
0.120757
0.372777
0.29597
0.121869
2.63047
0.22891
0.101166
0.199633
0.228455
0.523945
0.161782
0.665607
0.119253
0.611464
0.389754
0.113704
0.110557
0.446239
0.684258
0.278879
0.756012
0.36099
0.106958
1.09639
0.389307
0.369627
0.106074
0.268246
0.217083
0.15624
0.278053
0.257737
0.157178
0.132923
1.27708
0.316683
2.64196
0.11298
0.104598
0.281694
0.110075
0.135141
15.4974
3.06285
1.30613
5.79304
0.191726
0.178114
0.102268
0.764897
0.145464
0.157139
0.149643
0.645247
0.211217
0.147926
0.184019
0.183095
0.595434
0.351904
0.24401
0.189976
0.432912
0.150348
0.116912
0.950475
0.206501
0.360442
0.108688
0.633349
0.1688
0.147315
0.157182
0.166385
1.10752
0.207017
0.316312
0.294114
0.147424
0.349552
0.582114
0.119775
0.101416
0.140373
0.177339
0.610369
0.102205
0.338208
0.202249
0.130218
0.541144
0.246651
0.242352
0.1818
0.157072
0.179382
0.169049
0.217641
0.106698
12.0651
0.233724
1.28329
0.202717
0.10937
0.10139
2.22837
0.109819
0.273169
0.678308
2.49124
0.290379
0.114804
0.812062
1.05546
0.178751
0.108429
0.238527
0.240267
0.523581
0.117058
0.129211
0.128604
0.446015
0.159916
0.128816
0.358912
0.103556
0.13254
0.347917
0.107082
0.22785
0.326573
0.168339
0.464647
0.11326
2.80094
0.30094
0.214707
0.166961
0.448766
0.232405
7.83783
1.37189
0.393678
0.346146
0.153847
1.03039
0.21364
0.234326
0.156143
1.66264
4.36608
0.143561
0.100297
0.220538
0.173472
0.140633
0.116248
0.232014
0.185164
0.124814
0.312139
0.320753
1.09206
0.13305
0.15029
1.34869
0.185409
0.105543
0.139682
2.85947
0.402382
0.293512
0.435043
0.695142
0.278258
0.281989
0.288781
0.242398
0.139925
0.12601
0.270937
1.36432
2.39578
0.203016
0.186695
0.108109
0.125877
0.58076
0.275719
0.88033
0.105447
0.932482
0.104312
0.19591
0.123446
0.200075
0.791802
0.109516
0.161408
0.112112
0.15428
0.232935
0.130339
0.167422
0.220622
0.235856
1.09695
0.238539
0.242145
1.40767
0.2369
0.143452
0.746437
0.664216
0.157893
0.167123
0.108428
0.100041
0.149908
0.284551
0.107251
0.232849
0.46708
0.17156
0.194457
0.125807
0.100799
0.754459
0.109062
0.245493
0.275822
0.221657
0.125412
0.253895
0.511296
0.263115
0.123656
0.123098
3.38501
2.32023
0.124106
0.958982
0.368042
1.05536
0.196081
0.136338
0.594272
0.370747
1.83511
0.282685
0.152494
0.170871
0.289881
0.102984
0.181881
0.209166
0.292246
0.44334
0.184319
0.153482
0.104591
0.776731
0.282342
0.535762
0.122199
0.183334
2.76614
0.178892
0.161624
0.893297
0.157873
0.37991
0.158322
0.111068
0.191058
0.552803
0.236536
1.12786
0.237719
0.177003
0.202769
0.191601
0.427824
0.238694
0.144845
0.144677
0.113993
0.13563
0.118737
0.238901
0.257056
2.1703
0.593825
0.230229
0.223914
0.338905
0.107414
0.186795
0.179448
0.110881
0.131168
0.575669
0.116068
0.164361
0.309834
0.181839
0.628189
0.132027
0.299442
3.46861
0.313152
0.134663
0.641604
0.120139
0.27812
39.8462
0.146927
0.269563
0.111974
0.102449
3.09381
0.191845
0.22555
1.01399
0.108047
0.10211
0.353825
0.109738
0.114417
0.17776
0.658739
0.121151
0.359456
0.113305
0.383124
1.17561
2.01102
0.233045
0.101974
0.381356
0.161283
1.51366
0.495016
0.251047
1.42958
0.312953
0.114877
0.260959
0.203928
0.118689
0.461475
0.131005
0.138377
0.146602
0.135934
0.114498
0.109656
0.105189
0.319225
0.274661
0.706311
0.302497
0.205603
0.304898
0.113116
0.26023
0.185578
0.114391
0.101015
0.270017
0.132997
0.133329
0.267061
0.545477
0.794999
0.140582
0.334076
9.88181
0.121827
0.23376
0.107543
0.274546
0.167689
0.133091
0.146124
0.238068
0.130032
0.168683
0.235885
0.152964
0.313182
0.127865
2.9594
0.219327
0.162625
0.28804
4.09167
0.166513
9.3982
0.139715
0.100553
1.0577
0.903686
0.450804
0.14523
0.119703
0.151804
0.109077
0.174761
0.225208
1.26271
0.67456
0.210157
2.00674
0.151986
0.13623
0.146998
0.180132
0.173362
0.559559
0.175094
0.109081
1.07258
0.568529
0.326687
0.277196
0.13237
0.245344
0.120362
0.548808
0.140228
0.230355
0.588439
0.518601
0.132898
0.134283
0.191207
0.111687
0.156874
5.03026
0.635259
0.713945
0.107307
1.0549
0.324485
0.35734
0.13302
0.123927
0.790892
0.547021
0.156551
0.215749
0.123634
0.104488
0.12656
0.104446
0.102907
0.30041
0.123317
0.452001
0.267079
0.391381
0.211739
0.116279
0.104529
0.266568
0.159274
6.05015
0.379598
0.12496
0.127597
0.400927
7.54075
0.23962
0.773313
0.254365
0.117998
0.111668
0.124899
0.980218
0.115014
0.584537
0.247708
0.172201
0.219409
0.21921
0.441698
0.128904
3.34591
0.141216
0.153902
0.554877
5.53386
0.214915
0.16905
0.304747
0.106265
0.264773
0.103729
0.13841
0.282416
0.111534
0.128109
0.151773
0.146358
0.105397
0.109186
0.163821
0.163022
0.145153
0.14532
0.218802
0.295787
0.166258
0.113836
0.118663
0.159241
0.117449
0.201513
0.116507
0.110622
0.228779
0.187651
0.143551
0.126962
0.175466
0.190145
0.167275
0.71091
0.156639
0.131901
0.168036
0.434667
0.813828
1.16501
0.116668
0.127427
