12.8164
0.574845
15.2285
2.42006
1.1792
0.534861
2.41106
8.48928
3.43371
1.32108
0.117713
1.5708
2.3126
0.571117
0.885783
0.178581
1.86754
1.75207
4.3511
0.419389
0.493172
4.70395
1.75727
0.344564
4.15046
1.14495
8.46083
1.31394
1.80874
3.56523
0.824974
0.864716
1.76871
4.9071
2.26474
2.11739
6.48774
0.418605
1.02866
4.82176
5.04123
2.72146
0.413929
6.85333
1.74808
1.12147
6.44327
11.6892
1.1852
6.84052
10.4746
0.255869
0.604709
2.1725
5.94736
5.75535
4.22827
1.38596
2.80652
3.45655
1.47414
9.24675
1.39328
9.24101
1.03931
6.24158
0.867789
3.32021
0.944657
1.05801
5.02506
2.46012
0.31341
4.00464
0.628844
