-0.951751
-0.591719
-0.780882
-0.877092
-0.799868
-0.53123
-0.921337
-0.954175
-0.999152
-0.874383
0.266497
-0.999599
-0.987573
-0.983399
-0.985859
-0.309737
-0.996001
-0.766768
-0.918028
0.68761
-0.811713
-0.966952
-0.903478
-0.632983
-0.991169
-0.601463
-0.52164
-0.974913
-0.662693
-0.963433
-0.982386
-0.979356
-0.97138
-0.988444
-0.849551
-0.734915
0.787123
-0.975807
-0.889856
-0.979784
-0.969124
-0.970138
-0.948194
-0.993822
-0.995139
-0.86157
-0.98798
-0.990972
-0.971866
-0.971666
-0.941736
-0.899229
-0.797869
-0.992656
-0.951131
-0.980236
-0.975411
-0.926882
-0.796513
-0.777114
-0.883822
0.0393102
-0.833863
-0.987645
-0.63735
-0.920042
-0.982856
-0.988396
-0.921419
-0.936126
-0.997951
-0.972017
0.363592
-0.968766
-0.980725
