-272.349
-240.314
-165.483
-165.271
-298.23
-287.208
-291.123
-195.23
-263.069
-291.813
-161.246
-48.2963
-273.379
-185.696
-201.967
-253.877
61.1003
-298.697
-299.111
-231.751
-239.814
-271.151
-209.227
-292.197
-257.257
-254.986
-284.742
-80.7544
-55.111
-220.649
-280.109
-296.057
-293.026
-276.272
-229.34
-248.097
45.4777
-126.936
-125.032
-298.168
-142.554
-138.933
-297.793
-195.603
-248.791
-239.091
-297.942
-265.806
-231.094
-260.011
-243.816
-288.765
-279.77
-291.695
-189.433
-274.257
-149.261
-287.819
-136.771
-287.256
-111.202
-257.837
-246.102
-288.962
-291.474
-266.072
-261.368
-285.621
-227.661
-279.69
-273.964
-206.08
-224.242
-278.817
-256.873
