0.358403 
0.085361 
0.920923 
0.0519695 
0.172539 
0.301795 
0.343675 
0.700582 
0.4142 
0.499701 
0.529865 
0.528123 
0.496851 
0.365038 
0.29095 
0.296904 
0.340752 
0.38145 
0.449662 
-0.115498 
0.984943 
0.252198 
0.293744 
0.592169 
0.358916 
0.504071 
0.296362 
0.527865 
0.368433 
0.672007 
0.311568 
0.428902 
0.540528 
0.462686 
-0.0662576 
0.625636 
0.581297 
0.632293 
0.394851 
0.406449 
0.645289 
0.729835 
0.438694 
0.76828 
0.108017 
0.377544 
0.693062 
0.449446 
0.399457 
0.506892 
0.503127 
0.484294 
0.814103 
0.292473 
0.601005 
0.489299 
0.978762 
0.889298 
-0.751214 
0.39384 
0.863886 
0.960124 
-0.789907 
0.117272 
0.345478 
0.682724 
0.687195 
0.824167 
0.360735 
0.917117 
0.716003 
0.456204 
0.177612 
0.534605 
0.427641 
0.25911 
0.675935 
0.377847 
0.583658 
0.913493 
0.947564 
-0.383933 
-0.57858 
0.670936 
0.999109 
0.216302 
0.296437 
0.635906 
-0.0847226 
0.494547 
0.0677496 
0.227953 
0.417569 
0.559295 
0.745456 
0.661722 
0.596921 
0.346417 
0.470511 
0.307887 
0.579772 
0.120154 
0.315924 
0.403213 
0.678763 
0.458443 
0.554732 
0.959736 
0.423558 
0.499085 
0.521978 
0.433833 
0.427048 
0.27169 
0.713736 
0.647591 
0.57128 
-0.0248135 
0.647028 
-0.106507 
0.502242 
0.877357 
0.0170517 
0.292069 
0.547577 
0.549303 
0.986277 
0.603976 
0.406044 
0.110375 
0.257985 
0.255214 
0.316345 
0.372968 
0.488261 
0.436564 
0.200528 
0.430952 
0.550278 
0.401361 
0.402007 
0.395431 
0.803326 
0.363019 
0.334266 
0.978555 
-0.161816 
-0.0622435 
-0.798905 
0.720361 
-0.980583 
0.794868 
-0.674351 
0.700421 
-0.512421 
-0.200311 
-0.107752 
-0.172764 
-0.143429 
0.763453 
0.723406 
-0.54042 
0.830793 
-0.623597 
0.711822 
0.333179 
0.243454 
-0.123061 
0.0658085 
0.44194 
0.155444 
-0.0545333 
0.350051 
0.184816 
0.729876 
0.16631 
0.205468 
0.303979 
0.630827 
0.601142 
0.144274 
0.595733 
0.531795 
0.142823 
0.432864 
0.932637 
-0.477148 
0.81063 
0.739137 
0.917361 
0.652239 
-0.0142387 
0.229654 
0.177614 
0.799763 
0.713173 
0.314934 
0.336789 
0.438797 
0.30829 
0.485429 
0.328815 
0.53488 
0.598114 
0.424519 
0.902392 
0.415583 
0.196318 
0.632097 
0.537184 
0.645509 
0.847228 
-0.681935 
0.883274 
0.141684 
0.17712 
0.32336 
0.476068 
0.385474 
0.320509 
0.613543 
0.645821 
0.243421 
0.412075 
0.180783 
0.288679 
0.572895 
0.45051 
0.449148 
0.22789 
0.41998 
0.18153 
0.40327 
0.0127694 
0.988296 
-0.144297 
0.53918 
-0.672839 
0.478117 
0.17608 
0.75435 
0.623853 
0.200073 
0.312933 
0.300114 
0.365085 
0.475084 
0.676288 
0.317205 
0.435705 
0.934436 
0.293286 
0.37449 
0.418791 
0.320002 
0.261473 
0.433352 
0.676077 
0.411252 
0.256064 
0.967393 
0.773035 
0.904247 
-0.258879 
0.137354 
0.375348 
0.300458 
0.0600341 
0.473384 
0.615527 
-0.00760404 
0.628482 
0.469125 
0.47537 
0.351691 
0.383366 
0.730169 
0.472889 
0.343547 
0.474938 
0.462432 
0.38256 
0.562368 
0.990354 
-0.854277 
-0.211871 
0.745319 
0.807922 
0.711388 
-0.679059 
0.463769 
0.105932 
-0.412632 
-0.967586 
0.920685 
0.246592 
-0.146371 
0.313844 
0.914364 
0.419966 
0.467304 
0.525808 
0.381541 
0.360969 
0.201809 
0.19963 
0.295036 
0.564764 
0.202413 
0.321113 
0.229037 
0.542151 
0.474726 
0.521145 
0.878201 
