-209.311
-191.962
-157.614
-134.251
-133.066
-119.032
-111.341
-57.9148
-6.39257
10.4525
33.4769
148.491
155.148
166.57
216.198
272.406
281.801
284.996
296.847
-252.43
-237.692
-199.508
-165.153
-119.026
-57.7885
-49.9984
-13.7106
-8.74443
18.4662
41.1615
60.7445
68.7196
91.1957
125.63
129.884
147.293
-149.35
-236.316
-100.218
-64.2117
-63.5021
-59.344
-54.4715
-45.8261
-13.6077
2.98994
7.86121
46.6581
80.6545
99.5663
120.097
168.286
193.323
218.835
254.386
317.366
23.8478
143.794
-256.55
-197.313
66.4585
147.382
-264.584
-100.456
-85.1565
-2.24258
21.6561
39.4668
69.9821
71.019
71.5031
91.9289
97.2446
108.253
124.87
147.77
216.923
222.587
246.72
261.624
96.5628
-281.242
-285.133
-311.177
-311.477
-285.286
-242.094
-217.61
-203.201
-184.017
-174.28
-139.836
-131.361
-124.549
-118.418
-86.388
-13.663
26.0295
101.154
145.073
162.262
170.42
189.336
198.201
231.346
238.53
251.981
325.707
326.738
-180.222
-150.859
-146.614
-134.842
-107.377
-72.5671
-53.3407
-38.4302
-33.5952
-29.6926
-12.8987
51.3902
99.9136
119.121
192.962
216.954
287.047
-227.498
-175.346
-137.883
-82.3899
-78.4899
-56.1366
26.0732
85.0962
88.4693
108.645
111.864
127.005
158.953
189.524
221.663
249.355
254.238
256.319
290.242
62.6065
-294.304
-247.966
-276.797
-231.603
-254.12
-231.191
-226.625
-185.942
-263.31
-298.659
-299.887
-313.613
-296.602
-159.422
-114.927
-184.525
120.784
89.4101
-195.247
-186.839
-186.514
-159.831
-58.3771
-46.7891
-15.9236
27.5404
52.0028
54.7537
57.6871
145.29
173.013
180.429
186.242
198.034
198.732
204.145
228.786
257.994
325.048
181.583
26.8417
126.424
190.602
140.329
-222.108
-158.353
-126.531
-98.0342
-86.3183
-17.5487
-14.6706
-4.12381
-3.66841
7.25937
17.2784
37.5182
49.8949
136.717
141.065
156.681
185.254
217.282
277.184
296.436
-219.684
-207.535
-198.849
-194.095
-180.856
-173.571
-159.43
-142.53
-102.929
-69.8561
-19.3876
-5.43084
58.3865
87.0704
88.7892
141.46
144.924
257.925
264.382
268.322
282.436
297.866
299.704
-274.61
-176.486
-190.458
86.6652
-308.623
-210.082
-203.63
-166.16
-94.3704
-75.7598
-49.0524
10.5514
13.6537
36.327
50.0461
68.1805
105.739
124.892
148.198
186.513
189.049
197.687
206.453
248.269
276.08
291.413
-189.623
-189.038
-178.751
-176.422
-163.784
-157.929
-149.641
-105.151
-98.6264
-81.4078
-22.3731
-8.49413
22.1924
27.2416
75.0168
98.04
135.834
197.752
228.232
237.02
249.437
259.556
266.383
293.824
-39.3032
-240.37
-310.362
-282.217
-136.649
-152.168
-180.657
-236.986
-275.357
-237.712
-324.938
-59.5714
-201.456
-194.059
-186.933
-166.624
-82.4553
-32.1133
20.2686
47.9333
69.7541
92.6731
116.997
157.401
159.587
171.375
203.814
228.803
259.363
267.544
323.882
208.846
