0.153434
0.110039
2.60457
0.110344
0.283113
0.457157
0.172233
1.01218
0.151794
0.411589
0.251468
0.282553
0.169787
0.217088
0.103357
0.111293
0.1372
0.141831
0.251572
0.104749
0.504278
0.105981
0.139669
0.305847
0.232283
0.236637
0.12745
0.237783
0.342939
1.27788
0.216695
0.124855
0.476772
0.368989
0.102538
0.503311
0.114647
0.232457
0.200464
0.16706
0.508624
0.76561
0.19824
1.09213
0.110836
0.109815
0.278831
0.133382
0.343909
0.191102
0.247057
0.361783
1.70154
0.106414
0.5071
0.336195
0.232286
2.20867
0.144367
0.201105
0.112927
0.109057
0.131995
0.110217
0.153128
0.340228
0.145981
0.556558
0.217034
2.01199
0.462539
0.213857
0.188712
0.223469
0.102341
0.200919
0.388046
0.163512
0.162964
1.33567
0.382992
0.140833
0.19222
0.12084
0.111044
0.115161
0.193543
0.123993
0.108958
0.11838
0.118003
0.124681
0.132608
0.208395
2.43532
0.287261
0.614615
0.135674
0.225501
0.299812
0.229503
0.10135
0.162003
0.189193
0.590863
0.409842
0.426427
7.29569
0.12014
0.186669
0.10257
0.173359
0.108481
0.107123
0.161654
0.263977
0.110622
0.132643
0.126413
0.114338
0.280059
1.6139
0.100994
0.175105
0.479967
0.207038
1.61271
0.205548
0.113837
0.150159
0.10554
0.273026
0.21356
0.442715
0.151644
0.178244
0.129603
0.12788
0.214498
0.143597
0.217007
0.146986
1.82537
0.129245
0.23146
1.90168
0.119897
0.240986
0.216133
0.123907
0.328541
0.161226
0.327978
0.26833
0.107041
0.107609
0.183501
0.297132
0.164962
0.101108
0.289673
0.131167
0.209797
0.114324
0.144526
0.168781
0.525241
0.132313
0.109201
0.101582
0.533408
0.112014
0.212298
0.386031
0.238073
0.103171
0.118738
0.156275
0.170546
0.103855
0.189511
0.25069
0.815094
0.12889
0.324829
5.73852
0.140268
1.14269
0.214435
0.895294
0.227437
0.115432
0.208642
0.179169
0.985873
0.753855
0.122946
0.110762
0.179975
0.101867
0.210813
0.117549
0.644642
1.32713
0.61277
1.44312
0.121374
0.210048
0.116192
0.372554
0.101597
0.158597
0.136429
0.342433
0.509073
0.126591
0.180716
0.152195
0.652575
0.130367
0.399132
0.147515
0.110714
0.210792
0.115646
0.159013
0.344824
0.168645
0.151595
0.101498
0.135842
0.111365
0.257215
0.117254
0.149879
0.146079
0.228535
0.166947
0.540955
0.371603
0.629429
0.692959
0.101215
0.136042
0.194553
0.141227
0.268708
0.686864
0.188919
0.213615
5.496
0.105009
0.144248
0.286179
0.128727
0.113545
0.226161
0.760478
0.192533
0.213352
0.119952
0.147239
0.12418
0.285972
0.255299
0.140579
0.11493
0.114163
0.288957
0.232759
0.119964
0.414505
0.156974
0.42459
0.178927
0.252029
0.902052
0.407653
0.228588
0.262144
0.226203
0.122357
0.293601
2.33246
1.1314
0.308325
0.294866
0.131201
0.192755
0.134007
0.121585
0.104575
0.229234
0.182914
0.168369
0.178998
0.187919
0.794279
1.03466
0.236401
0.375585
0.216842
0.287533
0.305146
0.113492
0.190856
0.12513
0.247351
0.100889
0.151023
0.187145
0.172255
0.121815
0.223383
0.233047
