0.305994
0.285376
0.580698
0.131278
0.342089
0.439505
0.142146
0.486276
1.09383
0.633612
1.37988
1.37506
0.967523
0.403826
0.472474
0.332718
0.545132
0.123952
0.650626
0.677536
0.48866
0.15024
5.99638
1.3378
0.166421
6.40965
0.439822
0.926937
0.458755
4.41072
0.603145
1.41361
0.277367
0.357921
6.86251
1.50877
0.275017
0.297752
2.2802
0.211216
0.222066
4.71464
0.472482
0.239986
0.322012
0.145033
0.644702
0.17457
0.706316
5.08615
4.55675
0.100301
0.768247
7.32889
2.05049
4.70022
0.19517
4.4813
0.996252
1.57504
1.25649
0.628621
0.439284
0.111339
0.133029
2.91579
0.571046
0.215968
0.125337
0.142222
0.373064
0.580288
0.107677
0.420278
1.28624
3.13213
0.405014
1.50536
0.224002
0.329879
0.198638
2.179
6.95399
0.356643
0.279631
1.02539
4.10966
10.3777
3.67531
0.102227
1.17903
0.277317
24.9536
0.807396
0.599984
0.977661
0.123348
0.327336
0.465579
0.795854
0.307304
0.299335
0.162138
0.100217
0.149216
0.266154
1.21694
1.51843
1.00526
0.539594
0.254751
8.37206
12.5339
0.707392
0.135947
0.577791
1.40081
0.490452
0.104343
0.427217
0.334915
0.527724
1.53507
0.433667
1.51812
1.9818
1.04797
0.321073
1.69944
2.47308
0.184355
0.185365
5.97385
0.479965
0.172888
0.125376
0.148771
1.74224
1.82164
1.68575
0.77498
4.46299
1.51095
2.8041
2.14623
0.306644
0.675479
0.255868
0.964286
5.75503
0.12477
0.588903
7.82147
6.38655
1.18372
0.242132
0.69068
1.80471
8.98232
4.99555
0.179823
0.971582
0.176162
0.111906
0.285611
0.134974
5.55892
0.203846
3.66789
0.744383
0.147885
0.520879
0.356563
0.885214
1.10152
0.278779
0.448823
0.892714
13.9018
0.106376
0.175285
0.188257
0.10599
2.21185
6.81493
0.291132
0.118226
4.08327
1.83277
2.10645
1.07239
4.05265
0.108755
0.105522
0.583369
0.491242
0.105663
2.03038
3.75893
0.128863
0.791385
2.06757
0.119096
0.203711
0.365527
0.440755
0.143803
1.03263
0.206291
0.106874
0.133341
0.933752
0.118164
0.733306
1.56115
0.274367
1.53965
0.810889
6.0947
0.321965
0.538769
0.178474
0.316497
0.829651
2.03188
0.10302
0.20864
1.60694
0.604
0.279871
0.17442
0.47807
0.229493
0.295488
0.224296
3.09916
5.44063
0.118004
1.98281
0.424984
2.57116
0.2574
0.13387
0.814418
1.90869
0.781955
0.190332
0.270266
0.108814
0.106297
0.297366
0.532628
0.104332
0.15962
0.867488
0.224285
0.597472
0.397058
0.212725
1.22523
0.303325
0.218879
0.902455
0.251346
3.15895
0.382111
0.811069
0.57779
0.511388
1.30666
19.1973
0.429954
0.107755
0.441005
1.01866
0.207504
0.130837
0.227068
2.67528
2.00011
3.485
0.551944
0.358276
1.81828
0.577372
1.15283
1.79545
0.417879
0.134001
0.384239
0.272242
2.89439
0.263073
0.566948
0.350255
0.130545
2.96917
0.307657
0.228451
13.7346
0.294923
0.105348
0.159204
4.09276
0.198785
0.597394
0.207545
1.03248
2.48297
0.687428
0.267848
0.26058
0.94609
2.37625
2.29989
0.823563
0.350775
0.861779
0.828625
1.18969
0.769462
0.263133
0.577983
1.18503
0.54637
0.224175
15.2605
0.720996
1.21461
0.359163
0.194722
0.183938
0.248117
0.442065
1.27766
0.331539
0.965173
0.136729
0.108054
0.1845
1.35699
6.11683
1.85112
0.339468
4.0117
1.26494
0.239056
0.308548
0.154473
0.126664
0.759186
1.36629
1.0639
0.321118
5.07053
2.17278
1.26268
0.143178
0.476463
0.446397
0.432744
3.11865
1.10719
1.33439
5.08606
0.105988
0.927728
0.385374
0.10865
0.60738
0.876861
9.48909
1.50569
1.91135
2.046
1.32132
0.100635
0.291582
0.534355
0.950395
0.260199
1.571
0.976649
0.412593
0.296016
0.110746
2.17371
5.55339
0.210124
0.184468
0.166332
0.181335
0.638449
0.198203
0.185251
5.26641
0.325794
5.92428
0.164364
0.430954
0.106249
1.22325
0.254439
0.796463
0.926957
0.281045
0.434553
1.44874
0.136032
2.09817
0.234075
0.435514
0.296801
0.596462
2.24645
1.01156
0.462273
0.106653
1.9362
0.17355
0.136089
0.24295
0.103399
2.14682
0.149012
9.85097
3.85002
0.175659
0.217942
12.0194
1.21634
7.83667
3.64023
0.284389
0.179949
1.59702
4.85482
0.188325
0.396274
0.177632
1.21099
0.173051
0.209177
0.945013
1.03492
0.1062
0.100193
0.325615
0.130599
4.0069
0.423462
1.11237
0.771094
0.285736
0.296953
0.784755
1.97467
0.302822
0.428363
0.174773
3.94211
0.212344
0.126969
6.32795
1.33782
0.168023
0.287352
0.248099
1.01516
2.67989
0.72855
0.281012
3.96195
0.969047
0.273116
1.56529
0.327052
0.525894
0.669735
0.137482
0.495361
0.133473
1.73308
0.333805
0.174523
0.221363
0.544085
0.246804
0.803496
3.00533
5.34016
0.210928
0.75402
4.26333
0.304128
0.505391
0.482375
0.348674
5.32435
0.534201
0.237589
5.12465
0.226076
0.889631
0.131146
0.492787
0.884501
0.333642
0.362031
0.455349
7.39219
6.12167
0.135449
1.21605
0.36417
0.133655
0.101012
2.25222
12.9647
13.0647
0.195367
0.161765
0.975507
0.782705
0.25714
0.316121
2.80749
0.198944
0.315291
0.317667
1.34324
0.926312
0.195281
0.204499
0.180139
0.231703
0.885406
0.577794
0.112397
0.101405
0.120459
1.05653
0.429496
0.347262
2.97576
1.37198
0.69144
0.152374
0.393974
0.264093
0.156975
0.416189
0.185648
0.140561
2.03332
3.4913
2.39172
0.172033
0.662453
1.57407
1.36434
5.15154
0.158602
0.517168
1.12696
0.182574
2.5721
17.5271
2.91086
0.104746
0.818532
0.485587
0.507606
0.504627
0.11136
0.154916
0.229222
0.470058
0.892878
0.261174
0.377139
0.103114
1.1464
5.06282
0.171238
1.37568
0.905305
2.82983
5.73425
0.863969
3.24182
0.108331
2.97559
0.883845
0.135965
0.11658
0.128059
0.70644
0.200348
0.192537
1.18696
2.14493
0.793682
0.201837
4.01867
0.19391
0.105137
0.139376
3.76247
0.431927
8.45195
0.340307
0.115488
0.779099
0.806543
0.147897
6.59849
5.25253
2.68735
1.08075
1.06968
11.5673
4.17606
0.8886
0.151588
0.348591
0.15057
2.1637
0.105374
2.45759
0.216484
0.116664
7.57786
0.293095
0.66328
8.85913
0.407356
0.189975
0.433111
0.133307
0.31223
1.58108
0.236966
0.110065
1.37614
2.12245
0.791652
0.352134
0.35327
0.225655
0.826983
1.04943
0.241773
0.191381
0.203367
1.45505
0.336613
0.931111
0.154866
0.279109
0.676364
0.839176
0.207486
0.41757
3.54721
9.04007
0.767663
1.34615
0.335418
0.321472
7.21641
1.18455
0.239735
0.227766
0.316695
0.641569
0.843964
0.986056
0.365847
0.115827
6.61168
0.774971
4.20783
1.45375
0.160821
0.695775
0.136075
0.470068
0.174115
0.253804
3.37583
0.327772
0.304949
0.933529
4.14679
0.116443
0.816914
0.194008
0.331589
3.01408
0.341378
1.59751
0.619321
15.5508
0.289671
3.5573
1.16983
1.45309
0.285677
1.19094
0.127569
0.105102
1.04636
0.37063
0.708508
3.93252
0.326217
0.896489
2.64984
0.175918
0.734472
0.27893
0.217058
0.861116
0.584185
0.174604
0.175956
1.45982
0.326259
0.435235
1.33363
0.309543
0.114857
6.75968
17.8893
1.68688
0.113689
7.25026
7.44769
0.451662
0.110132
0.310453
0.102327
3.58968
0.168216
5.20085
0.133295
0.530086
0.160744
4.02945
0.643984
0.491231
0.150159
0.744892
0.220733
0.978931
2.73694
0.515237
1.52116
0.126633
1.44509
1.58846
0.170033
0.340284
0.127755
0.228151
0.783063
0.128519
0.428244
0.544865
0.299431
1.76816
0.460093
0.335609
1.31136
0.374344
0.103761
0.114085
0.833049
0.13545
0.267556
4.36257
0.239322
2.80578
0.727154
0.599584
0.177179
0.10541
0.161442
1.45402
0.826216
0.638839
0.571914
0.230771
0.149985
0.195425
0.205225
1.13874
0.638098
0.101502
1.58655
0.130284
1.63306
4.38414
9.60466
0.788473
0.130898
0.158871
2.66998
0.564034
1.49967
5.76578
6.15718
17.6639
2.71305
0.657509
6.10163
0.133737
0.392519
1.03718
0.160516
0.314613
1.15843
0.930192
0.899639
0.219897
0.813085
1.39187
0.340596
0.180723
11.1847
0.27017
4.58547
0.189799
0.293894
1.95672
0.177499
8.2601
2.78049
0.907907
0.500292
0.315154
0.161993
4.1411
0.314906
1.91292
0.681532
1.64152
0.32206
7.6719
0.629266
0.135818
0.328414
0.106595
1.37437
0.102469
5.1575
3.48129
3.25691
9.03761
0.241055
0.165919
1.28077
0.992631
0.207689
0.415531
0.204874
0.157053
0.219248
1.26435
16.512
0.104694
0.18121
0.427387
0.326928
0.374921
0.224027
0.724166
2.28859
0.233341
2.55108
0.109018
1.21017
0.40642
1.18664
0.241781
0.49076
0.458035
0.157706
0.686988
0.627635
0.190443
1.69072
1.27202
0.495375
0.2434
3.17377
0.57578
0.488899
1.91393
0.189302
0.158124
0.22423
0.150096
0.607989
0.331888
0.169277
0.364939
0.789236
0.359582
0.236134
0.123315
0.104936
0.339607
0.152619
22.3317
0.225555
0.152495
11.924
0.102128
0.253101
0.642945
1.72415
0.221108
0.183784
2.60541
5.47754
0.178741
0.610451
0.436024
0.407237
0.222534
0.689168
0.326116
0.188501
0.529437
3.24285
0.197772
0.153977
5.22684
0.167453
0.274205
2.85568
0.357316
0.199378
12.4853
0.102216
1.0994
0.680046
1.00591
0.49045
0.31098
0.46224
1.98223
0.56542
1.65079
0.567034
0.133029
0.19952
0.549858
0.19497
0.336045
1.57267
0.37071
2.33717
1.9643
0.242418
0.188233
1.19846
0.321233
0.130157
0.515547
1.47765
0.555986
2.66804
2.39156
0.156177
0.465394
0.106322
0.475978
8.14857
0.515815
0.20249
0.295162
0.161999
0.297131
0.249771
0.904414
0.108241
2.14065
0.106965
0.195564
0.268332
0.589472
0.526116
0.233031
4.00991
0.135531
1.33849
0.622722
4.83786
0.832556
1.4149
0.128146
0.113503
0.769393
0.395505
1.78134
0.131904
0.187119
0.407508
0.278395
0.227074
0.294823
0.638706
4.82928
1.69083
0.430281
0.638325
0.23824
0.26035
1.04504
1.10306
0.224814
0.520055
2.41144
0.784701
0.707827
0.222906
1.00113
0.427703
0.217303
0.845262
0.113588
0.385757
0.94742
3.96985
0.208393
0.385642
0.516087
0.245907
0.169819
3.80834
1.79215
4.33461
1.31623
0.67584
4.38614
0.249108
0.445047
5.44378
0.114384
0.311727
2.50868
0.101418
2.37899
0.1255
0.313634
0.315151
2.68752
0.514054
0.894275
2.62824
0.23674
0.104846
0.331069
0.102305
0.545327
0.59323
0.382197
5.47418
0.667358
0.286715
0.232612
0.715998
0.122446
0.498984
0.168726
0.212842
0.109785
1.532
5.22176
0.992228
0.596192
2.53814
0.107773
0.110911
0.208266
6.68184
0.269543
0.236406
0.785715
3.30976
0.121706
0.217975
0.182337
2.23827
0.159997
0.620946
0.109396
0.163499
0.785766
0.365325
0.196554
0.223154
2.19042
0.231345
0.218301
0.110603
0.158358
4.14032
3.39746
1.39377
0.168767
0.292062
10.3847
0.15029
1.52688
1.36983
0.119711
0.3301
2.72221
0.213176
1.32624
1.79811
0.107884
20.0773
0.257531
0.736905
0.253336
0.489099
2.7591
1.56639
1.94275
0.425322
0.12639
0.130565
0.554801
1.35023
0.482772
0.133897
0.438546
0.459639
1.82183
1.56566
0.267148
0.307386
1.58008
0.121394
0.229333
0.730899
0.253806
9.29749
1.07314
2.3319
0.733792
0.548244
0.120472
0.390828
0.284089
0.545661
0.581848
0.188962
0.179548
0.422042
0.551607
0.118588
0.780897
4.69591
0.515204
0.415577
0.163364
1.04023
1.5019
2.58266
2.7007
0.100581
0.19486
0.786415
0.295282
3.1176
1.14556
0.15227
0.840384
0.129555
0.17687
0.129557
0.109401
0.241504
3.01167
0.962577
0.108253
0.200467
0.55901
0.466054
1.73767
0.495944
1.83739
5.10976
0.13872
0.771625
0.205856
0.292524
0.320503
4.18633
0.653904
0.322808
4.81648
1.83336
0.213405
0.122652
2.01827
1.51762
0.184357
2.81453
0.150548
13.7803
2.00807
5.24365
1.16764
0.46096
0.399322
0.284821
0.2486
0.105934
7.17805
0.707988
5.17175
0.266099
0.121631
3.67006
0.198044
0.178173
0.845254
0.201038
0.201126
1.30286
0.187704
0.453357
2.85027
1.05983
6.7835
1.21375
0.119273
0.221167
6.19346
4.42807
0.219352
2.06947
0.363846
0.186985
0.940274
1.39602
3.3408
0.281607
0.683909
0.763514
0.220259
0.324465
0.176884
2.73238
0.857426
0.102703
0.756218
0.472667
0.249604
0.278687
1.14378
13.0423
0.310236
0.307193
0.159739
0.206704
6.01569
0.642247
0.251174
2.63417
0.293458
0.18077
0.283631
1.91032
0.220128
0.324196
0.269268
3.14544
0.101568
1.31123
4.06994
0.783817
0.152637
0.188467
0.323115
0.170573
0.121246
0.105051
0.245407
0.656408
0.585949
0.155394
0.174642
0.137534
0.70758
0.142184
0.119253
0.217905
0.351186
14.08
0.313968
0.503472
0.137805
0.130375
0.212142
1.79063
0.497374
0.196378
1.17621
0.292252
0.223374
0.334868
0.135152
0.694336
0.297189
0.434639
0.102531
0.644021
4.37332
0.306361
0.413122
0.104898
0.276037
0.78
4.64412
0.916632
6.10816
1.88344
3.52686
0.432279
7.96092
1.09801
0.513839
0.7765
0.478273
0.158735
0.14225
0.498606
0.487617
0.465431
0.509732
1.66115
0.347594
0.112674
2.83532
0.209115
22.6722
0.12257
2.44321
0.860091
3.70552
0.381122
0.145446
0.495592
0.103676
3.42155
0.136665
0.202212
0.579269
2.22776
1.58191
0.833773
0.123891
0.715989
0.17267
0.476372
0.934168
0.10367
4.09283
0.113352
3.13974
0.380385
1.89076
0.108977
0.112557
0.171518
0.724113
0.471373
0.239361
0.73286
0.661269
11.0089
0.383952
0.185308
0.152556
0.158007
1.02801
0.111208
0.441722
1.17745
0.951235
0.15486
0.263627
0.359072
1.66163
0.144597
8.69734
2.4422
0.209173
0.110018
5.45955
0.146055
0.207826
0.202891
3.88812
1.00827
1.78392
3.53583
0.355769
1.26284
1.37833
4.03724
4.36663
0.243315
0.14528
1.27836
3.38225
0.586368
1.14711
0.76431
0.563744
15.3659
0.795252
1.28893
0.231513
0.101528
0.147512
0.366492
0.457823
0.161072
0.171592
0.314203
0.130697
0.173283
0.426805
2.6858
2.47024
2.20608
0.228541
1.77965
0.293438
0.293039
2.53619
0.107003
1.14363
0.790283
0.185439
13.2988
13.0375
0.389989
0.798646
0.227814
0.244743
0.537203
0.110243
1.33455
1.0404
0.292435
0.383254
0.792363
3.14011
1.48564
0.742423
0.202157
0.115618
1.3047
1.01296
2.79617
0.303554
3.47959
0.127642
8.82037
0.326725
2.11656
0.149917
1.84294
1.67305
0.439861
0.955853
0.433554
0.39008
0.218341
0.426468
1.72938
0.446426
2.9418
0.102763
0.183617
0.199605
1.3737
2.15014
0.686778
0.186014
0.448713
0.17024
0.113452
3.06475
0.753661
0.601958
1.41694
1.68666
0.526919
0.784086
0.26069
1.39868
0.108408
0.259525
2.64976
0.198636
0.124468
0.399859
0.390196
0.917026
0.417341
1.65088
5.04137
1.45222
0.468567
0.366495
0.455003
0.196542
0.817134
0.16049
0.789517
0.851343
0.338693
0.683055
0.208318
0.762367
2.63839
1.96529
0.12777
7.03121
11.9922
0.144636
7.94571
0.284376
0.27999
0.972348
2.15258
0.617802
0.165305
0.546097
0.135102
0.78488
0.474914
0.934069
0.169356
0.495448
0.56113
1.99535
0.279242
0.319064
0.31722
0.428402
0.199455
2.02422
0.206007
0.311557
0.263644
0.308862
2.04862
0.489541
1.09993
0.405755
0.378573
1.14259
0.293848
1.84366
0.252173
1.47207
0.367013
7.89821
0.165449
0.469285
0.589759
0.362929
2.02194
1.04242
0.399138
0.115226
0.446742
0.121918
0.123023
0.356654
2.49254
0.48855
0.178046
3.86344
1.07748
4.88812
0.378177
0.112887
0.772566
0.585202
0.441269
0.395756
0.145059
0.203956
0.254868
5.64932
0.29125
1.89279
0.203478
1.21318
0.856295
0.150374
1.29831
3.54802
0.180306
2.51527
5.97702
1.41707
0.797604
0.193468
1.49636
0.106115
2.45146
1.32543
1.25507
0.241778
3.1202
0.523932
5.00069
0.734704
0.528121
0.306759
1.36194
0.578932
6.18725
0.168052
8.8246
0.164749
3.77781
1.19711
0.146307
0.306534
0.606966
0.172406
0.254825
0.394648
0.180901
0.492813
0.416828
6.58784
0.119911
0.109217
8.10402
0.238751
0.435348
3.25459
2.54946
0.168561
0.178557
0.259729
0.227199
3.75577
0.475197
0.316156
0.97431
0.235323
0.293711
1.36047
0.25784
0.822558
0.426567
1.98856
0.137761
2.09866
0.640223
0.605478
0.175481
0.583833
23.3376
0.544965
8.6746
0.125447
0.267869
0.195244
0.479496
0.488865
0.232472
0.14527
1.80248
0.414879
0.877374
9.97895
0.288818
10.6791
5.94044
0.64911
0.937975
0.856756
1.1841
0.229583
0.39675
0.584273
0.403183
0.867053
0.12931
1.71693
0.710887
0.657566
0.179173
6.97151
0.303851
2.01189
15.7211
0.326592
0.153288
1.22214
1.83247
0.78699
0.766097
1.15837
0.906067
0.20666
0.326302
0.151529
0.59355
1.75887
2.2098
5.05778
1.75182
0.24298
0.118471
0.211101
0.112136
1.27548
0.122018
0.387438
1.5092
0.428998
0.156608
1.96589
18.3809
0.144533
0.725644
0.276973
1.25484
0.259762
21.6403
0.224969
0.485902
0.327174
0.148983
0.260724
4.48036
0.219512
0.23547
0.24269
0.436222
0.617499
0.543469
2.33867
0.154309
1.03524
0.418473
0.169138
8.87801
0.513139
0.180591
0.321908
0.130132
28.7637
0.20415
0.523989
4.19835
0.101686
0.927638
13.9164
0.880438
2.07544
0.511988
0.115927
0.128128
1.09841
0.199028
0.104261
0.461809
1.1797
0.447824
0.197393
0.163044
1.6184
0.12602
0.396109
0.112652
3.00176
0.411861
0.238319
0.303925
0.145007
0.465206
0.541871
0.188706
0.10325
0.138426
0.92928
0.307262
1.69401
1.51495
0.508087
2.30476
0.209149
0.13814
17.2584
0.216251
15.5885
0.416356
0.505155
7.33596
0.143615
0.188253
0.372079
0.249234
0.329848
1.31217
1.00792
0.27908
3.43977
14.0123
2.01831
0.190968
0.257487
0.158459
0.339293
2.04477
0.162774
1.26789
0.724088
1.8528
2.5609
0.842947
0.31039
0.288592
0.162703
0.190995
0.355165
1.81149
0.691325
0.145081
0.402945
0.316191
0.390691
0.607819
15.9042
0.177537
1.29484
1.11932
0.557211
0.855328
0.585492
0.159802
0.548949
1.03513
1.19552
0.185089
0.420549
0.253087
0.217106
0.151449
0.281533
0.325015
0.99851
0.116239
0.224096
0.130953
2.33979
0.237767
7.33832
0.11456
0.10186
0.456433
0.118818
0.16632
0.274494
2.03482
1.09074
0.167501
0.331579
2.15362
0.59317
1.08255
0.339012
0.109019
0.301177
1.09658
0.414734
0.334496
0.254751
2.09921
0.63113
1.73871
0.18253
0.477176
0.35933
0.54807
0.693499
3.34173
0.526503
0.246698
1.03984
8.9355
0.547215
2.02325
0.388428
0.269116
0.858994
7.24478
1.34379
0.27325
0.691752
0.352349
0.113769
0.22247
0.792217
0.132196
0.700952
2.18036
0.40456
0.458074
0.107167
0.171324
0.103915
1.12221
0.184082
2.44606
0.141231
0.221901
0.110899
0.41272
1.6506
0.131515
0.163838
0.406005
1.2257
0.281078
0.488042
1.36276
0.706886
2.6891
0.22042
0.41455
0.62636
0.968087
0.113082
2.57434
0.551519
4.4776
0.112385
2.18374
0.554855
0.146835
0.358509
1.68931
0.514605
0.444043
0.377732
0.657246
0.797328
1.14169
1.52151
0.16136
0.409206
0.120115
0.222888
0.404115
5.57858
0.298505
0.919834
1.75421
0.363729
0.692921
1.36396
1.11659
0.204116
0.497272
0.886584
4.61948
0.195547
1.06649
1.41636
0.256457
0.59151
0.840709
11.7341
0.864498
0.354713
0.167846
0.879047
0.630003
0.2686
0.129615
0.190751
0.496084
0.560331
3.90394
0.941828
1.83693
0.156099
2.61818
0.206416
0.116177
1.13178
1.72158
0.414966
0.213637
0.150686
0.89503
0.241873
0.412286
0.577669
0.838389
1.5226
0.245026
0.409023
0.507528
0.142568
1.00832
0.197694
0.10966
0.123449
0.808914
9.18133
0.37097
0.144222
0.248345
18.0354
0.42177
0.261405
0.463509
0.568971
1.1283
0.388928
0.131022
0.105928
0.558198
1.42242
0.283335
0.239378
1.09404
2.38565
4.72348
3.38948
0.407968
0.705624
0.14897
0.453017
0.372538
0.371418
1.76083
0.130313
0.208398
0.117572
4.96473
0.147559
1.08193
1.41203
1.46962
3.57031
0.104115
0.750765
8.06176
0.928312
0.128277
0.11822
4.7634
2.23249
2.54169
0.139745
1.12215
1.24002
0.124116
0.124505
0.232009
2.90159
0.111344
2.36704
2.45305
0.145987
9.5092
0.33387
0.184561
2.20674
0.536014
0.414254
0.465063
0.247646
0.249453
2.1014
0.124685
1.80699
0.893994
1.32903
0.674335
0.295776
0.114453
2.24384
0.971427
0.859665
0.455426
1.36528
0.155029
0.128769
0.322125
0.260632
1.38425
8.59432
0.891691
0.365714
2.59763
0.189565
0.291062
2.35544
0.563392
6.27831
0.436275
0.188752
2.86194
1.30748
0.613176
0.1002
0.216917
1.47884
0.170769
2.63953
2.11107
0.119059
1.15201
0.16739
0.121202
1.67971
2.29058
0.398732
0.198744
0.197987
1.06455
1.4738
8.67245
0.133655
0.807668
0.196702
0.149898
0.103482
2.73831
0.74723
0.450942
0.118315
0.17169
0.125284
5.46284
0.240169
0.450145
1.35534
1.28114
5.72402
0.119618
0.180719
0.301591
0.626742
0.545853
0.225363
0.153229
0.108489
2.68056
1.29749
0.527923
0.378974
0.432005
0.587631
0.191199
0.164936
0.106578
0.564205
0.444074
0.495328
0.124861
1.71038
0.83289
5.87188
0.151746
0.142165
0.173392
0.446811
0.177106
0.133446
0.616357
3.33267
0.472135
0.40259
1.56007
0.997628
6.17525
2.5739
0.122702
0.226155
0.200472
0.596711
0.1082
0.109389
0.914419
0.795326
18.0466
1.35064
0.473845
0.389863
0.394922
0.215414
0.358453
0.212894
1.6439
0.416764
0.471536
1.39709
1.39818
2.11865
0.417093
0.134251
6.46103
0.583802
1.72965
3.1273
4.79191
0.880754
0.334069
1.31037
0.713723
1.12335
0.502567
0.113777
0.581925
5.996
0.136731
14.4651
0.112751
1.20113
0.156837
0.47956
0.576108
12.5613
0.515431
0.409106
0.898436
0.350501
2.40707
0.286661
9.43725
0.168201
0.346707
0.175542
0.301014
0.966074
1.46018
0.650972
0.704679
1.34516
0.18107
0.19215
0.106732
0.219807
1.88407
1.12294
0.381255
0.807665
0.144887
0.123822
0.107476
2.54227
1.438
1.08925
0.427536
25.434
0.189432
0.278159
0.507662
0.126725
0.214517
0.10616
0.32284
0.515375
3.54327
2.94911
3.95602
1.93872
0.421116
0.122946
0.280068
0.453914
1.17404
1.07723
0.15819
0.759473
0.243291
0.67477
5.17092
0.126173
0.635753
1.87467
1.48771
3.81981
5.59525
0.149747
7.68013
0.105864
0.925899
0.166123
0.106815
1.24414
0.19966
9.15464
3.98213
2.73071
0.131176
2.13273
0.176305
0.352822
1.01202
0.187215
0.252061
0.137612
0.102311
0.101106
0.481324
0.147913
0.265534
0.489053
0.487704
0.173819
0.239623
3.80973
0.43475
6.56973
0.260315
5.1884
0.293235
0.28759
3.15598
0.122868
1.95212
5.72169
0.45075
0.164202
1.09614
0.791681
0.261111
0.349078
0.266204
0.107085
5.40073
5.43377
0.317502
0.159705
0.141937
1.46501
0.101678
3.00277
1.97362
0.153301
0.251159
0.145612
0.115554
2.63207
0.278551
1.12515
0.362751
0.410104
8.95688
1.31509
0.21797
0.68257
0.457345
0.490859
0.813121
0.839367
7.68007
0.281477
0.234185
0.134106
0.266991
4.33392
0.22147
0.278323
0.105975
0.88747
1.23885
0.129834
0.548612
0.838016
18.6248
0.156344
0.105449
3.09601
0.141434
0.646225
0.139323
6.72052
0.88026
1.28882
1.6449
0.365668
0.242042
0.391968
0.389206
2.13686
0.841379
1.43677
0.170667
0.108784
1.09033
0.297622
0.445852
0.542522
0.134155
0.143744
1.53988
3.0807
0.656277
0.788726
4.2632
10.9324
0.419716
0.114774
1.51433
0.212816
0.283122
12.3146
4.20571
2.23743
2.18866
0.262286
0.448153
0.345467
0.259388
13.6251
0.172297
1.10875
0.169674
0.494851
0.838607
0.112244
1.23682
0.152555
0.186635
0.35188
15.6187
2.73606
0.10556
1.26533
1.19337
0.175246
0.114871
0.342478
2.55043
3.21123
4.21519
0.155992
0.414602
0.210115
0.711311
0.150247
0.196431
0.109117
1.17112
0.102083
0.126187
0.10836
0.115887
2.06993
6.01119
0.125633
5.86519
3.4249
0.102625
0.182618
0.138394
0.325733
11.4692
1.181
0.158043
0.259338
8.31852
0.152225
3.8409
0.113282
0.560635
0.241582
2.5463
0.16148
2.0219
0.233104
0.15001
0.110356
0.372538
1.07616
0.24482
1.32262
0.938881
0.524035
0.282252
