-0.96787
-0.758945
-0.965267
-0.929733
-0.952631
-0.991486
-0.987505
-0.952727
0.995401
-0.985404
-0.938628
-0.98751
-0.70287
-0.970787
-0.892418
-0.980683
-0.97194
-0.971603
-0.952409
-0.729024
-0.991679
-0.907443
-0.966733
-0.990364
-0.97818
-0.950472
-0.888395
-0.893693
-0.990152
-0.982164
-0.993093
-0.848695
-0.946951
-0.105019
-0.874506
-0.913976
-0.995896
-0.966504
-0.987851
-0.994483
-0.438128
-0.97629
-0.988179
-0.481165
-0.98457
-0.986967
-0.918326
-0.912612
-0.905123
-0.976593
-0.993876
-0.93579
-0.979721
-0.941755
-0.938661
-0.989441
-0.842883
-0.990302
-0.964133
-0.948066
-0.920083
-0.943846
-0.252636
-0.557047
-0.970913
-0.390364
-0.994967
-0.914877
-0.930586
-0.98095
-0.9989
-0.96395
-0.141801
-0.580301
-0.953311
-0.971144
-0.936211
-0.989594
-0.730997
-0.965409
0.0929682
-0.974664
-0.977426
-0.838981
-0.987713
-0.847614
-0.991255
-0.994691
-0.849844
-0.986887
-0.981992
-0.926956
-0.978136
-0.91997
-0.969691
-0.993306
-0.927829
-0.933198
-0.961035
-0.9996
-0.946793
0.584426
-0.931024
-0.976737
-0.844227
-0.994575
-0.96655
-0.544278
-0.78325
-0.938766
-0.953571
-0.989621
-0.993023
-0.918694
-0.959077
0.182226
-0.0116008
-0.496515
-0.95359
-0.955986
-0.703459
-0.582925
-0.658751
-0.953584
-0.962365
-0.92159
-0.962006
-0.97506
-0.955791
-0.884343
-0.986886
-0.983715
-0.997534
-0.970926
-0.694704
-0.907957
-0.467624
-0.930451
-0.921306
-0.689493
-0.499305
-0.861233
-0.970069
-0.996316
-0.94806
-0.996679
-0.987965
-0.986533
-0.986287
-0.998944
-0.997626
-0.670499
-0.991085
-0.992525
-0.940832
-0.506188
-0.977351
-0.949232
-0.994277
-0.893441
-0.844514
-0.999716
-0.804944
-0.916481
-0.903857
-0.995541
-0.996771
-0.8924
-0.921475
-0.86037
-0.971784
-0.975421
-0.888569
-0.689383
-0.953525
-0.889647
-0.568227
-0.979762
-0.984996
-0.965323
-0.33801
-0.998225
-0.985302
-0.998192
-0.975844
-0.438392
-0.988901
-0.987418
-0.990524
-0.973847
-0.988938
-0.990468
-0.939244
-0.959731
-0.600787
-0.952245
-0.900372
-0.795463
-0.953701
-0.989327
-0.992095
-0.983106
-0.991167
-0.906837
-0.961181
-0.859043
-0.543444
-0.912581
-0.946996
-0.821442
-0.957157
-0.993038
-0.775443
-0.905609
-0.863536
-0.978588
-0.95711
-0.984368
-0.987387
-0.871225
-0.996784
-0.996602
-0.768815
-0.975516
-0.978646
-0.995067
-0.631596
-0.911982
-0.954458
-0.943776
-0.976693
-0.708851
-0.993952
-0.991118
-0.939684
-0.969179
-0.982275
-0.834167
0.4166
-0.937335
-0.978827
-0.88326
-0.95595
-0.998434
-0.986056
-0.971509
-0.983292
-0.156245
0.0462133
-0.981216
-0.889879
-0.969172
-0.724809
-0.956226
-0.622428
-0.993283
-0.949801
-0.946149
-0.954705
-0.187715
-0.880155
-0.103679
-0.982933
-0.992216
-0.986255
-0.97942
-0.958755
-0.586332
-0.766212
-0.639942
-0.998202
-0.983824
-0.986929
-0.725247
-0.908277
-0.988292
-0.59718
-0.958794
-0.788245
-0.992272
-0.980833
-0.947769
-0.964542
-0.873304
-0.843069
-0.945303
-0.983245
-0.924253
-0.976985
-0.980447
-0.987722
-0.926841
-0.937078
-0.97923
-0.990964
-0.457507
-0.987613
-0.926722
-0.301557
-0.932201
-0.366701
-0.837449
-0.986565
-0.932122
-0.363342
-0.929616
-0.976615
-0.861618
-0.907095
-0.918007
-0.61184
-0.87256
-0.985583
-0.995306
-0.98614
-0.994873
-0.940325
-0.943432
-0.913384
-0.86084
-0.999701
-0.985007
-0.99999
-0.973086
-0.822119
-0.995981
-0.987659
-0.896825
-0.982525
-0.918622
-0.904561
-0.919753
-0.966437
-0.926005
-0.980368
-0.978663
-0.961721
-0.0744108
-0.798684
-0.986485
-0.988011
-0.973755
-0.987372
-0.990553
-0.994076
-0.998841
-0.711316
-0.994101
-0.964434
-0.947702
-0.868709
-0.741025
-0.99939
-0.951454
-0.947695
-0.977176
-0.971314
-0.927722
-0.987929
-0.765194
-0.773247
-0.76393
-0.995505
-0.928809
-0.959656
-0.988749
-0.979984
-0.850054
0.191222
-0.995351
-0.998383
-0.987632
-0.96085
-0.780147
-0.953304
-0.999388
0.019574
-0.786411
-0.957005
-0.823833
-0.970697
-0.980843
-0.983883
-0.9175
-0.888928
-0.854628
-0.998689
-0.976193
-0.879545
-0.35641
-0.729079
-0.566173
-0.99801
-0.997852
-0.973955
-0.965251
-0.976772
-0.975748
-0.999114
-0.987356
-0.105562
-0.885962
-0.993926
-0.989942
-0.978496
-0.605702
-0.854538
-0.997319
-0.997428
-0.991265
-0.96973
-0.927935
-0.939184
-0.702923
-0.994298
-0.969548
-0.98594
-0.980473
-0.998994
-0.974342
-0.817752
-0.964156
-0.997374
-0.987976
-0.999371
-0.988699
-0.993435
-0.993442
-0.952721
-0.983849
-0.997312
-0.974883
-0.979658
-0.813715
-0.580052
-0.995561
-0.993001
-0.999292
-0.932381
-0.96887
-0.9796
-0.930747
-0.96133
-0.953504
-0.920588
-0.914184
-0.99848
-0.989525
-0.998326
-0.973683
-0.871255
-0.993193
-0.656674
-0.978371
-0.858581
-0.996907
-0.999843
-0.930704
-0.976573
-0.999243
-0.993223
-0.997631
-0.987033
-0.985381
-0.973804
-0.995845
-0.302621
-0.863512
-0.986994
-0.703081
-0.956197
-0.932086
-0.993311
-0.939661
-0.695616
-0.78829
-0.951937
-0.943409
-0.864281
-0.944906
-0.95787
-0.969626
-0.997447
-0.959801
-0.980513
-0.99623
-0.944331
-0.860744
-0.95929
-0.985207
-0.900474
-0.969919
-0.997427
-0.998526
-0.94601
-0.23797
-0.981571
-0.973148
-0.973687
-0.749965
-0.906398
-0.950883
-0.885459
-0.976808
-0.177842
-0.924773
-0.91192
-0.979216
-0.957783
-0.878034
-0.978325
-0.972423
-0.982561
-0.972034
-0.839745
-0.925713
-0.97379
-0.998432
-0.995312
-0.950865
-0.977186
0.562193
-0.547818
-0.954235
-0.985917
-0.962808
-0.916316
-0.994235
-0.92875
-0.780227
-0.88933
-0.988027
-0.945805
-0.910493
-0.914826
-0.967804
-0.797356
-0.973014
-0.993317
-0.236879
-0.923747
-0.85804
-0.890903
-0.948844
-0.98759
-0.990031
-0.991444
-0.986494
-0.961993
-0.949947
-0.854662
-0.905911
-0.98476
-0.975056
-0.99084
-0.981913
-0.913905
-0.97304
-0.399673
-0.991017
-0.912161
-0.990273
-0.999146
-0.968065
-0.848282
0.0421199
-0.881814
-0.982074
-0.895256
-0.907818
-0.688022
-0.971866
-0.649699
-0.934577
-0.62968
0.285968
-0.979433
-0.966561
-0.963343
-0.965033
-0.964006
-0.959085
-0.918406
-0.898143
-0.94196
-0.959145
-0.909323
-0.995135
-0.99631
-0.994449
-0.931146
-0.98806
-0.913242
-0.814214
-0.534256
-0.99427
-0.883629
-0.981072
-0.996768
-0.998173
-0.954748
-0.922441
-0.998413
-0.992405
-0.999114
-0.963735
-0.840329
-0.862016
-0.904313
-0.873149
-0.98612
-0.970823
-0.944942
-0.93971
-0.942229
-0.32683
-0.996161
-0.993947
-0.998451
-0.934829
-0.994441
-0.990368
-0.939132
-0.987421
-0.966869
-0.984664
-0.999329
-0.999277
-0.964066
-0.958001
-0.99029
-0.980133
-0.992332
-0.988339
-0.991125
-0.967899
-0.991374
-0.112743
-0.845429
-0.720318
-0.963317
-0.903624
-0.99009
-0.817523
-0.66606
-0.981909
-0.98375
-0.930343
-0.862228
-0.833895
-0.909864
-0.964334
-0.922618
-0.970482
-0.533069
-0.929571
-0.527637
-0.623838
-0.979939
-0.932991
-0.951586
-0.99429
-0.99639
-0.973238
-0.965248
-0.989459
-0.7919
-0.939434
-0.700597
-0.709842
-0.908806
-0.90417
-0.875236
-0.102974
-0.8786
-0.974338
-0.988953
-0.991991
-0.953726
-0.616312
-0.998369
-0.96905
-0.986614
-0.893735
-0.997152
-0.976326
0.855138
-0.998886
-0.924169
-0.998137
-0.991523
-0.999147
-0.976032
-0.9773
-0.980343
-0.831915
-0.928542
-0.754803
-0.770074
-0.987478
-0.973865
-0.99486
-0.95752
-0.911659
-0.981817
-0.908726
-0.936645
-0.910512
-0.907613
-0.930721
0.665636
-0.851287
-0.779966
-0.969034
-0.958795
-0.829154
-0.988319
-0.81635
-0.886367
-0.651212
-0.963304
-0.94086
-0.988856
-0.957647
-0.834309
-0.996278
-0.943742
-0.964136
-0.982064
-0.997908
-0.958416
-0.63242
-0.940884
-0.998116
-0.953655
-0.984811
-0.987644
-0.994315
-0.938869
-0.942632
-0.951744
-0.280479
-0.96052
-0.973814
-0.992882
-0.979872
-0.867153
-0.984854
-0.763566
-0.998153
-0.825019
-0.972881
-0.980893
-0.915361
-0.967876
-0.920637
-0.990245
-0.990797
-0.958981
-0.955896
-0.98571
-0.994511
-0.563673
-0.931408
-0.964351
-0.969155
-0.863062
-0.907914
-0.976107
-0.579886
-0.67577
-0.76204
-0.859184
-0.960887
0.336421
-0.966138
-0.975364
-0.865776
-0.787991
-0.835366
-0.943486
-0.940801
-0.921142
-0.985179
-0.992928
-0.576584
-0.902919
-0.938437
-0.87973
-0.984102
-0.992341
-0.982867
-0.998649
-0.71677
-0.965502
-0.996577
-0.914642
-0.688319
-0.957902
-0.0674607
-0.979728
-0.99256
-0.929431
-0.979471
-0.995136
-0.999807
-0.984442
-0.893215
-0.937973
-0.892028
-0.947942
-0.953093
-0.844831
-0.99336
-0.970487
-0.923524
-0.992145
-0.997991
-0.991568
-0.935975
-0.893491
-0.856584
-0.945101
-0.969413
-0.945159
-0.98844
-0.951932
-0.995297
-0.996218
-0.987064
-0.97469
-0.984526
-0.975047
-0.978913
-0.996439
-0.987137
-0.978943
-0.998792
-0.999863
-0.981407
-0.999275
-0.879481
-0.948064
-0.943292
-0.994129
-0.977472
-0.992104
-0.990702
-0.849082
-0.943531
-0.509891
-0.975907
-0.998577
-0.937739
-0.986991
-0.982273
-0.984345
-0.98191
-0.945882
-0.999031
-0.918426
-0.951189
-0.952801
-0.994119
-0.987247
-0.981764
-0.937077
-0.545379
-0.937871
-0.970404
-0.973507
-0.941893
-0.944015
-0.972256
-0.997009
-0.966681
-0.845557
-0.986323
-0.964196
-0.96441
-0.997967
-0.98779
-0.78764
-0.791863
-0.718643
-0.914999
-0.976341
-0.968445
-0.902021
-0.864719
-0.990107
-0.993707
-0.982963
-0.67305
-0.935288
-0.970461
-0.982499
-0.880055
-0.973
-0.988653
-0.994159
-0.978782
-0.900712
-0.904952
-0.991024
-0.98876
-0.988348
-0.848818
-0.91886
-0.987931
-0.911312
-0.930602
-0.752772
-0.962697
-0.932844
-0.98062
-0.984524
-0.951931
-0.965992
-0.977851
-0.968238
-0.94935
-0.979459
-0.931348
-0.963074
-0.778314
-0.964663
-0.981117
-0.923948
-0.969898
-0.510212
-0.954916
0.157969
-0.99391
-0.969946
-0.983952
-0.964999
-0.972392
-0.707167
-0.93323
-0.98201
-0.458271
-0.929382
-0.60563
-0.95366
-0.991623
-0.951606
-0.99128
-0.869634
-0.00695204
0.503747
-0.627313
-0.995644
-0.918294
-0.923521
-0.999527
-0.9952
-0.971772
-0.939185
-0.790424
-0.962907
-0.973171
-0.971108
-0.997199
-0.998314
-0.883696
-0.966455
-0.995806
-0.931365
-0.931512
-0.855426
-0.833389
-0.9341
-0.870088
-0.987701
0.285056
-0.87964
-0.974362
-0.9869
-0.999543
-0.966299
-0.95713
0.903178
-0.794324
-0.949547
-0.379504
-0.986425
-0.975936
-0.844023
-0.855962
-0.888713
-0.988661
-0.980003
-0.881835
-0.906496
-0.999155
-0.98129
-0.973928
-0.911433
-0.971212
-0.951969
-0.974702
-0.899205
-0.909895
-0.881441
-0.993056
-0.98651
-0.997632
-0.970256
-0.965143
-0.956013
-0.941268
-0.933987
-0.929167
-0.984471
-0.881607
-0.989351
-0.946888
-0.93655
-0.974246
-0.985666
-0.991781
-0.356935
-0.987452
-0.974488
-0.741214
-0.989885
-0.963047
-0.881286
-0.98536
-0.843328
-0.978936
-0.91481
-0.998098
-0.8578
-0.913049
-0.973649
-0.992897
-0.982769
-0.724441
-0.862744
-0.915602
-0.972888
-0.967482
-0.972265
-0.953179
-0.937748
-0.997284
-0.985621
-0.962455
-0.739676
0.0365637
-0.976991
-0.925427
-0.962466
-0.943262
-0.983315
-0.93847
-0.968861
-0.960088
-0.991756
-0.937781
-0.958038
-0.975745
-0.949388
-0.93609
-0.872119
-0.919569
0.955563
0.457722
-0.99021
-0.878365
-0.945943
-0.95877
-0.779792
-0.973614
-0.121004
-0.928482
-0.78182
-0.765128
-0.990945
-0.918417
-0.994659
-0.999145
-0.992671
-0.213398
-0.934567
-0.977958
-0.966652
-0.938626
-0.981915
-0.86701
-0.990864
-0.965303
-0.853993
-0.986329
-0.994404
-0.998397
-0.924843
-0.98844
-0.99338
-0.947743
-0.987088
-0.972847
-0.726244
-0.996745
-0.822036
-0.961991
-0.865769
-0.250524
-0.995593
-0.98706
-0.976666
-0.981995
-0.920375
-0.999032
-0.662025
-0.860333
-0.991872
-0.967937
-0.779128
-0.990771
-0.988833
-0.971285
-0.896152
-0.810831
-0.957276
-0.982977
-0.968775
-0.913428
-0.982348
-0.990131
-0.942441
-0.809529
-0.273773
-0.846779
-0.996675
-0.98857
-0.999471
-0.919061
-0.944523
-0.973871
-0.978867
-0.920264
-0.992247
-0.97679
-0.95776
-0.939647
-0.909489
-0.966355
-0.89751
-0.970526
-0.766929
-0.890603
-0.95911
-0.97417
-0.936891
0.134076
-0.878835
-0.968275
-0.531444
-0.918998
-0.0438014
-0.891714
-0.0510364
-0.890132
-0.98264
-0.971947
-0.986786
-0.792101
-0.904205
-0.95145
-0.995695
-0.811277
-0.978947
-0.957453
0.980731
-0.88124
-0.952931
-0.997138
-0.97246
-0.931765
-0.920108
-0.938151
-0.9763
-0.997856
-0.716869
-0.976235
-0.10027
-0.96077
-0.97268
-0.987881
-0.980286
-0.905297
-0.993875
-0.994706
-0.881794
-0.990809
-0.939193
-0.990712
-0.660249
-0.417878
-0.679663
-0.646782
-0.869872
-0.886045
-0.993892
-0.997444
-0.999887
-0.838749
-0.993185
-0.359556
-0.675473
-0.959039
-0.989005
-0.985991
-0.954339
-0.993721
-0.95743
-0.973723
-0.684356
-0.997035
-0.998631
-0.999944
-0.29937
-0.993128
-0.98618
-0.94579
-0.999032
-0.937175
-0.913652
-0.961875
-0.983462
-0.982675
-0.935555
-0.878104
-0.975234
-0.955668
-0.966165
-0.595691
-0.974793
-0.932111
-0.968456
-0.847033
-0.972989
-0.880354
-0.878629
-0.974249
-0.868888
-0.753169
-0.974411
-0.995743
-0.426738
-0.993767
-0.953297
-0.563609
-0.969179
-0.892887
-0.965883
-0.761853
-0.971996
-0.952437
-0.995772
-0.953008
-0.596448
-0.862049
-0.995748
-0.993329
-0.949898
-0.857183
-0.882547
-0.965122
-0.266479
-0.984343
-0.97235
-0.979703
-0.97858
-0.857282
-0.644404
-0.775374
-0.579193
-0.751933
-0.784487
-0.805998
-0.865348
-0.73188
-0.870719
-0.917932
-0.872363
-0.955508
-0.95751
-0.820554
-0.728084
-0.936036
-0.936006
-0.948852
-0.712894
-0.973898
-0.982747
-0.88753
-0.988178
-0.95517
-0.927835
-0.999224
-0.938391
-0.98721
-0.988543
-0.996868
-0.983315
-0.971919
-0.944338
-0.757862
-0.893206
-0.990491
-0.917898
-0.996372
-0.966172
-0.70958
-0.556428
-0.857179
-0.982061
-0.482347
-0.951446
-0.937063
-0.623392
-0.833071
-0.993366
-0.898161
-0.916336
-0.96852
-0.990865
-0.915523
-0.978386
-0.994526
-0.906699
-0.965359
-0.971657
-0.964149
-0.962399
-0.889569
-0.96108
-0.983665
-0.525477
-0.688432
-0.956632
-0.988243
-0.900292
-0.991575
-0.934052
-0.988633
-0.918205
-0.962278
-0.965095
-0.994457
-0.980935
-0.999679
-0.941248
-0.998126
-0.98447
-0.993669
-0.989236
-0.982602
-0.971175
-0.896637
-0.909159
-0.97359
-0.996832
-0.987299
-0.994071
-0.892419
-0.987621
-0.378085
-0.990093
-0.923194
-0.849281
-0.922191
-0.993511
-0.979631
-0.991236
-0.975561
-0.986118
-0.674291
-0.99575
-0.988089
-0.97965
-0.995197
-0.958087
-0.996701
-0.905407
-0.947712
-0.958722
-0.844671
-0.98989
-0.854956
-0.948304
-0.956291
-0.902125
-0.998603
-0.905403
-0.549513
-0.989446
-0.988622
-0.994472
-0.931161
-0.926399
-0.999132
-0.974079
-0.981526
-0.868655
-0.940426
-0.929518
-0.964165
-0.959588
-0.965252
-0.963351
-0.951649
-0.862972
-0.981801
-0.979337
-0.905432
-0.457852
-0.95574
-0.98138
-0.914029
-0.936886
-0.916924
-0.997083
-0.989861
-0.993945
-0.98314
-0.975356
-0.813611
-0.970243
-0.843436
-0.91543
-0.86786
-0.539153
-0.972252
-0.974245
-0.94432
-0.560898
-0.602329
-0.939558
-0.8519
-0.930412
-0.984866
-0.975723
-0.958569
-0.93147
-0.987969
-0.982012
-0.974054
-0.954352
-0.967009
-0.939767
-0.951693
-0.99967
-0.983478
-0.981557
-0.928302
-0.963871
-0.111386
-0.814646
-0.957736
-0.870682
-0.927996
-0.612319
-0.999495
-0.998498
-0.871931
-0.906074
-0.991826
-0.908693
-0.64435
-0.979933
-0.995647
-0.715695
-0.94759
-0.999808
-0.956908
-0.712065
-0.913551
-0.981921
-0.989771
-0.983394
-0.882344
-0.995619
-0.953556
-0.91036
-0.944033
-0.99702
-0.726044
-0.976038
-0.810629
-0.636573
-0.759579
-0.990941
-0.968605
-0.99045
-0.992379
-0.987564
-0.242392
0.228317
-0.981072
-0.72691
-0.973953
-0.99118
-0.992504
-0.988504
-0.989339
-0.428365
-0.999647
-0.998938
-0.95814
-0.924698
-0.910894
-0.620967
-0.932242
-0.890962
-0.938148
-0.857225
-0.930035
-0.957001
-0.963597
-0.546297
-0.998847
-0.861899
-0.966305
-0.993762
-0.965202
-0.955539
-0.981272
-0.993396
-0.472636
-0.960631
-0.999116
-0.992334
-0.928477
-0.941262
-0.971758
-0.980962
-0.98954
-0.995223
-0.960741
-0.949757
-0.544391
-0.999166
-0.818628
-0.912398
0.175099
-0.691224
-0.986499
-0.979161
-0.81855
-0.982227
-0.976632
-0.983262
-0.984516
-0.995591
-0.99269
-0.947799
-0.990289
-0.994082
-0.992849
-0.992399
-0.962234
-0.985862
-0.987151
-0.991968
-0.965457
-0.992057
-0.601972
-0.972213
-0.949234
-0.764615
-0.982463
-0.969161
-0.999819
-0.944037
-0.978967
-0.334948
-0.980407
-0.977337
-0.366289
-0.995111
-0.96818
-0.991303
-0.957093
-0.996393
-0.459576
-0.974407
-0.948517
-0.994965
-0.954661
-0.985516
-0.970453
-0.945762
-0.967879
-0.809405
-0.99139
-0.957836
-0.972406
-0.968556
-0.981428
-0.893423
-0.841986
-0.999504
-0.986408
-0.997573
-0.990372
-0.883942
-0.957783
-0.90024
-0.998604
-0.998434
-0.998318
-0.791748
-0.934175
-0.994827
-0.0908851
-0.994829
-0.784806
-0.935708
-0.963238
-0.982202
-0.95278
-0.833902
-0.967783
-0.969407
-0.855124
-0.96668
-0.989944
-0.972771
-0.947911
-0.465799
-0.989706
-0.986987
-0.988465
-0.989874
-0.964556
-0.997708
-0.995295
-0.310886
-0.850457
-0.896424
-0.175453
-0.981464
-0.953043
-0.866128
-0.952654
-0.942762
-0.972336
-0.986269
-0.649288
-0.972281
-0.976674
-0.858922
-0.95568
-0.752861
-0.489174
-0.995698
-0.986107
-0.952948
-0.994865
-0.859284
-0.927952
-0.725176
-0.992577
-0.998287
-0.954743
-0.946263
-0.979057
-0.973618
-0.984626
-0.753467
-0.981015
-0.800571
-0.986507
-0.987823
-0.957392
-0.993077
-0.436086
-0.842186
-0.318045
-0.983936
-0.963244
-0.768155
-0.993929
-0.658325
-0.979594
-0.993082
-0.967338
-0.963077
-0.952347
-0.891209
-0.986521
-0.972791
-0.847393
-0.995846
-0.930249
-0.357895
-0.664081
-0.992589
-0.798403
-0.981225
-0.871312
-0.971113
-0.94862
-0.842162
-0.875661
-0.982019
-0.980514
-0.985912
-0.993894
-0.996316
-0.982806
-0.195443
-0.883146
-0.933971
-0.54492
-0.997694
-0.959947
-0.900879
-0.969676
-0.792976
-0.921233
-0.88576
-0.934468
-0.964731
-0.996725
-0.987149
-0.975572
-0.60201
-0.866934
-0.958397
-0.963023
-0.896454
-0.929138
-0.974965
-0.775042
-0.983191
-0.988299
-0.995687
-0.911125
-0.977453
-0.957635
-0.987732
0.0100969
-0.989312
-0.930757
-0.997134
-0.888263
-0.989757
-0.881775
-0.983968
-0.955339
-0.603795
-0.929691
-0.992816
-0.91312
-0.96221
-0.836468
-0.89704
-0.989501
-0.919076
-0.989369
-0.953015
-0.923268
-0.969354
-0.988787
-0.426346
-0.97437
-0.924089
-0.967564
-0.970324
-0.678407
-0.979224
-0.972355
-0.970725
-0.953453
-0.984341
-0.993868
-0.908958
-0.990395
-0.97783
-0.976814
-0.719579
-0.934658
-0.879783
-0.964785
-0.853278
-0.975845
-0.785848
-0.942445
-0.651387
-0.983927
-0.716495
-0.941031
-0.570724
-0.895855
-0.750512
-0.943722
-0.503525
-0.897105
-0.928087
-0.959311
-0.99123
-0.97027
-0.450037
-0.831808
-0.980202
-0.799618
-0.842088
-0.996673
-0.947775
-0.976346
-0.541632
-0.947982
-0.959214
-0.924836
-0.915674
-0.962583
-0.978367
-0.947303
-0.957905
-0.990514
-0.995873
-0.999399
-0.981122
-0.985418
-0.980238
-0.449897
-0.795173
-0.990434
-0.949339
-0.881156
-0.984976
-0.904758
-0.79375
-0.981064
-0.817915
-0.877855
-0.87766
-0.998457
-0.949537
-0.978945
-0.937816
-0.995418
-0.995527
-0.971511
-0.978894
-0.862904
-0.989855
-0.996587
-0.984884
-0.921227
-0.980465
-0.922164
-0.941746
-0.977385
-0.950527
-0.996922
-0.426941
-0.999061
-0.939362
-0.840675
-0.926229
-0.994491
-0.983887
-0.972645
-0.805031
-0.878934
-0.987775
-0.982247
-0.858214
-0.990706
-0.665592
-0.960208
-0.981369
-0.956748
-0.990682
-0.899407
-0.961425
-0.887261
-0.988272
-0.917668
-0.93513
-0.996428
-0.996879
-0.905086
-0.0285463
-0.960217
-0.62912
-0.990232
-0.801075
-0.975216
0.172073
-0.957756
-0.791653
-0.961454
-0.953989
-0.974519
-0.409686
-0.867155
-0.954145
-0.984794
-0.882475
-0.765172
-0.990193
-0.996813
-0.995867
-0.9639
-0.972443
-0.972028
-0.971708
-0.935082
-0.982162
-0.86779
-0.975362
-0.979359
-0.936442
-0.987367
-0.457419
-0.956358
-0.926309
-0.984598
-0.993595
-0.825282
-0.93812
-0.86742
-0.993546
-0.990753
-0.749643
-0.507441
-0.985206
-0.96713
-0.631068
-0.978478
-0.399879
-0.784497
-0.886287
-0.884981
-0.698137
-0.767656
-0.97
-0.999376
-0.856656
-0.998873
-0.97822
-0.969413
-0.994847
-0.908085
-0.949636
-0.944463
-0.998737
-0.875732
-0.928629
-0.991418
-0.858316
-0.478561
0.874962
-0.966084
-0.876367
-0.95912
-0.995383
-0.997851
-0.801144
-0.990601
-0.975415
-0.843672
0.554247
-0.872104
-0.00332662
-0.516707
-0.959559
-0.842616
-0.693421
-0.911178
-0.985161
-0.990345
-0.87692
-0.963512
-0.972504
-0.999896
-0.993715
-0.979571
-0.986107
-0.979787
-0.966878
-0.850301
-0.997731
-0.97539
-0.98996
-0.993227
-0.978442
-0.890776
-0.953088
-0.621175
-0.835423
-0.979106
-0.978705
-0.99064
-0.895268
-0.96381
-0.993499
-0.948989
-0.667348
-0.985723
-0.96115
-0.897403
-0.979848
-0.988423
-0.8118
-0.900106
-0.996042
-0.979006
-0.981143
0.130663
-0.985836
-0.963905
-0.995988
-0.974182
-0.986958
-0.998877
-0.968157
-0.953751
-0.998598
-0.999491
-0.987566
-0.971494
-0.929147
-0.976009
-0.982192
-0.876658
-0.997074
-0.988109
-0.979503
-0.999674
-0.998775
-0.972547
-0.995519
-0.976319
-0.991581
-0.993299
-0.961485
-0.981207
-0.992227
-0.986591
-0.939363
-0.964763
-0.965132
-0.951742
-0.965906
-0.984684
-0.988992
-0.996626
-0.967179
-0.69887
-0.975794
-0.799746
-0.984287
-0.53394
-0.886593
-0.906219
-0.993879
-0.944258
-0.88565
-0.818027
-0.819865
-0.798064
-0.822464
-0.98254
-0.998009
-0.843219
-0.915237
-0.990558
-0.957334
-0.940861
-0.92189
-0.905554
-0.998246
-0.942752
-0.964718
-0.960232
-0.996668
-0.987471
-0.970104
-0.997085
-0.939052
-0.900918
-0.992374
-0.949464
-0.913112
-0.996006
-0.983597
-0.98521
-0.973084
-0.874999
-0.95702
-0.948952
-0.873473
-0.865535
-0.144805
-0.864867
-0.999177
-0.998684
0.335273
-0.862212
-0.970086
-0.995636
-0.995814
-0.88558
-0.926802
-0.980843
-0.977796
-0.985558
-0.738683
-0.936971
-0.940259
-0.901369
-0.962261
-0.646565
-0.947244
-0.976187
-0.960287
-0.985743
-0.979986
-0.974132
-0.98486
-0.99848
-0.994542
-0.986136
-0.957203
-0.970972
-0.734754
-0.879894
-0.897306
-0.933093
-0.897575
-0.855899
-0.861522
-0.905071
-0.937612
-0.982886
-0.961226
-0.951972
-0.959971
-0.890937
-0.945672
-0.999239
-0.914948
-0.828009
-0.930879
-0.882067
-0.98609
-0.946894
-0.440773
-0.966396
-0.988877
-0.960625
-0.842859
-0.991176
-0.963715
-0.931951
-0.574151
-0.964921
-0.968413
-0.969844
-0.98537
-0.46111
-0.681604
-0.370535
-0.887436
-0.99331
-0.657357
-0.8761
-0.98192
-0.978212
-0.82048
-0.882159
-0.875614
-0.954599
-0.9794
-0.993727
-0.997498
-0.926397
-0.968558
-0.86101
-0.869115
-0.853781
-0.845479
-0.914107
-0.374469
-0.989758
-0.968872
-0.945731
-0.822546
-0.99604
-0.828378
-0.987512
-0.910052
-0.929151
-0.91034
-0.474106
-0.647393
-0.977817
-0.882922
-0.962297
-0.997136
-0.997613
-0.984859
-0.921351
-0.884534
-0.96772
-0.831889
-0.965707
-0.985636
-0.935561
-0.998926
-0.999851
-0.998463
-0.991671
-0.862302
-0.979544
-0.982777
-0.939344
-0.984178
-0.870241
-0.992018
-0.980842
-0.999309
-0.993597
-0.866676
-0.98662
-0.950831
-0.998607
-0.951043
-0.976541
-0.966063
-0.998102
-0.937458
-0.99533
-0.29434
-0.880491
-0.99399
-0.82093
-0.998634
-0.993171
-0.974238
-0.997277
-0.987317
-0.966523
-0.966889
-0.991944
-0.975915
-0.905462
-0.996258
-0.918946
-0.966392
-0.872076
-0.922549
-0.962461
-0.976026
-0.892735
-0.962645
-0.907242
-0.638153
-0.953445
-0.653608
-0.999729
-0.989074
-0.990057
-0.972744
-0.987114
-0.974696
-0.952911
-0.977598
-0.98701
-0.987566
-0.949733
-0.96154
-0.988005
-0.933147
-0.95665
-0.771707
-0.563105
-0.998637
-0.99518
-0.948645
-0.864363
-0.953916
-0.998271
-0.755827
-0.995394
-0.949695
-0.882636
-0.958072
-0.997967
-0.934783
-0.932185
-0.943392
-0.941258
-0.928285
-0.979651
-0.91332
-0.626144
-0.99986
-0.99808
-0.994061
-0.922191
-0.972434
-0.970917
-0.940209
-0.609911
-0.772771
-0.993309
-0.998907
-0.998483
-0.983383
-0.906023
-0.963483
-0.998615
-0.996605
-0.905327
-0.94858
-0.881744
-0.204396
-0.502789
-0.997234
-0.948057
-0.755595
-0.610432
-0.938295
-0.909397
-0.927696
-0.957666
-0.996272
-0.997914
-0.994535
-0.968949
-0.984146
-0.991093
-0.981777
-0.995379
-0.979379
-0.630432
-0.636755
-0.979704
-0.935068
-0.998146
-0.91299
-0.995814
-0.995331
-0.955203
-0.967388
-0.982082
-0.978931
-0.98548
-0.994868
-0.943145
-0.974375
-0.544847
-0.954626
-0.869467
-0.912637
-0.994149
-0.956392
-0.521903
-0.970813
-0.942666
-0.988874
-0.939336
-0.886408
-0.973407
-0.961569
-0.977436
-0.714994
-0.77872
-0.99247
0.813111
-0.988893
-0.998654
-0.961625
-0.89892
-0.903705
-0.970215
-0.985596
-0.996912
-0.997614
-0.969954
-0.838282
-0.997973
-0.973384
-0.946181
-0.963205
-0.997985
-0.998533
-0.990188
-0.910751
-0.950436
-0.976507
-0.927144
-0.977866
-0.992876
-0.823641
-0.991324
-0.972367
-0.849838
-0.794963
-0.989677
-0.950787
-0.979101
-0.899715
-0.899876
-0.994705
-0.986787
-0.834482
0.829574
-0.953739
-0.923527
-0.968999
-0.982476
-0.960317
-0.961273
-0.705754
-0.997505
-0.936966
-0.999537
-0.161768
-0.788959
-0.996246
-0.986523
-0.963824
-0.922112
-0.993807
-0.996459
-0.957798
-0.992591
-0.907798
-0.844048
-0.751131
-0.971772
-0.964803
-0.969414
-0.992223
-0.990868
-0.877241
-0.73983
-0.849979
-0.981422
-0.96271
-0.946633
-0.96147
-0.928002
-0.917103
-0.974058
-0.896977
-0.993528
-0.960788
-0.990495
-0.969262
-0.995654
-0.993308
-0.937966
-0.988848
-0.989981
-0.884564
-0.301141
-0.987791
-0.974133
-0.944105
-0.938481
-0.432526
-0.939297
-0.876352
-0.786365
-0.943612
-0.961
-0.955033
-0.317988
-0.913402
-0.818064
-0.986843
0.533138
-0.972369
-0.973075
-0.96673
-0.710609
-0.991107
-0.966782
-0.825226
-0.933322
-0.984734
-0.898362
-0.950326
-0.999074
-0.976836
-0.960671
-0.117001
-0.954215
-0.9618
-0.900218
-0.994596
-0.135721
-0.690268
-0.928363
-0.165193
