-303.35
-342.977
-327.161
-279.803
-269.899
-214.595
-348.679
-289.033
-121.828
-319
-236.878
-271.342
-104.932
-348.742
-178.058
-215.988
-318.539
-344.73
-334.889
-316.308
-344.587
-304.854
-337.646
-257.077
-299.764
-325.479
-277.801
-27.3981
-293.431
-317.591
-348.278
-341.63
-305.831
-334.135
-316.582
-84.2322
-135.58
-150.203
-258.58
-298.388
-162.894
-332.47
-318.206
-274.616
-246.885
-295.514
-346.94
-333.888
-322.784
-295.167
-339.468
-214
-293.278
-332.235
-322.593
-329.936
-311.955
-342.266
-329.325
-309.874
-313.01
-331.992
-214.437
-269.287
-314.001
-341.342
-273.801
-325.708
-332.196
-340.9
-333.511
-270.084
-284.024
-235.904
-283.587
-307.538
-334.776
-301.595
-304.413
-275.714
-176.004
-240.191
-272.689
-309.052
-175.736
-176.591
-320.344
-343.965
-176.459
-313.377
-332.199
-339.579
-324.666
-303.668
-329.939
-308.102
-336.548
-259.281
-340.626
-230.761
-293.465
-336.241
-287.161
-292.977
-181.416
-268.547
-340.798
-344.406
-334.133
-346.872
-23.0069
-200.004
-297.121
-266.281
-336.983
-246.29
-244.735
-344.715
-290.575
-329.012
-305.889
-328.921
-338.281
-280.5
-349.521
-349.538
-291.758
-316.757
-322.937
-342.189
-263.695
-304.39
-312.289
-322.097
-294.025
-325.951
-254.935
-330.859
-315.91
-329.341
-281.544
-328.708
-269.8
-336.406
-265.367
-307.856
-40.1107
-104.328
-150.622
-229.647
-199.995
-253.944
-314.597
-290.36
-183.202
-238.661
-292.118
-323.47
-347.453
-235.523
-277.091
-345.014
-278.902
-330.685
-307.871
-302.685
-313.83
-332.764
-299.772
-342.467
-219.648
-282.696
-344.643
-302.085
-316.291
-338.431
-248.78
-347.427
-233.857
-312.188
-320.674
-233.457
-256.001
-281.433
-292.514
-281.111
-119.557
-130.107
-169.18
-197.387
-297.223
-340.399
-294.143
-327.008
-348.617
-340.149
-310.786
-336.417
-122.767
-177.32
-224.512
-248.5
-292.523
-152.977
-348.732
-254.967
-315.14
-312.892
-312.797
-337.868
-316.465
-346.575
-324.658
-348.874
-109.647
-212.593
-201.973
-206.929
-303.874
-310.454
-340.191
-285.642
-332.136
-135.996
-25.7915
-293.765
-161.278
-294.099
-255.973
-88.8719
-286.608
-90.5999
-306.313
-269.03
-326.313
-239.976
-345.518
-309.69
-323.369
-224.711
-300.287
-333.226
-265.321
-276.883
-340.365
-339.078
-347.492
-281.595
-277.095
-338.66
-310.638
-315.588
-271.822
-282.145
-231.452
-320.358
-216.351
-275.766
-344.186
-337.398
-342.557
-94.6086
-218.863
-223.445
-279.882
-339.093
-324.07
-263.288
-328.691
-340.272
-331.507
-178.766
-287.392
-338.609
-332.38
-275.748
-328.027
-343.339
-233.27
-313.811
-340.729
-327.115
-324.666
-303.702
-237.701
-287.19
-260.552
-321.632
-250.273
-327.954
-306.867
-311.299
-334.786
-268.075
-321.872
-203.63
-289.417
-310.451
-334.912
-308.552
-338.325
-304.811
-324.067
-290.612
-341.128
-306.394
-298.891
-297.15
-314.332
-165.42
-262.982
-90.4307
-194.867
-271.248
-317.183
-342.211
-290.735
-318.139
-296.309
-275.632
-320.067
-295.472
-343.924
-287.048
-313.081
-340.366
-348.261
-339.778
-225.749
-338.985
-209.401
-295.491
-310.629
-341.705
-237.43
-295.625
-315.463
-180.615
-316.413
-193.91
-245.841
-342.25
-327.173
-278.563
-310.784
-322.635
-327.456
-330.181
-313.652
-334.257
-220.564
-236.971
-138.75
-323.533
-200.122
-231.302
-258.071
-307.83
-338.054
-335.283
-31.9881
-32.1536
-180.96
-285.368
-289.852
-231.407
-293.896
-333.37
-210.941
-279.014
-198.746
-304.013
-287.945
-326.062
-247.465
-310.639
-306.343
-342.629
-265.625
-140.037
-152.59
-198.845
-200.73
-327.571
-333.787
-235.934
-175.82
-308.545
-171.559
-183.606
-326.223
-340.985
-344.211
-260.974
-226.176
-243.835
-286.571
-243.771
-344.765
-276.629
-237.454
-339.182
-165.888
-228.634
-288.476
-319.802
-291.364
-302.269
-343.28
-295.876
-237.961
-343.221
-301.966
-293.124
-343.233
-305.651
-345.242
-339.908
-118.922
-174.627
-287.724
-323.59
-148.402
-187.926
-276.175
-242.876
-255.05
-264.355
-122.134
-317.017
-295.031
-297.585
-260.504
-302.202
-179.423
-266.205
-326.439
-348.313
-306.67
-301.866
-298.466
-337.195
-239.681
-298.231
-192.98
-322.673
-328.432
-339.243
-307.494
-347.117
-179.179
-264.92
-309.91
-332.62
-327.648
-285.26
-83.7511
-118.291
-214.68
-235.954
-292.744
-310.43
-338.319
-340.574
-253.305
-307.144
-260.478
-347.883
-311.469
-242.325
-266.981
-93.2739
-240.822
-301.81
-333.771
-304.925
-346.256
-320.526
-288.063
-284.017
-287.777
-317.115
-152.328
-169.08
-201.637
-277.397
-334.127
-341.735
-232.834
-261.538
-341.499
-260.711
-213
-250.48
-302.851
-309.961
-264.081
-231.062
-336.581
-349.865
-133.956
-208.184
-346.369
-349.63
-250.089
-282.4
-236.713
-332.453
-336.215
-207.729
-216.055
-338.487
-332.029
-339.617
-319.447
-312.492
-322.007
-232.824
-337.697
-349.895
-349.296
-344.509
-241.216
-181.102
-184.608
-235.403
-340.192
-305.618
-319.825
-287.72
-345.745
-228.383
-344.808
-345.552
-340.472
-277.819
-153.007
-232.286
-322.849
-180.961
-279.431
-300.819
-311.679
-116.333
-330.319
-240.718
-320.51
-329.159
-324.182
-312.841
-217.733
-119.197
-213.292
-157.065
-234.724
-263.587
-337.249
-343.08
-343.153
-285.19
-193.899
-277.888
-334.317
-276.006
-299.189
-258.023
-179.118
-326.115
-257.248
-332.71
-272.991
-273.192
-334.005
-345.348
-300.848
-315.089
-345.541
-286.378
-338.535
-29.1639
-50.5421
-88.5898
-164.083
-179.874
-348.459
-308.675
-279.665
-349.648
-163.4
-178.41
-278.871
-341.319
-244.399
-345.609
-346.269
-339.245
-128.556
-196.955
-330.224
-341.117
-271.67
-310.312
-156.843
-171.424
-274.78
-287.455
-285.419
-344.056
-346.297
-335.084
-347.829
-86.4593
-215.742
-268.453
-338.554
-340.244
-247.995
-225.661
-167.513
-310.352
-106.228
-244.347
-170.122
-249.465
-221.576
-270.092
-295.814
-297.911
-312.557
-341.836
-245.407
-272.394
-283.697
-302.655
-331.737
-295.988
-334.093
-158.824
-112.382
-214.394
-225.282
-292.735
-216.849
-262.183
-326.541
-265.023
-269.58
-347.096
-335.765
-190.996
-198.672
-274.005
-317.98
-348.184
-249.108
-301.773
-261.481
-321.145
-296.681
-294.71
-341.35
-348.486
-336.724
-340.42
-247.99
-314.939
-109.991
-327.883
-296.355
-211.459
-311.675
-326.966
-291.193
-210.218
-244.56
-261.932
-320.025
-333.5
-248.159
-252.001
-344.781
-119.116
-219.757
-329.795
-295.991
-339.103
-228.101
-267.886
-326.692
-178.068
-220.584
-246.008
-197.418
-204.481
-299.89
-201.735
-321.026
-334.684
-257.199
-239.436
-292.258
-302.646
-292.052
-306.966
-335.754
-38.4107
-301.94
-342.281
-330.015
-347.466
-178.776
-190.69
-244.585
-326.57
-234.534
-325.533
-340.266
-293.38
-342.483
-208.589
-226.288
-294.913
-274.723
-331.851
-324.89
-304.007
-196.867
-134.824
-343.286
-95.2644
-174.1
-197.463
-219.968
-321.876
-281.782
-219.68
-332.339
-315.27
-322.801
-339.395
-298.418
-23.5457
-45.1958
-129.223
-251.686
-305.575
-172.75
-267.391
-195.018
-332.572
-270.451
-322.427
-313.618
-329.998
-320.081
-135.511
-179.474
-183.288
-320.109
-340.427
-86.3284
-141.228
-155.792
-241.108
-238.15
-241.912
-227.484
-304.383
-334.858
-307.892
-275.844
-322.608
-274.143
-323.737
-308.391
-340.865
-312.771
-265.884
-272.226
-253.003
-347.399
-348.115
-232.156
-318.328
-347.983
-257.35
-321.815
-99.2133
-107.792
-324.695
-324.823
-285.342
-288.379
-122.212
-345.018
-241.499
-280.639
-309.88
-343.234
-275.873
-320.432
-343.648
-326.77
-314.195
-297.661
-225.629
-311.271
-136.004
-282.046
-342.035
-335.943
-342.341
-237.525
-247.844
-349.403
-59.4071
-130.298
-170.346
-178.266
-343.618
-270.967
-347.459
-333.337
-340.748
-305.498
-327.164
-301.688
-182.482
-221.413
-310.394
-342.458
-326.061
-334.822
-321.36
-345.447
-242.713
-252.881
-277.713
-300.269
-221.468
-244.238
-339.567
-128.463
-189.328
-293.304
-297.455
-335.661
-284.447
-210.153
-224.266
-291.87
-204.954
-193.547
-275.751
-276.873
-330.966
-236.894
-294.76
-316.079
-344.583
-326.103
-322.447
-292.677
-295.334
-343.82
-309.653
-316.053
-286.635
-232.913
-163.945
-271.746
-309.196
-349.882
-213.086
-256.011
-321.735
-271.48
-335.43
-330.758
-256.845
-304.604
-332.622
-269.896
-288.499
-282.588
-347.4
-340.217
-331.789
-331.727
-309.216
-334.834
-314.77
-170.1
-248.192
-289.284
-294.514
-301.949
-334.924
-289.57
-311.282
-242.85
-265.877
-334.381
-221.899
-265.807
-319.021
-330.815
-345.56
-278.303
-265.067
-330.621
-301.797
-241.435
-347.984
-348.166
-349.325
-309.046
-43.974
-170.833
-302.975
-314.943
-268.646
-336.146
-235.65
-334.693
-247.077
-327.044
-230.685
-290.408
-278.709
-327.073
-337.579
-349.139
-27.5017
-254.411
-325.892
-349.199
-319.161
-329.454
-173.878
-347.102
-248.443
-345.445
-347.335
-262.644
-314.516
-286.151
-314.267
-307.09
-316.852
-152.684
-244.855
-283.028
-340.329
-345.925
-342.092
-299.087
-226.519
-311.473
-230.778
-146.285
-300.298
-332.421
-235.963
-319.193
-335.52
-245.302
-269.61
-285.211
-321.045
-344.088
-302.948
-299.979
-298.484
-163.76
-163.937
-201.459
-327.677
-303.045
-337.656
-325.04
-285.801
-327.317
-316.146
-252.919
-292.168
-290.888
-338.975
-287.683
-348.742
-165.548
-293.094
-329.771
-306.753
-326.076
-325.516
-265.225
-332.265
-120.573
-249.633
-258.648
-218.288
-348.519
-349.709
-148.497
-254.152
-266.623
-270.602
-337.702
-269.364
-314.083
-347.094
-347.369
-265.799
-317.93
-338.018
-220.948
-219.49
-314.287
-200.554
-272.232
-287.645
-316.689
-266.739
-341.191
-257.029
-332.225
-347.021
-333.448
-324.964
-305.884
-298.814
-290.858
-243.104
-225.451
-281.331
-240.076
-290.628
-308.756
-300.539
-321.219
-32.8712
-208.845
-215.767
-331.56
-279.955
-330.128
-322.422
-348.929
-323.269
-343.036
-116.919
-221.952
-325.1
-271.567
-327.682
-319.028
-341.945
-255.101
-278.021
-227.781
-330.112
-254.944
-257.721
-290.839
-251.281
-180.857
-249.335
-180.532
-321.103
-333.452
-339.274
-196.75
-335.204
-297.981
-304.413
-268.154
-340.847
-319.481
-131.673
-247.423
-303.903
-61.9352
-120.76
-348.933
-314.863
-194.058
-234.775
-307.846
-327.495
-234.025
-316.777
-324.173
-323.325
-337.072
-302.189
-291.04
-234.088
-250.615
-254.362
-322.141
-327.39
-254.28
-204.833
-250.841
-345.126
-265.18
-243.942
-252.14
-323.045
-235.725
-292.104
-332.878
-273.536
-170.5
-319.872
-39.4553
-100.892
-309.241
-275.982
-33.9272
-168.012
-316.227
-319.47
-321.301
-265.09
-331.576
-276.442
-326.951
-348.788
-331.888
-325.942
-347.005
-299.685
-342.868
-166.361
-208.467
-226.132
-320.928
-333.697
-296.211
-302.748
-320.365
-289.956
-302.095
-150.061
-242.225
-341.843
-347.44
-345.186
-319.788
-338.921
-329.78
-265.66
-322.087
-343.947
-231.629
-347.156
-300.696
-338.929
-284.07
-328.996
-240.068
-292.979
-324.729
-327.913
-337.916
-341.896
-287.491
-203.427
-220.833
-232.848
-339.076
-185.955
-324.387
-335.775
-299.357
-288.469
-126.12
-243.945
-264.987
-340.585
-266.785
-295.12
-270.851
-317.869
-222.249
-225.728
-304.939
-285.639
-329.652
-269.152
-318.356
-337.371
-342.788
-344.557
-284.28
-169.466
-206.282
-212.531
-289.304
-348.107
-194.679
-221.258
-235.58
-334.058
-22.2289
-151.366
-203.571
-250.996
-336.174
-274.619
-324.463
-216.382
-233.999
-258.767
-268.38
-156.458
-260.863
-268.537
-204.495
-311.548
-241.22
-265.347
-46.5871
-298.193
-306.074
-345.96
-298.313
-341.197
-298.985
-240.06
-254.655
-290.239
-211.08
-236.172
-285.315
-295.896
-282.056
-326.16
-159.597
-230.028
-300.114
-170.551
-228.858
-312.482
-316.5
-339.817
-316.948
-334.406
-145.185
-162.8
-338.604
-225.204
-293.117
-249.869
-270.419
-347.704
-336.819
-197.289
-120.149
-141.262
-267.483
-328.069
-30.1881
-46.9259
-171.752
-282.223
-339.987
-315.568
-229.579
-249.395
-288.673
-133.06
-242.488
-229.267
-247.075
-255.567
-343.448
-346.681
-341.924
-270.506
-194.566
-199.525
-112.759
-118.702
-140.466
-175.149
-178.966
-327.347
-347.667
-317.149
-205.183
-333.275
-344.009
-257.335
-98.4292
-288.514
-349.473
-282.311
-322.667
-343.941
-319.512
-302.298
-333.465
-38.5468
-296.193
-327.008
-309.205
-311.689
-277.433
-292.078
-278.573
-326.639
-152.981
-260.853
-290.287
-182.324
-212.091
-344.488
-316.665
-339.555
-340.436
-338.014
-332.757
-308.014
-334.178
-245.672
-288.17
-307.56
-343.963
-330.9
-349.102
-227.109
-286.856
-308.028
-314.272
-170.779
-115.891
-318.787
-323.723
-327.628
-247.846
-260.025
-346.653
-348.017
-191.412
-78.4843
-153.563
-341.826
-184.855
-271.117
-339.626
-260.81
-269.215
-280.571
-335.763
-275.889
-342.092
-266.426
-334.126
-334.519
-344.079
-322.457
-194.46
-308.473
-349.948
-303.938
-323.841
-132.088
-288.422
-170.776
-336.33
-335.049
-342.191
-336.23
-334.212
-252.039
-338.099
-251.404
-325.818
-232.885
-190.947
-197.38
-209.201
-175.545
-197.694
-306.667
-168.086
-173.679
-273.896
-313.441
-251.303
-331.105
-282.776
-221.96
-312.675
-249.522
-323.262
-137.3
-287.878
-335.273
-318.737
-334.679
-299.241
-336.285
-109.638
-251.474
-285.238
-162.684
-270.249
-279.804
-334.82
-235.918
-348.503
-346.481
-302.516
-314.59
-342.835
-313.584
-310.478
-276.829
-346.789
-328.604
-275.374
-307.88
-192.319
-218.528
-226.207
-239.664
-246.947
-347.566
-201.019
-291.814
-238.275
-338.542
-321.76
-279.894
-293.862
-339.958
-306.474
-166.149
-244.707
-302.474
-69.5958
-112.157
-222.604
-275.832
-327.28
-270.6
-198.613
-188.294
-260.627
-251.163
-268.166
-310.405
-339.223
-45.3434
-162.652
-316.574
-345.915
-272.831
-346.155
-256.127
-250.813
-292.739
-304.552
-209.035
-332.611
-254.479
-341.282
-222.633
-291.514
-324.802
-162.562
-232.474
-276.19
-236.796
-290.625
-349.11
-117.502
-175.303
-229.654
-301.983
-325.835
-198.549
-349.309
-339.224
-338.439
-252.923
-334.344
-293.029
-231
-235.589
-288.359
-347.36
-319.108
-339.351
-74.2227
-122.93
-158.844
-349.045
-108.261
-319.417
-333.557
-99.1728
-318.184
-200.354
-296.325
-341.81
-86.1259
-269.473
-276.002
-333.842
-308.764
-347.662
-134.187
-170.195
-323.479
-235.302
-290.528
-240.233
-296.746
-324.536
-341.364
-333.347
-346.117
-276.648
-348.817
-270.846
-303.327
-326.003
-212.693
-272.016
-3.39194
-51.3851
-84.4666
-137.717
-151.662
-157.713
-328.942
-336.334
-264.344
-229.779
-304.94
-281.591
-344.141
-48.1069
-325.778
-344.846
-271.855
-273.837
-339.799
-184.518
-263.607
-311.786
-80.737
-119.077
-165.482
-304.593
-319.536
-239.199
-252.954
-315.444
-294.737
-268.828
-50.8484
-120.625
-157.488
-200.142
-210.723
-288.945
-238.503
-338.144
-225.131
-285.344
-338.388
-273.377
-344.619
-330.678
-275.234
-231.751
-111.745
-258.755
-332.937
-275.301
-247.809
-267.883
-313.922
-276.59
-112.436
-175.505
-347.229
-343.924
-348.291
-252.46
-329.449
-317.786
-348.364
-241.864
-292.677
-309.758
-281.715
-291.36
-335.995
-340.304
-326.288
-238.092
-262.216
-347.385
-291.916
-229.393
-320.894
-235.095
-330.8
-334.483
-258.876
-270.924
-337.079
-346.444
-345.38
-297.64
-333.234
-274.11
-254.188
-341.932
-108.992
-223.47
-316.271
-224.165
-281.07
-331.232
-288.164
-297.161
-312.662
-337.469
-182.002
-301.579
-329.088
-183.683
-323.619
-333.139
-331.536
-229.064
-242.124
-326.112
-338.068
-200.796
-232.843
-344.225
-348.894
-100.962
-116.347
-323.413
-304.555
-140.7
-203.917
-234.335
-340.572
-263.121
-249.262
-345.913
-328.091
-345.902
-345.128
-319.005
-305.435
-313.155
-322.273
-268.535
-271.243
-320.561
-328.916
-335.085
-257.435
-259.385
-340.344
-321.122
-320.459
-343.217
-315.068
-235.727
-226.096
-328.687
-308
-332.569
-337.084
-346.35
-256.324
-323.082
-300.824
-49.1145
-151.555
-152.078
-183.219
-284.903
-240.087
-341.793
-310.264
-299.8
-200.862
-219.221
-225.078
-314.266
-342.341
-283.282
-251.255
-285.863
-311.054
-326.563
-66.342
-113.364
-217.888
-236.128
-279.531
-333.411
-344.204
-316.94
-264.827
-295.581
-306.783
-333.021
-175.161
-331.037
-314.187
-335.181
-343.455
-346.897
-17.041
-312.71
-270.115
-282.653
-324.624
-327.177
-304.606
-321.064
-347.718
-314.884
-347.496
-272.075
-321.772
-323.607
-341.407
-257.851
-282.811
-312.731
-313.457
-325.329
-345.099
-313.446
-320.859
-200.553
-302.841
-339.487
-279.532
-331.983
-339.628
-325.345
-288.316
-335.456
-269.98
-270.504
-346.54
-287.893
-279.882
-207.398
-339.468
-288.912
-341.78
-346.864
-329.993
-294.814
-308.066
-338.231
-292.161
-209.59
-334.541
-223.964
-313.965
-325.09
-144.19
-161.144
-193.032
-258.427
-285.666
-108.135
-173.537
-188.666
-333.56
-320.846
-213.854
-311.066
-167.668
-323.23
-337.507
-324.87
-339.088
-276.983
-281.326
-296.6
-297.624
-309.288
-335.612
-314.764
-291.182
-333.755
-178.424
-228.683
-330.322
-340.961
-342.251
-331.448
-34.147
-282.26
-182.447
-207.093
-312.595
-292.339
-315.936
-16.0431
-52.8279
-165.76
-248.457
-349.572
-239.984
-294.23
-300.706
-232.805
-308.675
-347.683
-325.211
-213.578
-220.135
-262.466
-104.238
-184.546
-252.941
-323.779
-308.844
-314.536
-258.409
-326.92
-342.206
-324.562
-340.708
-302.257
-338.435
-303.303
-326.965
-266.271
-266.531
-310.211
-207.655
-235.637
-335.948
-271.391
-321.432
-235.727
-210.042
-272.084
-336.283
-293.86
-344.475
-272.951
-327.392
-286.391
-256.42
-306.44
-252.446
-304.933
-342.952
-225.936
-243.417
-274.925
-291.633
-320.581
-339.813
-256.99
-327.994
-233.971
-298.349
-277.778
-289.742
-233.513
-255.593
-209.536
-344.849
-110.579
-197.013
-316.829
-321.623
-330.357
-344.346
-232.911
-191.434
-236.761
-299.365
-344.771
-259.383
-275.149
-296.174
-334.534
-235.005
-314.005
-341.492
-337.382
-287.122
-329.437
-338.932
-328.052
-336.2
-323.881
-305.69
-140.292
-163.515
-219.69
-270.769
-319.962
-205.221
-251.929
-284.593
-298.493
-288.954
-224.882
-307.872
-310.501
-308.011
-341.389
-310.296
-250.703
-199.371
-250.295
-257.884
-347.793
-348.677
-331.811
-332.273
-233.336
-164.022
-321.822
-284.143
-313.136
-325.398
-305.157
-343.884
-283.015
-275.777
-338.643
-344.383
-247.667
-268.492
-332.916
-310.654
-309.703
-263.052
-345.2
-275.68
-284.099
-310.718
-317.129
-310.42
-341.111
-322.135
-337.107
-274.746
-288.072
-339.064
-282.438
-312.593
-297.905
-281.389
-341
-345.617
-274.733
-256.782
-341.341
-317.747
-221.291
-233.738
-270.561
-263.37
-295.703
-273.798
-322.637
-343.525
-291.842
-324.656
-289.257
-154.897
-205.105
-283.105
-327.212
-339.862
-344.816
-251.198
-313.236
-284.412
-246.59
-337.913
-328.809
-346.951
-345.632
-273.755
-151.855
-341.217
-266.813
-304.8
-290.21
-247.127
-289.389
-314.961
-258.865
-312.176
-346.059
-349.593
-330.204
-322.84
-247.005
-277.618
-165.799
-284.491
-319.541
-329.895
-243.968
-127.79
-193.628
-288.528
-111.247
-122.115
-143.54
-237.423
-331.003
-242.884
-332.142
-156.698
-269.803
-278.85
-336.011
-347.348
-339.832
-128.972
-301.011
-244.085
-327.721
-213.642
-177.83
-274.754
-336.082
-151.208
-290.556
-343.905
-79.1966
-113.529
-292.432
-348.279
-267.758
-295.178
-260.474
-295.736
-340.033
-346.001
-295.101
-315.877
-311.677
-335.585
-315.507
-166.391
-175.133
-245.746
-43.2211
-69.2719
-105.604
-337.202
-260.972
-310.931
-316.034
-268.379
-205.171
-254.442
-288.124
-283.596
-318.045
-213.909
-158.403
-208.709
-323.028
-58.2503
-133.358
-304.205
-290.646
-255.735
-139.004
-139.21
-181.076
-265.014
-269.008
-344.033
-289.686
-339.699
-344.059
-346.402
-349.278
-328.004
-223.177
-311.19
-328.758
-330.606
-324.505
-334.359
-160.098
-342.078
-330.553
-334.176
-349.4
-208.778
-346.117
-217.79
-289.559
-317.253
-298.564
-327.82
-198.34
-252.145
-226.482
-269.015
-325.309
-328.653
-249.824
-272.09
-264.105
-308.799
-326.174
-337.774
-340.474
-341.81
-321.036
-305.453
-337.486
-9.1215
-52.498
-65.5392
-346.836
-318.322
-78.1105
-126.728
-278.942
-343.647
-319.925
-333.192
-279.218
-253.675
-331.191
-338.5
-242.221
-257.011
-297.448
-272.311
-349.329
-295.039
-230.301
-168.647
-273.558
-290.279
-296.699
-277.924
-227.222
-157.749
-300.817
-283.14
-344.883
-287.145
-336.755
-265.243
-335.47
-225.009
-298.567
-289.246
-340.682
-313.486
-268.846
-292.933
-341.058
-194.698
-241.717
-278.548
-273.352
-333.69
-311.059
-313.417
-142.095
-343.749
-306.368
-206.259
-258.5
-294.237
-295.755
-341.059
-270.486
-105.651
-345.323
-290.473
-245.504
-298.445
-253.509
-236.713
-256.288
-234.752
-315.973
-283.396
-289.049
-249.929
-312.265
-228.761
-341.903
-315.198
-308.052
-288.796
-327.846
-342.194
-117.142
-189.181
-284.023
-247.472
-258.341
-342.236
-292.4
-339.831
-279.386
-304.241
-348.183
-220.641
-317.624
-225.31
-296.937
-340.323
-320.353
-310.969
-346.773
-313.459
-274.478
-347.82
-324.709
-306.249
-200.117
-252.47
-246.609
-293.483
-339.983
-255.374
-221.961
-319.159
-259.397
-260.841
-262.002
-345.803
-225.978
-343.178
-268.409
-333.173
-331.267
-341.964
-342.218
-306.655
-289.596
-347.063
-163.654
-318.778
-325.599
-335.487
-346.511
-65.3648
-88.8795
-278.22
-344.452
-313.428
-14.6787
-100.321
-177.869
-252.065
-324.127
-340.051
-162.969
-191.136
-218.707
-349.412
-184.395
-268.084
-285.313
-234.826
-276.904
-289.723
-342.958
-100.587
-322.068
-325.141
-250.804
-249.15
-335.409
-301.512
-345.534
-319.944
-313.037
-166.609
-345.757
-322.149
-230.578
-307.103
-322.008
-311.517
-339.192
-318.756
-324.051
-303.623
-301.669
-325.229
-321.728
-137.697
-203.31
-255.836
-271.881
-301.807
-338.284
-340.222
-284.76
-344.999
-232.066
-155.894
-133.44
-259.064
-323.724
-264.131
-325.064
-263.358
-303.95
-318.382
-298.356
-206.578
-344.751
-333.655
-184.572
-309.169
-330.375
-127.37
-196.679
-334.441
-37.8699
-71.1955
-260.58
-240.461
-235.938
-78.2921
-215.751
-233.753
-259.636
-316.691
-341.547
-324.944
-266.538
-290.019
-187.363
-332.476
-343.129
-190.512
-347.013
-277.915
-348.539
-284.959
-316.363
-306.689
-325.92
-335.456
-337.769
-172.637
-317.89
-182.7
-271.637
-334.664
-330.86
-252.534
-339.458
-295.872
-306.092
-244.938
-281.004
-309.484
-233.497
-255.982
-338.758
-301.272
-272.237
-329.849
-92.7939
-196.259
-319.952
-338.824
-232.995
-284.857
-305.437
-23.585
-33.6767
-38.7721
-191.199
-257.398
-294.911
-311.64
-233.041
-260.694
-346.585
-239.936
-309.784
-331.445
-223.821
-333.38
-85.3534
-244.258
-252.242
-149.961
-202.145
-340.03
-338.662
-224.942
-228.893
-267.857
-338.437
-267.696
-323.087
-159.88
-315.343
-188.196
-246.216
-331.595
-220.162
-257.225
-333.834
-146.89
-159.098
-281.497
-301.003
-306.138
-183.546
-245.751
-306.668
-328.638
-56.1924
-121.194
-334.448
-306.565
-330.071
-346.308
-264.879
-21.6364
-107.761
-250.953
-181.188
-199.103
-303.66
-331.193
-308.344
-339.269
-307.69
-336.921
-340.587
-129.029
-165.013
-168.243
-346.859
-319.439
-287.663
-301.006
-261.929
-332.606
-276.291
-343.842
-276.826
-310.182
-268.896
-337.515
-280.031
-288.736
-302.551
-347.816
-315.364
-281.627
-294.824
-308.919
-336.61
-324.012
-302.366
-343.216
-346.338
-314.968
-338.85
-329.355
-304.932
-308.364
-292.427
-334.031
-333.526
-236.535
-302.999
-275.594
-288.269
-267.876
-335.722
-298.203
-336.305
-272.509
