-0.954365
-0.992923
-0.964235
-0.996684
-0.99286
-0.968233
-0.990856
-0.957226
-0.997707
-0.998367
-0.926642
-0.992954
-0.903044
-0.957094
-0.357492
-0.969904
-0.989502
-0.852521
-0.882184
-0.910313
-0.991311
-0.945813
-0.893103
-0.76562
-0.967742
-0.892392
-0.613103
-0.825222
-0.926512
-0.951392
-0.956689
-0.9919
-0.955324
-0.96453
-0.996394
-0.969996
0.207224
-0.885144
-0.990527
-0.981491
-0.996262
-0.964144
-0.89708
-0.561011
-0.993893
-0.768216
-0.983813
-0.953042
-0.492625
-0.919323
-0.989699
-0.986781
-0.995295
-0.960483
-0.990132
-0.98328
-0.977136
-0.994215
-0.991621
-0.805659
-0.989368
-0.950927
-0.979698
-0.949008
-0.987645
-0.969091
-0.906774
-0.982604
-0.950933
-0.930038
-0.863769
-0.98705
-0.998949
-0.953921
-0.64267
-0.997447
-0.987739
-0.997886
-0.978106
-0.968808
-0.966199
-0.511734
-0.870582
-0.973534
-0.961436
-0.974779
-0.792154
-0.954351
-0.65226
-0.944236
-0.991004
-0.98455
-0.974679
-0.977837
-0.973458
-0.96852
-0.943556
-0.976058
-0.956664
-0.871175
-0.965794
-0.980487
-0.987894
-0.772355
-0.544871
-0.991508
-0.994023
-0.982753
-0.885917
-0.820598
-0.99085
-0.955965
-0.981187
-0.936699
-0.92372
-0.991583
-0.9679
-0.98552
-0.514555
-0.459827
-0.712991
-0.964914
-0.984412
-0.903113
-0.983418
-0.90167
-0.190319
-0.340922
-0.799244
-0.900195
-0.954509
-0.752668
-0.998394
-0.972756
0.203015
-0.920372
-0.974996
-0.972926
-0.938878
-0.852989
-0.994602
-0.999667
-0.905908
-0.998966
-0.924979
-0.780388
-0.943633
-0.912051
-0.958918
-0.841587
-0.818469
-0.953423
-0.712818
-0.92807
-0.899067
-0.999084
-0.998742
-0.993133
-0.984595
-0.997192
-0.980686
-0.819879
-0.96272
-0.935711
-0.921629
-0.856107
-0.681022
-0.790162
-0.926384
0.651627
-0.91873
-0.599141
-0.9644
-0.999212
-0.970187
-0.704985
-0.569497
-0.98912
-0.469717
-0.989377
-0.983052
-0.958993
-0.970326
-0.988582
-0.989758
-0.993648
-0.99762
-0.961787
-0.927307
-0.975911
-0.960428
-0.983694
-0.944997
-0.983486
-0.993898
-0.957857
-0.958636
-0.982248
-0.991903
-0.976773
-0.998638
-0.965929
-0.994185
-0.906227
-0.867468
-0.972364
-0.978356
-0.967388
-0.947675
-0.277223
-0.998204
-0.957297
-0.969239
-0.98387
-0.982885
-0.996475
-0.99392
-0.996436
-0.996152
-0.951549
-0.683147
-0.841816
-0.996422
-0.926407
-0.818074
-0.931764
-0.905393
-0.972421
-0.967128
-0.984658
-0.963603
-0.915037
-0.944025
-0.96817
-0.839995
-0.999872
-0.994275
-0.981564
-0.984619
-0.890724
-0.950116
-0.974067
-0.899248
-0.93698
-0.825058
-0.671075
-0.99909
-0.968759
-0.991999
-0.960368
-0.964289
-0.964066
-0.974645
-0.958743
-0.915599
-0.889658
-0.88064
-0.994791
-0.733897
-0.8727
-0.993589
-0.984095
-0.987731
-0.459858
-0.991079
-0.999297
-0.999481
-0.996135
-0.983531
-0.959735
-0.994825
-0.994162
-0.892819
-0.98895
-0.990042
-0.968231
-0.342704
-0.968241
-0.976726
-0.880834
-0.977611
-0.986608
-0.992076
-0.97181
-0.969573
-0.865666
-0.946669
-0.82441
-0.949229
-0.979355
-0.997541
-0.992605
-0.970403
-0.976014
-0.928253
-0.972595
-0.708445
-0.702603
-0.889769
-0.935744
-0.440008
-0.923385
-0.922393
-0.989511
-0.960268
-0.991101
-0.995501
-0.995118
-0.973733
-0.940069
-0.992585
-0.978911
-0.896499
-0.939647
-0.807459
-0.806033
-0.917677
-0.869977
-0.882041
-0.989479
-0.734937
-0.804342
-0.964948
-0.755229
-0.921959
-0.906795
-0.825389
-0.959157
-0.967885
-0.454417
-0.892232
-0.949998
-0.602003
-0.894333
-0.94272
-0.999461
-0.852989
-0.918182
-0.989652
-0.977903
-0.871627
-0.867984
-0.499888
-0.999295
-0.984537
-0.986127
-0.984133
-0.988702
-0.973714
-0.986764
-0.792886
-0.673014
-0.997781
-0.964305
-0.989313
-0.98749
-0.973217
-0.878151
-0.957658
-0.822362
-0.970007
-0.931698
-0.904046
0.949529
-0.973305
-0.963706
-0.953157
-0.991744
-0.997822
-0.914438
-0.982894
-0.823666
-0.874246
-0.959132
-0.494093
-0.78722
-0.836608
-0.954624
-0.952947
-0.944562
-0.981959
-0.903087
-0.252376
-0.99987
-0.978052
-0.838159
-0.958735
0.27853
-0.964432
-0.935526
-0.944141
-0.876449
-0.683168
-0.640016
-0.977701
-0.882704
-0.998195
-0.992742
-0.984976
-0.581594
-0.989176
-0.818328
-0.912739
-0.939058
-0.829488
-0.995926
-0.902817
-0.995149
-0.97632
-0.990262
-0.838601
-0.794586
-0.976355
-0.882902
-0.979685
-0.975977
-0.875302
-0.958951
-0.954293
-0.915327
-0.967941
-0.934794
-0.982147
-0.883367
-0.742795
-0.916223
-0.883519
-0.904148
-0.98086
-0.958814
-0.998554
-0.949667
-0.936245
-0.988162
-0.583951
-0.662028
-0.928131
-0.750407
-0.909384
-0.896033
-0.117358
-0.881034
-0.98723
-0.936296
-0.999387
-0.953944
-0.148189
-0.477285
-0.760517
-0.795093
-0.979453
-0.829813
-0.995076
-0.814351
-0.967205
-0.975339
-0.876094
-0.957498
-0.571153
-0.997713
-0.850998
-0.789735
-0.948632
-0.959443
-0.963698
-0.901918
-0.994908
-0.593836
-0.859939
-0.930865
-0.961819
-0.994947
-0.472751
-0.993207
-0.927674
-0.931012
-0.996047
-0.939789
-0.91184
-0.915176
-0.873494
-0.962898
-0.57736
-0.888869
-0.642801
-0.911054
-0.928234
-0.943216
-0.948486
-0.922031
-0.983826
-0.88028
-0.32989
-0.994713
-0.998818
-0.970387
-0.982792
-0.929356
-0.990219
-0.790688
-0.995235
-0.925235
-0.404208
-0.99129
-0.98646
-0.980029
-0.982457
-0.905777
-0.975559
-0.912174
-0.981903
-0.998946
-0.969126
-0.66699
0.809185
-0.951777
-0.898333
-0.857607
-0.999243
-0.975822
-0.983126
-0.988952
-0.988011
-0.99439
-0.982925
-0.947973
-0.935361
-0.607764
-0.908063
-0.661666
-0.958353
-0.909378
0.755669
-0.919245
-0.930734
-0.991118
-0.96557
-0.979128
-0.986675
-0.992458
-0.884752
-0.90768
-0.788086
-0.843979
-0.620269
-0.990038
-0.932415
-0.953561
-0.837182
-0.991995
-0.964399
-0.965462
-0.999703
-0.811847
-0.913911
-0.956943
-0.995459
-0.986505
-0.971926
-0.792077
-0.964463
-0.628727
-0.190707
-0.549843
-0.363547
-0.971693
-0.9511
-0.756303
-0.935113
-0.994695
-0.985821
-0.10705
-0.919438
-0.978501
-0.324867
-0.725017
-0.93828
-0.989589
-0.897937
-0.989881
-0.940165
-0.894753
-0.790408
-0.921923
-0.929479
-0.911765
-0.828929
-0.83839
-0.910197
-0.832239
-0.980661
0.351207
-0.978386
-0.986831
-0.932584
-0.851256
-0.988276
-0.864728
-0.918946
-0.977745
-0.889734
-0.955509
-0.99113
-0.961976
-0.96269
-0.740142
-0.951508
-0.974339
-0.992465
-0.877391
-0.936323
-0.972118
-0.00172749
-0.994254
-0.973656
-0.975949
-0.847997
-0.841489
-0.75252
-0.954989
-0.922387
-0.924981
-0.979333
-0.999547
-0.774045
-0.982752
-0.995372
-0.929892
-0.983864
-0.869676
-0.978977
-0.993915
-0.991729
-0.99881
-0.958004
-0.77146
-0.984512
-0.968915
-0.996412
-0.999911
-0.943421
-0.627695
-0.941387
-0.970424
-0.938416
-0.900274
-0.796211
-0.880913
-0.793212
-0.907958
-0.958018
-0.970091
-0.888487
-0.979825
-0.98701
-0.986669
-0.961763
-0.820625
-0.848641
-0.954985
-0.74425
-0.980523
-0.915411
-0.898233
-0.882107
-0.988629
-0.794903
-0.872473
-0.298949
-0.816485
-0.927366
-0.922908
-0.983746
-0.994232
-0.876198
-0.984276
-0.957265
-0.970454
-0.970202
-0.969127
-0.939219
-0.936896
-0.917168
-0.894057
-0.761479
-0.9713
-0.977633
-0.207479
-0.759999
-0.955505
-0.962501
-0.821727
-0.926745
-0.147688
0.233905
-0.743246
-0.270343
-0.883581
-0.988912
-0.700848
-0.997532
-0.976133
-0.995069
-0.929219
-0.998187
-0.95239
-0.983096
-0.957866
-0.977408
-0.993612
-0.608729
-0.969653
-0.945411
-0.968158
-0.98094
-0.970414
-0.831872
-0.903975
-0.882889
-0.984722
0.419632
-0.989063
-0.983013
-0.991996
-0.976915
-0.87068
-0.9155
-0.997915
-0.920513
-0.704246
-0.789281
-0.937895
-0.741673
-0.700593
-0.976243
-0.904248
-0.734171
-0.951063
-0.996234
-0.992356
-0.683243
-0.990398
-0.655957
-0.995723
-0.905045
-0.983564
-0.91519
-0.968801
-0.989832
-0.980169
-0.982845
-0.961595
-0.985585
-0.996335
-0.98436
-0.99298
-0.853829
-0.95578
-0.88695
-0.943996
-0.95776
-0.956807
-0.996136
-0.997127
-0.592341
-0.69615
-0.988894
-0.989391
-0.68207
0.0342268
-0.972672
-0.992292
-0.676295
-0.731939
-0.960431
-0.954387
-0.994838
-0.801522
-0.954514
-0.967059
-0.964759
-0.672155
-0.984832
-0.622718
-0.995598
-0.974637
-0.922365
-0.9928
-0.910007
-0.983874
-0.958275
-0.950667
-0.980669
-0.924703
-0.363362
-0.918499
-0.996782
-0.935225
-0.996892
-0.977841
-0.967735
-0.900999
-0.937428
-0.993383
-0.952546
-0.986008
-0.942562
-0.860023
-0.812702
-0.754632
-0.973846
-0.967248
-0.956014
-0.982372
-0.998452
-0.849781
-0.999347
-0.975732
-0.528238
-0.960141
-0.986233
-0.989421
-0.897201
-0.907948
-0.91467
-0.964011
-0.920881
-0.986703
-0.951496
-0.980065
-0.93199
-0.948893
-0.689727
-0.9852
-0.980901
-0.988975
-0.954096
-0.956073
-0.93017
-0.511107
-0.933554
-0.978653
-0.987775
-0.939103
-0.986399
-0.955184
-0.922992
-0.932038
-0.998764
-0.926478
-0.91689
-0.95199
-0.956464
-0.985349
-0.976497
-0.997261
-0.944896
-0.880837
-0.970281
-0.882266
-0.940487
-0.235408
-0.965482
-0.990027
-0.781161
-0.993184
-0.889167
-0.998167
-0.993005
-0.948695
-0.974709
-0.945145
-0.410925
-0.116764
0.244268
-0.850884
-0.998176
-0.991469
-0.729518
-0.959756
-0.985677
-0.398284
-0.865746
-0.995802
-0.96805
-0.349188
-0.94815
-0.930069
-0.945607
-0.936263
0.0280147
0.717129
-0.992253
-0.972152
-0.967976
-0.968583
-0.94218
-0.931296
-0.932029
-0.789061
-0.94304
-0.984091
-0.992099
-0.973328
-0.929137
-0.980538
-0.955499
-0.835935
-0.956655
-0.880405
-0.962856
-0.86225
-0.933913
-0.986544
-0.931962
-0.961029
-0.927485
-0.430034
-0.948351
-0.960266
-0.998704
-0.679547
-0.773724
-0.97581
-0.997787
-0.977189
-0.89765
-0.924841
-0.906786
-0.997984
-0.796244
-0.939679
-0.995283
-0.597595
-0.966304
-0.951958
-0.902074
-0.986885
-0.9987
-0.831281
-0.947087
-0.336987
-0.919889
-0.777853
-0.816804
-0.914818
-0.996122
-0.800212
-0.950125
-0.995435
-0.976101
-0.865824
-0.914071
-0.907731
-0.969797
-0.994847
-0.987178
-0.956055
0.221018
-0.938158
-0.99193
-0.956604
-0.933912
-0.884603
-0.934056
-0.974129
-0.86482
-0.914701
-0.95407
-0.992022
-0.542331
-0.520983
-0.970221
-0.963086
0.477546
-0.9462
-0.999343
-0.977108
-0.380674
-0.993319
-0.991085
-0.935186
-0.965245
-0.984716
-0.97817
-0.912631
-0.993975
-0.991227
-0.904543
-0.93338
-0.990571
-0.908791
-0.922792
-0.892061
-0.911116
-0.716999
-0.966983
-0.854179
-0.946805
-0.94962
-0.955453
-0.898234
-0.968164
-0.821292
-0.924046
-0.963002
-0.98964
-0.934627
-0.971231
-0.98869
-0.995848
-0.92805
-0.986305
-0.954418
-0.895465
-0.968447
-0.922948
-0.989464
-0.989708
-0.999935
-0.99963
-0.993025
-0.949558
-0.744412
-0.915678
-0.939399
-0.819321
-0.992292
-0.942906
-0.956622
-0.971561
-0.991286
-0.983122
-0.925944
-0.881914
-0.988927
-0.971521
-0.983883
-0.979949
-0.199888
-0.963126
-0.222354
-0.870495
-0.995027
-0.896047
-0.949155
-0.95397
-0.938138
-0.959649
-0.773463
-0.862934
-0.984807
-0.890289
-0.932132
-0.961709
-0.84694
-0.992622
-0.194361
-0.79782
-0.986836
-0.911094
-0.784911
-0.994648
-0.959897
-0.961432
-0.310548
-0.95957
-0.759119
-0.917736
-0.983561
-0.925202
-0.727152
-0.996561
-0.933823
-0.996954
-0.959873
-0.976746
-0.357967
-0.969224
-0.982982
-0.98795
-0.992596
-0.707774
-0.813101
-0.90691
-0.807627
-0.963155
-0.857726
-0.973038
-0.58325
-0.999269
-0.978001
-0.969811
-0.819111
-0.995314
0.970065
-0.959185
-0.910499
-0.956532
-0.903658
-0.998352
-0.993331
-0.995895
-0.981885
-0.920497
-0.937426
0.0140853
-0.981083
-0.939222
-0.529719
-0.884453
-0.96917
-0.97498
-0.95037
-0.995818
-0.962496
-0.869128
-0.953562
-0.801958
-0.976671
-0.906502
-0.886999
-0.93966
-0.992134
-0.970917
-0.905194
-0.998298
-0.984894
-0.810487
-0.55871
-0.995958
-0.904042
-0.93432
-0.744025
-0.42101
-0.820779
-0.95698
-0.889848
-0.965745
-0.976257
-0.853321
-0.944848
-0.979301
-0.988866
-0.998466
-0.994751
-0.986449
-0.87949
-0.900155
-0.888
-0.860055
-0.812096
-0.969991
-0.999231
-0.949667
-0.689042
-0.986109
-0.938652
-0.982699
-0.885006
-0.914781
-0.956535
-0.864582
-0.94849
-0.983301
-0.83387
-0.939878
-0.974877
-0.99785
-0.955698
-0.872721
-0.925798
-0.992736
-0.974355
-0.982978
-0.960322
-0.973014
-0.970766
-0.950489
-0.963761
-0.995645
-0.604926
-0.965251
-0.979115
-0.98946
-0.975891
-0.914659
-0.452136
-0.834008
-0.987108
-0.970904
-0.985775
-0.670034
-0.911327
-0.902159
-0.97476
-0.983171
-0.924329
-0.669934
-0.666473
-0.885244
-0.846921
-0.960208
-0.831899
-0.946233
-0.904346
-0.993186
-0.892723
-0.588916
-0.939588
-0.988343
-0.984941
-0.968413
-0.975479
-0.982103
-0.998694
-0.904002
-0.80106
-0.999085
-0.962327
-0.758408
-0.846968
-0.997425
-0.722162
-0.98777
-0.584531
-0.770203
-0.991325
-0.975256
-0.990379
-0.999697
-0.747276
-0.410503
-0.5527
-0.740047
-0.887978
-0.851473
-0.898141
0.229037
-0.933807
-0.852409
-0.918399
-0.95148
-0.980384
-0.96816
-0.969326
-0.985774
-0.99412
-0.994225
-0.794395
-0.999397
-0.940992
-0.88401
-0.970025
-0.995008
-0.977535
-0.989541
-0.984522
-0.981844
-0.99025
-0.998462
-0.93894
-0.928051
-0.963382
-0.981994
-0.970073
-0.911017
-0.0805734
-0.969455
-0.93319
-0.951456
-0.923747
-0.978883
-0.952133
-0.953581
-0.743146
-0.918781
-0.961807
-0.974036
-0.81045
-0.921434
-0.994558
-0.955113
-0.964379
-0.977329
-0.991472
-0.988784
-0.948913
-0.968131
-0.948865
-0.95585
-0.988439
-0.978607
-0.918181
-0.986138
-0.867236
-0.922918
-0.95823
-0.96227
-0.963022
-0.954148
-0.968935
-0.868859
-0.98983
-0.986678
-0.862801
-0.629181
-0.988333
-0.949602
-0.970951
-0.368539
-0.987977
-0.969324
-0.806638
-0.892217
-0.913673
-0.914376
-0.985949
-0.98943
-0.276645
-0.953606
-0.866988
-0.99261
-0.982621
-0.717756
-0.920497
-0.99299
-0.976099
-0.961418
-0.963567
-0.99357
-0.949248
-0.95399
-0.790998
-0.999982
-0.987198
-0.0134894
-0.968147
-0.940244
-0.933252
-0.98594
-0.979955
-0.949092
-0.999054
-0.983782
-0.950508
-0.9629
-0.623637
-0.989649
-0.839704
-0.992471
-0.984779
-0.962668
-0.88953
-0.993067
-0.979258
-0.976296
-0.98239
-0.99895
-0.989122
-0.995994
-0.977435
-0.970847
-0.965256
-0.854735
-0.944559
-0.979393
-0.704286
-0.884694
-0.977934
-0.987443
-0.998243
-0.922004
-0.944124
-0.997495
-0.912717
-0.918056
-0.507307
0.31034
-0.996083
-0.990666
-0.96043
-0.994278
-0.960133
-0.975587
-0.826488
-0.920266
-0.993487
-0.81613
-0.97588
-0.953836
-0.66737
-0.985923
-0.740237
-0.985802
-0.996255
-0.984292
-0.938822
-0.927834
-0.936787
-0.907606
-0.926442
-0.965431
-0.913642
-0.914081
-0.97714
-0.921895
-0.993161
-0.235182
-0.980377
-0.346252
-0.945086
-0.842335
-0.889068
-0.98571
-0.970705
-0.955229
-0.964472
-0.985948
-0.979361
-0.989158
-0.824465
-0.993912
-0.923232
-0.957454
-0.962512
-0.650857
-0.991784
-0.973792
-0.983722
-0.789905
-0.990874
-0.892592
-0.672057
-0.887057
-0.926781
-0.970201
-0.955609
-0.713104
-0.918777
-0.94048
-0.916624
-0.649813
-0.68953
-0.987969
-0.989096
-0.816143
-0.995995
-0.914008
-0.955867
-0.695803
-0.871159
-0.996969
-0.970583
-0.977792
-0.968042
-0.954723
-0.84529
-0.932818
-0.662949
-0.97558
-0.919581
-0.851533
-0.994692
-0.973554
-0.971112
-0.988752
-0.985139
-0.755911
-0.980676
-0.7342
-0.994343
-0.902705
-0.969636
-0.483086
-0.953057
-0.993973
-0.995269
-0.831937
-0.976257
-0.984013
-0.971825
-0.773378
-0.921327
-0.980986
-0.735455
-0.981331
-0.99894
-0.995795
-0.994025
-0.994791
-0.969539
-0.795526
-0.382673
-0.930774
-0.966247
-0.995212
-0.929528
-0.574917
-0.716763
-0.959663
-0.887371
-0.986929
-0.966618
-0.971552
-0.981793
-0.789684
-0.661003
-0.935969
-0.996145
-0.963879
-0.916777
-0.878787
-0.776925
-0.920092
-0.821105
-0.899176
-0.963153
-0.895471
-0.841651
-0.890358
-0.98874
-0.923124
-0.952478
-0.952653
-0.963908
-0.719203
-0.879251
-0.803414
-0.263153
-0.87862
-0.941222
-0.807864
-0.829479
-0.961667
-0.96677
-0.949406
-0.975894
-0.989925
-0.983272
-0.558906
-0.857695
-0.952925
-0.977901
-0.938449
-0.833618
-0.99267
-0.97478
-0.901454
-0.895203
-0.953285
-0.977375
-0.606946
-0.947397
-0.96334
-0.999396
-0.888486
-0.961424
-0.14749
-0.506362
-0.881933
-0.989228
-0.98861
-0.810439
-0.866456
-0.982673
-0.986124
-0.938191
-0.935774
-0.871852
-0.889374
-0.83189
-0.993762
-0.0841054
-0.997394
-0.994747
-0.916333
-0.995843
-0.911461
-0.93319
-0.897758
-0.857116
-0.919674
-0.841202
-0.470272
-0.969404
-0.974024
-0.977255
-0.990475
-0.984106
-0.931589
-0.947085
-0.990431
-0.999815
-0.967074
-0.720309
-0.971949
-0.849715
-0.945013
-0.96622
-0.982446
-0.985847
-0.934766
-0.998888
-0.962661
-0.981217
-0.999262
-0.898943
-0.981613
-0.791873
-0.993193
-0.992048
-0.993408
-0.995495
-0.983698
-0.965313
-0.796019
-0.986644
-0.962915
-0.755186
-0.873878
-0.676053
-0.998383
-0.966267
-0.981565
-0.956835
-0.880261
-0.974629
-0.97397
-0.854111
-0.9321
-0.901314
-0.833851
-0.974869
-0.929687
-0.967493
-0.79614
-0.958961
-0.992795
-0.986026
-0.974393
-0.997294
-0.645937
-0.988477
-0.974896
-0.983399
-0.943254
-0.989948
-0.96299
-0.991963
-0.817493
-0.948603
-0.981281
-0.968207
-0.976669
-0.981545
-0.984936
-0.97022
-0.902337
-0.863032
-0.425472
-0.993251
-0.861729
-0.935231
-0.998976
-0.837133
-0.942195
-0.967895
-0.937655
-0.980843
-0.98226
-0.977383
-0.85778
-0.953298
-0.989939
-0.962823
-0.91445
-0.907724
-0.976763
-0.983999
-0.596638
-0.887848
-0.930573
-0.991471
-0.948054
-0.46325
-0.970679
-0.969883
-0.982833
-0.993193
-0.421695
-0.914251
-0.508991
-0.850723
-0.731688
-0.969276
-0.827869
-0.991873
-0.996204
-0.984919
-0.986672
-0.964871
-0.995403
-0.951375
-0.998177
-0.926205
-0.950215
-0.977513
-0.856086
-0.759967
-0.885147
-0.919371
-0.996913
-0.910966
-0.966122
-0.956172
-0.887829
-0.98598
-0.960678
-0.920376
-0.998907
-0.957302
-0.995196
-0.997629
-0.976015
-0.948889
-0.95629
-0.0675757
-0.98529
-0.482076
-0.972566
-0.982697
-0.00134988
-0.896704
-0.982629
-0.947144
-0.999432
-0.946918
-0.927366
-0.958591
-0.963979
-0.968468
-0.146758
-0.987666
-0.967312
-0.956983
-0.992053
-0.836834
-0.896182
-0.941466
-0.925519
-0.864124
-0.631055
-0.136318
-0.797509
0.165342
-0.942932
-0.908191
-0.952061
-0.843673
-0.989987
-0.860628
-0.871907
-0.900768
-0.966628
-0.628352
-0.983544
-0.401566
0.893246
-0.971417
-0.942547
-0.985398
-0.982491
0.881659
-0.848566
-0.998471
-0.899006
-0.939671
-0.859222
-0.855971
-0.870364
-0.965899
-0.575915
-0.974695
-0.832611
-0.829002
-0.915177
-0.661218
-0.935129
-0.995653
-0.952844
-0.579267
-0.972227
-0.985409
-0.999104
-0.412834
-0.858983
-0.387352
-0.983369
-0.993496
-0.848776
-0.691794
-0.986334
-0.908141
-0.995491
-0.998062
-0.97745
-0.95091
-0.954472
-0.837318
-0.863517
-0.969957
-0.989625
-0.769486
-0.964994
-0.915066
-0.937818
-0.989655
-0.995416
-0.963708
-0.935807
-0.980911
-0.997324
-0.992788
-0.904506
0.119331
-0.856915
-0.776934
-0.955602
-0.847378
-0.835305
-0.964256
-0.929608
-0.940372
-0.95019
-0.83559
-0.996909
-0.977759
-0.949088
-0.978233
-0.995329
-0.997119
-0.957484
-0.984077
-0.984805
-0.993942
-0.993852
-0.999946
-0.986988
-0.999423
-0.897671
-0.935142
-0.991221
-0.999544
-0.995741
-0.973802
-0.986066
-0.975549
-0.888191
-0.980042
-0.976454
-0.965944
-0.975706
-0.96073
0.261894
-0.674876
-0.91456
-0.914446
-0.560698
-0.902799
-0.987697
-0.789195
-0.969497
-0.975492
-0.978501
-0.9794
-0.937473
-0.800269
-0.88879
-0.945342
-0.983107
-0.996887
-0.968743
-0.988624
-0.87873
-0.991812
-0.994037
-0.745797
-0.983673
-0.992211
-0.914885
-0.998218
-0.903813
-0.878909
-0.971621
-0.923843
-0.985086
-0.976588
-0.999103
-0.966191
-0.838002
-0.9756
-0.958741
-0.979523
-0.980041
-0.99165
-0.940528
-0.966771
-0.974863
-0.0340384
-0.937825
-0.919223
-0.991159
-0.489269
-0.988696
-0.996217
-0.98294
-0.927278
-0.937879
-0.876
-0.90112
-0.603746
-0.966971
-0.954401
-0.953948
-0.962949
-0.960519
-0.985586
-0.997416
-0.988198
-0.997657
-0.991443
-0.976686
-0.96833
-0.957405
-0.9839
-0.982847
-0.986153
-0.998814
-0.954768
-0.636603
-0.589349
-0.935796
-0.7617
-0.981281
-0.870527
-0.991126
-0.996601
0.217153
-0.735797
-0.995827
-0.959678
-0.921075
-0.938709
-0.991538
-0.826834
-0.948601
-0.868935
-0.999162
-0.989903
-0.129279
-0.83459
-0.962399
-0.923625
-0.98225
-0.910987
-0.952352
-0.950588
-0.970837
-0.915959
-0.969974
-0.977425
-0.883584
-0.91576
-0.919001
-0.902032
-0.995666
-0.997643
-0.955283
-0.924647
-0.98935
-0.982575
-0.972253
-0.841163
-0.945158
-0.943138
-0.988976
-0.983149
0.29108
-0.976051
-0.985527
-0.993167
-0.704921
-0.988474
-0.74691
-0.938759
-0.367821
-0.866578
-0.997449
-0.982195
-0.966772
-0.830622
-0.777594
-0.997482
-0.96142
-0.988588
-0.761215
-0.996631
-0.969147
-0.791657
-0.99567
-0.965993
-0.988033
-0.985129
-0.976855
-0.941923
-0.023554
-0.942734
-0.849593
-0.781407
-0.999159
-0.990636
-0.986743
-0.685097
-0.671352
-0.978665
-0.986938
-0.977209
-0.485134
-0.983089
-0.989153
-0.977754
-0.939517
-0.922287
-0.982022
-0.979534
-0.988192
-0.802136
-0.83616
-0.576543
-0.971554
-0.980418
-0.81653
-0.604753
0.899239
-0.985837
-0.998871
-0.997735
-0.7488
-0.967458
-0.725222
-0.944171
-0.871288
-0.836525
-0.673574
-0.960825
-0.977323
-0.68574
-0.657335
-0.968603
-0.94328
-0.922984
-0.97028
-0.997941
-0.951868
-0.993654
-0.955849
-0.99413
-0.927783
-0.825821
-0.994033
-0.820069
-0.987978
-0.946455
-0.982609
-0.980033
-0.953862
-0.973843
-0.973676
-0.980662
-0.950612
0.844613
-0.804419
-0.986921
-0.675932
-0.44909
-0.949422
-0.873399
-0.99054
-0.947389
-0.98143
-0.857032
-0.983966
-0.999568
-0.944113
-0.999522
-0.980145
-0.909149
-0.989809
-0.688251
-0.459017
-0.860918
-0.857072
-0.90749
-0.990149
-0.849999
-0.997181
-0.987429
-0.938458
-0.995407
0.0248101
-0.994402
-0.911318
-0.975134
-0.910912
-0.999688
-0.9599
-0.961986
-0.933336
-0.555607
-0.939262
-0.94749
-0.920504
-0.852147
-0.987418
-0.991645
-0.803651
-0.995759
-0.757357
-0.901963
-0.977151
-0.982366
-0.95806
-0.933378
-0.956412
-0.933469
-0.935045
-0.923819
-0.850003
-0.994939
-0.994648
-0.995447
-0.994389
-0.991025
-0.920142
-0.960555
-0.997766
-0.992137
-0.781127
-0.99771
-0.935727
-0.676339
-0.857456
-0.770989
-0.458039
-0.982339
-0.986297
-0.992897
-0.933489
-0.976168
-0.999959
-0.994112
-0.997648
-0.951715
-0.919553
-0.922093
-0.942812
-0.620652
-0.9661
-0.998596
-0.981088
-0.982988
-0.968487
-0.777448
-0.979303
-0.991935
-0.879357
-0.942341
-0.824521
-0.9534
-0.943161
-0.99459
-0.980227
-0.978299
-0.934448
-0.979318
-0.94534
-0.993106
-0.725738
-0.974338
-0.990055
-0.988132
-0.982564
-0.969678
-0.995656
-0.998279
-0.925261
-0.961766
-0.861721
-0.996738
-0.923326
-0.985118
-0.90722
-0.880841
-0.984866
-0.982037
-0.466876
-0.928851
-0.812002
-0.955067
-0.949625
-0.276832
-0.885554
-0.939662
-0.942632
-0.795159
-0.974579
-0.408704
-0.872116
-0.936337
0.944092
-0.669924
-0.978757
-0.967926
-0.994074
-0.987251
-0.490171
-0.775684
-0.75474
-0.818234
-0.977699
-0.844674
-0.975505
-0.917405
-0.852619
-0.871158
-0.453905
-0.925659
-0.968001
-0.919281
-0.968129
-0.991139
-0.990045
-0.967171
-0.986763
-0.808581
-0.987763
-0.28165
-0.824537
-0.998699
-0.990135
-0.96086
-0.941564
-0.993835
-0.873572
-0.702945
-0.997283
-0.984126
-0.983682
-0.985474
-0.925252
-0.977251
-0.884264
-0.977028
-0.986661
-0.979586
-0.987191
-0.959367
-0.962407
-0.951128
-0.920621
-0.960187
-0.965266
-0.957382
-0.920136
-0.901952
-0.97008
-0.938788
-0.934568
-0.57123
-0.998848
-0.98361
-0.992987
-0.998507
-0.966959
-0.965383
-0.925829
-0.936601
-0.77449
-0.999528
-0.98536
-0.856985
-0.982191
-0.664166
-0.947072
-0.980662
-0.974054
-0.961752
-0.995591
-0.959413
-0.66781
-0.961177
-0.962863
-0.851408
-0.889724
-0.404353
-0.906625
-0.914405
-0.935224
-0.949341
-0.932822
-0.945623
-0.968313
-0.956449
-0.569254
-0.792702
-0.957569
-0.998836
-0.906328
-0.994872
-0.974628
0.180345
-0.944812
-0.985115
-0.96278
-0.999136
-0.97948
-0.829449
-0.939869
-0.825467
-0.984089
-0.976566
-0.985049
-0.971118
0.414356
0.0971668
-0.96203
-0.920097
-0.663549
-0.753058
-0.998388
-0.919271
-0.983205
-0.998841
-0.999535
-0.964911
-0.981583
-0.984992
-0.953119
-0.980169
0.549379
0.0981677
-0.991428
-0.925904
-0.704249
-0.950011
-0.987159
-0.988576
-0.975294
-0.944841
-0.735817
-0.966506
-0.989831
-0.745774
-0.885032
-0.874548
-0.951877
-0.990264
-0.982357
-0.513426
-0.970357
-0.980476
-0.923783
-0.911201
-0.940714
-0.982469
-0.993386
-0.957738
-0.922205
-0.956712
-0.966155
-0.982197
-0.959907
-0.996322
-0.995834
-0.990092
-0.960517
-0.53935
-0.999354
-0.913405
-0.978174
-0.995215
-0.991786
-0.450242
-0.952426
-0.834654
-0.992986
-0.821749
-0.752951
-0.995877
-0.967322
-0.987198
-0.999583
-0.999591
-0.756986
-0.974678
-0.997745
-0.950071
-0.749442
-0.939987
-0.99315
-0.988931
-0.495245
-0.92302
-0.960164
-0.966705
-0.99943
-0.960542
-0.923894
-0.983561
-0.965268
-0.897543
-0.900354
-0.952655
-0.762833
-0.975966
-0.945752
-0.990134
-0.914352
-0.822468
-0.879741
-0.985369
-0.976244
-0.996974
-0.992649
-0.989042
-0.980411
-0.933468
-0.859008
-0.892248
-0.834904
-0.989822
-0.998108
-0.998221
-0.878262
-0.941739
-0.850712
-0.150708
-0.776585
-0.851836
-0.98108
-0.966657
-0.961169
-0.955828
-0.897162
-0.952016
-0.99612
-0.610513
-0.958686
-0.99606
-0.963562
-0.992143
-0.982975
-0.890633
-0.835078
-0.848661
-0.990187
-0.945898
-0.950933
-0.769944
-0.947823
-0.942746
-0.974279
-0.999983
-0.970059
-0.751488
-0.935833
-0.940054
-0.617757
-0.76573
-0.918292
-0.958661
-0.994079
-0.972114
-0.983554
-0.888948
-0.980991
-0.967963
-0.960988
-0.949533
-0.988454
-0.994824
-0.999387
-0.979501
-0.977328
-0.586635
-0.802454
-0.952357
-0.87532
-0.813967
-0.906103
-0.992643
-0.991348
-0.291062
-0.184724
0.119104
-0.913922
-0.888173
-0.988639
-0.976137
-0.86876
-0.92739
-0.998293
-0.957751
-0.938502
-0.919898
-0.99662
-0.361858
-0.972208
-0.992606
-0.981312
-0.990422
-0.775889
-0.972556
-0.748901
-0.961151
-0.952374
-0.946934
-0.946589
-0.967376
-0.970508
-0.986064
-0.988209
-0.982893
-0.969613
-0.947277
-0.981912
-0.990329
-0.98481
-0.923379
-0.987662
-0.995675
-0.993857
-0.980384
-0.943015
-0.99292
-0.870688
-0.837303
-0.995675
-0.915533
-0.986269
-0.907666
-0.994293
-0.977777
-0.956025
-0.987172
-0.934936
-0.993584
-0.994042
-0.995434
-0.999511
-0.997105
-0.948911
-0.976003
-0.941049
-0.949373
-0.978342
-0.747581
-0.769485
-0.879212
-0.955419
-0.93242
-0.399793
-0.87431
-0.805324
-0.932377
-0.351245
-0.942704
-0.980421
-0.929752
-0.965606
-0.995347
-0.992281
-0.827539
-0.993477
-0.954376
-0.988198
-0.98803
-0.993655
-0.971386
-0.952512
-0.994579
-0.963212
-0.905878
-0.289758
-0.962379
-0.977899
-0.794999
-0.942759
-0.91375
-0.920628
-0.8572
-0.844369
-0.980609
-0.965429
-0.95854
-0.916126
-0.948798
-0.921405
-0.810264
-0.97225
-0.971695
-0.775944
-0.977307
-0.997624
-0.99609
-0.999528
-0.970546
-0.949132
-0.908599
-0.904158
-0.557746
-0.794012
-0.986962
-0.94197
-0.948044
-0.989885
-0.991807
-0.999424
-0.986115
0.312227
-0.991465
-0.999928
-0.241939
-0.87375
-0.987258
-0.896143
-0.988638
-0.982015
-0.981226
-0.974646
-0.964888
-0.982257
-0.976406
-0.902687
-0.948522
-0.862546
-0.98692
-0.984799
-0.993061
-0.812572
-0.95058
-0.97462
-0.978603
-0.982351
-0.977872
-0.997689
-0.914142
-0.993837
-0.996123
-0.987931
-0.981072
-0.978696
-0.950265
-0.946254
-0.998347
-0.756089
-0.976212
-0.842646
-0.523772
-0.997792
-0.978378
-0.998238
-0.613438
-0.955097
-0.980617
-0.853818
-0.828255
0.0118683
-0.981466
-0.985788
-0.959624
-0.988452
-0.237684
-0.989865
-0.995408
-0.982256
-0.989488
-0.992578
-0.985799
-0.963238
-0.910127
-0.992414
-0.9998
-0.997742
-0.930328
-0.996287
-0.986712
-0.947127
-0.979194
-0.908395
-0.97363
-0.973556
-0.908356
-0.971225
-0.981296
-0.93717
-0.962627
-0.978529
-0.983303
-0.958054
-0.872885
-0.933236
-0.6433
-0.751827
-0.987712
-0.993413
-0.126673
-0.98879
-0.992134
-0.999588
-0.777267
-0.983353
-0.987519
-0.998567
-0.976113
-0.956461
-0.937004
-0.985283
-0.972744
-0.91
-0.990987
-0.99828
-0.12479
-0.975893
-0.973676
-0.985945
-0.999296
-0.945171
-0.622512
-0.950568
-0.987787
-0.986856
-0.988405
-0.982064
-0.975522
-0.99122
-0.422356
-0.996624
-0.984164
-0.947626
-0.805009
-0.986966
-0.982904
-0.917848
-0.971483
-0.990655
-0.961227
-0.957556
-0.936275
-0.993023
-0.999255
-0.967957
-0.94542
-0.963657
-0.779055
-0.917424
-0.982432
-0.845002
-0.989346
-0.940068
-0.977379
-0.99952
-0.936784
-0.916009
-0.999612
-0.979247
-0.979762
-0.970646
-0.984859
-0.995759
-0.992454
-0.6381
-0.970126
-0.999435
-0.992955
-0.945038
-0.983198
-0.996757
-0.999691
-0.99932
-0.990582
-0.941258
-0.963622
-0.851156
-0.953822
-0.87723
-0.992924
-0.726639
-0.971456
-0.986244
-0.977914
-0.830489
-0.966301
-0.535294
-0.978897
-0.976482
-0.959249
-0.984608
-0.967905
-0.974534
-0.982226
-0.515701
-0.942534
-0.974678
-0.760332
-0.996552
-0.91213
-0.931922
-0.987162
-0.995439
-0.998252
-0.994114
-0.986982
-0.987806
-0.992505
-0.997861
-0.944485
-0.963174
-0.993514
-0.934586
-0.955863
-0.921091
-0.982812
-0.995771
-0.998156
-0.992887
-0.950564
-0.945768
-0.989802
-0.678844
-0.980656
-0.901231
-0.717143
-0.964095
-0.970216
-0.966849
-0.960387
-0.94045
-0.903907
-0.914129
-0.729001
-0.87787
-0.902202
-0.990323
-0.987347
-0.993619
-0.88118
-0.87043
-0.988218
-0.908548
-0.748165
-0.987477
-0.994066
0.237525
-0.722811
-0.938937
-0.915012
-0.871383
-0.367111
-0.00525478
-0.947933
-0.964908
-0.451333
-0.732001
-0.99489
-0.85294
-0.963136
-0.902259
-0.933863
-0.886165
-0.878019
-0.816355
-0.969663
-0.971201
-0.929064
-0.951119
-0.865349
-0.942393
-0.99975
-0.999053
-0.921763
-0.95412
-0.812599
0.0155536
-0.939147
-0.912917
-0.999307
-0.976003
-0.950865
-0.851622
-0.964445
-0.998226
-0.971999
-0.963177
-0.981857
-0.904988
-0.538142
-0.930902
-0.992325
-0.953469
-0.914045
-0.858113
-0.983365
-0.99797
0.475313
-0.9919
-0.947386
-0.918575
-0.963956
-0.978819
-0.989103
-0.999789
-0.883475
-0.98342
-0.480106
-0.654385
-0.905703
-0.991099
-0.956193
-0.969012
-0.987518
-0.999986
-0.976992
-0.955285
-0.987138
-0.96531
-0.590513
-0.985711
-0.974833
-0.98723
-0.832008
-0.970093
-0.898828
-0.951799
-0.999954
-0.990164
-0.947951
0.263615
0.646971
-0.84258
-0.940564
-0.96155
-0.633032
-0.96103
-0.97061
-0.989677
-0.991647
-0.956756
-0.999505
0.94973
-0.945081
-0.716606
-0.921632
-0.765903
-0.831224
-0.987694
-0.997493
-0.999457
-0.801423
-0.999147
-0.922316
-0.985351
-0.980424
-0.983705
-0.974872
-0.939216
-0.405663
-0.908364
-0.92467
-0.933711
-0.813951
-0.991069
-0.978907
-0.998308
-0.960341
-0.910142
-0.857833
-0.994367
-0.923601
-0.795347
-0.879936
-0.95293
-0.959278
-0.959106
-0.354188
-0.956826
-0.785822
-0.997972
-0.98976
-0.992922
-0.407312
-0.982171
-0.546611
-0.988052
-0.931809
-0.970638
-0.900101
-0.91298
-0.995912
-0.936546
-0.946255
-0.968464
-0.978891
-0.963998
-0.950348
-0.989023
-0.959745
-0.78962
-0.977029
-0.806664
-0.908298
-0.963181
-0.932516
-0.996424
-0.9868
-0.998615
-0.507975
-0.994717
-0.913713
-0.964007
-0.992513
-0.977954
-0.992798
-0.921846
-0.852321
-0.450532
0.308109
-0.826042
-0.957408
-0.992546
-0.996005
-0.919493
-0.933721
-0.9448
-0.83438
-0.981486
-0.817339
-0.967023
-0.859742
-0.909569
-0.684648
-0.934958
-0.69483
-0.964098
-0.505007
-0.924153
-0.83066
-0.953237
-0.91351
-0.874852
-0.913915
-0.939342
-0.895054
-0.995452
-0.852343
-0.595937
-0.64824
-0.862409
-0.997011
-0.865371
-0.821649
-0.929569
-0.985023
-0.650191
-0.959057
-0.990147
-0.903209
-0.99471
-0.863934
-0.930269
-0.957688
-0.98148
-0.990219
-0.895613
-0.964375
-0.997949
-0.382674
-0.912197
-0.961197
-0.994805
-0.984383
-0.859311
-0.807661
-0.970636
-0.900966
-0.971257
-0.953132
0.0541377
-0.869108
-0.767629
-0.953871
-0.916014
-0.960644
-0.998381
-0.957385
-0.991789
-0.659143
-0.943407
-0.99587
-0.781132
-0.703481
-0.868643
-0.825611
-0.853439
-0.986912
-0.998127
-0.987802
-0.982849
-0.966795
-0.934487
-0.796785
-0.93988
-0.969415
-0.998159
-0.960138
-0.967358
-0.939372
-0.927161
-0.997838
-0.930264
-0.895643
-0.885467
-0.976028
-0.964296
-0.981657
-0.997072
-0.939368
-0.872802
-0.446848
-0.773621
-0.985693
-0.838604
-0.97202
-0.763388
-0.99416
-0.946068
-0.98449
-0.94231
-0.977629
-0.847113
-0.97035
-0.930566
-0.770553
-0.837496
-0.906221
-0.705122
-0.972015
-0.931371
-0.798365
-0.921579
-0.990679
-0.997628
-0.912638
-0.982818
-0.98574
-0.98259
-0.731559
-0.914861
-0.969936
-0.931905
-0.973905
-0.964499
-0.935658
-0.944594
-0.983567
-0.954094
-0.978375
-0.886661
-0.967751
-0.944595
-0.884034
-0.935355
-0.182963
-0.894912
-0.95471
-0.998295
-0.996651
-0.980571
-0.795642
-0.87906
-0.931465
-0.98099
-0.923568
-0.985979
-0.938036
-0.660917
-0.848285
-0.987132
-0.999103
-0.974194
-0.986307
-0.984797
-0.953871
-0.954915
-0.96493
-0.942301
-0.864493
-0.921283
-0.892238
-0.875227
-0.964677
-0.957247
-0.888739
-0.936143
-0.972518
-0.965312
-0.967494
-0.98052
-0.958739
-0.941218
-0.816314
-0.902797
-0.953681
-0.990577
-0.761294
-0.555171
-0.97307
-0.955495
-0.981888
-0.990487
-0.708364
-0.929144
-0.9846
-0.998048
-0.986467
-0.962581
-0.870376
-0.55508
-0.972556
-0.930463
-0.998733
-0.982652
-0.965228
-0.988665
-0.831725
-0.979243
-0.731651
-0.931583
-0.947513
-0.912204
-0.958554
-0.962944
-0.920311
-0.955372
-0.888689
-0.98409
-0.990714
-0.801129
-0.978096
-0.987185
-0.968733
-0.839042
-0.998193
-0.998911
-0.708435
-0.978849
-0.976098
-0.996628
-0.93961
-0.967687
-0.88707
-0.978008
-0.990434
-0.917579
-0.826977
-0.940802
-0.396704
-0.787716
-0.994643
-0.988457
-0.997632
-0.979501
-0.999926
-0.958913
-0.996731
-0.952527
-0.922697
-0.707085
-0.983271
-0.989706
-0.978854
-0.947631
0.821848
-0.988495
-0.983414
-0.99792
-0.992701
-0.697862
-0.850396
-0.808855
-0.99906
-0.979928
-0.980615
-0.840296
-0.922055
-0.869115
-0.949274
-0.990176
-0.991476
-0.99228
-0.994082
-0.989652
-0.851971
-0.676403
-0.988548
-0.749376
-0.995939
-0.58115
-0.589368
-0.970542
-0.957241
-0.98227
-0.994015
-0.97658
-0.974162
-0.858629
-0.952621
-0.831372
-0.997292
-0.995466
-0.996155
-0.928691
-0.952351
-0.998819
-0.93399
-0.957452
-0.956329
-0.977168
-0.950413
-0.873616
-0.932568
-0.962225
-0.950693
-0.994397
-0.970801
-0.935143
-0.404784
-0.85756
-0.682342
-0.957478
-0.950083
-0.837996
-0.930101
-0.972609
-0.758104
-0.979393
-0.923862
-0.931165
-0.931879
-0.921378
-0.928289
-0.975281
-0.946563
-0.880943
-0.985189
-0.979011
-0.889985
-0.845599
-0.923386
-0.790891
-0.908837
-0.979077
-0.875356
-0.882407
-0.501308
-0.827812
-0.997674
-0.980554
-0.916865
-0.808446
-0.735246
-0.805249
-0.796434
-0.992092
-0.211697
-0.905966
-0.944307
-0.997272
-0.99905
-0.972288
-0.880638
-0.957608
-0.80222
-0.991318
-0.868521
-0.911344
-0.928197
-0.999925
-0.867833
-0.885254
-0.815568
-0.973009
-0.946807
-0.997252
-0.992038
-0.948294
-0.967693
-0.728449
-0.939646
-0.937684
-0.973598
-0.889431
-0.957222
-0.921453
-0.991332
-0.983338
-0.977531
-0.962612
-0.996198
-0.39499
-0.949306
-0.982157
-0.9931
-0.995985
-0.999197
-0.841849
0.00808999
-0.974858
-0.854987
-0.984823
0.378712
-0.944536
-0.691086
-0.948395
-0.0813172
-0.567789
-0.982023
-0.739148
-0.992126
-0.995752
-0.997922
-0.998626
-0.992146
-0.999116
0.265304
-0.7706
-0.875026
-0.993963
-0.964413
-0.991922
-0.976833
-0.978542
-0.787721
-0.843542
-0.887189
-0.997727
-0.926983
-0.976921
-0.979914
-0.976872
-0.98035
-0.930041
-0.957014
-0.53729
0.106104
-0.953636
-0.947678
-0.895697
-0.997995
-0.688991
-0.975481
-0.999822
-0.901725
-0.989503
-0.644272
-0.333037
-0.997932
-0.229948
-0.813761
-0.913707
-0.962187
-0.947555
-0.922648
-0.9965
-0.9685
-0.925482
-0.975509
-0.99496
-0.935946
-0.588406
-0.848491
-0.998324
-0.987982
-0.991767
-0.989965
-0.99084
-0.973263
-0.951529
-0.960618
-0.937684
-0.879633
-0.957573
-0.810796
-0.968696
-0.914078
-0.859565
-0.939344
-0.952712
-0.841875
-0.844903
-0.676503
-0.987288
-0.989093
-0.983117
-0.113373
-0.897865
-0.922279
-0.97171
-0.9966
-0.993017
-0.772945
-0.986889
-0.95847
-0.989075
-0.951297
-0.989756
-0.96701
0.110175
-0.578805
-0.937441
-0.997581
-0.962838
-0.843881
-0.877687
-0.923226
-0.960601
-0.958258
-0.919141
-0.920192
-0.914854
-0.700338
-0.869742
-0.95885
-0.784193
-0.95525
-0.992863
-0.641857
-0.963269
-0.950698
-0.954886
-0.91582
-0.998016
-0.903561
-0.953046
-0.966381
-0.947794
-0.997108
-0.925818
-0.988273
-0.977516
-0.548081
-0.996789
-0.976842
-0.909511
-0.990182
-0.759017
-0.932772
-0.834454
-0.957744
-0.890627
-0.978828
-0.955778
-0.999658
-0.991178
-0.998999
-0.976041
-0.998838
-0.603611
-0.938238
-0.882389
-0.98218
-0.928838
-0.987693
-0.942621
0.640899
-0.970908
-0.871591
-0.896023
-0.978286
-0.994983
-0.99589
-0.982687
-0.995369
-0.980434
-0.977941
-0.985261
-0.958665
-0.994316
-0.960766
-0.99811
-0.917928
-0.984077
-0.970615
-0.996078
-0.946938
-0.992729
-0.896083
-0.74089
-0.121838
-0.303461
-0.979558
-0.936374
-0.999129
-0.933987
-0.981179
-0.945253
-0.972028
-0.970631
-0.986446
-0.918888
-0.752107
-0.970867
-0.855463
-0.782134
-0.586527
-0.446664
-0.983072
-0.814957
-0.996983
-0.190255
-0.926636
-0.953004
-0.978365
-0.998045
-0.982901
-0.960698
-0.888348
-0.95257
-0.996719
-0.927077
-0.875475
-0.984431
-0.993015
-0.930332
-0.899407
-0.984887
-0.977571
-0.516817
-0.857957
-0.997681
-0.807245
-0.750246
-0.826796
-0.988799
-0.993461
-0.985037
-0.918601
-0.987539
-0.984871
-0.989736
-0.965328
-0.821296
-0.816885
-0.946457
-0.738804
-0.990293
-0.983234
-0.97394
-0.899188
-0.768334
-0.750702
-0.941193
-0.964807
-0.363659
-0.953954
-0.992024
-0.994582
-0.996032
-0.988311
-0.983866
-0.943098
-0.964299
-0.311424
-0.994817
-0.99819
-0.992413
-0.900119
-0.370352
-0.974053
-0.988479
-0.905272
-0.984653
-0.860667
-0.850933
-0.996698
-0.861053
-0.983071
-0.992647
-0.950497
-0.850536
-0.925323
-0.964768
-0.958297
-0.989034
-0.999816
-0.894403
-0.994113
-0.976622
-0.957531
-0.91992
-0.739269
-0.585005
-0.844566
-0.989296
-0.992235
-0.995131
-0.885009
-0.976253
-0.983471
-0.913141
-0.961006
-0.974228
-0.984852
-0.995593
-0.941642
-0.964526
-0.990611
-0.972574
-0.999296
-0.988723
-0.994737
-0.999402
-0.920229
-0.968608
-0.996368
-0.941681
-0.988051
-0.979958
-0.990042
-0.683113
-0.940024
-0.972138
-0.957405
-0.996497
-0.948924
-0.886697
-0.962763
-0.90407
-0.993418
-0.562423
-0.950458
-0.524854
-0.937371
-0.999228
-0.997797
-0.961749
-0.824219
-0.920164
-0.989309
-0.405064
-0.991904
-0.977136
-0.947391
-0.989905
-0.99085
-0.959359
-0.994522
-0.968639
-0.990408
-0.997525
-0.997307
-0.999585
-0.992906
-0.944883
-0.98694
-0.953973
-0.961056
-0.984292
-0.988629
0.950318
-0.994588
-0.995997
-0.810563
-0.865626
-0.993115
-0.908827
-0.993282
-0.876195
-0.905695
-0.995447
-0.892828
-0.998783
-0.80174
-0.964103
-0.805367
-0.897081
-0.461571
-0.93889
-0.121328
-0.996375
-0.805483
-0.807561
-0.974307
-0.95497
-0.956465
-0.947007
-0.99282
-0.996
-0.961915
-0.778021
-0.280145
-0.764412
-0.876622
-0.630697
-0.963237
-0.877971
-0.985637
0.00146619
-0.718256
-0.751867
-0.958348
-0.995119
-0.985736
-0.959642
-0.995234
-0.951292
-0.125413
-0.935955
-0.923048
-0.987631
-0.959851
-0.983479
-0.935753
-0.753755
-0.959435
-0.969019
-0.848919
-0.761181
-0.985473
-0.99722
-0.974246
-0.667513
-0.959335
-0.944867
-0.896041
-0.929324
-0.975973
-0.882632
-0.985169
-0.96397
-0.983221
-0.774809
-0.972322
-0.123491
-0.820587
-0.993662
-0.974388
-0.9604
-0.555176
-0.855166
-0.941042
-0.954963
-0.89401
-0.96265
-0.994913
-0.996162
-0.97249
-0.999836
-0.905874
-0.849499
-0.302738
-0.778689
-0.893477
-0.879206
-0.984693
-0.596021
-0.97002
-0.85699
-0.964638
-0.995521
-0.998379
-0.987656
-0.997796
-0.984121
-0.962941
-0.975668
-0.951817
-0.981378
-0.978232
-0.978385
-0.974586
-0.998494
-0.831011
-0.978619
-0.99917
-0.949622
-0.985841
-0.988028
-0.987779
-0.709366
-0.974578
-0.930447
-0.759051
-0.951452
-0.958208
-0.959726
-0.969726
-0.989341
-0.977254
-0.98718
-0.439659
-0.974035
-0.960825
-0.937007
-0.995427
-0.894923
-0.998604
-0.975922
-0.94281
-0.989804
-0.909595
-0.979374
-0.830435
-0.196203
-0.795052
-0.891141
-0.991523
-0.959638
-0.987675
-0.979139
-0.944916
-0.970363
-0.995198
-0.983729
-0.984956
-0.769288
-0.889633
-0.923156
-0.921749
-0.950184
-0.524244
-0.887973
-0.983047
-0.654661
-0.570747
-0.948716
-0.921025
-0.60798
-0.989245
-0.980275
-0.971607
-0.472594
-0.984968
-0.791741
-0.928986
-0.931534
-0.984865
-0.904509
0.490783
-0.991873
-0.994717
-0.856003
-0.98531
-0.986687
-0.989479
-0.994857
-0.982798
-0.822607
-0.994286
-0.965967
-0.946766
-0.973887
-0.907999
-0.524133
-0.87009
-0.913902
-0.806112
-0.906148
-0.939865
-0.967119
-0.988515
-0.983119
-0.935011
-0.867298
-0.460794
-0.970703
-0.985981
-0.941896
-0.932926
-0.388152
-0.973763
-0.892491
-0.985206
-0.970109
-0.988857
-0.842129
-0.469548
-0.973623
-0.972086
-0.984591
-0.982951
-0.994549
-0.813601
-0.80444
-0.983965
0.191029
-0.959462
-0.954669
-0.484123
-0.997095
-0.991956
-0.962405
-0.629176
-0.494446
-0.986222
-0.987534
-0.957709
-0.895744
-0.837131
-0.995021
-0.996102
-0.951623
-0.94652
-0.992857
-0.915457
-0.919302
-0.962847
-0.840778
-0.939157
-0.995851
-0.817638
-0.985682
-0.972923
-0.854864
-0.973543
-0.934511
-0.935799
-0.958341
-0.983334
-0.947921
-0.959612
-0.976751
-0.98096
-0.964561
-0.889118
-0.944364
-0.996256
-0.967607
-0.986022
-0.997594
-0.994951
0.356519
-0.927698
-0.934629
-0.817499
-0.973975
0.0743217
-0.942521
-0.9399
-0.715334
-0.739724
-0.910094
-0.982197
-0.975602
-0.944089
-0.542923
-0.971977
-0.237535
-0.95397
-0.916556
-0.929641
-0.985132
-0.915146
-0.26816
-0.971072
-0.987757
-0.983248
-0.908152
-0.8901
-0.999731
-0.997684
-0.419447
-0.992438
-0.904934
-0.955708
-0.967815
-0.994443
-0.993206
-0.992834
-0.988326
-0.31752
-0.973208
-0.98194
-0.999288
-0.980586
-0.997342
-0.911036
-0.90217
-0.970615
-0.437766
-0.792151
-0.972715
-0.946318
-0.942523
-0.987581
-0.988157
-0.900765
-0.636851
-0.970516
-0.994752
-0.968647
-0.722918
-0.975097
-0.982311
-0.990993
-0.728799
-0.953508
-0.914638
-0.988913
-0.999898
-0.975749
-0.991075
-0.976956
-0.912032
-0.931238
-0.896658
-0.593712
-0.825936
-0.859661
-0.988198
-0.90936
-0.998001
-0.991493
-0.991401
-0.983108
-0.97408
-0.964744
-0.789573
-0.909588
0.0389174
-0.604104
-0.991503
-0.966391
-0.997379
-0.970673
-0.967307
-0.997395
-0.982381
-0.925251
-0.939981
-0.98686
-0.966962
-0.963971
-0.964077
-0.950601
-0.997957
-0.967609
-0.898346
-0.969342
-0.937602
-0.455877
-0.998136
-0.998872
-0.935485
-0.972084
-0.876701
-0.999059
-0.741752
-0.972647
-0.948366
-0.884426
-0.994683
-0.999457
0.138779
-0.990532
-0.959399
-0.947299
-0.908683
-0.993124
-0.96305
-0.86579
-0.799128
-0.917485
-0.908794
-0.942444
-0.877152
-0.99531
-0.981234
-0.981415
-0.996384
-0.926151
-0.957324
-0.506859
-0.899367
-0.978264
-0.962493
-0.756286
-0.421734
-0.83853
-0.907183
-0.948322
-0.918767
-0.97352
-0.96142
-0.936178
-0.991719
-0.972764
-0.836704
-0.774656
-0.954565
-0.876376
-0.853162
-0.866291
-0.95913
-0.970358
-0.996444
-0.993569
-0.959573
-0.876764
-0.906096
-0.960958
-0.964961
-0.621068
-0.990509
-0.788354
-0.950264
-0.922328
-0.974495
-0.973958
-0.665121
-0.883113
-0.857213
0.0159434
-0.949244
-0.918661
-0.928657
-0.999535
-0.998068
-0.877343
-0.947714
-0.843926
0.740454
-0.660544
-0.859469
-0.584461
-0.326605
-0.927409
-0.998722
-0.997504
-0.975413
-0.909344
-0.947307
-0.949496
-0.996024
-0.919533
-0.864958
-0.933357
-0.967764
-0.970148
-0.984576
-0.909491
-0.913813
-0.919005
-0.992971
-0.993719
-0.988648
-0.988907
-0.946175
-0.989965
-0.983812
-0.974809
-0.985761
-0.940618
-0.968039
-0.94814
-0.980083
-0.984144
-0.772009
-0.957442
-0.917903
-0.978489
-0.953743
-0.966128
-0.892786
-0.954383
-0.86117
-0.938354
-0.862776
-0.980009
-0.975146
-0.908666
-0.312387
-0.91202
-0.963761
-0.969312
-0.885142
-0.986773
-0.988483
-0.951494
-0.996724
-0.887252
-0.900936
-0.9907
-0.998177
-0.983825
-0.964791
-0.928223
-0.956508
-0.872189
-0.796253
-0.97689
-0.819549
-0.900012
-0.968298
-0.999135
-0.975868
-0.992364
-0.987114
-0.798989
0.51718
-0.944261
-0.859022
-0.959068
-0.977164
0.87826
-0.995318
-0.978905
-0.931566
-0.851874
-0.736644
-0.841933
-0.88519
-0.99448
-0.985773
-0.903853
-0.219949
-0.956745
-0.983437
-0.983873
-0.998261
-0.784808
-0.995702
-0.939631
-0.952036
-0.702237
-0.877023
-0.982463
-0.973755
-0.596372
-0.944299
-0.880265
-0.962581
-0.900924
-0.946253
-0.936124
-0.683864
-0.95634
-0.98708
-0.987093
-0.529093
-0.967223
-0.995603
-0.873809
-0.78534
-0.995582
-0.876202
-0.709178
-0.954231
-0.992168
-0.993763
-0.943111
-0.998764
-0.934281
-0.911122
-0.782926
-0.994595
-0.954757
-0.867319
-0.989546
-0.928671
-0.99426
-0.864513
-0.798226
-0.93928
-0.90626
-0.752657
-0.860549
-0.974871
-0.688673
-0.975583
-0.982466
-0.964022
-0.884782
-0.741682
-0.8837
-0.957384
-0.989398
-0.962421
-0.998899
-0.981546
0.00621285
-0.97807
-0.968729
-0.987234
-0.937205
-0.947239
-0.944883
-0.988605
-0.924886
-0.875226
-0.963555
-0.956975
-0.968781
-0.980396
-0.995768
-0.958673
-0.602094
-0.990605
-0.922391
-0.959723
-0.883582
-0.928565
-0.780986
-0.957961
-0.915435
-0.899737
-0.996373
-0.984137
-0.692066
-0.953597
-0.95797
-0.959835
-0.998953
-0.939585
-0.948035
-0.948488
-0.998118
-0.982674
-0.990715
-0.998541
-0.880181
-0.951525
-0.993699
-0.734644
-0.967782
-0.967458
-0.888013
-0.660321
-0.948966
-0.126032
-0.774682
-0.829491
-0.920037
0.635864
-0.995558
-0.990011
-0.931626
-0.922103
-0.857403
-0.933264
-0.92023
-0.99682
-0.993808
-0.972131
-0.988812
-0.991042
-0.12854
-0.371634
-0.996373
-0.994093
-0.98234
-0.972287
-0.987204
-0.955725
-0.929183
-0.991576
-0.994127
-0.993185
-0.87852
-0.954284
-0.988981
-0.982525
-0.977902
-0.897161
-0.724666
-0.997336
-0.990065
-0.898268
-0.990183
-0.988902
-0.964169
-0.865587
-0.999495
-0.901395
-0.995178
-0.75493
-0.908785
-0.919473
-0.853516
-0.552877
-0.932827
-0.972339
-0.89998
-0.895165
-0.840625
-0.94979
-0.968294
-0.42225
-0.735055
-0.808642
-0.790114
-0.971345
-0.906602
-0.967288
-0.9648
-0.991247
-0.98834
-0.633312
-0.885875
-0.887938
-0.944155
-0.567716
-0.975897
-0.953284
-0.975907
-0.915551
-0.841014
-0.272026
-0.85642
-0.936678
-0.95588
-0.995498
-0.669366
-0.96451
-0.97473
-0.976131
-0.995045
-0.99611
-0.994591
-0.973264
-0.990476
-0.953227
-0.9338
-0.92384
-0.980992
-0.12712
-0.815122
-0.900779
-0.839993
-0.865367
-0.885851
-0.991461
-0.994525
-0.992799
-0.993072
-0.73981
-0.959064
-0.955944
-0.99734
-0.922197
-0.876577
-0.996644
-0.988587
-0.992237
-0.927155
-0.921207
-0.944989
-0.984409
-0.996644
-0.969351
-0.828317
-0.619635
-0.999837
-0.989283
-0.999894
-0.984955
-0.979002
-0.959809
-0.998875
-0.872118
-0.112033
-0.937779
-0.953669
-0.903537
-0.946816
-0.96341
-0.752655
-0.937808
-0.864131
-0.961962
0.493897
-0.999547
-0.678942
-0.988701
-0.998422
-0.993242
-0.872535
-0.968678
-0.57954
-0.997994
-0.959156
-0.93174
-0.995264
-0.975187
-0.993865
-0.995623
-0.984822
-0.919213
-0.879136
-0.968531
-0.977671
-0.987547
-0.713902
-0.28349
-0.484458
-0.959842
-0.95516
-0.0849623
-0.978742
-0.955828
-0.884451
-0.860176
-0.895798
-0.682715
-0.855016
-0.982837
-0.816867
-0.996799
-0.69786
-0.989119
-0.993736
-0.953073
-0.89083
-0.99326
-0.497496
-0.995388
-0.993428
-0.989718
-0.857503
-0.999703
-0.970801
-0.24943
-0.999529
-0.962271
-0.87307
-0.875902
-0.974738
-0.979884
-0.904016
-0.807905
-0.951807
-0.995847
-0.843925
-0.891654
-0.8656
-0.856598
-0.999377
-0.991461
-0.988454
-0.0223254
-0.873042
-0.987981
-0.952569
-0.975011
-0.896522
-0.978028
-0.986965
-0.964693
-0.973583
-0.98223
-0.864213
-0.891407
-0.980401
-0.88536
-0.823724
-0.946603
-0.966714
-0.937844
-0.996155
-0.930836
-0.924731
-0.639381
-0.96805
-0.958637
-0.721428
-0.849039
-0.845464
-0.956376
-0.998297
-0.957476
-0.946347
-0.86538
-0.883887
-0.525497
-0.727272
-0.79017
-0.982301
-0.985939
-0.939472
-0.992007
-0.98885
-0.865932
-0.94837
-0.790404
0.543373
-0.982792
-0.911762
-0.967269
-0.504283
-0.582206
-0.985369
-0.965814
-0.99385
-0.994635
-0.992053
-0.756754
-0.910538
-0.942244
-0.955086
-0.994544
-0.992576
-0.956809
-0.77685
-0.983899
-0.994765
-0.881299
-0.895648
0.589599
-0.916081
-0.963423
-0.986788
-0.997101
-0.998223
-0.816923
-0.957508
-0.90401
-0.933903
-0.965405
-0.998034
-0.976098
-0.997866
-0.989245
-0.680129
-0.892074
-0.899576
-0.998405
-0.979838
-0.907961
-0.912406
-0.943842
-0.980805
-0.917931
-0.973175
-0.780129
-0.960783
-0.944812
-0.945274
-0.99861
-0.995401
-0.953155
-0.963338
-0.912244
-0.842865
-0.982936
-0.967989
-0.974204
-0.99371
-0.751971
-0.996129
-0.994005
-0.739022
-0.959218
-0.974648
-0.88375
-0.997226
-0.953014
-0.972593
-0.9118
-0.0324379
-0.979985
-0.978543
-0.994836
-0.828797
-0.491949
-0.61575
-0.79505
-0.92756
-0.584259
-0.973583
-0.623484
-0.917024
-0.993888
-0.997961
-0.97528
-0.975703
-0.934744
-0.822006
-0.713595
-0.998546
-0.966197
-0.867846
-0.950846
-0.938146
-0.845435
-0.994117
-0.976875
-0.996221
-0.952278
-0.935397
-0.98025
-0.79687
-0.997973
-0.950843
-0.98123
-0.892522
-0.852496
-0.952654
-0.956557
-0.925733
-0.919415
-0.587727
-0.983804
-0.959486
-0.943764
0.287191
-0.998561
-0.963674
-0.966421
-0.982156
-0.980592
-0.855842
-0.777373
-0.935545
-0.989331
-0.999538
-0.960414
-0.845311
-0.975877
-0.979813
-0.963484
-0.824109
-0.922393
-0.561047
-0.942071
-0.973454
-0.871555
-0.666322
-0.906319
-0.973466
-0.563682
-0.973927
-0.692992
-0.694791
-0.996971
-0.807398
-0.743167
-0.901239
-0.999288
-0.849506
-0.851284
-0.97907
-0.749012
-0.643393
-0.871647
-0.962822
-0.78985
-0.990557
-0.929357
-0.955185
-0.948974
-0.997933
-0.995072
-0.878721
-0.887217
-0.998449
-0.731375
-0.994425
-0.978308
-0.721323
-0.79943
-0.839895
-0.979843
-0.931937
-0.873861
-0.833532
-0.749671
-0.82328
-0.24738
-0.970007
-0.827514
-0.954913
-0.979544
-0.966587
-0.839672
-0.986398
-0.980696
-0.94482
-0.969706
-0.936999
-0.911254
-0.991771
-0.972436
-0.720071
-0.928267
-0.94798
-0.99609
-0.982028
-0.991127
-0.986079
-0.993557
-0.99372
-0.954742
-0.995153
-0.828117
-0.936798
-0.524956
-0.673008
-0.964956
-0.950068
-0.987709
-0.983609
-0.835121
-0.946253
-0.786726
-0.670098
-0.421779
-0.949515
-0.941283
-0.986149
-0.828979
-0.987848
-0.972327
-0.934708
-0.447765
-0.983384
-0.958581
-0.832611
-0.894158
-0.893515
-0.939532
-0.981826
-0.864837
-0.786383
-0.973552
-0.918482
-0.939997
-0.996928
-0.970791
-0.948403
-0.876401
-0.98146
-0.998573
-0.992782
-0.848762
-0.997681
-0.773427
-0.864758
-0.689724
-0.954799
-0.991491
0.0595129
-0.987472
-0.978508
-0.856442
-0.891358
-0.922444
-0.834522
-0.446398
-0.966626
-0.956923
-0.896285
-0.902134
-0.997089
-0.958679
-0.796252
-0.974063
-0.983128
-0.608118
-0.877674
-0.923012
-0.915243
-0.976375
-0.950327
-0.979907
-0.950067
-0.967394
-0.944545
-0.989224
-0.994617
-0.115556
-0.968514
-0.800598
-0.99844
-0.85999
-0.961547
-0.921956
-0.930339
-0.896117
-0.569628
-0.977993
-0.996855
-0.973742
-0.929443
-0.993306
-0.997994
-0.916791
-0.970219
-0.995081
-0.803993
-0.774173
-0.920622
-0.991189
-0.989349
-0.979257
-0.952323
-0.988917
-0.971148
-0.966976
-0.976013
-0.961776
-0.981212
-0.968489
-0.993703
-0.997215
-0.964616
-0.995128
-0.806088
-0.94626
-0.969934
-0.974883
-0.775461
-0.902198
-0.930465
-0.972741
-0.819933
-0.58192
-0.84559
-0.997916
-0.952931
-0.967815
-0.994251
-0.947583
-0.934631
-0.874141
-0.875718
-0.994931
-0.965795
-0.990143
-0.990635
-0.602166
-0.995024
-0.936775
-0.999514
-0.731633
-0.998077
-0.992081
-0.990431
-0.919072
-0.981993
-0.806771
-0.732642
-0.881987
-0.999297
-0.34914
-0.888767
-0.942335
-0.946014
-0.9536
0.170166
-0.991347
-0.957807
-0.989644
-0.90902
-0.811412
-0.978851
-0.996316
-0.982449
-0.942651
-0.967378
-0.992782
-0.957799
-0.968879
-0.986439
-0.875117
-0.984853
-0.966952
-0.59859
-0.919733
-0.872323
-0.895348
-0.862846
-0.981051
-0.956121
-0.982897
-0.680605
-0.461027
-0.917808
-0.913825
-0.963375
-0.952755
-0.906983
-0.917447
-0.998788
-0.960279
-0.982702
-0.973944
-0.874274
-0.980121
-0.992618
-0.94956
-0.958571
-0.995551
-0.979475
-0.87028
-0.985761
-0.99604
-0.862411
-0.934788
-0.944756
-0.996572
-0.969972
0.76501
-0.996837
-0.968016
-0.996803
-0.953537
-0.94404
-0.993935
-0.990682
-0.97338
-0.994434
-0.924902
-0.886766
-0.816673
-0.924163
-0.643203
-0.988355
-0.976437
-0.986616
-0.948338
-0.965367
-0.975131
-0.852142
-0.658216
-0.87063
0.215425
-0.264307
-0.58328
-0.999939
-0.98898
-0.942144
-0.867032
-0.96958
-0.988005
-0.965411
-0.955048
-0.252743
-0.935494
-0.761902
-0.955972
-0.985063
-0.997385
-0.811525
-0.972801
-0.984876
0.523492
-0.874447
-0.989769
-0.993766
-0.984543
-0.994202
-0.90995
-0.803204
-0.911602
-0.877096
-0.81192
-0.950021
-0.969246
-0.971144
-0.880503
-0.340233
-0.921351
-0.868845
-0.914232
-0.536906
-0.925378
-0.921805
-0.934406
-0.599306
-0.986346
-0.932864
-0.974432
-0.978072
-0.978341
-0.889832
-0.920074
-0.992105
-0.953822
-0.888917
-0.989571
-0.818845
-0.882771
-0.934844
-0.292489
-0.987724
-0.789502
-0.965991
-0.991864
-0.794548
-0.995713
-0.832795
-0.94746
-0.84687
0.339016
-0.840019
-0.969105
-0.989052
-0.96677
-0.655956
-0.961153
-0.938472
-0.984849
-0.977849
-0.952161
-0.975748
-0.987202
-0.853352
-0.96882
-0.971164
-0.954205
-0.919072
-0.971863
-0.930075
-0.998994
-0.997237
-0.965739
-0.973976
-0.8048
-0.208748
-0.998883
-0.586388
-0.998361
-0.983997
-0.955492
-0.955629
-0.976388
-0.909044
-0.936228
-0.998211
-0.95154
-0.605181
-0.930813
-0.959842
-0.381966
-0.957249
-0.963916
-0.854252
-0.771711
-0.950964
-0.563217
-0.624657
-0.976364
-0.823129
-0.999266
-0.988563
-0.998928
-0.983842
-0.990585
-0.965091
-0.910482
-0.73277
-0.98304
-0.876466
-0.986747
-0.979125
-0.450037
-0.982734
-0.651062
-0.947602
-0.92138
-0.885044
-0.888188
-0.989441
-0.964388
-0.916267
-0.930855
-0.95596
-0.928963
-0.989812
-0.999705
-0.98667
-0.967084
-0.987083
-0.996342
-0.983075
-0.983506
-0.971753
-0.983391
-0.901659
-0.920656
-0.896143
-0.997013
-0.934148
-0.989029
-0.994971
-0.966005
-0.959375
-0.890646
-0.943611
-0.758693
0.769818
-0.989723
-0.864248
-0.98127
-0.99478
-0.987549
-0.741995
-0.915604
-0.980794
-0.999952
-0.918768
-0.9924
-0.947559
-0.93434
-0.926189
-0.970263
-0.988059
-0.777755
-0.998172
-0.977942
-0.996017
-0.914568
-0.89354
-0.966932
-0.93167
-0.968032
-0.934199
-0.942456
-0.980452
-0.972788
-0.949428
-0.945959
-0.972421
-0.880042
-0.956881
-0.991602
-0.995703
-0.973158
-0.986633
-0.966045
-0.785171
-0.990583
-0.994731
-0.978982
-0.907842
-0.862263
-0.967393
-0.947954
-0.984778
-0.989807
-0.92018
-0.877275
-0.852259
-0.997065
-0.967698
-0.943499
-0.865358
-0.964438
-0.995989
-0.99902
-0.850892
-0.972882
-0.743572
-0.981635
-0.998233
-0.947529
-0.831379
-0.985377
-0.977256
-0.948424
-0.836804
-0.906697
-0.950576
-0.998561
-0.988683
-0.963311
-0.963957
-0.924866
-0.93028
-0.965633
-0.872355
-0.944449
-0.888597
-0.903059
-0.985752
-0.841071
-0.938755
-0.598785
-0.988932
-0.825848
-0.957633
-0.888989
-0.999348
-0.888415
-0.762853
-0.944463
-0.998885
-0.758164
-0.817636
-0.946095
-0.932147
-0.928687
-0.886695
-0.273798
-0.656324
-0.987233
-0.995105
-0.912977
-0.899482
-0.996794
-0.917278
-0.998257
-0.953481
-0.989612
-0.975016
-0.767582
-0.82187
-0.128746
-0.97736
-0.967186
-0.993771
-0.96047
-0.986035
-0.981614
-0.979168
-0.821778
-0.981723
-0.881297
-0.99491
-0.952026
-0.993142
-0.994885
-0.964243
-0.977014
-0.267351
-0.991925
-0.989669
-0.999514
-0.805727
-0.282428
-0.491866
-0.728969
-0.96579
-0.972787
-0.970661
-0.89779
-0.713411
-0.924377
-0.954599
-0.90676
-0.698324
-0.925651
-0.978634
-0.990556
-0.591561
-0.962631
-0.915677
-0.96683
-0.917424
-0.985846
-0.981643
-0.770267
-0.957311
-0.969012
-0.985215
-0.968155
-0.810159
-0.975134
-0.974725
-0.996577
-0.932688
-0.810434
-0.919882
-0.972098
-0.979997
-0.947564
-0.967299
-0.400213
-0.722692
-0.981324
-0.789637
-0.914487
-0.870339
-0.104579
-0.927472
-0.984723
-0.96699
-0.884234
-0.99684
-0.984777
-0.902934
-0.892107
-0.967662
-0.974024
-0.946687
-0.964501
-0.922806
-0.90353
-0.983155
-0.998279
-0.997299
-0.972582
-0.750018
-0.978002
-0.985223
-0.948286
-0.952813
-0.622473
-0.884984
-0.970889
-0.79092
-0.965756
-0.985869
-0.912106
-0.992738
-0.947201
-0.912432
-0.960098
-0.97359
-0.753749
-0.79746
-0.966262
-0.998645
-0.973533
-0.986992
-0.950891
-0.965743
-0.901655
-0.998841
-0.978085
-0.984315
-0.991306
-0.998298
-0.979784
-0.98081
-0.985461
-0.985991
-0.955447
-0.969917
-0.93573
-0.947454
-0.952763
-0.991304
-0.882174
-0.868712
-0.811259
-0.999244
-0.945784
-0.997171
-0.822772
-0.856413
-0.994992
-0.995097
-0.996823
-0.916908
-0.999584
-0.987103
-0.991198
-0.85417
-0.984143
-0.967275
-0.950324
-0.988838
-0.981109
-0.973394
-0.98983
-0.996281
-0.908631
-0.957888
-0.96758
-0.889013
-0.952533
-0.983475
-0.989327
-0.982187
-0.957277
-0.965711
-0.948669
-0.718948
-0.987523
-0.989383
-0.964184
-0.975256
-0.978526
-0.837307
-0.968274
-0.97499
-0.97605
-0.925104
-0.963893
-0.995039
-0.969686
-0.990654
-0.93421
-0.504677
-0.992329
-0.993561
-0.248406
-0.931756
-0.993639
-0.9786
-0.995302
-0.998251
-0.982026
-0.929756
-0.973562
-0.47877
-0.901438
-0.941811
-0.734972
-0.965352
-0.998066
-0.982738
-0.980716
-0.991455
-0.901157
-0.853376
-0.991279
-0.982101
-0.933234
-0.959091
-0.568626
-0.978914
-0.94615
-0.977473
-0.978837
-0.756132
-0.934363
-0.361913
-0.957876
-0.920516
-0.987401
-0.989726
-0.996441
-0.995705
-0.866814
-0.81539
-0.975523
-0.998078
-0.97708
-0.894769
-0.981934
-0.944275
-0.936578
-0.564347
-0.756089
-0.972346
-0.926277
-0.745571
-0.878806
-0.487955
-0.967413
-0.965258
-0.805295
-0.665095
-0.9532
-0.922732
-0.991425
-0.979649
-0.779378
-0.968322
-0.921917
-0.752259
-0.953091
-0.972354
-0.987185
-0.52506
-0.923886
-0.666776
-0.982116
-0.961598
-0.932895
-0.994669
-0.528798
-0.99252
-0.982806
-0.972838
-0.977852
-0.994978
-0.988436
-0.978157
-0.998853
-0.996359
-0.995813
-0.971564
-0.993426
-0.985451
-0.994965
-0.873518
-0.935246
-0.926604
-0.987084
-0.997112
-0.945729
-0.715033
-0.990937
-0.99542
-0.722065
-0.902297
-0.998039
-0.973756
-0.995972
-0.913758
-0.974058
-0.998947
-0.960261
-0.990808
-0.899797
-0.947312
-0.0959101
-0.999137
-0.997421
-0.995707
-0.986469
-0.83987
-0.869326
-0.973069
-0.884189
-0.942295
-0.983776
-0.717289
-0.876663
-0.939073
-0.998548
-0.927522
-0.876999
-0.993748
-0.780086
-0.983182
-0.95705
-0.988643
-0.896023
-0.988342
-0.630891
-0.958566
-0.845772
-0.965798
-0.967025
-0.96157
-0.916052
-0.855131
-0.908139
-0.94867
-0.961639
-0.958914
-0.929745
-0.954723
-0.981659
-0.978514
-0.827296
-0.646963
-0.993805
-0.999702
-0.861965
-0.997307
-0.998555
-0.915706
-0.944723
-0.955088
-0.862979
-0.875439
-0.933039
-0.451056
-0.991201
-0.991404
-0.989507
-0.996549
-0.984117
-0.99343
-0.982286
-0.775248
-0.94147
-0.983514
-0.996801
-0.984108
-0.997071
-0.819758
-0.99058
-0.91021
-0.994663
-0.989568
-0.933324
-0.969779
-0.875962
-0.968424
-0.942881
-0.946921
-0.869641
0.970093
-0.945515
-0.771293
-0.882391
-0.944849
-0.646174
-0.985793
-0.938636
-0.994694
-0.989042
-0.947019
-0.892774
-0.948643
-0.996248
-0.920299
-0.789448
-0.993839
-0.63339
-0.974293
-0.86517
-0.9964
-0.68711
-0.910225
-0.693834
-0.989978
-0.996463
-0.873979
-0.937964
-0.959323
-0.898395
-0.91439
-0.81605
-0.190666
-0.93508
-0.600099
-0.995151
-0.995775
-0.841328
-0.99598
-0.961998
-0.953754
-0.954743
-0.964797
-0.899019
-0.997471
0.401356
-0.929083
-0.972961
-0.852635
-0.886848
-0.989279
-0.979974
-0.970295
-0.970451
-0.979658
-0.976896
-0.977477
-0.991734
-0.946145
-0.937388
-0.928932
-0.984832
-0.902834
-0.793511
-0.882117
-0.968393
-0.733863
-0.948202
-0.888196
-0.978997
-0.958978
-0.987496
-0.93068
-0.995311
-0.998601
-0.962918
-0.991637
-0.997131
0.939399
-0.99894
-0.820932
-0.862289
-0.979693
-0.679366
-0.892474
-0.970693
-0.944215
-0.950068
-0.995125
-0.967942
-0.997349
-0.98856
-0.751151
-0.987663
-0.983221
-0.997013
-0.940365
-0.980699
-0.983662
-0.937524
-0.872638
-0.241049
-0.965754
-0.76285
-0.96595
-0.857109
-0.862581
-0.862312
-0.898013
-0.921487
-0.966265
-0.943295
-0.980419
-0.996611
-0.984187
-0.761526
-0.8372
-0.967321
-0.947019
-0.643796
-0.924701
-0.884607
-0.898167
-0.999246
-0.821961
-0.963526
-0.986554
-0.990197
-0.881392
-0.997517
-0.993647
-0.909481
-0.988584
-0.989816
-0.954438
-0.973694
-0.93041
-0.78741
-0.457526
-0.390682
-0.998479
-0.889206
-0.714654
-0.971807
-0.979234
-0.979538
-0.991532
-0.897003
-0.939226
-0.9907
-0.942641
-0.790658
-0.949031
-0.888767
-0.957219
-0.744145
-0.915877
-0.942603
-0.995521
-0.928798
-0.991608
-0.830594
-0.9949
-0.980273
-0.51462
-0.987062
-0.7706
-0.886593
-0.827139
-0.957369
-0.964561
-0.979441
-0.968124
-0.999709
-0.991959
-0.999028
-0.993894
-0.997257
-0.942835
-0.991786
-0.969988
-0.99069
-0.680528
-0.978485
-0.984476
-0.910788
-0.116329
-0.769419
-0.509849
-0.991295
-0.989213
-0.93962
-0.886412
-0.852719
-0.981229
-0.947752
-0.793751
-0.953793
-0.936926
-0.859309
-0.981343
-0.980877
-0.498725
-0.88185
-0.938163
-0.960933
-0.999631
-0.922812
-0.85351
-0.944259
-0.969638
-0.771157
-0.934322
-0.935549
-0.568151
-0.860264
-0.981221
-0.637312
-0.988193
-0.972478
-0.771741
-0.968341
-0.0779908
-0.978552
-0.883831
-0.947761
-0.978314
-0.965252
-0.949873
-0.86303
-0.975827
-0.955781
-0.949458
-0.997177
-0.981329
-0.963771
-0.887895
-0.957677
-0.999582
-0.952366
-0.986559
-0.754879
-0.983498
-0.918454
-0.922972
-0.950711
-0.927971
-0.500407
-0.763264
-0.962647
-0.730532
-0.983692
-0.967108
-0.99342
-0.993654
-0.987522
-0.907343
-0.737484
-0.942684
-0.976672
-0.986018
-0.991095
-0.97637
-0.955117
-0.965187
-0.813319
-0.81404
-0.616982
-0.868325
-0.904969
-0.998947
-0.996847
-0.996409
-0.963748
-0.977061
-0.711425
-0.967628
-0.968925
-0.992094
-0.943646
-0.946274
-0.462708
-0.818688
