-278.107
-287.117
-283.269
-189.273
-296.416
-294.514
-281.918
-266.815
-299.716
-248.757
-265.122
-254.7
-231.031
-291.138
-286.293
-264.87
-271.803
-276.759
-267.946
-266.242
-257.701
-259.505
-296.398
-111.697
-298.564
-225.355
-284.74
-39.5175
105.565
58.9313
20.7624
-253.744
-171.752
-279.842
-276.601
-298.744
-258.505
-228.535
-239.559
-267.909
-221.808
-298.165
-211.311
-233.996
-255.115
-297.484
-299.402
-257.928
-18.5407
-211.502
-272.613
114.805
47.8086
-34.2779
-58.0259
-113.037
-135.412
-151.083
-292.618
-285.405
-156.964
-263.402
-200.287
-20.051
-140.336
-285.36
-276.334
-172.048
-263.511
-216.158
-243.557
-285.88
-231.644
-213.095
-211.92
-7.44502
-254.241
-164.289
-118.798
-298.635
-278.448
-298.946
-237.486
-273.912
-251.664
-230.78
-156.629
-198.439
9.542
-55.724
-137.84
-178.817
-245.168
-283.268
-261.355
-213.206
-273.052
-140.336
-193.111
-269.298
-294.567
-298.156
-248.721
-211.181
-223.83
-257.917
-133.913
-244.341
-269.76
-250.42
-107.745
-175.013
-193.014
-230.13
-245.919
-204.198
-231.72
-281.177
-293.155
-203.206
-219.731
-283.538
-288.656
-193.139
-284.852
-248.57
-185.136
-236.549
-268.237
-291.161
-292.133
-260.241
-293.931
-251.472
-200.56
-229.465
-261.73
-237.582
-283.297
-78.3169
-108.377
-193.695
-162.262
-228.39
-273.422
-215.481
-190.981
-215.958
-220.096
-274.538
-287.576
-144.804
-221.388
-260.883
-298.161
-203.76
-260.774
-171.33
-172.297
-274.242
-283.497
-162.283
-278.702
-268.834
-286.748
-282.604
-20.622
-210.772
-229.545
-282.943
-191.09
-138.909
-273.91
-285.56
-245.184
-265.637
-263.719
-277.716
-142.887
-239.539
-262.73
190.903
20.5915
-101.298
-126.178
-218.373
-65.2032
-283.119
-242.376
-285.133
-227.409
10.3786
2.51121
-299.832
-247.515
-141.228
-156.711
-183.014
-265.556
-256.029
-294.037
-239.031
-146.607
-256.247
-158.222
-264.496
-270.698
-286.454
-259.242
-265.894
-208.823
-247.187
-272.498
-22.0886
-107.13
-150.638
-251.939
-258.371
-289.368
-247.013
-290.575
-288.81
-224.832
-262.282
-289.608
-269.788
-232.457
-265.281
-229.1
-276.095
-224.46
-98.888
-103.023
-254.693
70.5025
19.7594
-42.1778
-137.01
-206.499
34.7161
-257.805
-260.266
-271.532
-272.095
-243.346
-267.411
-295.53
-102.479
-160.571
-191.439
-195.968
-197.741
-219.631
-270.232
-232.941
8.38641
-52.9497
-127.712
-183.378
-173.181
-288.964
-185.555
-211.254
-111.914
-130.204
-201.646
-245.344
-254.605
-101.189
-143.206
-178.881
-187.557
-288.35
-275.577
-293.52
-280.152
-165.495
-252.437
-272.478
-272.089
-250.452
-242.03
-291.802
-276.144
-101.568
-127.614
-188.556
-81.387
-255.607
-261.353
-273.287
-297.273
-82.5957
-235.286
-244.248
-283.286
-264.997
-270.049
-289.333
-272.52
-237.169
-287.591
-232.12
-284.848
-82.5351
-100.54
-283.88
-158.805
-265.162
-276.142
-126.191
-190.175
-229.929
-68.7557
-104.639
-252.314
-250.15
-272.857
-289.659
-274.177
-88.0457
-268.643
-113.295
-274.864
-199.858
-215.602
-238.57
-244.266
-280.197
37.7375
-12.3465
-276.841
-175.184
-271.715
-74.6121
-284.091
-173.498
-293.122
32.7902
-45.9348
-293.474
-272.93
-287.639
-190.579
-240.72
-249.394
-278.63
-151.932
-203.591
-253.933
-294.591
-37.6037
-183.143
-187.923
-224.571
-282.807
-101.314
-261.721
-214.27
-55.2144
-148.883
-241.823
-285.167
-66.5827
-114.465
-219.457
-85.6119
-255.937
-270.78
-115.392
-179.502
-260.727
-268.026
-229.507
-238.34
-259.465
-282.59
-175.161
-257.83
-293.71
-186.981
-279.427
-284.419
-39.9018
-122.497
-78.6411
-284.426
-273.144
-157.355
-230.625
-225.668
-264.323
-279.292
-128.038
-272.771
-97.7877
-239.784
-197.674
-295.939
-291.725
-174.625
-294.638
-231.772
-291.472
-242.768
-166.435
-230.95
-181.759
-204.549
-282.906
-298.374
-248.739
-228.773
-285.227
-273.217
-286.931
-264.265
-286.911
-267.141
-129.454
-280.019
-291.487
-211.621
-247.781
-243.874
-288.99
-119.648
-271.165
-285.311
-252.595
-177.515
-299.345
-192.438
-283.543
-259.833
-261.358
-290.015
-103.899
-293.609
-232.019
-211.192
-283.823
-252.163
-290.228
-212.322
-298.32
-227.945
-263.659
-176.248
-177.398
-244.287
-77.0827
-293.064
-299.376
-23.2079
-139.867
-225.637
-278.141
-247.629
-278.53
-161.425
-205.201
-285.848
-161.848
-246.655
-231.329
-284.769
-228.599
-298.558
-284.415
-265.42
-296.233
-135.669
-266.171
68.6673
21.9447
-151.041
-205.274
-238.784
-160.682
-185.919
-260.024
-290.369
-233.49
-262.148
-295.737
-294.733
-273.49
-36.3768
-135.487
-148.064
-285.064
-230.571
-228.646
-251.323
-285.673
-213.346
-210.477
-263.368
-266.068
-263.223
-289.219
114.146
-38.1103
-154.931
-249.753
-235.833
-170.071
-76.9603
-119.281
-160.878
-170.661
-204.054
-230.97
-194.779
-298.472
-126.219
-295.895
-275.794
-207.737
-281.652
-100.195
-187.911
-293.668
-134.122
-236.472
-297.677
-216.338
-286.409
-295.677
-299.654
-242.627
-235.508
-284.229
-210.161
-177.359
-245.528
-277.352
-267.7
-293.68
-150.935
-224.015
-236.101
-282.925
-234.34
-55.208
-149.361
-177.076
-162.118
-230.849
-289.914
-196.063
-267.944
-215.43
-226.526
-264.74
-298.911
-271.067
-165.335
-167.636
-299.077
-235.803
-151.06
-270.253
-143.841
-252.873
-264.454
56.3062
-29.8353
-124.871
-126.997
-286.568
-294.562
-256.813
-131.18
-137.49
-271.165
-257.423
-295.323
-176.566
-280.199
-227.268
-248.531
-283.584
-295.876
-138.948
-284.692
-291.73
-289.857
-224.328
-191.953
-201.827
-294.497
-193.183
-193.298
-222.574
-218.417
-290.554
-290.874
-226.867
-275.554
-280.158
-159
-234.922
-255.387
-207.623
-265.733
-279.697
-202.163
-206.006
-41.7807
-215.221
-271.499
-94.26
-172.858
-292.31
-241.903
-132.128
-269.671
-212.703
-257.184
-259.94
-289.505
-274.816
-153.362
-283.237
-256.51
-197.219
-265.68
-191.101
-271.277
-286.064
-268.232
-298.558
-243.558
-104.62
-263.387
-132.629
-261.185
-248.964
-269.63
-206.218
-75.5729
-239.13
-266.496
-243.196
-225.044
-241.598
-256.087
-232.513
-291.954
-249.519
-99.3085
-131.007
-289.84
-270.718
-62.9799
-119.877
-24.2083
-248.689
-216.77
-256.194
-285.278
-261.713
-239.63
-285.244
-281.929
12.4527
-149.196
-110.358
-287.565
-231.523
-193.462
-197.859
-212.692
-224.892
-227.234
-271.765
-288.881
-272.648
-282.069
-240.578
-209.982
-188.369
-163.478
-296.344
-261.877
-290.826
-90.8945
-273.591
-284.489
-123.387
-211.731
-243.972
-293.068
-254.221
-250.178
-258.747
-296.226
-164.134
-287.564
-293.817
-290.991
-191.342
-245.478
-283.288
-146.6
-257.648
-277.811
-278.142
-233.185
-247.575
-293.734
-236.444
-264.459
-298.347
-289.406
-157.745
-189.3
-179.549
-280.558
-234.525
-203.878
-293.813
-174.64
-206.388
-239.364
-284.158
-277.452
-135.929
-200.793
-111.905
-145.471
-158.456
-261.31
-261.668
-183.555
-175.662
-295.938
-263.746
-298.597
-268.77
15.4189
-282.275
-281.878
-270.251
-276.984
-256.665
-278.769
-233.964
-208.737
-217.648
-244.763
-196.225
-247.308
-296.425
-293.713
-287.855
-248.887
-297.141
-298.055
-175.042
-295.732
-298.66
-235.583
-238.721
-283.3
-297.62
-221.428
-273.688
-284.805
-185.692
-268.588
-266.078
-268.54
-288.369
-292.101
-292.969
-296.073
-72.4053
-81.7573
-288.602
-287.962
-280.744
-191.144
-278.408
-240.949
-268.329
-185.212
-225.691
-248.22
-202.427
-272.383
-292.476
-212.087
-236.096
-164.15
-225.443
-228.341
-286.876
-240.453
-232.43
-273.32
-222.678
-270.832
-299.285
-252.923
-240.308
-76.5119
-130.6
-256.93
-270.654
-175.569
-217.694
-269.298
-221.297
84.6498
-245.334
-295.812
-150.511
-259.978
-272.805
-289.527
-175.47
-229.838
-238.7
-274.394
-231.363
-293.602
-188.384
-242.057
-255.947
-253.899
-47.6176
-132.156
-176.711
-236.653
-182.942
-183.513
-273.641
-275.557
-208.385
-256.744
-257.818
-278.339
-283.9
-262.811
-198.614
-273.194
-282.443
-299.838
-178.583
-251.671
-283.71
-285.309
-179.966
-217.594
-260.826
-161.613
-193.001
-235.715
-277.092
-261.584
-286.794
-153.782
-259.977
-227.809
-266.096
-268.752
-288.738
-132.745
-161.432
-290.525
-161.324
-299.75
-75.5951
-128.606
-261.324
-166.219
-247.209
-271.422
-275.285
-261.265
-266.995
-297.031
-267.701
-266.369
-283.589
-294.603
-285.885
-284.328
154.889
109.244
-48.6541
-85.5331
-86.4764
-67.154
-197.295
-156.412
-162.036
-297.292
-225.406
-279.045
-67.3025
-134.663
-182.144
-199.495
-278.401
-123.173
-191.884
-249.779
-274.976
-285.369
-232.421
-286.552
-155.409
-279.706
-95.5521
-168.223
-196.914
-272.764
-240.012
-278.237
22.7158
-258.193
-270.953
-279.149
-266.905
-298.148
-187.753
-295.632
-261.76
-266.684
-289.643
-255.777
-131.509
-210.882
-276.961
-260.285
-264.103
-295.709
-198.91
-203.674
-271.807
-235.784
-220.669
-294.335
-237.659
-227.251
-146.411
-212.009
-298.517
-269.419
-197.001
-196.3
-215.81
124.713
68.3079
-20.7133
-239.624
-104.131
-159.676
-171.746
-281.824
-230.509
-159.042
-269.303
-268.427
-296.734
-277.522
-222.044
-271.669
-272.713
-258.121
-294.853
-296.971
-298.843
-280.004
-31.5324
-256.222
-299.971
-212.489
-145.405
-291.685
-297.87
-280.534
-239.595
-252.158
-111.364
-202.553
-217.406
-249.167
-133.25
-217.247
-240.12
-265.358
-284.889
-188.289
-275.689
-250.621
-245.14
-291.132
-270.697
-262.031
-167.352
-249.284
-231.242
-93.6605
-156.258
-269.449
-294.091
-228.312
-226.984
-236.427
-288.882
-184.058
-106.521
-281.523
-286.698
-261.331
-281.045
-260.624
-292.742
-102.557
-153.504
-175.853
-263.184
-291.391
-286.496
-151.892
-261.199
-221.793
-293.017
-197.706
-225.959
-259.498
-283.614
-266.868
-276.988
-244.912
-271.273
-183.599
-218.017
-286.984
-215.745
-295.547
-286.16
-295.882
-249.724
-290.584
-95.0749
-164.373
-260.21
-261.06
-272.949
-297.957
-261.608
-259.98
-234.949
-257.126
-291.723
-188.92
-212.804
-242.015
-182.329
-283.348
-184.782
-292.221
-138.793
-276.349
-283.864
-205.923
-240.981
-296.214
-278.851
-202.632
-292.737
-248.761
-151.132
-215.021
-229.349
-268.551
-279.704
-177.364
-290.861
-56.2626
-292.909
-271.895
-234.616
-229.461
-286.052
-228.177
-232.644
-50.7727
-222.534
-146.641
-286.125
-233.08
-245.531
-45.0895
-191.699
-249.775
-171.244
-216.48
-170.882
-293.36
-231.457
-291.902
-299.967
-263.358
-247.17
-289.246
-54.9594
-129.765
-167.852
-171.78
-269.944
-297.827
-209.649
-287.596
-154.465
-167.724
-292.347
-260.404
-277.172
-290.331
-193.891
-277.363
-180.127
-235.613
-236.78
-159.783
-214.548
-267.365
-210.791
-234.361
-265.46
-281.352
-290.246
-273.883
-233.683
-184.438
-247.026
-293.177
-231.159
-262.26
-297.365
-299.709
-209.061
-265.113
-243.907
-251.999
-280.152
-247.807
-250.658
-285.302
-210.112
-216.135
-245.382
-127.087
-291.6
-296.001
-134.103
-235.366
-282.339
15.0979
-57.3729
-85.2226
-130.732
-161.951
-205.463
-253.184
-267.958
-219.585
-247.859
-175.573
-269.833
-260.695
-251.585
-202.413
-287.135
-229.095
-10.3734
-23.2736
-293.023
-294.068
-271.142
-297.295
-245.427
-280.215
-251.042
-229.454
-270.556
-266.896
-282.77
-129.712
-220.82
-205.112
-270.678
-273.044
-270.886
-240.854
-283.879
-299.659
-234.693
-295.247
-298.215
-238.753
-150.174
-185.256
-240.368
-203.184
-238.906
-290.918
-54.3906
-258.933
-188.718
-268.621
-198.649
-121.615
-174.166
-178.259
-288.093
-224.014
-262.537
-290.604
-286.818
-226.015
-253.92
-271.136
-180.118
-191.514
-299.767
-220.093
-285.802
-258.82
-227.415
-291.405
-169.721
-251.163
-288.968
-294.833
-239.621
-248.656
-177.059
-183.074
-211.291
-287.397
-211.712
-245.033
-156.086
-244.329
-273.679
-120.91
-216.212
-172.555
-219.217
-225.847
-229.923
-285.836
-293.553
-241.171
-242.756
-203.033
-207.536
-214.058
-251.716
-296.442
-299.078
-115.966
-166.366
-166.507
-253.544
-294.843
-295.613
-267.793
-200.207
-293.929
-256.11
-226.297
-281.031
-268.235
259.947
-58.027
-81.197
-179.574
-204.045
-221.617
-54.7756
-215.325
-260.131
-251.349
-278.516
-278.585
-218.833
-175.217
-230.417
-283.878
-132.224
-163.641
-245.526
-296.996
-180.388
-186.636
-220.397
-298.419
-293.331
-283.301
-260.701
-282.517
-219.969
-197.455
-213.094
-203.691
-287.059
-235.735
-262.341
-148.847
-240.383
-202.157
-276.961
-261.09
-93.2505
-273.505
-299.556
-295.124
-284.946
-186.717
-215.531
-239.568
-290.822
-238.923
-299.94
-289.483
-276.34
-232.192
-255.121
-285.994
-148.794
50.7079
-85.5396
-240.308
-264.511
-289.416
-275.139
-244.211
-299.833
-291.75
-282.969
-238.457
-177.838
-261.552
-145.829
-186.756
-254.085
-288.196
-131.862
-295.681
-265.298
-232.69
-249.815
-149.463
-274.631
-289.411
-297.641
-118.581
-261.824
-140.129
-144.265
-184.205
-182.436
-285.135
-50.8378
-153.222
-253.13
-279.883
-287.807
-148.109
-180.01
-232.657
-258.658
9.55018
-206.286
-248.356
-288.185
-230.132
118.517
-46.471
-268.569
-298.629
-277.515
-193.246
-37.2083
-73.6121
-147.23
-229.16
-294.727
-270.988
-211.041
-227.911
-246.796
-236.347
-288.665
-232.126
-292.904
-296.669
-237.866
-250.625
-289.723
-241.162
-248.037
-266.225
-139.004
-147.675
-229.335
-287.92
-179.404
-114.767
-125.872
-133.746
-286.752
-212.305
-24.7815
-252.207
-106.939
-237.716
-182.015
-298.684
-296.295
-269.176
-177.901
-211.518
-294.544
-233.862
-286.387
-265.07
-283.985
-273.739
-166.292
-275.027
-187.823
-263.669
-197.554
-214.487
-290.573
-174.459
-285.633
-298.828
-297.575
-246.717
-282.6
-273.768
-276.106
-294.822
-296.956
-270.373
-294.636
-196.361
-247.157
-149.294
-58.5876
-276.422
-205.06
-242.346
-225.102
-250.784
-216.356
-298.959
-281.478
-179.367
-259.447
-268.355
-191.163
-278.296
-280.273
-88.3759
-226.654
-295.284
-238.964
-252.718
-165.112
-297.794
-277.265
31.7322
-182.437
-139.997
-51.2453
-283.147
-244.43
-45.8067
-146.288
-230.606
-248.167
-186.993
-278.168
-238.569
-255.561
-259.991
-260.839
-101.208
-226.152
-184.845
-274.471
-296.434
-299.857
-211.568
-291.705
-227.811
-119.731
-284.312
-263.325
-288.897
-299.634
-217.043
-219.542
-280.13
-276.464
-296.455
-225.396
-228.136
-292.509
-225.611
-281.193
-222.119
-261.641
-285.97
-293.505
-276.924
-281.749
-210.589
-267.637
-281.79
-230.174
-292.768
-295.901
-255.491
-150.875
-161.889
-283.232
-296.713
-270.739
-201.992
-253.913
-275.805
-263.98
-76.0964
-196.62
-172.179
-190.461
-242.92
-34.4318
-294.472
-268.664
-192.06
-240.9
-197.597
-289.863
-298.337
-224.719
-279.291
-213.25
-292.888
-292.965
-292.13
-155.451
-286.26
-295.738
-169.953
-140.175
-162.95
-194.742
-292.002
-290.12
-272.156
-290.751
-294.631
-130.316
-236.359
-257.553
-182.285
-261.94
-199.001
-231.005
-236.354
-270.578
-287.508
-142.8
-260.957
-233.867
-259.385
-287.969
-258.664
-240.962
-237.934
-280.671
-199.508
-263.838
-38.5365
-249.313
-252.151
-133.414
-278.203
-191.235
-298.333
-127.492
-234.092
-275.188
-46.8294
-290.929
-298.948
-213.014
-264.993
-267.332
-290.391
-289.701
-175.469
-178.522
-178.315
-241.728
-241.009
-241.782
-261.614
-282.816
-212.046
-299.993
-248.993
-173.452
-169.14
-227.197
-263.767
-269.213
-259.277
-284.879
-197.636
-261.177
-296.294
-222.399
-136.633
-237.792
-260.562
-235.28
-243.577
-77.2902
-256.121
-130.862
-250.326
-193.129
-223.003
-286.914
-235.139
-11.2843
-73.3612
-214.464
-275.138
-63.6359
-185.746
-233.885
-276.166
-182.656
-180.682
-187.879
-266.639
-260.679
-188.164
-298.07
-240.726
-176.66
-232.902
-271.435
-285.072
-278.586
-262.166
-136.326
-199.483
-283.546
-237.706
-242.455
-129.065
-241.428
-278.846
-229.445
-246.471
-197.118
-229.187
-296.068
-61.7801
-142.902
-168.625
-216.037
-253.38
-287.706
-280.21
-26.3085
-254.898
-284.938
-207.993
-209.439
-57.6462
-259.881
-297.98
-57.9004
-262.538
-272.9
-242.789
-233.203
-224.303
-265.566
-260.05
-255.774
-241.414
-296.066
-0.51228
-284.183
-261.481
-45.2657
-210.952
-242.006
-273.722
-285.291
-252.402
-253.453
-280.541
-191.534
-254.971
-269.656
-195.201
-287.061
-259.483
-141.315
-274.345
-284.459
-225.992
-295.691
-243.302
-263.261
-283.279
-38.4933
-128.185
-135.593
-250.828
-181.463
-258.703
-159.184
-295.147
-157.997
-232.919
-278.1
-123.929
-247.412
-250.989
-168.992
-196.355
-260.513
-245.111
-52.5481
147.192
-130.498
-158.209
-249.574
-255.502
-290.573
-199.272
-273.192
-290.769
-240.333
-218.858
-283.34
-174.371
-177.276
-286.411
-80.9475
-159.028
-252.934
-196.55
-266.489
-294.677
-95.3281
-127.268
-141.871
-178.294
-227.576
-260.988
-279.339
-244.634
-242.543
-294.493
-236.466
-139.607
-293.553
-295.849
-213.141
-291.756
-147.486
-189.858
-252.331
-268.289
-236.846
-247.31
-281.229
-286.31
-218.739
-249.664
-223.024
-266.032
-271.284
-283.652
-133.791
-257.988
-258.2
-289.519
-290.758
-288.544
-137.029
-197.307
-235.911
-248.499
-263.786
-255.78
-269.422
-288.48
-255.839
123.781
-44.2002
-115.449
-274.222
-287.447
-215.481
-17.3124
-84.5524
-284.641
-270.658
-233.967
-43.2945
-173.121
-271.272
-284.271
-276.788
-284.838
-252.203
-262.888
-272.411
-277.141
-109.909
-131.142
-206.123
-107.854
-212.054
-271.498
-293.465
-263.534
-264.618
-282.248
-288.133
-226.504
-283.031
-241.422
-210.924
-221.197
-97.8802
-225.653
-218.08
-219.897
-285.257
-297.42
-274.141
-253.726
-297.37
-295.758
-291.086
-236.458
-282.498
-224.075
-240.65
-256.357
-286.171
11.6556
-73.3384
-86.3314
-108.946
-156.211
-201.062
-242.229
-204.123
-248.33
-294.164
-139.732
-194.441
-167.662
-183.081
-289.224
-152.585
-267.38
-257.84
-286.432
-123.021
-214.259
-268.291
-177.829
-253.758
-242.344
-244.115
-287.495
-253.768
-216.407
-221.355
-291.161
-211.204
-234.112
-147.14
-261.581
-250.371
-157.658
-296.61
-269.669
-260.647
-226.222
-283.622
-214.982
-228.653
-253.302
-294.699
-287.576
-247.658
-290.043
-231.925
-259.739
-276.753
-290.519
-280.732
-194.518
-235.07
-271.378
-283.574
-281.546
-230.781
-215.84
-272.054
-285.641
54.2158
-46.8441
-61.4276
-74.7535
-215.686
-217.671
-285.205
-15.0588
-295.581
-286.994
-286.186
-279.122
-218.828
-285.217
-248.346
-206.812
-279.168
-249.831
-272.793
-201.427
-88.6288
-263.81
-248.345
-136.33
-180.643
-256.054
-263.448
-158.153
-104.303
-182.816
-205.39
-227.119
-195.96
-247.463
-170.974
-205.024
-248.071
-253.553
-150.325
-187.131
-245.987
-5.64338
-36.503
-255.694
-199.682
-293.143
-291.409
-293.178
-247.277
-268.518
-90.2039
-266.102
-283.005
-272.476
-212.085
-286.272
-293.977
-274.003
-245.254
-259.112
-180.914
-160.395
-195.204
-291.929
-238.272
-259.118
-296.882
-290.966
-211.896
-179.307
-274.133
-53.1889
-101.904
-117.634
-190.799
-194.384
-235.073
-282.232
-208.512
-230.381
-264.12
-291.468
-249.235
-95.0696
-209.091
-139.649
-152.485
-264.19
-272.039
-260.129
121.585
-166.172
-282.762
-289.703
-246.677
-267.813
-294.359
-190.202
-217.173
-299.659
-265.031
-299.215
-268.835
-294.897
-247.707
-136.04
-158.007
-223.217
-239.533
-274.124
-232.222
-297.92
-221.066
-239.47
-234.887
-259.558
-287.228
-235.208
-278.595
-236.345
-244.962
-214.387
175.607
104.275
-150.056
-233.364
-100.775
-296.558
-273.864
-277.835
-151.86
-228.047
-292.5
-122.579
-275.273
-263.575
-247.424
-265.352
-246.839
-166.074
-185.165
-273.659
-271.19
-191.048
-280.922
-120.968
-279.354
-281.431
-297.262
-233.806
-239.447
-134.891
-257.904
-236.03
-238.051
-277.181
-275.8
-173.379
-238.824
-270.877
-274.813
-286.25
-226.534
-201.914
-283.333
-213.075
-215.944
-232.117
-250.846
-159.011
-241.249
-269.008
-206.391
-241.058
-269.738
-244.492
-233.295
-124.691
-278.464
-204.886
-288.473
-275.662
-225.618
-260.911
-200.849
-256.595
-291.085
18.707
-42.7657
-222.127
-290.272
-126.926
-139.518
-165.675
-87.9109
-268.656
-249.318
-114.806
-213.714
-242.351
-289.575
-297.78
-137.699
-183.191
-241.933
-281.072
-258.49
-270.346
-207.624
-237.814
-253.679
-163.473
-214.075
-227.847
-251.272
-251.14
-200.702
-225.112
-233.462
-292.402
-283.415
-225.416
-277.979
-229.346
-298.782
-270.588
-260.956
-158.733
-178.237
-195.874
-285.015
-251.135
-299.846
-190.089
-258.775
-242.309
-84.1421
-249.397
-264.739
-235.713
-276.575
-292.955
-295.533
-227.548
-246.626
-275.298
-290.723
-290.441
-145.486
-267.168
88.1389
-10.16
-108.279
-231.534
-209.721
-255.75
-139.598
-278.348
-260.501
-269.479
-172.407
-221.667
-226.53
-117.644
-276.536
-169.396
-175.362
-233.118
-277.058
-284.207
-85.8672
-197.373
-269.468
-237.917
-278.528
-282.495
-277.897
-205.275
-228.106
-298.984
-176.462
-267.187
-194.614
-244.776
-284.945
-271.952
-269.118
-277.166
-249.724
-250.094
-235.572
-292.838
-167.949
-127.828
-187.557
-239.25
-284.467
-183.292
-240.395
-274.763
-281.193
-210.848
-286.622
-220.163
-232.894
-289.412
-281.309
21.4611
-261.176
-295.436
-284.26
-13.9528
-278.924
-296.932
-275.362
-247.706
-270.644
-240.839
-266.452
-200.842
-265.611
-283.07
-194.491
-278.371
-295.781
-299.298
-165.508
-172.531
-296.274
-170.951
-245.945
-279.897
-218.374
-296.248
-120.58
-232.398
-239.938
-294.033
-257.043
-276.508
-20.2337
-175.344
-250.911
-216.012
-266.937
-278.673
-267.382
-272.947
-240.412
-270.467
-236.53
-262.06
-294.79
-201.834
-246.801
-226.55
68.0296
-238.636
-277.503
-278.29
-279.911
-296.559
-171.54
-214.864
-257.669
-188.341
-237.607
-190.502
-281.334
-203.889
-248.628
-268.827
-271.131
-273.263
-178.051
-295.695
-155.534
-154.195
-244.858
-270.146
-181.539
-247.264
-273.495
-261.048
-247.866
-150.284
-164.445
-258.03
-268.848
-270.826
-252.697
-232.086
-138.307
-234.488
-263.605
-272.859
-276.509
-141.02
-198.218
-204.407
-272.14
-291.619
-289.613
-243.57
-295.268
108.672
100.062
-48.2914
-98.2559
-128.857
-154.723
-214.108
-282.53
-143.139
-295.565
-226.181
-78.966
-86.3419
-242.799
-288.696
-296.499
-224.785
-213.661
-291.84
-286.679
-248.225
-261.038
-24.6722
-187.013
-281.033
-297.849
-296.311
-299.017
-182.304
-242.417
-288.495
-252.19
75.4604
-277.491
-283.524
-191.109
-256.931
-187.303
-266.339
-46.0479
-92.3677
-110.581
-239.698
-216.392
-262.657
-290.539
-269.801
-158.054
-225.05
-225.55
-235.974
-281.607
-294.846
-277.769
-289.859
-253.025
-262.387
-270.237
-270.526
-171.926
-220.882
-251.268
-183.381
-201.056
-198.331
-97.449
-201.544
-243.685
-248.653
-268.046
-217.384
-10.286
-82.5283
-127.367
-91.907
-244.524
-286.002
-278.707
-239.812
-265.168
-293.409
-150.844
-49.5021
-169.689
-248.599
-266.895
16.8803
6.33267
-240.58
-249.626
-298.868
-173.495
-261.516
-282.352
-203.619
-160.202
-255.048
-236.58
-195.756
-222.147
-222.92
-270.632
-176.902
-266.754
-280.215
-298.534
-37.0813
-123.019
-221.382
-234.519
-259.808
-293.184
-214.775
-248.742
-267.361
-242.58
-293.042
-159.817
-165.598
-96.4185
-161.426
-120.649
-246.928
-163.537
-219.717
-290.728
-236.826
-208.241
-219.137
-225.478
-277.622
-225.767
-287.797
-290.449
-209.117
-284.385
-158.87
-245.42
-288.965
-88.7237
-195.825
-238.129
-250.14
-271.619
-288.311
-225.195
-233.588
-230.036
-260.972
-280.429
-242.22
-248.539
-288.051
-191.953
-274.483
-282.101
-242.035
67.231
-257.434
-295.618
-291.573
-283.494
-132.595
-122.146
-145.933
-104.545
-126.974
-30.6379
-267.168
-248.419
-191.016
-235.731
-159.987
-298.476
-155.708
-213.453
-149.264
-179.084
-251.039
-257.932
-214.454
-217.382
-260.731
-221.786
-204.473
-258.22
-135.508
-227.734
-244.128
-253.261
-299.661
-72.9752
-195.382
-282.917
-74.0843
-140.479
-197.732
-238.377
-213.703
-185.656
-287.95
-68.8874
-260.571
-295.797
-209.596
-287.021
-296.311
-195.964
-242.613
-273.439
-298.905
-289.417
-270.824
-123.258
-198.466
-211.847
-173.379
-227.551
-230.934
-243.778
-261.758
-293.078
-265.18
-268.882
-266.187
-290.239
-295.408
-188.701
-265.935
-299.507
13.5034
-211.236
-283.355
-233.362
-156.851
-273.775
-228.689
-90.987
-268.531
-274.772
-268.527
-11.3172
-56.4313
-89.4562
-239.764
-254.262
-283.039
-218.748
-239.858
-295.663
-294.707
-241.47
-290.272
-251.993
-201.861
-236.018
-260.378
-265.257
-277.007
-295.843
-289.183
-288.976
-142.061
-298.884
-252.461
-284.12
-45.937
-255.623
-287.621
-298.039
-299.284
-118.057
-221.074
-230.671
-282.886
-271.194
-291.469
-274.329
-165.492
-157.651
-278.36
-215.68
83.8854
-81.1272
-230.079
-252.363
-299.485
-193.772
-96.611
-128.414
-133.377
-284.211
-261.907
213.043
-169.09
-252.889
-258.626
-285.885
-225.113
-237.074
-288.956
-260.427
-241.762
-284.328
-214.356
-281.558
-290.555
-249.372
-260.516
-272.629
-232.435
-278.79
-134.617
-191.089
-295.616
-215.136
-28.9797
-52.5043
-112.088
-209.479
-267.882
-281.016
-255.767
-144.377
-263.52
-292.541
-95.0094
-267.869
-135.182
-245.871
-256.772
-244.289
-217.203
-296.032
-297.748
-283.583
-234.616
-256.758
-296.617
-272.089
-266.512
-288.084
-122.153
-204.27
-270.119
-185.848
-218.444
-266.508
-185.665
-245.359
-259.562
-259.63
-275.522
-221.476
-245.831
-275.277
-207.327
-167.145
-226.803
-292.306
-139.764
69.5102
-49.394
-257.592
-231.606
-245.36
-154.264
-275.713
-278.679
-256.648
-216.03
-227.138
-239.382
-268.121
-15.4807
-75.5229
-164.396
-260.603
-182.032
-254.629
-179.652
-260.715
-280.207
-269.645
-294.459
-276.787
-288.001
-296.35
-223.937
-259.549
-297.285
-144.378
-105.713
-270.654
-255.08
-271.086
-297.261
-221.492
-298.476
-270.448
-279.731
-240.871
-227.242
-263.872
-208.969
-274.676
-188.481
-250.161
-211.527
-286.797
-210.866
-231.891
-284.071
-247.246
-266.692
-247.072
-268.997
-208.148
-222.219
-182.731
-184.856
-247.169
-289.146
-260.495
-199.411
-286.541
-42.9222
-51.9472
-121.374
-298.938
-214.264
-230.681
-275.46
-132.077
-133.66
-176.415
-215.35
-248.712
-298.724
-103
-271.148
-16.9042
-131.672
-62.9548
-236.048
-144.206
-165.126
-260.444
-253.727
-177.576
-258.297
-114.832
-134.142
-98.8745
-202.353
-249.829
-270.116
-277.432
-249.969
-298.236
-240.23
-222.896
-283.942
-294.353
-298.265
-256.273
-155.391
-189.298
-212.269
-166.294
-174.959
-121.786
-141.707
190.185
120.17
55.1416
-96.766
-127.261
-139.349
-159.457
-196.614
-268.325
-255.52
-266.099
-218.329
-210.333
-151.917
-187.149
-227.243
-259.865
-255.734
-296.838
-251.18
-232.599
-208.976
-230.586
-245.265
-287.697
-217.992
-249.989
-289.028
-260.507
-261.069
-293.654
-293.054
-294.493
-118.316
-298.692
-141.493
-246.732
-289.93
-203.189
-245.357
-251.696
-188.558
-292.763
-195.79
-257.755
-213.132
-229.664
-298.856
-187.599
-281.884
-289.245
-193.141
-230.23
-291.214
-268.934
-194.522
-282.143
-257.756
-230.915
-260.332
-180.475
-260.704
-96.4052
-266.675
-264.9
-281.526
-282.722
-262.027
-150.642
-164.296
-258.722
-283.84
-192.784
-284.417
-285.669
-292.428
-299.765
-187.696
-196.595
-290.168
-190.487
-282.602
-229.923
-262.255
-290.838
-286.186
-254.079
-134.056
-279.885
-211.33
-217.949
-221.988
-264.861
-292.688
-175.814
-187.332
-232.109
-178.326
-258.877
-152.984
-284.295
-230.708
-60.295
-220.728
-244.674
-226.761
-249.34
-285.428
-172.974
-299.241
-226.494
-211.848
27.6758
-55.0209
-265.756
-272.151
-285.273
-254.413
-277.72
-223.113
-262.956
-150.346
-212.531
-249.067
-290.292
-169.421
-216.372
-270.219
-154.2
-18.9147
-100.496
-209.59
-261.277
-74.7038
-135.591
-216.982
-131.202
-241.472
-259.934
-285.297
-294.125
-197.251
-221.307
-222.132
-241.502
-219.005
-284.729
-238.74
-288.588
-245.399
-158.726
-180.7
-256.857
-285.266
-296.686
-150.05
-163.442
-228.227
-268.193
-281.872
-195.679
-224.459
-244.966
-270.166
-288.553
-261.727
67.6775
38.0317
-23.627
-258.395
-295.88
-239.133
-258.998
-295.894
-61.5644
-68.5957
-157.133
-254.155
-268.258
-232.064
-215.204
-264.907
-51.6523
-267.412
-277.988
-282.497
-272.218
-297.244
-228.303
-219.859
-257.265
-272.216
-200.702
-276.598
-275.549
-290.178
-262.757
-233.771
-238.081
-195.242
-279.85
-189.463
-263.43
-279.554
-66.7281
-201.224
-224.608
-259.58
-219.517
-200.22
-299.58
-106.46
4.42393
-63.2203
-275.17
-247.296
-244.307
-270.407
-177.963
-186.786
232.986
151.833
87.4328
62.5227
-211.053
-237.469
-295.87
-215.527
-96.5842
-210.547
-289.188
-296.975
-297.113
-292.062
-246.728
-226.69
-199.609
-274.218
-169.911
-291.675
-262.03
-254.721
-287.692
-214.236
-254.312
-237.306
-295.772
-274.012
-193.693
-291.183
-228.78
-269.039
-267.007
-270.948
-299.788
-292.991
-255.936
-289.215
-299.849
-182.13
-233.303
-295.183
-281.833
-270.477
-16.3936
-128.248
-188.213
-265.867
-296.87
-249.578
-264.088
-223.185
-294.155
-283.244
-279.845
-194.648
-215.931
-275.617
-266.818
-193.607
-220.936
-286.455
-88.652
-227.583
-167.111
-245.283
-205.036
31.2667
-202.623
-226.674
-296.119
105.525
46.5979
-26.4337
-203.544
-103.262
-288.871
-265.641
-251.226
-67.0062
-114.053
-152.158
-158.234
-161.729
-292.043
-245.994
-205.945
-276.709
-278.946
-276.487
-269.765
-149.574
-264.01
-292.389
-268.371
-288.123
-291.214
-277.805
-285.264
-253.147
-269.953
-279.751
-233.22
-275.082
-249.617
-215.436
-259.225
-252.053
-297.821
-275.306
-266.652
-217.32
-115.308
-245.348
-266.404
-118.892
-227.068
-144.638
-174.92
-200.984
-282.87
-244.831
-279.228
-219.569
-238.649
-296.103
-292.186
-4.63753
-69.1351
-250.67
-268.65
-290.87
-274.161
-216.979
-291.655
-45.6949
-129.417
-241.271
-143.472
-175.994
-285.877
-286.811
-99.1711
-230.171
-281.074
-250.146
-228.39
-296.832
-275.89
241.602
-11.8007
-194.536
-225.401
-278.188
-291.36
-292.569
-266.73
-139.312
-171.143
-281.397
-211.057
-286.878
-142.239
-197.89
-250.584
-191.77
-158.531
-208.703
-232.503
-242.174
-182.227
-268.711
-273.495
-299.209
-147.478
-186.045
-236.136
-247.981
-214.321
-228.937
-245.004
-296.51
-296.486
-277.256
-291.833
-157.149
-222.924
-264.754
-259.696
-241.902
-299.574
-186.859
-291.262
-246.052
-292.78
-286.982
-285.935
-276.634
-297.585
-280.567
-150.958
-220.262
-148.43
-271.31
-246.705
-258.874
-290.86
-255.016
-298.468
-244.253
-295.076
-257.748
-201.428
-266.848
-226.844
-296.984
-281.268
-279.985
-230.601
-270.045
-232.661
-245.797
-24.5706
-193.814
-292.404
-295.032
-297.189
-146.18
-146.709
-274.927
-261.283
-263.947
-253.572
-287.813
-214.77
-255.994
-265.849
-257.755
-245.348
26.4073
-60.0499
-291.899
-286.5
-178.559
-201.067
-249.985
-177.059
-258.574
-91.5474
-186.505
-242.232
-264.664
-57.7917
-165.867
-81.593
-238.711
-257.638
-52.4204
-92.1845
-263.37
-186.927
-294.978
-241.153
-262.079
-208.717
-265.409
-263.234
-291.93
-205.535
-295.092
-108.712
-150.608
-89.1656
-212.767
-238.41
-238.688
-256.497
-231.937
-187.697
-262.751
-231.29
-262.84
-259.117
-270.151
-256.578
-272.928
-41.5331
-177.941
-208.866
-247.455
71.837
-287.036
-143.703
-202.713
-210.524
-236.972
53.8258
-4.05779
-72.8176
-253.197
-253.83
-223.696
-271.177
-110.879
-132.197
-195.225
-234.46
-215.833
-264.387
-278.675
-296.899
-279.544
-205.297
-255.312
-278.423
-219.701
-266.338
-244.575
-296.876
-249.964
-243.475
-289.026
-176.416
-171.882
-236.238
-250.522
-262.913
-160.027
-187.949
-257.775
-165.869
-197.902
-176.011
-251.212
-214.515
-228.299
-255.778
-245.363
-271.345
-233.894
-105.582
-298.461
-211.369
-176.316
-243.044
-243.916
-258.675
-273.674
-222.864
-257.812
-298.929
-116.374
-186.41
-195.783
-210.582
-34.3745
-296.86
-158.815
-270.081
-251.197
-278.606
-281.269
-213.56
-246.21
-289.138
-217.15
-268.014
-272.173
-291.39
-291.972
-291.907
-268.001
-226.539
-283.231
-269.481
-284.076
-298.48
-223.93
-183.857
-222.501
-297.993
-253.476
-272.283
-212.03
-293.993
-200.739
-270.434
-112.727
-249.038
-295.083
-297.519
-280.429
-190.543
-142.714
-246.114
-239.188
-244.315
-170.541
-272.449
-192.062
-296.207
-273.083
-284.153
-281.101
-76.3956
-111.472
-112.788
-227.818
-240.668
-224.164
-289.361
-289.715
-295.605
-112.525
-271.534
-179.175
-194.412
-108.101
-196.113
-198.732
-40.3255
-119.842
-127.362
-270.809
-272.374
-218.822
-293.168
-221.031
-243.331
-199.055
-267.653
-273.271
-298.953
-298.86
-222.875
-145.67
-218.657
-192.066
-271.176
-280.516
-132.136
-219.924
-117.702
-146.201
-165.752
-211.271
-280.597
-225.61
-237.057
-257.271
-250.886
-277.054
-183.237
-284.224
-282.884
63.2062
-182.538
-233.801
-236.724
-273.805
-81.7578
-211.034
-238.816
-261.29
-259.113
-291.335
-191.482
-81.7926
-177.369
-217.264
-237.956
-278.123
-274.719
-232.205
-172.286
-273.032
-216.772
-179.253
-244.356
-192.707
-204.209
-210.496
-253.419
-194.126
-297.121
-275.383
-208.652
-296.32
-201.011
-272.881
-269.661
-249.515
-173.688
-255.632
-208.652
-276.485
-286.682
-227.314
-266.557
-85.5227
-100.874
-223.92
-288.322
-289.792
-290.026
-294.371
-294.625
-257.927
-88.3424
-243.487
-1.78067
-85.1156
-240.501
-257.861
-262.869
-153.507
-279.272
-230.257
-276.863
-279.204
-295.704
-252.607
-222.346
-113.844
-246.491
-275.625
-255.465
-70.2648
-71.1637
-225.322
-258.138
-297.947
-293.831
-209.307
-260.282
-275.534
-296.139
-112.274
-221.237
-294.763
-142.417
-229.268
-237.946
-198.227
-200.246
-257.658
-265.075
-213.371
-139.683
-243.349
-273.448
-219.832
-202.065
-238.499
-144.957
-153.93
-188.487
63.6609
10.6759
-229.537
-90.0395
-142.658
-203.852
-268.975
-284.773
-159.707
-269.449
-295.306
-297.712
-123.491
-166.406
-280.885
-214.045
-299.553
-235.701
-295.007
-286.825
-234.014
2.36599
-17.9085
-92.4686
-159.533
-196.443
-279.39
-211.56
-210.694
-281.694
-275.454
-263.907
-264.497
-246.655
-115.134
-47.5464
-170.41
134.169
-12.2222
-82.1567
-84.5545
-167.922
-275.789
-296.057
-216.684
-222.878
-270.59
-290.662
-146.118
-194.299
-133.978
-153.462
-197.723
-206.305
-257.168
-267.046
-255.291
-217.997
113.321
97.3808
158.928
21.2922
-202.899
-231.08
-126.162
-175.603
-254.896
-270.485
-271.285
-116.049
-157.109
-194.499
-233.601
-93.5881
-205.736
-257.846
-209.185
-250.071
-250.342
-187.923
-299.438
-251.284
-271.575
-290.2
-289.323
-246.654
-264.291
-283.617
-261.997
-254.177
-266.419
-241.857
-266.714
-159.624
-281.031
-255.259
-245.647
-158.539
-199.422
-211.246
-164.577
-204.564
-96.488
-295.907
-295.834
-265.811
-188.415
-285.908
-188.077
-255.674
-147.345
-40.7356
-267.742
-114.684
-280.395
-294.876
-257.871
-246.729
-203.401
-250.097
-282.284
-226.016
-253.655
-256.06
-104.641
-57.1837
-244.461
-288.002
-252.974
-280.716
-163.358
-239.024
-204.569
-202.298
-49.3308
-112.065
-194.578
-207.564
-255.925
-272.669
-277.386
-283.346
-293.69
-263.102
-290.708
-270.32
-289.511
-268.598
16.6237
-214.895
-228.288
-299.125
-253.488
-270.371
-278.283
-223.572
-160.402
-214.819
-231.972
-283.28
-210.902
-257.71
-298.671
-280.953
-288.955
-246.026
-292.894
-187.637
-288.819
-289.989
-86.0598
-154.843
-186.571
-244.749
-165.906
-276.411
-91.378
-124.614
-187.409
-293.917
-241.694
-250.986
-217.259
-277.11
-255.693
-156.35
-158.326
-217.357
-215.641
-280.415
-274.867
-198.218
-274.711
-121.216
-123.865
-175.485
-218.707
-172.076
-105.532
-291.06
-294.869
-251.322
-273.709
-281.841
-256.742
-263.923
-280.248
-249.552
-174.303
-208.723
-210.104
-239.721
-239.884
-203.381
-150.183
-179.433
-275.947
-247.501
-41.8649
0.259712
-26.6751
-268.403
-287.354
-297.944
-213.717
-221.82
-283.36
-297.525
-297.875
-259.112
-292.369
-181.173
-268.605
-208.157
-287.224
-290.562
-256.032
-10.9027
-231.31
-252.261
-295.741
-277.284
-225.901
-241.925
-249.671
-243.966
-45.4001
-204.922
-280.448
-212.998
-292.801
-294.521
-290.853
-290.938
-285.098
-285.621
-253.087
-215.402
-257.217
-296.616
-293.101
-192.896
-207.264
-160.034
-266.564
-273.182
-294.742
-227.004
-188.525
-261.461
-283.15
-295.576
-51.6317
-197.493
-198.853
-252.141
-226.441
-298.279
-193.833
-237.603
-239.185
-279.264
-198.616
-211.906
-263.731
-210.867
-205.617
-224.413
-250.085
-247.145
-292.687
-299.397
-290.001
-55.8471
-200.796
-210.737
-278.194
-269.142
-269.984
-289.905
-238.907
-254.144
-222.344
-267.26
-290.589
-205.792
-201.909
-278.61
-183.859
-233.636
-290.618
-271.283
-286.875
-287.793
-226.312
-64.8159
-159.639
-226.127
-283.314
-153.291
-255.087
-284.221
-286.453
-275.935
-217.538
-243.395
-68.5137
-210.857
-266.545
-216.462
-279.79
-294.193
-296.351
-112.191
-217.758
-150.814
-159.656
-240.323
-97.4908
-113.332
-250.512
-272.586
-288.756
-263.879
-282.649
-249.423
-291.648
-263.505
-248.538
-221.167
-129.672
-225.04
-111.468
-249.859
-259.793
-239.349
-110.347
-237.269
-284.634
-224.836
-192.046
-111.743
-165.187
-152.612
-295.371
-278.131
-258.809
-186.845
-228.956
-266.944
-283.079
71.5826
-53.8882
-292.246
-295.17
-281.361
-255.829
-238.018
-291.489
-139.332
-275.001
-270.312
-263.338
-211.009
-295.663
-135.357
-51.414
-154.638
-181.782
-272.521
-132.337
-294.288
-257.998
-210.041
-256.437
-257.508
-201.175
-201.841
-206.445
-240.99
-295.788
-262.653
-287.458
-218.31
-213.695
-250.754
-296.354
-225.714
-298.466
-230.561
-274.008
-272.058
-299.886
-283.735
-278.172
-174.964
-263.023
-235.629
-288.54
-282.332
-266.787
-273.929
-137.244
-275.2
-238.361
-253.305
-200.666
-235.597
-274.305
-245.589
-289.957
-203.3
-286.401
-284.862
-258.063
-225.199
-226.657
-182.264
-90.0032
-237.863
-243.504
-253.653
-260.361
-238.8
-256.51
-273.335
-99.9985
-175.852
-187.794
-261.469
-286.92
-293.582
-289.544
-215.518
6.8227
2.46865
-255.601
-259.011
-154.963
-154.696
-267.245
-194.232
-60.7292
-198.239
-286.203
-246.313
-275.112
-296.766
-297.563
-228.989
-259.659
-260.165
-288.363
-156.354
-216.61
-109.281
-228.625
-191.382
-260.135
-265.247
-224.093
-211.701
-282.29
-220.747
-289.166
-213.959
-166.532
-277.352
-290.911
-68.724
-204.892
-252.177
-129.108
-134.912
-157.088
-231.764
-276.325
-285.985
-230.915
-261.568
-261.86
-221.404
-274.772
-210.064
-188.377
-290.529
-160.671
-274.397
-293.865
-224.694
-234.992
-221.648
-251.635
-265.074
-246.412
-185.233
-218.08
-229.137
-282.905
-237.482
-291.96
-140.329
-168.912
-251.508
-299.614
-172.196
-276.2
-78.5692
-115.513
-132.713
-157.946
-295.005
-297.783
-187.206
-259.871
-131.721
-171.899
-228.664
-288.603
-298.606
-168.486
-288.004
-89.2947
-101.228
-159.649
-220.073
-215.867
-192.481
-268.931
-296.66
-298.195
-275.771
-135.008
-157.613
-184.781
-285.853
-296.088
-297.9
-61.9115
-135.949
-226.316
-270.185
-256.346
-249.353
-252.759
-249.573
-277.757
-195.598
-108.982
-219.926
-246.902
-161.344
-251.372
-278.082
-178.249
-190.932
-254.338
-286.326
-288.937
-296.081
-285.093
-269.493
-289.489
-270.407
-181.286
-286.965
-291.038
-246.464
-262.57
-296.978
-232.343
-279.944
-220.427
-291.164
32.378
-237.927
-239.942
-292.416
-254.195
-268.849
-296.941
-238.11
-260.534
-290.107
-146.667
-287.713
-295.965
-291.321
-280.165
-299.324
-184.5
-212.839
-212.931
-267.126
-285.234
-216.586
-252.722
-258.433
-215.374
-204.096
-247.188
-167.481
-196.98
-248.432
-286.561
-109.804
-133.332
-238.679
-265.48
-262.227
-9.26457
-58.0736
-167.793
-161.658
-224.481
-262.758
-288.764
-270.226
-126.893
-284.149
-219.93
-295.799
54.0808
-18.8943
-243.114
-259.555
-146.063
-245.446
-272.13
-138.342
-142.918
-227.881
-282.946
-112.685
-173.597
-266.618
-255.604
-286.147
-27.2862
-219.542
-144.358
-274.408
-267.628
-287.525
-68.9028
-129.131
-132.918
-271.624
-210.232
-274.111
-48.0741
-88.36
-230.99
-284.453
-295.696
-279.469
-240.222
-299.915
-205.872
-145.307
-278.203
-240.254
-255.776
-261.751
-292.217
-232.79
-265.664
-68.7212
-179.03
-278.477
-284.809
-270.609
-284.647
-278.021
-189.444
-193.967
-284.654
-288.775
-280.368
-162.334
-140.111
-280.654
-290.64
-282.87
-186.525
-299.939
-266.152
-267.326
-211.725
-173.398
-263
-266.815
-187.951
-204.887
-288.294
-255.657
-297.421
-250.904
-251.749
-269.297
-99.5896
-257.087
-69.0994
-143.513
-213.537
-227.154
-291.544
-257.532
-263.617
-255.953
-138.881
-218.752
-178.551
-281.481
-288.52
-255.415
-266.839
-235.739
56.5655
-299.72
-215.386
-288.596
-232.709
-251.706
-204.712
-236.684
-264.178
-284.256
-243.012
-273.88
-215.921
-245.047
-298.081
-229.298
-263.697
-278.476
-280.478
-79.2695
-120.489
-135.902
-277.445
-235.932
-241.58
-259.712
-208.169
-189.467
-289
-167.889
-289.819
-192.295
-197.777
-284.28
-196.619
-279.587
-225.46
-275.563
-264.557
-204.023
-249.476
-221.581
-179.036
-270.441
-288.517
-144.095
-161.342
-212.375
-228.68
-244.091
-287.984
-262.335
-56.2902
-245.887
-270.94
-279.359
-168.595
-281.487
-232.014
-248.969
-286.945
-227.384
-275.308
-104.232
-149.017
-282.089
-114.008
-200.35
-284.495
-282.757
-274.811
-269.497
-290.442
-291.644
-185.053
-193.416
-216.933
-296.515
40.839
40.2411
-8.59515
-118.719
-241.75
-248.446
-289.973
-264.562
-294.157
-165.249
-0.318059
-279.621
-246.891
-245.771
-249.811
-259.043
-280.571
-298.814
-297.09
-274.246
60.8386
-116.347
-141.87
-146.903
-138.157
-207.37
-228.477
-248.382
-53.724
-57.965
-260.613
-262.369
-221.497
-181.362
-287.212
-267.837
-289.168
-289.945
-281.054
-295.919
-255.068
-198.28
-207.421
-294.535
-227.583
-245.159
-291.859
-190.26
-207.525
-141.287
-185.87
-221.554
-262.214
-296.079
-251.005
-244.829
-269.269
-234.606
-226.697
-232.036
-228.036
-275.153
-246.95
-232.925
-284.764
-276.099
-179.678
-256.825
-257.749
-249.083
-282.596
-83.2962
-161.849
-292.278
-204.881
-268.087
-54.997
-236.545
-254.039
-264.798
-158.316
-161.61
-218.694
-272.427
-136.628
-230.329
-185.313
-279.623
-201.534
-248.592
-162.273
-155.761
-299.023
-223.136
-244.444
-265.273
-110.036
-208.241
-259.044
-244.089
-264.459
-207.298
-186.636
-286.676
-250.223
-277.834
-280.105
-205.208
-183.127
-264.189
-299.511
-283.845
-248.948
-110.542
-225.258
-228.068
-294.183
-299.383
-249.223
-283.029
-247.942
-244.5
-265.096
-267.056
-42.0119
-177.364
-187.26
-196.918
-286.697
-60.6362
-62.4009
-101.263
-146.98
-172.427
-189.482
-185.305
-286.394
-234.28
-264.178
-271.224
-278.405
-194.596
-268.638
-169.876
-259.332
-287.841
-248.974
-259.841
-294.711
-236.687
-271.424
-271.858
-267.305
-193.853
-228.005
-207.755
-215.324
-227.423
-246.346
-237.452
-244.476
-270.56
-231.868
-258.536
-278.166
-188.17
-211.201
-281.433
-225.796
-277.147
-264.191
-194.341
-233.754
-224.069
-204.913
-283.843
-287.132
-158.257
-229.327
-297.57
-284.612
-269.807
-53.138
-94.5912
-284.95
-139.727
-147.568
-270.616
-186.387
-253.389
-229.427
-229.242
-273.981
-298.115
-262.513
112.235
-44.7503
-128.825
-271.612
-281.424
-62.9263
-228.584
-107.172
-218.355
-271.707
-272.614
-258.482
-287.872
-298.945
-258.096
-179.87
-290.57
-282.617
-263.342
-47.137
-274.822
-269.883
-140.711
-231.469
-257.027
-285.516
-250.005
-273.663
-117.064
-145.295
-226.715
-292.645
-279.405
-140.368
-175.979
32.2897
-255.409
-285.335
-290.298
-278.742
-281.869
-269.034
-283.782
-255.676
-299.664
-225.1
-277.803
-32.3879
-172.533
-295.959
-234.753
-277.823
-245.101
-266.889
-237.484
-101.87
-211.41
-290.154
-269.09
-139.911
-178.368
-166.63
-279.1
-246.093
-269.055
-292.141
-291.617
-204.521
-214.314
-268.739
-286.091
-239.283
-204.339
-255.546
-271
-292.647
-283.898
-292.865
-297.375
-210.884
-226.616
-244.572
-266.561
-299.443
-278.276
-260.886
-291.315
-267.496
179.53
118.323
96.4098
77.9065
10.2251
-197.095
-169.59
-289.078
-234.629
-272.982
-96.1022
-177.454
-275.257
13.9874
-134.028
-238.527
-267.608
-285.262
-295.048
-206.208
-224.798
-99.2227
-187.861
-217.037
-266.887
-211.777
-291.324
-251.329
-227.592
-278.378
-270.728
-166.034
-235.149
-241.846
-271.036
-280.236
-135.206
-200.251
-278.351
-258.717
-140.365
-276.046
-250.96
-288.777
-282.343
-253.263
-274.241
-262.416
-253.036
-258.224
-232.471
-259.712
-285.961
-127.34
-218.528
-66.2379
-293.728
-235.228
-236.101
-196.869
-203.963
-248.954
-195.623
-189.156
-226.466
-234.003
-215.695
-228.7
-163.916
-285.736
-210.79
-85.1966
-290.951
-270.435
-72.6566
-278.908
-266.219
-272.938
-284.127
-279.804
-218.007
-256.187
-268.207
-293.788
-286.413
-209.009
-193.607
-283.253
-210.432
-268.745
-280.241
-296.911
-299.098
-269.761
-291.088
-260.512
-83.9812
-235.518
-290.945
-262.759
-30.0529
-58.9623
-190.677
-192.563
-289.764
-256.436
-153.253
-279.651
22.7795
-69.159
-118.724
-142.202
-217.995
-229.072
-133.39
-199.749
-263.437
-165.15
-276.826
-113.571
-203.25
-231.93
-286.277
-219.134
-268.678
-219.35
-164.61
-253.701
-257.61
-168.043
-246.844
-267.036
-274.312
-217.979
-267.751
-271.614
-284.395
-113.904
-261.918
-289.274
-157.719
-254.506
-291.871
-103.675
-239.003
-287.172
-193.86
-274.031
-186.11
-276.79
-184.38
-135.4
-230.889
-294.046
-253.844
-191.551
-209.041
-282.379
63.2671
-291.97
-193.59
-294.054
-298.617
-283.734
-295.594
-278.926
-291.936
-131.65
-239.251
-281.932
-268.063
-245.937
-294.692
-291.019
-279.467
-237.964
-176.739
-201.988
-203.733
-254.237
-236.183
-270.312
-277.792
-296.465
-288.772
-130.889
-247.919
-155.964
-285.078
-207.854
-243.012
-206.958
-220.316
-295.283
-212.462
-239.273
-271.43
-240.845
-269.2
-287.702
-277.201
-293.321
-116.231
-158.776
-240.073
-254.724
-278.325
-228.558
-299.594
-239.194
-246.434
209.392
134.316
108.411
7.33448
-190.771
-255.003
-193.547
-231.368
-233.257
-282.84
-292.988
-192.759
-288.73
-276.727
-162.846
-179.09
-278.873
-204.388
-264.729
-237.187
-233.269
-297.477
-245.918
-259.816
-66.3452
-262.219
-292.707
-253.242
-183.903
-191.081
-235.563
-230.701
-177.725
-236.715
-266.385
-201.913
-159.186
-185.319
-285.056
-262.775
-192.073
-264.882
-224.408
-241.161
-268.599
-224.266
-200.609
-93.1909
-280.915
-283.607
-258.017
-299.971
-110.784
-285.317
-298.736
-258.853
-266.267
-297.925
-270.228
-268.832
-278.75
-255.932
-274.708
-277.395
-290.905
-279.674
-237.893
-252.017
-280.956
-292.171
-290.203
-285.06
-289.124
-270.591
-280.707
-244.866
-266.635
-202.213
-223.461
-180.737
-290.879
-157.252
-211.166
-275.689
-246.361
-294.471
-222.035
-222.906
-275.968
-169.184
-201.544
-277.336
-284.883
-221.129
-239.558
-286.851
-173.331
90.9054
-83.2479
-279.761
-294.905
-131.223
-166.775
-185.574
-165.567
-253.346
-280.785
-286.384
-297.178
-298.898
-101.781
-110.934
-290.212
-202.196
-295.68
-258.977
-165.576
-252.909
81.5953
-100.333
-201.546
-270.8
-282.378
-299.66
-266.197
-287.347
-37.437
-80.4413
-245.374
-268.624
-286.749
-297.566
-197.819
-217.812
-260.469
-235.505
-124.948
-167.419
-248.529
-289.395
-292.093
-276.339
-181.315
-295.351
-276.492
-277.234
-299.057
-287.309
-295.759
-261.721
-239.736
-61.0919
-272.81
-299.837
-163.592
-287.292
-281.231
-284.469
-261.96
-276.692
-291.592
-252.183
-282.579
-295.176
-296.041
-281.757
-271.299
-268.926
-274.737
-293.113
-175.409
-265.663
-280.701
-182.647
-210.483
-251.07
-250.78
-183.993
-161.839
-282.437
-132.486
-142.508
-252.889
-272.728
-224.616
-242.982
-252.008
-139.285
-140.142
-224.545
-277.702
-269.604
-74.1048
-82.8545
-284.604
-231.073
-260.866
-214.3
-291.47
-219.727
-299.201
-138.395
-168.663
-278.313
-262.426
-285.934
-184.937
-278.151
-171.064
-222.912
-232.152
-240.885
-231.163
-296.653
38.5104
-204.996
-210.803
-291.693
-290.549
-284.335
-274.992
-208.389
-248.599
-102.278
-234.376
-253.766
-285.157
-224.789
-242.95
-261.947
-288.508
-277.346
-281.739
-143.599
-220.299
-113.039
-178.992
-280.08
-298.997
-267.96
-281.089
-268.09
-279.872
-276.933
-92.0123
-137.159
-277.192
-273.505
-279.446
-196.565
-204.852
-298.294
-281.966
-273.536
-214.492
-263.25
-276.629
-210.501
-172.255
-196.464
-204.844
-210.736
-261.449
-292.117
-292.614
-284.616
-233.165
-287.973
-279.047
-193.957
-288.094
-209.073
-52.0204
-222.411
-279.474
-296.625
-75.2729
-270.931
-247.804
-264.136
-244.547
-266.452
-246.063
-269.988
-299.926
-235.784
-287.178
-297.219
-289.918
-156.783
-162.044
-295.304
-250.901
-110.39
-238.525
-270.47
-201.737
-249.658
-274.77
-291.06
-299.291
-234.683
-284.914
-99.9891
-228.735
-232.2
89.1552
-128.375
-235.545
-299.459
-245.346
-281.201
-259.673
140.365
-127.421
-286.156
-274.19
-163.795
-218.953
-257.359
-256.284
-268.521
-212.583
-219.934
-251.334
-133.567
-180.153
-278.4
-277.442
-267.075
-194.43
-295.533
-105.975
-262.852
-275.373
-250.156
-210.648
-290.668
-251.229
-285.656
-283.366
-275.735
-274.031
-277.466
-208.407
-297.075
-120.853
-217.829
-282.066
-290.032
-282.093
-248.989
-180.501
-145.346
-257.035
-299.037
-234.02
-242.206
-259.878
-290.69
62.4816
-2.19992
-15.4304
-17.9814
-254.984
-295.311
-269.149
-212.807
-261.353
-242.907
-119.019
-63.2797
-281.445
-176.759
-56.3286
-213.394
-292.029
-295.946
-295.735
-264.167
-259.214
-288.895
-282.73
-244.425
-216.402
-223.815
-283.056
-263.827
-299.874
-211.616
-203.342
-220.772
-234.61
-275.999
-252.303
-283.436
-276.455
-274.771
-299.941
-263.715
-296.606
-241.978
-273.265
-265.827
-226.692
-182.743
-271.594
-287.08
-265.794
19.0456
-297.604
-20.8163
-51.2873
-298.796
-273.92
-217.096
-217.553
-234.386
-286.751
-124.491
-136.094
-203.241
-268.604
102.307
-294.188
-167.633
-260.551
-215.352
-242.929
-203.51
-102.112
-289.526
-290.742
-191.579
-193.265
-297.957
-138.909
-177.548
-197.547
-211.841
-291.147
-291.722
-224.864
-286.287
-291.287
-297.87
-138.813
-162.718
-196.564
-248.503
-187.37
-285.512
-285.851
-242.45
-176.358
-205.23
-284.473
-287.526
-166.339
-267.375
-292.72
-204.742
-158.407
-279.692
-194.162
-200.987
-296.409
-101.3
-64.2206
-194.854
-266.237
-222.826
-297.717
-293.394
-239.544
-244.877
-247.189
-256.838
-296.176
-160.687
-204.343
-210.094
-216.536
-220.145
-258.282
-239.086
-258.45
-277.388
-259.969
-269.797
-267.287
-217.627
-296.069
-74.2493
-118.069
-201.541
-295.799
-240.814
-258.577
-223.651
-216.145
-173.538
-207.607
-237.6
-270.722
-247.718
-299.238
-131.741
-273.495
-294.957
-285.685
-207.892
-149.781
-222.585
-280.871
-282.459
-109.674
-266.981
-264.416
-297.769
-142.187
-245.076
-263.43
-185.065
-212.738
-259.729
-291.345
-297.873
-292.402
-115.436
-174.739
-213.196
-214.78
-201.193
-299.708
-248.275
-298.935
-24.613
-284.495
-288.53
-243.45
-278.019
-192.004
-277.486
-277.804
-292.691
84.8886
41.6637
29.5728
24.6236
-84.7154
-294.148
-297.867
-219.101
-239.984
-37.5263
-271.004
-292.185
-299.069
-293.132
-209.581
-197.91
-288.125
-202.239
-212.807
-276.986
-294.448
-260.537
-296.559
-275.017
-188.487
-266.327
-271.039
-181.49
-182.7
-236.775
-289.318
-292.195
-259.342
-286.033
-285.925
-214.118
-287.745
-177.416
-257.119
-236.596
-242.735
-117.933
-253.803
-190.06
-270.67
-273.519
-253.22
-255.552
-297.827
-283.683
-138.188
-256.96
-156.048
-69.2941
-165.65
-246.051
-226.395
-261.876
-246.158
-247.926
-122.523
-173.835
-189.841
-217.945
-157.968
-197.156
-293.945
-270.968
-263.291
-286.663
-284.516
-246.319
-287.497
-154.621
-228.909
-164.535
-80.5471
-273.822
-282.64
-217.977
-285.543
-268.548
-246.94
-172.043
-149.387
-195.668
-295.919
-267.977
-277.655
-254.875
-239.923
-223.434
-264.631
-272.703
-292.494
-76.9859
-166.086
-181.401
-270.312
-257.989
-194.102
-271.774
-295.55
-285.634
-150.848
-268.838
-215.005
-229.23
-282.224
-268
-286.878
-295.428
-297.763
-171.586
-197.633
-291.057
-253.12
-113.763
-280.749
-292.488
29.1815
-251.745
-295.622
-250.513
-283.697
-239.211
-255.339
-267.569
-296.801
-299.83
-162.821
-170.309
-224.859
-288.505
-261.931
-281.498
-281.247
-112.356
-244.309
-120.005
-290.825
-248.207
-257.199
-114.392
-183.582
-253.293
-287.382
-181.233
-271.763
-239.046
-283.946
-263.524
-255.203
-160.242
-188.027
-210.974
-258.054
-245.781
-261.077
-288.907
-138.111
-118.469
-288.78
-272.3
-179.766
-263.69
-280.084
-250.544
-292.015
-296.89
-290.507
-164.975
-103.772
-132.423
-188.976
-161.916
-48.4608
-153.841
-258.387
-86.777
-96.4583
-248.066
-198.143
-114.314
-254.474
-195.591
-293.995
-281.762
-287.887
-287.942
-263.497
179.586
167.201
-117.454
-166.474
-178.284
-278.559
-102.264
-126.555
-82.3419
-207.679
-165.886
-208.162
-285.846
-219.157
-152.972
-115.387
-176.461
-215.827
-239.942
-210.569
-284.036
-121.065
-268.724
-291.486
-244.326
-288.538
-297.496
-67.1741
-147.14
-185.136
-274.252
-251.794
-270.835
-232.987
-264.37
-288.104
-253.268
-218.01
-288.85
-229.341
-270.33
-280.799
-233.643
-298.526
-280.259
-267.746
-242.161
-282.47
-272.561
-292.891
25.23
-97.193
-239.452
-264.087
-268.212
-295.09
-256.179
-189.726
-200.486
69.7221
-19.6942
-40.9171
-196.882
-198.42
-216.937
-183.8
-288.031
-293.684
-217.557
-242.405
-296.753
-215.131
-180.882
-253.631
-225.448
-291.198
-212.113
-284.479
-255.481
-288.144
-299.002
-163.358
-272.465
-297.339
-284.205
-201.889
-112.225
-117.364
-259.822
-267.828
-196.638
-221.563
-235.729
-258.921
-291.164
-195.281
-199.672
-292.097
-177.799
-141.247
-288.232
-216.257
-258.002
-291.744
-282.962
-295.854
-49.6331
-208.294
-289.449
-193.291
-298.942
-283.724
-285.255
-169.919
-259.693
-258.551
-237.764
5.24271
-156.416
-292.881
-237.092
-293.32
-131.669
-237.293
-206.249
-276.758
-256.361
-274.436
-102.45
-215.878
-249.57
-279.277
-218.071
-150.583
-298.556
-289.337
-206.407
-62.2991
-122.331
-208.19
-262.168
-222.533
-244.574
-268.409
-279.63
-284.191
-194.921
-263.736
-217.81
-204.174
-199.192
-157.82
-179.249
-214.107
-218.166
-168.3
-213.889
-222.764
-186.376
-168.548
-292.478
-135.312
-274.287
-215.099
-225.973
-284.914
-253.207
-266.848
-221.088
-209.596
-263.279
-225.333
-251.167
-270.341
-298.49
-137.595
-217.457
-234.167
-232.081
-213.547
-264.446
-204.032
-244.512
-231.83
-296.328
-268.71
-286.276
-242.162
-226.699
-281.306
-299.364
-244.056
-258.715
-210.797
-251.365
-210.991
-183.421
-16.5098
-110.627
-155.816
-294.149
-276.243
-271.805
-61.518
-73.9502
-206.347
-277.405
-108.684
-102.514
-220.151
-229.898
-258.757
-242.561
-236.031
-165.599
-237.852
-298.89
-287.742
-217.019
-186.665
-299.848
-140.651
-257.981
-294.484
-283.848
-297.827
-281.329
-152.41
-245.651
-276.648
-297.274
-200.858
-224.091
-170.337
-188.956
-252.238
-269.9
-252.282
-233.579
-282.547
-284.588
-247.105
-117.863
-202.475
-226.867
-297.364
-294.953
-298.795
-290.054
-236.113
-255.279
-287.818
-194.366
-280.048
-280.839
-299.21
-256.168
-290.842
-252.862
202.591
81.5561
-32.8954
-290.228
-277.957
-250.763
-284.071
-208.039
-296.096
-130.835
-133.856
-206.185
-238.328
-257.308
-181.309
-202.43
-241.443
-273.478
-267.283
-229.942
-275.644
-285.829
-129.253
-184.098
-109.158
-131.752
-287.271
-200.983
-298.295
-2.2633
-149.567
-264.164
-273.886
-241.439
-285.488
-295.628
-214.021
-269.695
-272.121
-188.873
-234.008
-286.885
-279.252
-257.621
-288.849
-241.31
-287.943
-219.91
-237.382
-187.567
-297.43
-277.468
-287.516
-120.696
-273.523
-256.267
-287.139
-223.498
-241.656
-293.214
-291.602
-293.142
-296.061
-295.828
-276.466
-299.303
-113.604
-262.571
-286.828
-256.635
-69.7994
-84.4167
-240.947
-291.751
-185.246
-217.507
-238.463
-106.593
-272.413
-243.003
-230.53
-240.747
-100.288
-274.077
-281.3
-294.578
-296.056
-299.504
-181.122
-281.361
-261.357
-237.019
-293.193
-239.978
-283.159
-256.605
-296.341
-17.6916
-152.129
-248.984
-175.007
-213.694
-282.001
-258.63
-298.269
-293.685
-292.307
-265.456
-163.511
-174.07
-160.788
-282.539
-275.047
-292.021
60.7634
3.52154
-215.362
-216.601
-205.341
-298.681
-231.443
-265.08
-268.675
-251.364
-167.799
-142.888
-284.236
-198.76
-242.443
65.4889
-31.1361
-73.5749
-141.943
-220.837
-236.878
-187.687
-9.18034
-26.118
-255.215
-292.835
-244.343
-168.812
-236.862
-230.181
-266.671
-267.746
-246.191
-236.04
-229.052
-285.579
-256.635
-119.302
-251.609
-283.77
-248.223
-251.011
-291.357
-284.264
-299.462
-295.078
-249.799
-286.986
-165.669
-206.405
-191.801
-259.698
-297.295
-274.016
-271.631
-189.478
-209.863
-201.748
-253.114
-285.716
-299.976
-188.431
-113.632
-189.983
-253.085
-197.542
-299.747
-299.487
-155.159
