1.71202
0.284482
0.197417
1.03524
10.1513
1.99345
0.128281
0.883911
0.197849
1.89247
0.51963
0.181119
0.367919
3.77814
0.883373
1.48131
0.78553
2.15109
0.245605
3.51735
3.4084
0.317633
0.155079
0.162044
0.279683
0.191694
0.110759
0.571171
0.306728
0.470407
0.129451
1.52189
0.16302
2.60501
1.66204
1.21222
0.314173
5.15752
1.59522
0.101219
0.256891
0.772183
0.206255
0.609825
0.863583
2.83317
0.632169
0.599184
0.121608
6.52775
23.9068
0.199671
11.1717
2.28735
0.132348
0.161497
3.83445
0.263063
0.944232
0.80085
0.827236
1.0507
1.4464
1.38082
0.457859
0.168401
2.21505
3.204
0.715466
0.45531
0.887947
1.67151
0.393269
0.605658
0.163276
0.186817
0.417889
0.4355
0.439114
9.90085
13.9654
0.377375
0.12931
1.90917
0.640228
0.912529
0.287128
0.13288
0.797467
0.109294
0.44202
0.943564
0.462689
3.68503
0.140669
0.418965
2.32918
1.80038
4.85982
0.851583
0.155158
0.270363
4.49387
0.781244
0.14215
0.396431
3.19342
0.171104
0.183143
1.04601
0.151291
4.7429
1.20656
6.29584
0.104052
2.71982
0.398674
0.587982
0.362156
0.17739
0.104909
0.445328
1.23967
0.109226
0.424233
0.125551
0.499991
0.103432
0.128359
0.616904
0.634279
0.212293
0.160939
0.143239
0.178067
2.14644
0.142761
0.206788
0.611716
3.73215
0.417152
0.240845
0.364411
1.02962
0.945133
0.935942
0.370086
1.46342
0.719171
0.450398
0.118708
0.190362
0.329893
0.700892
3.07933
0.118367
21.8003
0.206958
0.235798
3.80948
2.59392
0.37498
2.17402
0.134502
2.77467
0.536094
0.633517
0.148307
0.497586
0.103425
0.164434
0.262204
1.69381
0.961635
0.940797
0.131964
1.45447
3.47339
0.245385
0.321497
4.2311
0.570015
0.383925
3.65806
6.61789
3.19276
0.660096
0.18719
0.616075
0.275277
0.503712
0.118799
0.184498
0.126892
9.51939
4.96884
6.18798
1.14838
0.255863
1.82952
0.270264
0.215284
0.551637
0.751042
0.429909
9.56874
0.259036
0.296141
1.32367
0.228702
3.67189
2.935
0.276885
2.53675
0.281948
0.171278
0.192987
0.585667
0.143113
10.6961
0.287366
0.12745
0.21502
0.379595
0.290924
0.154368
0.257617
0.13915
4.11885
2.52568
0.770898
0.228037
0.193663
1.80275
3.59819
2.68138
2.31357
3.14998
0.538164
0.177129
0.217634
1.45964
0.124731
1.00011
0.167884
0.504851
0.153125
1.30576
0.482658
3.86518
1.90897
0.123359
0.293787
8.22418
4.48452
0.219529
7.85419
1.02835
0.405629
2.85558
2.51799
0.138577
0.23368
0.275761
0.271322
3.67485
0.48444
0.145086
0.361656
0.151119
11.6896
0.117985
0.6327
0.117772
4.95734
1.23202
0.240463
2.51493
2.22135
0.103633
1.31784
1.33857
0.593394
2.87534
3.60325
0.950175
3.56267
0.617785
0.687228
0.56521
0.436182
0.95151
0.118847
0.114669
0.341643
1.77531
0.119965
0.248917
0.353562
0.11014
2.27647
0.159194
1.49467
0.149468
0.436747
0.310702
1.54297
0.150567
0.809801
0.714365
1.25539
4.83777
0.184737
0.773133
12.6724
1.08242
0.293148
0.883243
0.653359
0.358675
0.38028
0.218014
0.592668
0.182478
0.648961
0.381756
1.77748
0.246505
0.124706
0.730041
5.26423
0.155045
0.267415
0.557178
0.650458
19.0318
0.410131
1.12945
0.198237
3.00345
0.135501
0.276064
1.99447
0.112966
0.935924
0.27935
0.287063
0.348859
1.39366
1.07438
0.161761
0.118565
0.642161
0.240733
4.1946
0.377262
0.137894
0.118118
3.38539
0.15825
6.16978
0.748121
3.54349
0.556883
1.03575
1.69221
1.36931
10.1157
0.134015
6.0646
6.31642
3.36909
2.26417
1.70924
0.111478
3.16383
0.133296
0.981885
0.105456
2.06519
3.08456
0.103255
0.178414
0.387706
1.7148
8.83907
2.78231
0.138069
3.93637
0.534772
0.498593
0.281946
0.234131
1.57028
0.952268
0.304571
11.1215
0.314564
1.71159
0.766677
0.345721
4.22249
0.123739
0.266901
1.30716
5.80306
0.987692
0.231178
4.97132
10.7503
0.257165
0.328942
0.14502
0.837173
0.79191
0.859558
0.525924
0.117844
0.219824
1.21038
4.0868
0.48131
4.31067
1.96274
0.250763
0.895519
0.539336
2.33191
0.101371
0.142605
0.169891
0.160284
0.212097
9.85928
0.199877
0.13976
0.115717
0.995781
0.164375
3.97041
0.282733
0.762124
2.77297
0.247059
0.329496
0.205444
0.327228
0.105384
0.172022
0.284503
3.20216
0.13207
5.14663
0.384224
0.456214
0.394038
0.191776
0.691501
0.324772
0.235893
0.121015
1.26244
0.319966
1.24927
0.137068
2.97186
0.162083
3.35651
0.163238
0.339635
0.230485
0.136152
0.220534
1.37163
0.117294
8.67204
0.611743
0.563429
0.527931
0.200887
1.11359
1.74643
0.915934
1.25088
0.364205
0.421295
2.29993
2.2472
0.169972
0.200814
0.144805
0.107628
0.13437
0.10754
0.321038
0.214858
0.55985
0.129359
3.34155
2.01403
0.199712
0.234506
0.205378
1.35299
1.27061
2.48967
0.294219
0.530736
3.09565
0.334096
0.420581
0.684255
0.192968
1.16367
0.104235
0.876086
0.767521
0.114497
6.92245
2.29164
0.636822
3.90378
1.87576
0.338651
0.132332
3.19219
0.292984
0.267064
0.574428
13.9813
0.133385
1.05563
0.876039
1.0572
4.11756
0.227781
0.132413
0.105925
0.28624
9.01903
1.41924
0.309121
0.128706
1.22066
0.257677
0.216676
4.26966
4.79259
0.526221
0.378836
0.912228
6.5698
3.90022
0.447594
1.08741
2.66406
0.524546
4.72404
2.62728
0.153515
2.20567
0.24974
0.139804
0.817932
0.162268
1.17115
0.138471
0.24947
0.289454
1.02299
0.764289
0.13085
0.714334
9.52296
0.127514
0.175777
0.139234
7.76424
0.190944
2.28785
11.3795
0.260694
0.113483
0.113114
0.221213
0.459543
0.153635
1.63428
0.560428
0.134686
0.179182
0.417987
0.299891
0.101178
0.12428
5.5862
0.661689
0.213361
0.31071
1.50138
9.41883
0.290709
0.121114
5.24285
0.141112
0.143592
1.20404
0.155983
1.33527
0.528267
0.193618
0.153816
0.119572
0.126428
0.922045
1.56312
0.177214
1.67561
0.105904
3.91317
0.515004
0.198226
0.536406
7.1554
0.483892
4.50943
0.605854
0.104811
1.53835
0.316316
2.7341
0.200917
2.67999
0.924009
1.41831
0.406795
0.102993
0.242204
1.08412
0.754197
0.168583
0.357872
0.305149
0.226456
0.69801
0.143672
1.06212
9.14905
1.47028
1.45613
0.112456
0.321118
1.23781
0.275101
1.19639
1.69244
2.19546
0.320478
0.318767
0.206047
0.101001
0.387388
0.880849
0.103698
1.14905
0.295542
0.166682
0.433761
0.821796
1.06339
0.200932
1.45823
0.103752
1.56624
0.527196
4.57687
1.0481
0.164826
1.01609
0.121805
1.21303
0.117634
0.337786
0.10246
0.115262
2.11612
0.604037
0.267356
0.373434
0.383155
0.594043
3.42106
6.33342
0.181836
0.140571
0.158974
0.156249
3.34186
16.3825
0.309187
0.117865
0.38961
8.32522
1.12104
4.05968
0.95897
0.147096
0.7509
0.436701
1.58267
0.124844
0.267193
0.743165
0.26271
0.372502
0.102026
1.09459
0.418936
0.437023
0.258903
0.110957
1.19011
0.187989
3.34137
0.433506
7.48968
1.18264
1.67982
0.106236
0.218627
0.785246
0.21897
1.03406
0.128082
0.576333
0.101985
0.168288
2.41885
0.686941
3.35114
0.127448
0.387719
0.22097
0.360761
1.12045
1.17238
0.39758
1.60829
0.21205
1.44041
0.165828
2.21776
0.495865
0.621996
0.152504
0.974913
0.190279
0.183298
0.115984
0.623829
0.102083
1.19538
8.86946
0.149521
0.974654
0.607534
0.139248
1.74804
0.113677
0.23246
0.114825
0.620245
4.5305
0.176547
0.575722
0.999943
1.55044
0.129101
4.45974
2.37166
5.41132
0.940949
1.57039
0.107528
0.731423
0.868101
2.65113
13.4458
0.429333
0.124754
0.162175
0.296794
0.967247
1.21841
0.372522
0.114298
2.35083
2.84342
0.108477
0.21092
2.18839
0.273187
0.424364
13.4883
2.07033
5.42582
1.65688
0.184342
0.51381
1.9736
1.36201
0.220728
0.109877
0.144849
0.954062
0.643755
1.41267
13.3392
0.106486
3.9636
1.63867
0.179525
0.112518
1.1131
0.597511
4.52249
0.773138
0.121759
0.393929
1.86325
21.508
0.180531
0.132942
0.218441
0.132627
1.0005
3.74081
0.210071
0.116727
0.242985
0.308911
1.40467
0.956345
0.127025
2.40912
0.242969
1.62739
1.24089
5.77501
6.38185
1.20861
0.408227
1.94523
0.166815
6.30657
0.133993
0.288693
0.251754
0.179031
0.298487
0.219325
0.181345
0.336797
0.224206
0.162717
0.358153
0.47908
0.941902
0.106762
1.00255
7.55327
0.284496
0.32872
0.104036
0.107961
2.80013
0.104433
0.627161
0.109851
0.120287
0.751983
0.232876
2.76931
0.921771
1.2297
0.105762
0.995695
0.204284
3.6751
0.879406
0.743646
0.133553
1.34897
0.235685
0.66151
0.12491
2.64665
2.96563
0.139995
0.348678
0.714454
0.681482
0.102533
0.10122
0.96059
2.12434
0.56126
0.252162
1.21868
0.562619
0.381266
0.19871
0.224926
3.76707
0.289953
0.115243
0.136837
1.5024
2.83026
0.971487
0.123329
0.153458
0.308016
3.39796
2.35205
3.69559
0.154869
0.975653
0.133643
2.5938
1.41707
0.623368
1.60841
0.213056
0.227952
2.21189
0.622426
1.4971
1.0209
0.117022
2.09417
0.730194
0.195135
0.835492
2.51865
0.520472
0.551837
0.10219
0.733427
0.59756
6.11241
0.513958
0.625682
0.603637
2.19517
0.489444
1.25781
0.144144
7.31341
1.90736
0.127429
0.262142
0.117344
2.99063
1.04928
0.221638
0.518921
0.493693
11.7075
0.569319
0.118072
0.725486
0.591957
2.22014
0.142521
5.16531
0.135952
0.329858
1.25967
1.57633
8.89579
2.53098
0.181
0.227731
2.29176
4.11252
0.102946
0.431524
0.304093
0.17856
1.77943
1.24676
0.228925
0.284696
0.187814
1.13646
0.122608
0.169359
0.143891
0.658876
2.9057
2.07629
0.335352
0.136688
0.303065
0.359283
0.23276
0.151083
0.407355
0.392069
0.546443
2.50141
0.121263
1.09742
0.8175
7.43025
0.298127
0.953455
0.456541
0.563818
0.802726
0.443693
0.155665
0.518802
0.149074
0.14424
0.517542
0.491806
1.08922
0.47322
1.82169
0.707113
4.81024
1.16542
2.68461
0.299634
0.107626
1.57394
0.844096
1.35476
0.374665
0.225186
0.111597
0.338538
0.229216
0.211609
0.201916
0.433413
0.77621
0.114417
4.24216
4.81208
0.144126
4.00534
2.03994
0.513707
0.469119
0.184416
0.233452
0.137276
0.673361
0.370976
0.401261
1.57435
0.303686
0.379895
0.494922
0.634757
0.103944
1.80224
3.25064
0.656747
0.672278
0.588382
0.450677
1.87266
0.45722
0.352521
0.320105
5.35617
6.70115
2.74688
0.128169
0.778156
2.62429
0.224775
0.228065
0.367087
0.141426
0.155646
0.411979
1.2212
0.429239
0.368751
0.426577
0.362349
0.639448
0.472177
0.364309
0.11589
0.556271
0.176871
1.20403
0.164199
0.336718
0.667663
0.694334
1.4621
0.125946
0.362622
0.126367
0.310317
1.19839
0.126923
5.02937
2.58981
0.311678
0.126806
0.107031
0.372918
0.119641
0.129906
0.250466
1.364
0.710161
0.448786
1.72426
1.73046
0.554952
0.463028
6.77579
0.145993
0.310113
0.281011
0.478068
0.959889
0.110987
0.351455
8.02843
0.129258
0.135596
1.12468
5.87857
1.44253
1.29822
1.22665
1.04112
0.331576
0.136694
0.289075
1.94509
0.243518
0.290008
0.20385
0.977073
1.04708
0.384138
0.112356
2.4272
0.137049
2.57183
3.67161
0.171282
1.21337
1.66295
1.30747
0.673756
0.512258
2.43724
0.450538
0.343674
0.721078
1.46781
4.56372
15.8223
0.187919
11.9216
0.509005
1.39624
0.183187
0.317909
0.387018
0.130794
0.642618
0.369908
0.10694
1.86224
0.279006
0.457078
0.841039
1.44169
1.81791
1.45968
0.285286
1.35722
4.33339
0.349122
0.536995
0.224499
2.10706
0.13772
0.153015
0.317409
0.360716
0.716045
1.84979
0.110744
0.270003
0.134309
0.192165
0.348204
4.88589
0.204577
0.797658
3.60112
2.60298
5.0715
0.470502
2.27047
0.34392
1.07846
0.215016
0.145638
0.178698
3.80151
0.426324
0.106144
4.79252
0.915617
0.416378
0.196362
0.181593
0.125101
0.403412
0.984499
0.107489
0.463739
0.115827
0.243026
1.14281
0.106792
0.540545
1.05053
0.277191
0.314671
1.78816
0.329212
9.0838
1.94249
0.188854
0.10525
1.13817
0.22795
0.750686
0.516769
1.02774
0.44333
0.292577
4.84517
0.90546
3.1568
0.137779
0.283757
5.61368
0.699501
0.120435
0.774619
0.778334
0.307102
0.683554
1.89718
0.997753
0.119147
0.478506
1.17194
0.104138
3.0652
0.302088
0.240369
0.932953
0.211923
0.228101
0.498086
2.69262
4.05388
0.585876
0.544427
0.289366
0.244476
2.8655
0.241996
13.5499
0.440073
0.923036
0.46761
0.296027
0.368195
1.44798
2.86804
2.09099
0.227787
12.8875
0.240552
0.340745
1.47397
0.31837
0.228744
3.51873
0.120213
0.864607
0.51973
0.308629
0.172455
0.434502
0.447565
1.23738
0.662835
0.632874
4.48809
0.102022
0.132375
0.137636
0.265482
0.348439
4.24704
0.122402
1.19139
1.06593
0.122518
2.45177
1.78692
0.169369
0.286052
0.386771
0.414356
0.292691
0.715908
0.451006
0.306544
0.145468
13.9014
0.282047
0.126294
0.131764
0.856953
0.246622
0.346707
0.112367
0.676683
0.27356
0.138097
10.0361
1.96954
0.891634
0.746375
4.70239
0.790894
1.64271
0.292276
0.658633
0.164998
0.203279
1.70836
6.81972
0.243468
2.16511
0.922927
0.209227
0.22769
0.343998
3.01684
8.1242
0.205385
0.14844
3.41981
0.498505
0.857357
0.245948
1.60711
2.00649
1.83991
2.42589
0.269883
3.08141
0.303508
0.635274
0.307591
0.124861
0.24698
0.339964
0.282313
0.254865
0.227938
0.254552
1.41595
0.574726
8.22558
1.28234
0.165531
0.741508
4.50276
0.33279
9.93427
0.150267
2.17016
0.508471
0.275758
0.652233
0.231328
0.415264
0.480585
0.226261
0.11361
0.160912
0.562319
2.78381
0.572146
0.106633
2.40014
5.23317
3.20724
2.39026
0.378231
10.6238
4.52187
0.134042
0.210994
4.19463
0.574499
0.336639
0.521181
0.237229
0.256403
0.568827
0.876589
0.732966
1.25076
0.146421
0.303088
0.559012
0.168574
0.443635
0.147921
0.458364
0.251726
0.171403
2.27331
0.654456
0.1291
1.60457
0.142808
0.165349
0.270266
4.04096
0.599878
1.57752
1.12389
0.144966
0.590334
0.226787
0.286895
0.252864
0.129972
0.505231
15.391
0.53361
0.819463
1.70869
0.133942
0.423362
1.60097
0.178009
0.592894
0.129168
0.147566
0.21602
2.85516
15.7687
0.151594
0.146472
3.27416
1.02195
0.111451
0.296042
0.244755
0.710143
0.302718
4.0287
0.180707
0.18362
8.14307
0.27541
1.08994
0.197268
1.13097
0.263587
9.99028
2.22908
0.498574
0.245231
0.617569
1.29233
14.1851
0.133946
0.623864
5.2056
0.525602
0.351048
0.882616
0.520371
0.156985
0.178619
0.288275
0.464685
0.77614
0.872711
0.178994
0.136688
0.215826
0.693828
1.55759
0.801051
0.680463
0.822852
0.72683
0.274444
0.181619
0.194774
0.174352
0.207815
2.19012
0.588713
0.110663
4.27847
0.778176
1.096
1.0666
0.227454
0.477721
9.78472
0.404421
1.52477
0.873889
0.304795
0.161914
0.287435
6.3267
6.12828
3.25573
0.152743
0.90117
3.11978
1.10915
0.138777
1.93849
1.98395
0.554787
0.329502
0.59252
0.11217
0.13163
0.432247
2.81696
0.1667
0.141047
0.219779
0.261065
0.473292
0.518521
4.28442
2.69764
0.150325
1.65265
0.355184
0.581497
2.27665
0.157066
0.178826
0.207419
2.9969
0.109791
0.246558
0.35727
0.686887
0.58424
0.165165
0.193303
0.234319
0.928997
1.96321
0.186474
0.809594
0.487705
0.326471
1.57894
1.28892
0.23904
0.131986
5.88442
0.682266
0.274107
0.372773
1.94799
1.04354
0.1748
0.606897
23.2964
0.33855
0.5063
0.14694
0.526702
0.102388
0.336076
0.519825
4.08362
0.198091
0.194998
0.526318
0.270128
5.82622
1.00677
0.526948
1.26068
0.299552
10.2527
3.42097
0.286869
3.03535
0.162533
0.206202
2.59371
0.451704
0.206904
0.177997
0.611258
0.605029
2.53622
1.14289
0.192782
0.129376
0.401167
0.447886
0.118853
9.28991
0.149448
3.08432
0.17204
0.575035
5.31543
0.623556
0.322242
4.9434
1.83755
22.581
0.174993
0.420843
1.00413
0.90598
0.222426
0.299231
0.168637
6.55117
0.120945
2.33423
0.590502
0.352114
0.400563
3.41968
0.650821
0.593533
1.22433
5.85065
0.336462
0.121724
0.10325
0.192536
0.220463
1.02871
0.670205
0.364867
1.12526
0.866054
0.138114
3.44869
0.225567
0.34509
0.861816
0.198591
0.127067
0.211487
0.38572
1.62185
0.167065
1.51316
0.102528
0.157829
0.204796
2.63943
5.06593
0.220339
1.9497
0.54871
0.357174
0.500227
0.100895
0.255981
3.57984
0.145036
0.285548
1.08795
0.141044
0.232179
0.17764
0.352626
0.165247
10.9885
0.125454
0.946619
0.339502
0.320005
3.57521
2.5743
1.24677
0.18501
2.47473
2.11136
2.54817
0.215377
0.59693
0.155616
5.01643
4.78468
0.166676
0.283002
0.115412
0.769694
2.61752
0.575769
0.185854
0.193764
0.458694
1.18636
0.227051
0.304468
0.322826
0.165307
18.0855
0.193986
3.28999
1.96652
0.157256
1.07283
1.70012
0.10206
0.483904
1.36849
4.3058
18.4081
4.44884
0.280693
0.110872
1.30578
0.223014
0.556074
0.147445
0.147495
1.30212
0.297718
0.185032
0.153574
1.03134
0.483067
3.02818
0.504878
7.46576
2.2199
2.48442
2.46559
1.00704
1.45434
2.03143
2.3682
0.239503
0.141598
0.798717
0.321304
0.97166
0.271991
0.566658
0.16682
0.217906
1.38488
0.619694
0.31281
3.16314
0.409199
0.406703
0.247044
2.85893
0.305828
0.496392
1.07826
3.37942
0.668735
4.37419
0.244195
3.50436
0.112312
0.184437
0.263542
2.75223
0.989713
0.155696
0.476905
2.09806
0.421152
1.34033
1.30866
0.196362
0.105836
0.106863
2.09638
2.54612
0.880318
0.111054
0.292054
0.14006
0.528377
0.26795
0.251465
0.131962
0.158735
0.219554
0.46694
0.36595
0.684163
0.110931
0.120378
0.164006
0.300166
0.107102
3.73655
0.150347
0.809675
0.104153
0.239647
2.3275
10.2568
0.506295
5.13713
0.1364
0.764282
9.94482
0.310204
2.73529
0.618377
0.64712
3.34416
0.490476
0.102758
0.290323
0.426114
1.13322
0.196857
0.127977
0.276749
5.22736
0.620685
0.786665
0.247774
0.218517
0.999226
0.171526
9.1073
0.192909
0.656538
4.16441
2.31849
0.37506
5.47389
0.130527
11.9175
1.6592
0.410882
0.231311
0.552334
0.232027
1.78801
0.188263
8.65449
1.58098
0.818846
1.98389
0.294296
0.147423
0.630306
0.361916
0.212105
2.54545
9.45321
0.209307
0.38807
0.167901
0.502091
0.353941
3.68976
0.673666
1.31206
9.88793
0.122638
1.14052
0.127972
0.26031
0.302772
1.85271
0.895218
0.127689
4.76137
0.265332
2.24286
0.135578
0.672113
3.51009
0.194894
2.07261
0.202059
1.44049
0.656635
0.385571
0.224597
4.93475
20.3392
0.399904
4.41423
1.214
0.431986
1.64616
0.55066
12.7544
0.859935
1.3277
2.87249
1.39429
0.495455
0.126014
1.49896
4.97993
0.509464
0.189739
0.885988
1.86578
0.822222
0.601202
0.133225
0.530626
0.253843
0.474718
0.102655
1.29368
1.73437
0.358587
0.160566
0.683001
2.10496
0.617516
0.202755
0.336041
0.302914
0.462904
0.60568
6.53086
1.04655
1.16174
0.839162
0.995426
0.183802
2.14846
1.70335
1.43192
0.55196
0.177442
0.601441
0.108436
0.334348
0.126284
1.8828
0.25797
12.177
0.152655
0.199943
1.34192
0.161851
1.00636
0.250106
0.510889
0.356765
0.48133
0.111591
0.1107
0.118865
0.30309
0.274262
0.314185
0.366387
0.299806
0.620266
0.22889
6.42278
1.33823
0.307949
0.248709
1.48784
0.618784
3.04393
0.209481
0.205422
0.415554
2.85206
0.425171
0.121963
0.258468
0.438092
0.567596
0.127574
0.440009
0.206353
1.71748
0.15914
0.104251
0.118601
0.269828
0.460426
2.09675
5.1726
0.130877
0.17102
0.724354
0.552267
0.118628
1.53465
3.43415
4.04557
0.11778
0.136909
0.188779
0.338817
0.406274
0.125028
0.213139
0.218667
0.865791
0.49525
3.98934
1.50234
0.171074
0.115935
0.136377
0.8441
1.74002
0.105486
3.95572
2.34499
0.239613
4.47391
0.158782
12.8062
1.53009
2.53791
0.588622
0.254078
0.162158
1.19438
0.517488
0.56324
0.135083
0.349418
1.06113
0.101902
1.27075
1.81475
3.61684
0.156206
0.602714
0.315277
1.67926
0.328399
1.41823
1.20593
0.296022
0.375768
0.146078
0.113241
0.831159
0.596678
8.11941
0.199917
0.333222
0.470342
0.176744
0.10113
0.355406
2.49525
1.57579
0.106185
0.215786
0.239473
0.182134
0.225678
0.718513
0.309119
0.154356
0.422367
0.364712
0.275145
0.267825
16.1917
1.30707
0.775194
0.129481
0.140547
3.70547
0.350849
0.242769
4.51472
1.11854
0.225616
0.428447
4.22023
0.220579
4.72341
0.304347
1.427
0.204062
0.211496
1.59323
0.246919
0.111782
0.144192
0.260112
0.892263
0.115435
0.266029
0.101826
0.638205
0.808007
0.430992
0.748414
0.60076
0.128712
0.278061
1.43904
0.123609
0.173403
0.1367
0.246431
0.329954
0.132869
0.113263
0.121749
0.238006
0.399912
1.9057
4.14069
0.122788
0.396002
1.7286
0.303371
0.178381
1.06441
0.256346
8.17281
0.194018
0.927119
0.108542
0.698629
1.77457
0.95452
0.257951
1.14701
0.271613
0.43066
0.211242
0.445194
4.03244
6.05107
0.338544
0.432318
8.5962
1.24627
0.542809
7.593
0.172634
0.410943
5.93991
0.592106
0.209529
1.11761
1.7512
0.120775
0.179962
0.111279
0.413572
0.239331
0.128072
2.16268
6.88362
0.101131
0.138969
0.156129
0.162842
1.74786
0.31693
0.517138
0.427192
0.164284
0.244224
7.38099
0.280392
0.782978
2.99053
0.230041
0.338846
0.650606
0.111127
15.0999
3.04048
0.247196
0.227802
0.157014
0.653153
0.230384
0.142624
8.91761
0.154981
0.224
0.394756
0.353623
12.7552
0.417815
1.62873
0.122524
0.128378
0.48026
0.169424
1.01651
0.275417
0.131752
0.714575
0.162914
0.502453
1.67346
0.368259
0.24175
5.49999
0.249618
0.352453
0.919772
0.425502
0.83209
0.35351
0.483784
3.88
0.374465
7.68378
2.42644
0.373336
0.10838
0.666419
19.1576
0.205501
1.021
0.260566
7.92914
5.15209
0.507029
0.147786
0.277214
0.3437
0.161436
1.36695
9.10832
0.452937
0.233998
0.794833
12.4395
0.835779
0.204716
0.525024
0.149835
0.155761
1.65878
1.77476
0.106573
0.213715
0.237584
0.264518
0.593433
0.124578
1.63352
0.37633
1.50462
1.19096
0.10074
0.135789
0.114672
0.117346
0.186058
6.42454
0.209941
0.133643
0.756355
10.5043
0.620284
0.434146
0.546173
0.106314
0.988917
0.368867
1.89202
0.387797
0.666499
0.171825
0.110237
8.57679
2.52148
0.221914
0.974369
0.42108
0.288193
1.37433
1.11558
0.896173
1.31867
8.53038
0.119827
0.110318
5.3357
0.117482
1.11022
2.24523
0.202534
2.10661
0.147761
0.397168
3.40904
2.70443
0.96647
0.588789
0.420435
0.901141
0.126161
0.36595
0.31483
1.07259
0.181779
0.235173
3.91433
0.997037
0.177767
0.20528
0.14365
0.173007
6.09298
6.28525
0.161135
0.25093
0.117268
5.34144
0.596425
0.582092
1.27778
0.200795
0.348988
5.25016
0.173285
5.5145
1.64864
0.432003
1.34618
0.530002
5.23869
0.390518
0.12344
0.390883
0.244008
3.83408
0.527433
1.59464
1.35873
0.406012
1.64298
8.50841
1.6188
0.424832
13.0263
0.380949
3.86073
0.185238
0.467337
3.7447
0.236769
0.110643
4.30983
0.100426
0.244828
4.27542
0.223401
0.150606
0.190033
0.278547
6.02371
0.252957
1.0607
0.241247
0.215738
0.261112
0.122099
2.17905
9.951
1.39134
1.55777
2.08007
0.27441
3.65535
0.977853
0.202028
6.02909
0.396328
3.12006
0.733469
4.77075
17.2203
0.237852
0.801515
2.34526
0.17918
0.22868
4.47615
0.375557
3.22057
0.111404
1.42582
6.57745
3.25573
0.169747
0.736555
0.1573
0.247033
0.132069
1.06921
0.131625
0.728214
3.09719
32.2383
0.199438
0.834206
0.630754
0.134732
0.258868
0.540907
0.141695
1.79447
15.082
1.17616
0.189579
0.158366
1.49543
1.26763
0.191477
0.663377
5.18689
1.85552
0.172283
1.93175
0.146063
0.245499
1.09025
0.174414
0.201544
0.282022
0.206088
1.06854
0.523454
0.792934
1.85619
0.290853
0.169825
4.97318
0.402362
0.114669
0.173133
0.147741
0.184001
0.35702
1.82252
1.83792
1.70263
0.195183
0.120087
0.126235
0.161407
0.206263
10.6987
0.161818
0.376789
4.03016
0.221983
15.1121
0.695211
4.79769
0.731807
0.563108
0.391638
0.224229
2.41079
2.76798
1.02928
0.465892
1.97246
0.324584
0.399388
4.86703
4.94186
10.9701
0.214705
0.121583
0.115511
0.519993
0.534371
0.248562
0.187693
1.82478
0.194889
1.26989
0.553693
1.45717
4.52383
0.482512
3.28825
1.2572
0.167561
0.263914
0.664293
7.39539
6.52466
0.4583
0.126605
0.131967
0.176307
2.2764
0.532664
0.366236
0.842508
0.683236
5.14588
0.163174
0.948682
1.78923
0.656484
0.535146
0.101388
1.10945
0.913352
0.278706
1.30748
0.383699
4.24062
0.508336
0.10192
0.198464
0.130344
0.137979
0.359623
1.49561
0.129342
6.03438
0.154695
0.768808
0.100318
2.64133
0.493997
0.192981
0.131708
1.3337
0.394344
1.69119
0.806421
3.16561
0.304835
2.30395
0.462764
0.119425
0.120808
0.154881
0.133363
0.168994
0.144113
0.259108
0.152784
4.1844
0.133485
0.80789
0.117566
0.798843
3.32602
0.365003
0.214373
1.09772
0.253895
3.33242
0.720554
0.186451
0.103723
0.127231
0.852846
0.540924
0.205276
0.889939
0.103888
0.104742
0.334088
1.27499
0.258564
0.159741
0.488268
0.873585
1.5484
0.378516
1.70021
12.4111
0.223292
0.151484
15.0939
0.170796
0.412421
0.110967
0.119241
1.44183
0.494202
0.295151
0.132452
0.192124
9.68524
0.182911
1.23136
2.03092
1.51153
0.147954
3.62449
6.14652
0.715226
0.210769
0.425642
0.133488
0.596612
0.161477
0.611511
4.65231
0.96656
1.80545
0.134006
3.05587
1.29755
1.74609
1.17713
1.03446
0.73431
0.343346
0.35832
0.253755
8.45027
0.136133
0.129751
0.305579
0.340973
0.125974
1.87536
0.174206
0.174815
4.50368
1.23596
8.03941
0.814178
3.01421
0.274116
0.306159
0.14318
0.408045
1.24421
0.20598
0.161709
0.249639
0.102742
7.03039
0.156449
3.31635
0.332617
6.59789
0.288044
3.38985
0.42735
0.166774
0.4191
0.154106
15.914
0.112342
1.09495
0.147132
6.41912
2.53611
2.15024
0.147645
7.58393
0.251981
1.10123
0.706803
11.5179
0.192053
0.817683
6.29975
4.02026
0.135937
0.198183
0.465367
0.189088
0.229267
4.07643
0.467894
0.289713
0.33607
0.159862
2.30249
0.119895
0.160838
1.39729
0.163805
0.234368
2.5746
0.14874
0.2483
0.194349
1.04253
0.152158
2.94768
0.891962
1.49897
0.7693
0.808697
0.360522
0.239111
0.159353
0.120869
0.173648
1.37723
0.146402
0.405013
0.779048
0.222169
1.44201
0.135631
0.180252
2.4844
0.230277
0.126962
0.21809
0.907961
1.81796
0.166616
0.260401
0.10484
0.726927
0.284755
0.95602
1.37004
0.133917
0.349145
0.709069
0.341668
0.195895
0.426699
1.00686
0.268905
0.317935
1.68282
0.286359
2.19492
0.541371
1.40696
0.37561
0.254335
8.2022
3.46699
0.174816
21.7422
0.52023
0.396166
0.120777
3.35346
0.34436
0.442567
1.72762
0.319897
0.470108
1.01826
0.111098
1.30994
0.262635
0.46078
0.560025
7.17941
0.116784
0.174213
5.33948
0.590933
0.116406
0.632953
0.661808
0.16401
0.813024
3.91915
0.653831
13.1119
0.13161
1.39916
0.408317
1.48663
0.536166
0.72508
0.646579
1.0666
0.145428
0.228208
0.411695
0.181361
1.04176
0.215818
0.446875
1.55125
0.402412
0.983988
0.268529
0.839978
0.292072
0.26801
5.95229
0.107689
0.379852
0.250369
0.501414
0.832883
0.281327
0.173703
4.34899
0.232154
0.26193
0.57644
1.65913
0.65617
1.16095
1.65814
0.195132
0.25079
9.53217
6.58919
0.693921
0.217097
0.260482
0.336895
0.495519
0.265099
0.446897
0.225226
0.193781
0.204511
0.411455
0.560742
0.31592
0.470054
0.11143
0.126902
0.226105
0.302735
2.63004
4.53671
1.32833
2.00257
3.09185
1.71039
0.124366
6.66504
0.13064
0.140554
0.337343
0.365973
0.537035
1.19063
4.98046
0.11314
0.47363
2.8918
7.963
0.154511
1.57369
0.41602
0.201591
2.10853
0.261075
0.646623
0.146728
1.18649
1.57328
0.832187
0.12618
0.334894
5.12656
0.325535
0.281989
0.258435
0.275313
0.838033
0.484811
1.97668
1.05244
0.121328
0.216517
0.131242
1.21792
1.20808
0.295688
0.195195
1.30187
3.95336
0.659002
4.25478
0.114543
0.178028
0.192307
0.156588
0.535875
14.4626
4.36597
0.428484
1.00969
0.167381
0.688853
0.109567
0.144304
6.91714
1.52916
0.127286
1.20783
13.2843
1.72564
0.123382
1.23469
2.1504
0.523012
8.06478
1.36556
3.99152
0.159661
0.113893
0.940976
0.662414
1.7738
0.100179
0.399009
0.448991
1.70782
0.161136
0.236023
1.43053
2.83247
1.12688
0.198106
0.226258
0.10694
1.07017
0.211464
0.401231
0.619848
0.556742
1.54403
0.281938
0.645241
0.20177
0.3308
0.167871
1.29853
0.556236
0.159162
0.210099
0.489805
5.20021
3.55133
0.2239
0.115703
0.758741
0.117326
0.221634
0.438861
0.255806
0.173551
0.166037
0.136397
0.107482
0.149205
0.880036
2.01523
0.254083
0.226147
1.02659
1.03661
1.78804
4.47373
3.89896
1.19821
0.17197
0.27946
0.608755
2.48613
4.26207
0.122162
0.104755
0.19855
1.00711
8.00955
0.117654
0.118038
0.108928
0.135415
0.645933
0.590135
0.258757
0.447337
1.86342
0.732693
0.938426
1.44493
2.80455
0.529942
32.1689
0.639766
1.39244
1.17369
0.103151
0.841977
0.176562
1.84373
0.188279
0.503417
1.84637
0.731054
0.175972
0.89171
1.74113
0.151736
3.14057
0.105329
0.112666
0.217698
0.214131
0.533835
0.139417
0.80966
0.407293
0.16574
0.480322
0.996461
1.06885
1.75159
0.479546
13.5615
1.84758
1.50774
0.343097
1.18946
3.99558
3.92607
0.103578
0.119818
0.412355
0.164912
0.119216
2.0554
4.21878
0.126003
0.134043
3.26152
2.16108
0.845829
0.269687
0.475232
1.54055
0.128902
0.228091
5.35048
0.598582
0.103905
0.240796
0.20185
5.38439
1.45504
0.301232
15.0919
0.74522
0.141324
0.186143
0.165276
0.272991
6.25117
0.944617
0.168108
0.299187
0.828602
0.10324
1.96609
0.418399
2.80539
0.174514
0.225449
0.134722
0.192907
0.183375
0.131427
0.444383
3.42227
0.131663
3.04174
0.143635
1.56354
0.447075
1.18567
0.621997
1.48495
0.250105
0.339869
1.33918
0.102478
0.533628
0.436161
0.810028
6.14266
1.47227
0.230087
2.60391
0.258344
3.04437
0.171984
2.40576
1.28043
0.914372
0.603921
0.35876
1.27707
0.148972
0.197058
1.05204
0.800205
0.382735
0.332301
0.917132
8.87157
2.23606
3.41331
0.310763
21.8239
2.70099
0.893428
2.73353
0.200635
0.548693
0.669896
0.32964
2.82189
3.15413
0.355604
1.0962
0.603966
2.13749
0.70468
0.139769
0.237591
1.1783
0.169761
0.641055
30.5522
1.75894
0.121058
0.136569
0.488709
0.133614
2.91191
0.2386
1.1734
2.25315
0.958968
0.110864
0.242086
2.93121
6.89952
0.133772
0.11333
0.194677
0.795521
18.5141
1.14825
0.309316
0.487216
2.86631
1.6846
0.360635
4.03521
1.47956
0.648705
0.23405
0.895057
0.116466
0.765793
0.146991
0.480012
0.858021
0.101039
4.14565
0.923144
0.162584
0.214698
0.745592
2.31547
0.257611
13.5868
0.102464
0.1942
0.332002
0.968393
0.301331
2.25248
0.679096
0.172348
0.305233
0.188885
0.572322
1.98504
0.127826
0.563992
0.812712
5.22231
0.166536
0.233081
1.21764
0.199914
1.72482
0.221921
0.296029
1.66041
0.193288
0.107413
0.138889
0.249206
0.42447
0.662636
0.562274
1.14517
2.02606
2.26923
0.152038
1.82693
32.3095
14.3645
0.450331
0.144208
0.760364
1.5979
1.03046
0.173218
0.443948
0.196119
0.117806
2.55928
0.402434
0.865431
0.618025
4.5004
5.18338
0.120286
0.519719
0.666101
2.76832
0.418328
0.205174
0.427653
0.210729
1.91524
0.11367
0.169904
19.774
0.357978
0.178587
0.408151
1.13384
0.442167
0.321098
0.106354
0.225107
0.140298
2.841
1.2752
0.224629
3.61268
1.41188
0.173274
0.712407
0.478326
0.14234
0.669818
0.183453
1.89694
0.121119
0.171119
0.130689
0.412905
0.431327
1.40888
0.2738
0.215703
0.312371
2.23071
0.187493
1.52174
0.137873
0.415219
9.41741
0.179003
0.197189
0.126441
0.544176
0.222861
1.50438
2.49015
0.184882
6.78407
0.887853
0.672293
0.162251
3.53764
6.14281
0.281376
0.288983
0.210143
0.356676
1.54524
0.517309
0.14089
0.161131
0.76526
0.751442
0.270322
0.100186
1.59842
1.7042
2.79379
0.484965
2.13821
0.782877
0.140653
1.39847
0.271961
0.37524
4.3212
0.412164
0.278699
0.238419
0.712321
0.743391
2.70497
0.24786
0.118886
2.06045
0.814323
1.06415
0.262769
0.106215
1.21277
0.557479
3.20186
0.218305
2.87531
0.161141
1.65478
0.392184
0.60138
0.252672
2.90477
0.747416
0.592661
0.242258
0.451974
0.179371
0.304241
0.772131
0.128655
0.189082
0.127378
0.218377
7.99687
0.884625
0.370975
0.836896
2.82845
2.05767
0.228729
1.276
0.339365
0.258012
0.242518
0.256048
0.513341
3.2786
0.511556
0.101117
0.121425
0.258029
2.45576
0.169811
0.258369
0.911966
0.590536
0.165079
0.112664
1.19297
0.124233
0.125822
4.47406
0.126415
0.54746
0.191184
0.674635
0.767514
0.779867
0.848395
1.45095
3.93832
6.96419
17.4353
0.100864
0.165109
0.112824
2.87702
0.319245
4.87581
5.45307
0.100608
0.120548
1.07231
0.315857
0.424957
2.95792
0.774496
0.217987
2.05996
0.398953
0.112444
0.115
0.138416
0.117719
0.260162
2.4435
4.18585
2.94835
0.132315
0.128534
0.222714
0.469024
1.43709
8.55614
0.201394
0.210723
0.595184
0.432866
0.412158
3.70801
0.453512
1.6082
0.792899
0.54794
0.490459
0.203066
0.154624
3.96182
0.679457
0.17883
0.43383
0.113953
0.309363
0.134103
2.31332
0.507855
0.138576
0.196953
0.129138
0.21237
0.786596
1.47055
0.561106
4.49323
0.999381
1.20957
2.57527
5.42705
0.286263
0.101713
0.119425
0.159903
1.19315
0.34316
0.565849
0.300439
0.248739
0.424951
1.71713
0.869317
0.170501
1.55239
4.01664
0.996805
0.175355
0.125146
0.247849
2.27184
1.61375
0.11413
2.71854
0.691963
0.903462
1.25547
0.190799
5.77167
0.118979
0.745449
0.901639
0.210886
0.226133
3.65767
0.116082
0.206525
1.51836
2.86288
1.13267
0.441878
0.612062
0.541962
0.190953
1.30675
0.487417
0.110902
1.87322
1.12905
0.394459
0.104975
0.197641
13.8392
0.732841
1.09736
0.396602
0.244439
0.805012
0.21145
0.118757
0.242562
0.811385
0.589685
0.346567
0.587554
2.50824
13.219
0.111579
1.72722
0.679048
0.395616
0.361389
0.480918
1.10943
0.13229
0.264175
0.197766
0.699303
0.3848
3.6374
2.47581
6.06594
0.203393
0.178939
0.679205
0.444419
0.684435
21.32
4.43428
0.195064
0.47076
0.210341
0.104319
4.0083
0.272001
0.142618
3.05873
0.471885
1.05327
1.12769
1.96159
0.263556
0.13616
1.87694
0.929355
5.5157
0.243069
0.617637
0.483587
0.406338
4.69743
4.98131
0.137431
0.194071
3.85763
0.196426
0.755282
2.58538
0.125012
0.142511
0.110147
4.81272
0.425672
0.537473
0.318622
1.56645
0.822448
0.671725
0.116574
0.154686
0.100045
0.120245
0.117075
0.410983
21.1104
0.236274
0.25781
0.731804
0.126462
3.62273
0.129915
0.155401
0.176014
0.362969
2.97756
0.563169
0.112671
0.748711
0.378589
0.212299
0.322164
0.68259
2.96941
0.145581
1.14249
0.196283
0.406366
0.27927
0.114288
3.34714
0.276042
0.237314
0.222986
0.142756
3.31631
4.75888
0.100966
1.35492
0.677467
7.16184
1.52083
0.878578
0.506559
0.177995
0.269502
0.357149
1.8595
4.18286
0.617867
0.22918
0.321382
1.00309
0.520801
0.650425
0.221633
0.251923
0.74212
0.805023
0.426651
0.22339
0.258551
0.19846
0.818429
0.301021
0.27861
0.27308
1.81987
1.45613
0.158557
0.785513
0.314082
1.08076
0.345134
0.333819
1.53064
6.95181
1.4412
0.747515
1.6141
0.124059
0.907597
3.12404
0.81189
0.227604
0.244428
0.199554
0.437811
0.38331
0.604591
0.442375
10.2913
0.133146
1.32156
6.94242
11.7651
1.73839
0.37026
0.326836
0.102614
4.49956
0.308723
0.178289
0.181787
0.671797
0.240286
0.651183
2.16983
0.319364
0.170488
1.61205
1.92262
0.249308
0.171648
0.43924
0.231157
0.745757
6.09798
7.97585
0.733732
0.10426
0.329883
13.3912
0.279482
2.68224
0.13626
1.14455
0.62559
1.12079
1.29467
0.196043
0.500203
1.25652
10.7358
0.247923
3.5652
0.859126
1.27371
2.01481
0.650691
0.431806
0.975565
0.304397
0.198497
4.17251
0.382148
0.408663
10.0454
0.159218
0.118297
0.158383
5.54988
0.182991
0.628896
0.929218
0.162463
1.09241
3.66538
0.112588
0.738567
0.20358
4.28447
0.104995
2.31392
3.4698
2.44382
1.17457
7.22306
4.47544
0.40086
0.965606
2.22128
0.164354
0.607046
0.280392
0.330571
0.96997
0.161542
0.159142
0.521139
0.131142
2.09893
0.102089
4.53886
9.15702
2.73636
0.163966
1.58217
1.2063
0.242301
1.18053
0.749722
0.136411
0.277329
13.4842
6.21839
8.45356
0.185378
0.406855
2.29626
0.904082
0.143107
0.114131
1.01543
0.173027
0.38281
3.93181
0.24144
13.8042
0.113746
0.107222
0.435775
0.128872
0.284333
0.849462
1.11868
0.278195
0.289544
1.46452
0.240147
0.598947
0.31309
0.166935
0.410802
6.29867
0.450581
1.35584
0.238654
0.493906
1.57155
0.333145
0.263407
1.09458
0.553
0.177867
0.145877
0.172683
0.345485
0.740327
0.182117
3.65299
0.110272
0.503719
6.09771
12.1868
5.87175
0.507224
3.85559
4.24858
0.342723
2.66384
2.13935
7.80026
0.679378
1.16328
4.17153
0.312818
0.390183
1.94967
0.17368
1.12944
0.363066
0.111699
0.196933
0.288389
0.732767
0.102907
0.644862
0.412714
0.424862
2.02996
0.336233
0.133777
0.262535
0.515848
0.965143
0.421836
0.39504
1.32567
5.45045
1.15896
0.329817
0.255144
23.8114
1.05634
0.140723
0.201332
0.242821
0.40231
1.69523
0.323502
0.372977
0.141917
3.11233
0.592163
0.731096
1.52485
11.3263
0.436388
0.216483
0.176817
2.90911
0.698353
0.672923
1.20618
1.16855
0.191915
0.166976
0.166376
0.396102
0.48881
0.21093
0.838204
1.22595
0.623342
0.112285
0.284731
0.13933
1.38314
0.388249
0.314331
0.883254
0.145191
0.135277
1.7737
0.306481
0.109565
0.180713
0.114893
0.191007
0.351711
0.155023
0.23071
0.299584
0.803496
0.399932
2.0067
0.103192
3.96638
0.545179
0.16121
0.536128
0.586137
0.111864
1.63146
14.7884
1.814
1.34147
0.285578
0.519632
3.94237
0.309854
0.295874
0.204138
0.710445
10.8201
1.29897
5.13897
3.9935
6.52544
0.586605
0.567409
0.613924
0.224732
0.140632
1.80928
0.116849
0.20377
0.446346
0.112286
0.479176
1.21296
0.589735
0.310537
1.52047
0.114927
0.103477
0.232696
0.1469
0.59818
0.185784
0.145946
0.103407
9.11532
8.4034
1.40913
0.219771
0.134317
0.774819
0.422574
1.20772
0.354553
1.46176
1.46923
0.189857
4.02913
0.351505
0.870554
0.324097
4.42498
0.257213
0.310818
0.299529
0.600599
2.4652
0.364559
1.08486
3.46082
0.399134
0.140715
0.325205
0.107284
0.50649
0.703965
0.759369
0.130193
0.698505
0.284802
0.107843
7.59544
0.144765
0.103226
0.786375
0.260526
0.155268
0.670818
0.274017
0.213906
5.79662
0.498463
0.439218
0.11609
2.15819
2.82581
0.941621
0.49191
7.55277
0.973737
1.29286
3.29649
0.107733
0.975183
0.247655
0.734992
0.948481
1.85969
0.353406
1.44348
1.58737
2.8475
0.750138
0.26253
17.0283
0.180585
0.191037
7.63521
8.55868
0.565689
2.02322
0.60272
0.143045
9.2343
1.70555
0.330433
0.992692
8.90996
0.266452
0.477309
0.924085
0.837097
0.775259
2.63412
0.180255
0.966415
5.34694
0.44822
0.230149
10.9626
1.58221
0.112802
0.782294
1.43026
1.00892
0.365938
0.518076
0.245238
0.112825
0.123885
0.226412
0.422026
0.542738
0.116871
0.319494
0.437076
0.506751
1.81721
1.26228
0.266673
1.17528
1.69848
1.35995
0.910232
0.35961
0.110767
0.651433
0.473534
0.466811
1.63375
0.177651
0.396902
2.23719
8.85432
0.247076
2.36073
0.633903
0.448944
1.90087
0.114028
2.34658
14.4199
0.100907
0.500066
0.355375
0.466255
0.194377
0.117751
0.317629
1.99209
0.114516
0.264168
0.737261
0.908707
0.280844
0.217038
0.101108
6.58158
0.225781
0.186698
7.28465
0.106989
0.357394
2.79969
0.175069
2.31
0.36039
0.158618
0.542375
4.64372
0.477836
0.319768
1.16561
0.916942
7.94805
0.298615
0.754317
0.165953
0.261192
0.514734
1.96245
2.60691
0.353561
1.46964
0.426888
6.26778
0.179162
0.275017
1.43751
0.126699
0.557041
0.572322
0.103957
0.144922
0.297762
2.5835
2.04969
0.215575
0.152203
4.05391
2.12848
6.04829
0.333655
0.329613
1.5502
0.187532
0.10769
0.10329
0.236862
0.697659
1.73303
0.278798
0.260495
0.211996
3.36654
0.572364
0.125416
4.91748
6.60353
0.521071
0.106657
0.37827
1.02507
0.276902
1.21139
2.35213
2.16862
0.394152
0.34622
4.28397
0.280168
0.115822
0.182215
0.103017
9.47211
0.284873
0.850473
0.966503
0.403907
0.205975
0.183379
0.1063
1.99651
0.974254
31.0521
0.12325
0.94903
0.273642
1.12883
2.60452
0.148948
0.677632
0.201311
0.616495
0.611487
1.35028
0.161833
0.209864
0.136438
0.925906
4.89759
0.212924
0.205821
0.16886
0.224211
0.741478
1.73604
8.72415
0.265238
5.65099
0.775202
0.112871
2.90167
0.446638
13.3037
0.492236
0.109267
1.19893
0.493046
0.564794
1.14968
0.390632
0.115409
5.88684
0.234688
0.166974
0.298501
1.22148
0.171254
7.48648
0.360699
1.44689
4.50336
1.90791
0.820051
0.268944
0.831124
0.107611
1.69278
1.92867
1.18283
0.737904
0.131986
11.2986
0.154557
0.887485
0.121518
0.118193
0.352524
2.05684
0.115049
0.277219
0.192148
0.290403
0.114725
0.277457
0.350558
0.414771
0.196699
1.53518
0.162593
0.275581
0.11249
2.75326
8.31459
0.111314
0.148275
0.466599
5.96315
0.100834
0.847725
0.302968
6.5306
3.38938
0.131543
0.104289
0.569809
5.16675
0.111073
0.677916
0.391531
0.500816
0.356431
1.94443
3.7797
0.214736
4.04724
0.525051
0.102477
0.307687
0.359607
0.254554
0.110806
0.725997
0.167475
0.582003
0.401995
0.493991
2.69541
1.24362
0.107572
0.12409
0.47745
0.189659
0.113766
0.888708
0.10663
2.68125
0.157329
0.518807
0.153793
0.197921
0.114753
0.101517
0.65438
1.41735
0.582368
0.213083
2.09808
0.133765
1.34354
0.145773
0.113305
0.130879
0.33566
0.343594
0.111266
0.534729
0.141208
5.57898
1.8321
0.207302
3.09547
2.27898
1.97405
0.376995
8.82881
0.95955
0.454343
0.66148
0.137219
0.168754
0.179008
0.484805
3.20542
0.723786
3.25902
0.179033
0.120868
3.22689
0.110807
1.11689
0.106369
0.16663
0.314296
3.79679
0.195987
4.5017
0.509099
0.686113
1.76382
0.856484
1.7169
0.559715
0.559945
2.28751
0.628925
0.372352
0.291543
0.191944
1.24606
0.123412
0.130606
0.32721
0.405836
0.488106
0.159501
0.990914
0.621196
0.173279
4.62575
0.151512
4.20481
0.268984
0.294016
0.268334
0.307444
0.144821
0.110263
0.112755
0.286429
0.531818
0.272043
1.17402
8.0282
3.24838
0.766764
1.15607
1.11755
0.155454
3.65305
0.561112
2.96415
1.77079
0.391884
0.279064
5.49637
0.189497
0.107405
0.328477
0.314843
0.688049
1.19573
1.70149
0.972335
0.858733
0.26437
1.8631
0.182033
0.111254
0.198592
0.425877
0.590372
7.21822
0.854714
0.380561
0.138385
5.34696
1.83683
0.820753
0.245453
0.141021
0.175478
3.3863
0.255445
0.210114
0.213982
0.380876
0.18791
0.169009
0.442939
0.108651
1.06911
0.615555
0.544953
0.165426
0.287158
0.20838
0.892735
0.517887
0.215135
0.186878
0.387497
0.40845
0.891733
0.237086
0.816292
1.94669
0.584521
0.231492
2.83572
3.2263
0.218035
0.376849
0.150444
2.5808
0.298707
2.77714
0.778359
0.117004
1.62505
0.291348
0.12583
0.752888
0.102195
0.242781
0.110349
2.89951
0.23982
0.405885
0.344335
0.262974
20.4823
3.96184
0.119911
0.685814
0.236281
1.99853
6.01578
4.02489
0.23018
0.28227
1.06315
5.01625
0.815899
1.95016
0.917871
0.148066
0.484681
0.734157
0.476948
0.173818
0.296033
0.587599
0.817994
1.06147
0.114415
0.566372
0.299633
0.107139
0.134708
0.338891
0.267785
0.2585
0.146793
0.491294
0.107567
0.308898
0.239451
0.353538
0.257226
1.88348
0.136949
0.453394
0.116432
1.66646
0.207534
0.243658
0.137678
0.55857
9.77289
1.15049
8.38449
1.15002
4.94454
0.173033
0.115959
6.58158
0.104063
0.280266
0.115918
0.744474
0.566095
0.103174
5.34022
1.94121
0.172317
0.104429
0.443159
0.292442
0.480324
0.156706
0.135578
0.562694
0.766399
0.850015
0.716686
1.10129
3.82938
0.511186
0.207627
4.19405
1.16915
0.283319
1.55149
20.6828
1.82913
0.388218
0.355436
0.124026
0.197588
0.10012
0.128125
0.228766
0.313644
0.206888
0.407899
0.15313
0.215301
0.255988
1.81245
0.593472
0.228926
0.209989
1.83386
1.48
0.205985
0.756914
0.302974
2.14592
0.497004
0.421294
0.387337
0.502364
2.17715
0.995621
1.04122
0.135804
0.309785
1.17526
0.228332
0.940129
2.89639
0.631575
4.75446
0.405946
0.101117
0.250827
0.256548
0.364868
0.249386
0.245886
0.202218
0.336002
0.131875
0.141875
0.26182
2.65991
0.951229
0.120149
6.65112
0.105904
4.80887
0.523763
6.72743
0.315682
0.940248
0.105152
0.185082
1.74757
0.233023
5.8381
1.96026
0.919778
0.145211
0.182443
1.40742
0.469361
0.319402
2.30631
1.2083
0.619059
1.09077
3.23717
2.26585
1.57709
1.48659
0.475513
0.32363
0.912585
0.429308
3.78789
0.524091
0.134152
0.325836
0.134498
13.577
0.30648
0.194236
0.53809
0.164314
2.64007
0.729782
2.91699
0.262272
0.220661
5.91135
0.28048
0.772784
0.167141
1.24517
0.254325
1.93318
0.253232
0.139248
0.429575
11.8531
1.16256
0.181058
0.223312
0.680981
5.93988
0.10764
2.7853
0.100248
1.26442
1.06868
0.49589
1.57955
0.484554
0.326021
0.360958
5.03851
0.291039
0.196519
8.99807
0.289668
0.249076
1.96749
0.300039
15.1918
1.80419
0.556445
0.793831
1.01421
0.245686
4.98539
0.153705
0.118918
0.733091
0.291342
2.74428
0.286955
0.17094
0.157288
0.209092
0.129484
1.95482
10.6687
0.160193
0.679983
5.83748
0.746791
0.38865
2.27031
0.175069
2.72927
0.384751
4.89951
0.450048
0.130514
0.259336
8.82373
0.134479
0.160679
0.12943
0.542496
2.6662
1.18447
0.297388
1.14423
0.10664
0.192082
0.200452
1.95453
5.07947
0.103803
0.126522
0.301529
0.298172
0.109932
0.138893
0.26328
0.224498
0.178172
0.24341
0.897848
0.168099
0.159762
2.84655
0.199399
0.216965
1.57189
2.19585
0.22874
0.114227
0.39894
0.530112
0.208158
8.23311
0.182614
0.941746
0.174722
0.18902
0.200472
0.395782
0.197581
0.802059
0.137061
3.98358
0.616948
0.177693
0.414405
1.18087
0.271926
0.150145
0.146339
0.482781
0.343847
0.135334
0.416255
0.508079
2.08053
0.991433
0.69644
0.107404
0.10776
0.259671
0.574941
0.226585
1.33352
2.49524
0.479864
1.43059
0.621475
0.165341
0.309328
0.114768
0.28149
0.270576
0.19265
0.136791
0.337585
1.13489
0.417307
0.109837
0.145157
0.50479
0.976736
0.271731
1.09253
0.126345
0.246671
0.749672
0.553729
0.525274
1.398
1.61847
1.74527
2.33
0.582468
0.493307
0.725851
0.769123
0.140735
1.65509
0.190397
0.899563
2.21242
1.08843
0.257015
0.328152
1.92174
0.405548
1.22896
0.129696
6.52221
0.255705
0.100934
1.44267
0.157945
0.683333
0.694888
0.292316
0.265674
0.115869
0.111991
0.124249
0.56017
0.127386
0.275534
1.14773
0.136075
0.170902
0.733105
0.218879
1.19823
0.48501
0.624204
0.148732
3.4466
2.48963
0.419926
0.174871
2.2541
0.30214
0.506328
2.47441
2.61173
0.872632
24.271
0.595678
0.184512
0.230528
4.91132
0.148206
0.149004
1.78058
2.47203
1.05287
0.540597
0.190108
1.75799
0.791245
0.713367
0.342394
0.907678
0.92877
5.02151
2.75851
0.754815
0.3555
0.737441
0.341312
0.301532
1.8351
0.139074
0.17468
0.730348
2.53416
8.07392
0.86596
0.124982
0.789677
10.8218
0.101414
9.82269
1.40836
0.388451
0.680085
0.125654
0.198095
13.4
0.236377
0.341604
1.17282
0.53366
0.462047
0.631143
0.176822
0.227306
0.604476
0.453741
0.408047
1.16214
0.147434
0.186354
0.107923
17.5879
0.235617
0.417926
4.61341
0.167771
0.349496
1.03402
0.197417
0.63188
0.873465
1.11512
8.80969
0.320187
0.147311
0.163477
0.175582
0.265184
2.68408
0.688069
2.58934
6.98389
1.56538
0.321714
0.650253
2.06801
5.21236
0.8848
9.45935
2.98543
0.747373
0.156062
0.18505
0.542053
7.98886
1.73652
2.39981
4.80982
0.190895
0.151888
0.159855
6.44273
0.179562
0.102579
23.2505
1.94006
0.129672
0.734373
4.04823
0.104807
0.246455
9.66766
0.369442
0.303159
2.86333
0.481077
1.2156
0.512548
0.109105
0.467726
0.191557
0.319557
0.190798
3.62494
0.180333
0.5591
20.3823
0.118616
0.605685
0.353276
0.247946
0.269445
0.238184
0.320234
3.30726
2.18137
0.239313
1.60388
7.68916
0.123305
5.82529
6.04729
0.201278
0.397857
0.172423
2.46525
2.57713
0.240275
0.188971
0.304361
0.203778
0.900738
0.861335
0.152478
0.272886
1.35068
1.04418
0.471619
1.71269
0.205297
0.269963
0.414196
0.374415
0.25824
13.6083
0.209201
2.0752
6.41882
0.243397
3.56011
0.622301
0.348821
0.139669
0.607767
0.374187
1.78975
1.24801
0.268994
0.556818
0.411794
5.04276
0.508831
0.371282
1.47813
1.04028
0.160607
0.105433
0.526061
0.129575
0.33433
5.15572
0.13474
0.515387
0.764055
0.274251
0.162125
0.53231
15.9116
1.04387
3.07124
0.279965
0.327565
0.161675
1.80898
4.45513
0.443495
1.81681
0.491777
1.06469
0.2442
0.233299
0.411496
0.364993
0.124222
0.163815
0.299232
0.184917
0.170868
1.30725
0.114967
0.234943
1.18626
0.595671
0.437175
3.50737
2.53818
0.120975
0.232563
0.507512
0.30341
0.731985
0.120918
0.10213
0.267866
0.828045
0.236779
5.72802
0.195299
0.201445
0.136204
0.159086
2.75211
0.121783
0.11652
0.180851
0.483021
3.83366
0.136958
5.32898
0.420968
4.57143
0.105984
0.109578
0.405378
0.413116
0.433722
0.645382
0.637483
1.99917
1.33208
2.48171
0.148404
9.01139
0.130296
0.501148
0.270763
0.174133
0.265234
0.576206
0.209083
1.17332
2.73111
3.62955
1.2734
1.46108
0.305965
0.675902
0.101741
2.39456
0.350535
0.216106
0.422581
1.21102
1.80888
0.143197
1.4516
0.141475
0.4219
4.20841
0.634043
0.406472
0.228882
3.64929
11.6267
0.312337
0.313889
0.592507
0.469463
0.371252
0.150884
0.973089
3.17622
1.9042
0.524102
1.57854
1.78478
0.114266
0.434571
0.6981
0.210281
0.59248
0.154727
0.319286
0.712663
0.393271
0.70861
3.1111
2.16562
0.258313
0.123734
6.27748
0.107117
0.398689
2.88949
0.216716
5.22461
8.00987
0.473624
0.11367
1.44876
0.433121
7.14584
0.879777
4.96262
2.40596
3.60824
0.108629
0.741316
2.48413
2.61838
0.410801
0.193581
0.501315
0.605206
4.29555
9.35236
0.268104
0.479352
0.415245
2.11329
0.707145
0.964826
9.18614
0.904508
0.201696
0.111522
0.185116
0.546519
1.09729
0.279358
2.7541
0.336152
0.108247
8.47251
0.479473
0.182214
0.11433
0.40199
0.637441
1.86147
0.206779
1.17691
2.56516
0.129504
2.21727
0.768567
0.179235
9.66141
0.228602
11.2531
2.09251
0.104384
0.430015
0.158446
0.735223
0.393443
2.65074
0.298575
2.20242
0.125291
11.8679
0.756291
0.257833
0.156261
0.142863
1.35655
1.59934
0.289387
2.07261
0.863136
1.05809
0.422433
0.265693
2.57365
0.612753
0.421084
2.44191
1.9088
9.26112
5.21113
10.4371
0.430723
0.511662
1.10602
2.25879
0.269775
0.261064
0.140444
4.05548
0.441435
14.6988
0.778426
10.835
5.78336
1.38515
0.103093
0.30188
1.98176
7.0114
0.217621
0.948816
0.168018
2.31731
0.133635
0.320223
0.153945
0.339708
0.904742
0.335672
2.54895
3.74831
0.12762
0.366087
0.358996
0.42366
0.217698
0.123191
14.2638
0.726901
0.101245
0.113278
21.6006
3.7304
1.4604
0.969719
0.165818
0.108284
0.321696
0.358587
0.21
0.659113
0.67274
5.73084
0.129099
0.289049
3.29625
0.699593
1.101
1.43538
0.173454
0.153817
0.548335
0.128399
0.673577
0.377713
0.142068
0.832202
0.919999
0.359732
0.839952
0.171723
0.240806
0.889116
0.211823
0.246064
0.606068
0.616129
0.502656
0.264244
1.43652
0.227919
1.30096
0.112887
0.257457
0.616896
0.53988
1.83009
0.636967
1.78763
0.335504
0.116039
0.261146
0.272287
0.28934
0.93454
0.246706
0.418757
4.4397
0.343203
1.575
0.19625
0.225121
2.33835
1.64693
0.115157
5.93638
0.197343
2.51872
2.95328
0.37425
1.53534
0.15906
0.133345
1.93197
1.62777
0.139468
5.52116
0.432862
2.6416
0.561448
0.675584
0.201682
0.221052
1.22201
1.98903
0.123239
0.676171
0.169114
0.459335
1.40736
9.59296
1.01819
0.491937
0.833695
0.133256
2.26169
0.122888
0.450966
1.40289
7.04596
0.149868
0.275173
0.14192
0.719805
0.15838
0.477325
1.40634
0.101436
0.932401
1.4888
1.53666
0.724758
0.545124
2.26069
1.61661
0.756276
0.517296
0.284388
5.77879
0.207449
0.114388
4.81345
1.88862
0.152605
2.27289
0.497134
0.596613
0.121247
0.284127
0.171599
1.0164
0.730108
0.219192
0.460113
0.439795
0.359263
0.443988
0.516962
2.3809
1.03463
0.434635
4.03082
4.6993
0.4115
2.91732
1.6227
0.77844
0.73167
0.120629
1.89226
0.443642
0.23054
0.158282
0.365905
3.40574
2.60607
0.480699
0.167403
0.120568
0.692729
3.15297
0.71922
1.76202
4.23145
5.21086
0.229307
1.08325
0.349078
14.4937
0.495809
0.125921
0.129895
8.69085
0.112697
1.0576
3.06864
0.218934
3.46201
0.830323
0.99104
0.130707
3.26822
0.109067
0.449979
2.34993
2.80413
3.22475
4.57954
0.154125
0.131488
1.18864
0.53786
0.354715
0.616792
1.06311
0.256254
0.276804
0.329651
0.148895
0.524602
1.41934
0.239073
0.315322
0.23815
0.254752
0.596734
0.147581
1.62235
1.24686
4.57737
0.169171
0.558062
0.322595
5.25071
0.361389
0.220456
0.13007
0.409931
0.268025
0.952526
0.280017
0.252351
0.815596
0.218316
0.727681
0.955481
0.189183
0.423536
0.560077
0.210422
0.108697
0.207184
0.133219
0.144548
0.103531
0.443325
0.981439
0.105037
0.213393
0.82605
2.29703
0.84292
0.82999
4.30304
0.100291
2.77636
0.202091
7.67389
2.55308
0.936015
0.564816
0.109275
0.164276
0.563114
0.143175
2.23233
0.906351
0.100198
0.461158
0.345588
0.795516
4.04195
0.703424
0.181877
0.603056
2.66239
1.26732
0.40779
4.14532
0.371431
0.965334
0.130907
0.229264
0.164086
0.143502
2.06815
2.31987
0.614911
5.9636
0.140372
0.501219
0.381212
0.344126
2.09899
1.07023
2.97448
0.273771
0.465227
0.236436
0.50346
0.111509
1.27152
4.36746
1.49018
1.57937
1.99898
0.212175
0.231805
0.857405
0.230617
8.22525
0.146203
0.543551
0.856307
0.108129
0.985298
0.419643
0.246225
8.72381
0.253069
0.742498
0.182006
0.476101
0.503205
0.806135
1.60215
0.116429
0.202039
0.26927
0.529713
0.858943
0.189016
1.40352
0.128785
0.265225
0.569472
0.234558
0.105293
0.588554
0.996655
1.52557
3.93404
1.10932
0.290266
0.157748
0.205609
0.198764
0.561645
0.662818
0.223816
0.250869
0.164989
0.167576
0.100815
0.121176
3.85108
0.858387
0.217704
0.189256
0.23598
0.287277
0.410003
2.19561
0.918252
0.43918
0.186495
0.243196
0.765755
0.160489
0.13355
0.11477
1.0612
0.106776
1.98494
1.25612
1.36961
0.441949
0.544379
0.703502
0.176955
5.45143
0.246088
0.185361
0.183186
7.01707
0.616145
0.376852
0.13257
0.740244
1.69066
1.17936
0.195429
4.12315
0.696105
0.442152
4.792
0.140394
0.791411
1.87896
0.205038
2.42705
5.97554
1.78494
0.128488
0.664094
0.614204
0.659983
0.160171
0.130741
0.136415
0.415935
2.41125
1.57088
0.899999
6.89836
0.378442
0.439918
0.125221
1.59157
0.414879
1.04369
0.144361
0.118575
5.266
0.167989
3.06309
0.215715
0.267916
0.597486
3.21628
7.04781
1.34036
1.21818
0.449217
0.168297
0.418684
8.63386
0.339451
0.906615
0.177357
0.709895
0.116826
0.586727
0.337351
0.114654
5.02931
4.39673
0.545383
0.325451
0.242396
0.477883
0.206228
0.262682
0.729126
0.422773
0.244803
0.576425
2.41117
0.115058
4.17504
3.03928
4.3043
0.267731
2.84217
0.15524
0.408671
0.372858
0.156673
2.28401
3.6627
0.237588
13.2693
0.107652
0.261629
1.04919
0.101668
1.6249
0.389435
0.398903
6.08538
0.531298
8.10882
10.0911
6.36773
0.10151
0.10311
6.12357
2.18534
1.56643
0.123302
0.102728
0.136904
0.146403
2.03436
1.82747
0.179886
0.60029
0.175797
2.70106
0.277135
3.53992
4.01746
0.716169
8.6167
6.37604
0.514646
0.152443
0.169123
0.617889
0.605074
0.182279
0.211736
0.142148
0.189152
0.562675
0.865439
2.19002
2.87847
3.34569
0.177407
0.419771
0.248568
0.259494
0.723
2.52396
0.348926
0.201846
0.483187
3.27357
0.342475
0.791263
0.607405
0.792069
1.49274
0.457343
0.214137
2.12418
0.161264
14.6729
0.123988
0.696863
0.979789
2.65627
2.41164
0.647699
0.20707
0.138427
1.86416
1.2581
0.1621
1.15979
0.156725
1.24801
8.037
0.185901
0.12656
0.677478
7.19874
0.858327
3.03596
0.10956
0.230518
1.04085
2.38753
1.28175
1.41263
0.207309
0.158404
0.723636
0.113632
0.514291
0.121456
0.334912
0.451857
0.882488
0.289286
6.52706
0.100016
0.628838
8.88131
7.26712
0.154837
0.101031
1.80502
0.164916
1.00895
0.346498
0.822904
0.606718
0.658854
2.70466
6.96976
0.133148
0.622878
0.871984
0.293731
0.204505
1.95562
0.213829
0.359646
0.36834
1.85259
0.419023
0.114177
0.459597
0.259888
0.360998
0.238457
2.33227
0.417491
0.596489
2.54121
0.933427
1.73574
3.60248
0.108636
3.178
0.213643
0.138168
0.189625
0.11271
0.286308
0.65845
1.06923
0.314288
4.36295
0.482462
0.523219
1.1717
0.137942
0.180567
0.353653
0.40369
6.27177
0.53347
1.12786
0.104354
0.382569
5.84236
0.346095
0.720644
5.02472
1.73413
0.647977
1.90198
0.969721
0.103249
3.45068
0.166394
0.813214
0.357405
0.245819
0.289481
2.31428
0.592626
1.32591
4.29227
0.180929
0.454696
0.180857
4.30368
0.231137
1.56682
0.209139
0.146348
1.8204
0.644216
1.32519
13.358
1.12479
0.353586
0.301879
2.48886
9.33969
0.743073
1.86449
0.16028
0.404693
1.33194
2.17333
3.66401
0.414355
0.157307
0.858027
0.159148
0.140579
0.268942
0.338552
2.00589
1.86511
