-0.997983
-0.989723
-0.0452704
-0.974137
-0.990248
-0.980525
-0.979778
-0.73426
-0.994612
-0.749989
-0.913384
-0.960012
-0.958576
-0.908199
-0.981303
-0.907459
-0.895899
-0.973419
-0.993792
-0.989867
-0.939588
-0.98501
-0.975174
-0.884289
-0.946709
-0.255313
-0.979821
-0.968339
-0.99953
0.0962852
-0.965503
-0.991262
-0.599981
-0.993447
-0.992577
-0.992582
-0.954921
-0.991779
-0.918642
-0.99843
-0.97127
-0.979057
-0.920821
-0.995996
-0.995538
-0.592956
-0.979692
-0.813769
-0.994774
-0.942083
-0.999748
-0.740276
-0.980192
-0.981054
-0.349088
-0.967158
-0.859663
-0.628872
-0.90363
-0.995172
-0.846418
-0.13518
-0.988421
-0.983985
-0.992026
-0.981199
-0.545052
-0.956497
-0.380688
-0.807324
-0.862245
-0.99017
-0.991841
-0.971535
-0.974704
-0.997819
-0.930363
-0.990601
-0.983283
-0.898284
-0.585303
-0.847017
-0.958098
-0.966847
-0.162105
-0.943277
-0.989205
-0.972817
-0.949964
-0.93657
-0.937321
-0.987401
-0.998115
-0.655076
-0.961964
-0.866136
-0.874701
-0.972756
-0.992523
-0.994415
-0.742828
-0.969142
-0.96701
-0.985265
-0.926569
-0.939822
-0.422544
-0.984582
-0.998481
-0.99849
-0.992485
-0.954344
-0.99636
-0.997656
-0.966262
-0.489054
-0.987832
-0.891742
-0.89703
-0.929334
-0.938038
-0.997621
-0.815953
-0.838287
-0.869876
-0.995058
-0.710878
-0.980122
-0.975691
-0.984452
-0.678326
-0.972319
-0.995352
-0.767284
-0.958318
0.0700665
-0.298564
-0.751587
-0.875703
-0.979234
-0.973885
-0.83987
-0.977621
-0.905801
-0.8725
-0.983491
-0.992766
-0.994581
-0.99919
-0.8358
-0.975883
-0.878248
-0.931859
-0.901871
-0.954165
-0.999818
-0.985863
-0.933631
-0.908053
-0.278621
-0.998379
-0.998613
-0.809483
0.600242
-0.967248
0.318322
-0.980449
-0.948694
-0.997193
-0.993792
-0.991446
-0.931187
-0.90306
-0.999138
-0.929695
-0.958848
-0.991333
-0.999464
-0.98042
-0.985693
-0.965423
-0.950377
-0.956992
-0.925479
-0.519873
-0.909413
-0.374681
-0.913222
-0.96122
-0.99863
-0.890657
-0.727144
-0.588957
-0.990174
-0.959795
-0.960153
-0.984386
-0.97738
-0.943167
-0.990028
-0.941272
-0.981825
-0.979628
-0.934238
-0.848438
-0.959858
-0.826026
-0.948339
-0.979169
-0.977033
-0.974252
-0.983833
-0.891138
-0.946626
-0.923548
-0.950086
-0.989055
-0.93835
-0.952686
-0.814955
-0.996476
-0.977801
-0.992778
-0.993653
-0.997321
-0.958445
-0.993081
-0.917458
-0.665775
-0.209421
-0.958558
-0.979793
-0.988514
-0.903261
-0.997464
-0.942396
-0.892481
-0.654679
-0.658287
-0.991533
0.1521
-0.963271
-0.899749
-0.867548
-0.974057
-0.860942
-0.869008
-0.478273
-0.929237
-0.959046
-0.976402
-0.982637
-0.95421
-0.995969
-0.884137
-0.832243
-0.951878
-0.979239
-0.977363
-0.955283
-0.990447
-0.983564
-0.953839
-0.821054
-0.905455
-0.859051
-0.999132
-0.742238
-0.908984
-0.99011
-0.865366
-0.996988
-0.232924
-0.936182
-0.920029
-0.855529
-0.848139
-0.511565
-0.855142
-0.904214
-0.994853
-0.886408
-0.979913
-0.990668
-0.778047
-0.920642
-0.958457
-0.99141
-0.993343
-0.977704
-0.925125
-0.959013
-0.654843
-0.997743
-0.69857
-0.979417
-0.974199
-0.989741
-0.984457
-0.990271
-0.947318
-0.995288
-0.993838
-0.966775
-0.978487
-0.97023
-0.789198
-0.985269
-0.967022
-0.988647
-0.999688
-0.961812
-0.998136
-0.983638
-0.772669
-0.826163
-0.760081
-0.998873
-0.942299
-0.957154
-0.979966
-0.833229
-0.878395
-0.986857
-0.962826
-0.731841
-0.967921
-0.93646
-0.997136
-0.998612
-0.897654
-0.986326
-0.82396
-0.730812
-0.884768
-0.666668
-0.929183
-0.908355
-0.971419
-0.982442
-0.989017
-0.944702
-0.993278
-0.847313
-0.986537
-0.64918
-0.476481
0.128286
-0.61196
-0.879801
-0.958435
-0.973464
-0.961911
-0.956467
-0.829463
-0.989625
-0.93295
-0.944825
-0.832163
-0.99981
-0.845902
-0.984304
-0.993809
-0.90436
-0.985969
-0.968814
-0.938179
-0.986435
-0.98469
-0.973503
-0.942183
-0.986469
-0.995707
-0.985597
-0.908825
-0.995627
-0.989312
-0.801916
-0.984058
-0.89853
-0.980735
-0.967848
-0.989547
-0.795945
-0.98644
-0.924492
-0.847656
-0.841507
-0.962721
-0.994771
-0.99467
-0.984703
-0.990823
-0.402719
-0.895145
-0.981204
-0.634005
-0.974868
-0.955034
-0.985843
-0.929874
-0.921119
-0.992977
-0.909118
-0.971475
-0.995067
-0.784794
-0.964292
-0.898548
-0.955864
-0.99097
-0.989321
-0.97745
-0.93284
-0.519735
-0.568068
-0.987481
-0.997314
-0.937715
0.369271
-0.764263
-0.984202
-0.796926
-0.818824
-0.971043
-0.998214
-0.986697
-0.712544
-0.95724
-0.967634
-0.981395
-0.994176
-0.951668
-0.970792
-0.828725
-0.890033
-0.955416
-0.997349
-0.998985
-0.992108
-0.99626
-0.944484
-0.980879
-0.987958
-0.984148
-0.998488
-0.998469
-0.978289
-0.946026
-0.936365
-0.804516
-0.702425
-0.95689
-0.980707
-0.288388
-0.985638
-0.998347
-0.940431
-0.958907
-0.8526
-0.481322
-0.903314
-0.952718
-0.974241
-0.830808
-0.948007
-0.983855
-0.993105
-0.896566
-0.920418
-0.921719
-0.990146
-0.704142
-0.981305
-0.992971
-0.981437
-0.861541
-0.982615
-0.956458
-0.995751
-0.988586
-0.994439
-0.978175
-0.965713
-0.973606
-0.975669
-0.987798
-0.986961
-0.976426
-0.99991
-0.688079
-0.825618
-0.866959
-0.909543
-0.947752
-0.833779
-0.852834
-0.772777
-0.995921
-0.950234
-0.983327
-0.911097
-0.808674
-0.97125
-0.999834
-0.911941
-0.795109
-0.994904
-0.99897
-0.86717
-0.987587
-0.934431
-0.357748
-0.834367
-0.989568
-0.986071
-0.889207
-0.15854
-0.961208
-0.816672
-0.975851
-0.948087
-0.979869
-0.957081
-0.325705
-0.952306
-0.93082
-0.952781
-0.987556
-0.881501
-0.985784
-0.780366
-0.927831
-0.996333
-0.985226
-0.911968
-0.968708
-0.913814
-0.881659
-0.994895
-0.793212
-0.911107
-0.964544
-0.974465
-0.889077
-0.872731
-0.953616
-0.982362
-0.956113
-0.973147
-0.774693
-0.892244
-0.924178
-0.99477
-0.953065
-0.977228
-0.999793
-0.980575
-0.95889
-0.584836
-0.939602
-0.988218
-0.120626
-0.905734
-0.909515
-0.965604
-0.986455
-0.99653
-0.977881
-0.918764
-0.99455
-0.98333
-0.910735
-0.789535
-0.926999
-0.981013
-0.992469
-0.911015
-0.9988
-0.990416
-0.999835
-0.988769
-0.964574
-0.927016
-0.859067
-0.974084
-0.692461
-0.920764
-0.960266
-0.993073
-0.951464
-0.948074
-0.998887
-0.971947
-0.959383
-0.517536
-0.79705
-0.776851
-0.960939
-0.817619
-0.956914
-0.949268
-0.954468
-0.983796
-0.728573
-0.980229
-0.791383
-0.946776
-0.773194
-0.86
-0.904997
-0.931054
-0.936317
-0.994201
-0.950736
-0.958578
-0.992844
-0.975055
-0.998929
-0.496528
-0.905636
-0.974439
-0.980926
-0.900234
-0.897489
-0.498038
-0.984513
-0.956371
-0.965172
-0.9796
-0.999143
-0.891049
-0.826766
-0.964741
-0.958529
-0.875392
-0.974553
-0.990141
-0.970855
0.176517
-0.926258
-0.972263
-0.976275
-0.992844
-0.994898
-0.991056
-0.917479
-0.945079
-0.895245
-0.979805
-0.942793
-0.964188
-0.413581
-0.987533
-0.993623
-0.986456
-0.964364
0.200468
-0.783003
-0.995959
-0.679948
-0.956768
-0.979587
-0.975708
-0.986119
-0.97853
-0.986809
-0.996097
-0.963389
-0.430744
-0.987602
-0.980293
-0.976641
-0.950129
-0.256104
-0.945463
-0.904074
-0.951085
-0.96597
-0.928731
-0.710743
-0.999727
-0.938151
-0.947298
-0.985246
-0.989406
-0.310568
-0.951959
0.302617
0.179948
-0.96721
-0.967261
-0.990902
-0.957157
-0.911186
-0.972681
-0.79967
-0.85721
-0.768507
-0.683146
-0.900297
-0.971762
-0.979357
-0.890538
-0.990299
-0.957181
0.541999
-0.999792
-0.932677
-0.986835
-0.991539
-0.965991
-0.933616
-0.991277
-0.998263
-0.982401
-0.880517
-0.777847
-0.996775
-0.860409
-0.946113
-0.989862
-0.91302
-0.88755
-0.991845
-0.997671
-0.798245
-0.561334
-0.994083
-0.941386
-0.98445
-0.80558
-0.981362
-0.918724
-0.939377
-0.931849
-0.982633
-0.984014
0.00101736
-0.954919
-0.991134
-0.977344
-0.933325
-0.996894
-0.953642
-0.970982
-0.891604
-0.973319
-0.991435
-0.991228
-0.996623
-0.989339
-0.745694
-0.901251
-0.882602
-0.873209
-0.986577
-0.97245
-0.897645
-0.988894
-0.993333
-0.993583
-0.945666
-0.963391
-0.97227
-0.991931
-0.974911
-0.559349
-0.98139
-0.953557
-0.91879
-0.966295
-0.968899
-0.977531
-0.884397
-0.957979
-0.741848
-0.983619
-0.977838
-0.903597
-0.815245
-0.159231
-0.957907
-0.934436
-0.996945
-0.864786
-0.981951
-0.963467
-0.976356
-0.949464
-0.997818
-0.985831
-0.986383
-0.909813
-0.998567
-0.99155
-0.992431
-0.988596
-0.99035
-0.942602
-0.88323
-0.85598
-0.742993
-0.992865
-0.961701
-0.467413
-0.963989
-0.996077
-0.856419
-0.871554
-0.998427
0.37682
-0.681199
-0.964104
-0.997463
-0.862737
-0.998011
-0.990948
-0.991058
-0.984298
-0.974601
-0.903439
-0.960311
-0.954211
-0.950006
-0.990404
-0.630301
-0.972099
-0.968781
-0.973616
-0.977147
-0.873445
-0.989442
-0.998248
-0.996043
-0.984556
-0.996097
-0.995461
-0.97167
-0.592453
-0.829495
-0.476596
-0.997837
-0.820026
-0.98496
-0.936255
-0.859726
-0.987646
-0.636155
-0.979687
-0.611801
-0.412327
-0.895298
-0.993911
-0.787257
-0.990278
-0.984534
-0.770699
-0.93922
-0.922856
-0.9708
-0.977166
-0.890183
-0.904314
-0.864137
-0.807941
-0.957695
-0.981665
-0.221453
-0.984935
-0.999145
-0.999428
-0.986905
-0.76554
-0.995761
-0.957018
-0.880327
-0.995315
-0.989354
-0.927348
-0.993123
-0.954147
-0.855728
-0.963027
-0.758076
-0.972239
-0.99827
-0.950838
-0.919321
-0.999243
-0.893971
-0.986112
-0.729579
-0.989617
-0.982791
-0.804724
-0.998042
-0.993083
-0.998951
-0.995967
-0.998574
-0.969886
-0.962865
-0.996849
-0.786561
-0.976407
-0.992814
-0.953567
-0.997258
-0.995856
-0.958609
-0.978799
-0.162525
-0.707103
-0.972234
-0.913086
-0.963831
-0.94338
-0.999152
-0.771674
-0.975877
-0.988347
-0.993183
-0.999296
-0.959973
-0.879154
-0.98186
-0.958899
-0.971409
-0.978845
-0.967473
-0.928403
-0.746282
-0.943293
-0.994944
-0.859888
-0.995918
-0.990412
-0.982589
-0.980702
-0.82878
-0.940573
-0.7924
-0.984466
-0.989896
-0.970163
-0.984305
-0.932813
-0.442082
-0.209756
-0.792556
-0.968822
-0.941438
-0.994468
-0.98531
-0.947375
-0.878491
-0.968763
0.806596
-0.99498
-0.968277
-0.973274
-0.975616
-0.979603
-0.935604
-0.880959
-0.97403
-0.985743
-0.8103
-0.999107
-0.970852
-0.963478
-0.984301
-0.939925
-0.940033
-0.78577
-0.968386
-0.971805
-0.99983
-0.959419
-0.994648
-0.997027
-0.99276
-0.995037
-0.617482
-0.977489
-0.932852
-0.928982
-0.890183
-0.945107
-0.864662
-0.956541
-0.854259
-0.946004
-0.925044
-0.966003
-0.891889
-0.991744
-0.902015
-0.9661
-0.989559
-0.912533
-0.960853
-0.992523
-0.997692
-0.918222
-0.976886
0.19158
-0.911969
-0.992146
-0.992342
-0.958861
-0.981084
-0.954625
-0.910451
-0.924484
-0.655509
-0.703296
-0.970518
-0.590336
-0.919197
0.0529161
-0.845625
-0.984334
-0.864097
-0.934934
-0.940177
-0.967578
-0.970841
-0.979597
-0.960237
-0.650274
-0.911228
-0.840313
-0.802817
-0.98148
-0.989264
-0.990852
-0.996893
-0.982756
-0.938757
0.969692
-0.955437
-0.981542
-0.950709
-0.0492439
-0.937528
-0.993718
-0.996956
-0.996014
-0.945191
-0.971464
-0.82658
-0.875248
-0.998401
-0.977302
-0.994459
-0.997509
0.324237
-0.81792
-0.954815
-0.989786
-0.997102
-0.998151
0.0550646
-0.965222
-0.957003
-0.852851
-0.985205
-0.958091
-0.939762
-0.993493
-0.93362
-0.948433
-0.979534
0.457417
-0.979293
-0.98376
-0.472669
-0.63459
-0.99974
-0.975699
-0.986016
-0.994453
-0.982792
-0.990094
-0.951892
-0.972886
-0.394353
-0.865047
-0.924285
-0.789136
-0.825609
-0.826464
-0.986628
-0.967332
-0.998231
-0.783241
-0.998887
-0.973329
-0.958335
-0.870924
-0.969256
-0.853861
-0.716973
-0.853644
-0.986659
-0.960847
-0.989913
-0.978228
-0.951279
-0.954461
-0.99241
-0.887564
-0.996431
-0.921554
-0.526624
-0.982349
-0.998067
0.129203
-0.933982
-0.968932
-0.753936
-0.977849
-0.987982
-0.565595
-0.95857
-0.790597
-0.708844
0.511582
-0.989976
-0.988078
-0.893117
-0.908386
-0.963646
-0.959655
-0.938371
-0.97612
-0.919668
-0.976237
-0.878628
0.0689963
-0.987141
-0.97714
-0.875467
-0.892578
-0.892708
-0.529874
-0.946436
-0.923782
-0.69423
-0.847558
-0.869957
-0.617118
-0.999266
-0.924106
-0.989995
-0.94661
-0.978187
-0.972089
-0.89155
-0.598427
-0.90662
-0.993402
-0.672928
-0.343202
-0.988843
-0.954624
-0.950268
-0.995502
-0.867301
-0.88929
-0.974719
-0.86859
-0.980607
-0.983133
-0.977582
-0.985862
0.347372
-0.960286
-0.970647
-0.924752
-0.615484
-0.909394
-0.984856
-0.794976
-0.905879
-0.941725
-0.984385
-0.972271
-0.977228
-0.307079
-0.957943
-0.859961
-0.980289
-0.879809
-0.96906
-0.980513
-0.996369
-0.960326
-0.975356
-0.953873
-0.961626
-0.991482
-0.99144
-0.989648
-0.951153
-0.98059
-0.992812
-0.995761
-0.933315
-0.989962
-0.909955
-0.982531
-0.986766
-0.993308
-0.957457
-0.978914
-0.989576
-0.902387
-0.998716
-0.992935
-0.989538
-0.889538
-0.941077
-0.999781
-0.963504
-0.986087
-0.979294
-0.980604
-0.994751
-0.99763
-0.81273
0.403151
-0.859847
-0.809004
-0.98579
-0.997511
-0.991333
-0.989631
-0.912135
0.489192
-0.971095
-0.998639
-0.976367
-0.706365
-0.699623
-0.994361
-0.998165
-0.991922
-0.998651
-0.967763
-0.997371
-0.996286
-0.990871
-0.963362
-0.997956
-0.73005
-0.882683
-0.832533
-0.985432
-0.655029
-0.00960079
-0.976137
-0.231479
-0.992489
-0.981262
-0.984256
-0.980997
-0.92592
-0.972541
-0.933157
-0.987312
-0.987676
-0.999615
-0.942623
-0.980729
-0.970505
-0.993925
-0.987623
-0.950974
-0.971087
-0.982504
-0.978904
-0.997701
-0.877467
-0.994591
-0.986146
-0.864114
-0.906253
-0.998689
-0.991707
-0.994021
-0.906116
-0.990552
-0.921066
-0.998981
-0.973048
0.391713
-0.983744
-0.992903
-0.963095
-0.977553
-0.998722
-0.958716
-0.972894
-0.994549
-0.9149
0.619439
-0.953534
-0.98095
-0.984779
-0.995153
-0.909958
-0.978833
-0.96238
-0.991453
-0.511786
-0.990818
-0.982986
-0.889774
-0.994169
-0.99769
-0.984568
-0.990809
-0.970216
-0.987949
-0.926368
-0.940059
-0.977869
-0.918085
-0.998521
-0.974634
-0.991838
-0.953961
-0.995664
-0.895172
-0.910222
-0.91751
0.361098
-0.978515
-0.993354
-0.991728
-0.998816
-0.998931
-0.946158
-0.645194
-0.81449
-0.999841
-0.997255
-0.975572
-0.922051
-0.948086
-0.960635
-0.974057
-0.98245
-0.989825
-0.911833
-0.974883
-0.975898
-0.990322
-0.9935
-0.986194
-0.984962
-0.946467
-0.987248
-0.938786
-0.925078
-0.997339
-0.495167
-0.934394
-0.84383
-0.947451
0.347246
-0.991968
-0.961601
-0.966114
0.44466
-0.966201
-0.99397
-0.997371
-0.983564
-0.996106
-0.800286
-0.971412
-0.807584
-0.861043
-0.985836
-0.954938
0.560337
-0.977001
-0.441475
-0.951158
-0.918765
-0.999747
-0.94034
-0.974413
-0.980836
-0.993051
-0.988263
-0.294125
-0.936806
-0.985826
-0.989371
-0.986455
-0.905568
-0.94767
-0.749214
-0.993278
-0.975435
-0.995542
-0.964296
-0.95169
-0.958955
-0.912432
-0.593846
-0.932033
-0.860705
-0.988959
-0.797901
-0.849563
-0.933343
-0.994602
-0.969942
-0.997064
-0.889396
-0.395038
-0.903869
-0.98222
-0.968701
-0.905143
-0.862837
-0.881994
-0.548147
-0.938753
-0.996427
-0.979347
-0.973857
-0.588585
-0.995068
-0.980505
-0.993129
-0.995756
-0.87954
-0.984136
0.306743
-0.995742
-0.837062
-0.428921
-0.876717
-0.980212
-0.695779
-0.934544
-0.985231
-0.959305
-0.987337
-0.767003
-0.98222
-0.978205
-0.998632
-0.99934
-0.998467
-0.998394
-0.992123
-0.993528
-0.98011
-0.950045
-0.88104
-0.999681
-0.980949
-0.953484
-0.997994
-0.752939
-0.899451
-0.975896
-0.973133
-0.961461
-0.895504
-0.980369
-0.620575
-0.999902
-0.998483
-0.0369866
-0.934623
-0.943877
-0.925608
-0.997737
-0.932344
-0.921922
-0.445993
-0.977753
-0.975774
-0.878021
-0.982149
-0.972924
-0.954153
-0.999479
-0.951319
-0.900812
-0.88799
-0.990263
-0.984103
-0.993881
-0.957629
-0.423889
-0.97658
-0.941737
-0.908779
-0.990863
-0.920742
-0.986531
-0.96921
-0.989094
-0.996625
-0.993143
-0.96127
-0.975797
-0.95483
-0.74752
-0.776918
-0.881562
-0.994568
-0.871983
-0.996362
-0.892251
-0.56378
-0.960094
-0.96724
-0.908369
-0.995167
-0.902009
-0.969376
-0.914301
-0.991283
-0.91825
-0.973763
-0.348923
-0.944591
0.0133637
-0.863766
-0.942018
-0.851026
-0.886582
-0.970883
-0.868217
-0.931556
-0.991141
-0.991907
-0.970106
-0.874818
-0.984137
-0.996404
-0.989956
-0.947739
-0.939136
-0.912462
-0.995458
-0.869197
-0.865869
-0.853592
-0.984336
-0.96062
-0.681385
-0.901451
-0.991079
-0.981587
-0.990392
-0.871763
-0.799649
0.757795
-0.952217
-0.881637
-0.943688
-0.957263
-0.95416
0.514272
-0.560766
-0.992582
-0.790467
-0.532964
-0.979415
-0.908039
-0.998813
-0.963145
-0.965349
-0.868044
-0.838018
-0.967524
-0.953308
-0.9611
-0.98295
-0.596163
-0.880016
-0.95392
-0.993696
-0.942977
-0.855797
-0.993084
-0.861289
-0.997952
-0.997282
-0.970477
-0.969636
-0.949301
-0.888804
-0.413003
-0.856141
-0.966409
-0.981024
-0.903314
-0.99223
-0.948639
-0.875875
-0.958483
-0.971399
-0.969771
-0.973469
-0.952876
-0.895995
-0.987931
-0.942383
-0.968735
-0.983878
-0.978739
-0.962489
-0.963922
-0.954338
-0.952773
-0.922048
-0.401373
-0.54489
-0.317655
-0.917187
-0.923141
-0.679346
-0.962922
-0.964135
-0.966238
0.230676
-0.9933
-0.9903
-0.981141
-0.956444
-0.769655
-0.658239
-0.98438
-0.974264
-0.900214
-0.999067
-0.967254
-0.979019
-0.807518
-0.983608
-0.955674
-0.991659
-0.844096
-0.988262
-0.937329
-0.341255
-0.292532
-0.999461
-0.993924
-0.993635
-0.968229
-0.978557
-0.982824
-0.983771
-0.943215
-0.962566
-0.983303
-0.962502
-0.97806
-0.989837
-0.990837
-0.958638
-0.996717
-0.948761
-0.660596
-0.501095
-0.839818
-0.936872
-0.929881
-0.986284
-0.989029
-0.979007
-0.549893
-0.890057
-0.947109
-0.919939
-0.998518
-0.926486
-0.962573
-0.706978
-0.975703
-0.980518
-0.975411
-0.431752
-0.956652
0.445932
-0.825702
-0.895042
-0.991971
-0.985179
-0.968367
0.122091
-0.740374
-0.945812
-0.878288
-0.898696
-0.978513
-0.979232
-0.989253
-0.98827
-0.788761
-0.644826
-0.920457
-0.976223
-0.988329
-0.999863
-0.99714
-0.997579
-0.954591
-0.914603
-0.964224
-0.909157
-0.992362
-0.515338
-0.493765
-0.959888
-0.996949
-0.995441
-0.756981
-0.879838
-0.997218
-0.99259
-0.917828
-0.949727
-0.968364
-0.992913
-0.911457
-0.887684
-0.93854
-0.939887
-0.911147
-0.969451
-0.629651
-0.972297
-0.97523
-0.993852
-0.90679
-0.968704
-0.961818
-0.980035
-0.993072
-0.990871
-0.981183
-0.912729
-0.987846
-0.993381
-0.60973
-0.987546
-0.97035
-0.707749
-0.969618
-0.999422
-0.998713
-0.995147
-0.999476
-0.99743
-0.999196
-0.824677
-0.979252
-0.867608
-0.911835
-0.98502
-0.928643
-0.974126
-0.974466
-0.990191
-0.972368
-0.986279
-0.998292
-0.98413
-0.975347
-0.973241
-0.994557
-0.976497
-0.98866
-0.946736
-0.404763
-0.989098
-0.863889
-0.979328
-0.852298
-0.933855
-0.97949
-0.989347
-0.981907
-0.688408
-0.805854
-0.836166
-0.96896
-0.950748
-0.917445
-0.883503
-0.918321
-0.32886
-0.962418
-0.980908
-0.968009
-0.798943
-0.612412
-0.458837
-0.934267
-0.794192
-0.562616
-0.904556
-0.960598
-0.982155
-0.997727
-0.968976
-0.965153
-0.974902
-0.976872
-0.971008
-0.855199
-0.819521
-0.669859
-0.99185
-0.884222
-0.849919
-0.981631
-0.959761
-0.649817
-0.99712
-0.995742
-0.997687
-0.999784
-0.991893
-0.85423
-0.967649
-0.987199
-0.950114
-0.986063
-0.756053
-0.968029
-0.989281
-0.126473
-0.90833
-0.97418
-0.922589
-0.993699
-0.990196
-0.946524
-0.464758
-0.985247
-0.784931
-0.921316
-0.93062
-0.997916
-0.938996
-0.997329
-0.995011
-0.989802
-0.968287
-0.990922
-0.782768
-0.877768
-0.545378
-0.878755
-0.658827
-0.97924
-0.991126
-0.999469
-0.993589
-0.293967
-0.96308
-0.800816
-0.988178
-0.992323
-0.906687
-0.955735
-0.902834
-0.992553
-0.968736
-0.963385
-0.998761
-0.863824
-0.998778
-0.971481
-0.982106
-0.875435
-0.686599
-0.963534
-0.953677
-0.97766
-0.978413
-0.979436
-0.687318
-0.609576
0.537769
-0.689228
-0.979335
-0.734908
-0.981181
-0.905899
-0.936303
-0.995048
-0.9907
-0.846628
-0.933864
-0.959448
-0.956106
-0.933791
-0.671169
-0.978978
-0.977796
-0.990063
-0.987668
-0.9836
-0.785842
-0.921612
-0.999072
-0.99519
-0.992321
-0.969293
-0.9574
-0.98889
-0.996205
-0.999238
-0.968683
-0.985842
-0.927499
-0.977684
-0.979367
-0.840157
-0.987158
-0.762368
-0.84579
-0.985315
-0.687957
-0.46516
0.15225
-0.989696
-0.998828
-0.909092
-0.902598
-0.603851
-0.983496
-0.988966
-0.256483
-0.905269
-0.83194
-0.98135
-0.971144
-0.999918
-0.950476
-0.964026
-0.866039
-0.960861
-0.689715
-0.820608
-0.864497
-0.963386
-0.883238
-0.9998
-0.983526
-0.941022
-0.935966
-0.976443
-0.808625
-0.995049
-0.764629
-0.744551
-0.981426
-0.972012
-0.996812
-0.954495
-0.99016
-0.99974
-0.978706
-0.692193
-0.699489
-0.912675
-0.815262
-0.960454
-0.996268
-0.985575
-0.88444
-0.905428
-0.958935
-0.997576
-0.921511
-0.982771
-0.774189
-0.743721
-0.957785
-0.88502
-0.986107
-0.965719
-0.993051
-0.895114
-0.779257
-0.963217
-0.868562
-0.939515
0.194722
-0.965414
0.171237
-0.959659
-0.916295
-0.987668
-0.990355
-0.815748
-0.981993
-0.957933
-0.9748
-0.984481
-0.983987
-0.921961
-0.950019
-0.963708
-0.935125
-0.993255
-0.999234
-0.998132
-0.91213
-0.98349
-0.956775
-0.982257
-0.986594
-0.620815
-0.958368
-0.993172
-0.991776
-0.261635
-0.987346
-0.944607
-0.95974
-0.964722
-0.951261
-0.941202
-0.98284
-0.999407
-0.976736
-0.995605
-0.963495
-0.800836
-0.662673
-0.924517
-0.966236
-0.98216
-0.386702
-0.921075
-0.663702
-0.466361
-0.990147
-0.956376
-0.838951
-0.98302
-0.927457
-0.954163
-0.980641
-0.977372
-0.97766
-0.828471
-0.997595
-0.967397
-0.60172
-0.991686
-0.977637
-0.780525
-0.924199
-0.929312
-0.925021
-0.986304
-0.996476
-0.408205
-0.891319
-0.939329
-0.974439
-0.929728
-0.919999
-0.98336
-0.979909
-0.989314
-0.97138
-0.996091
-0.943864
-0.998439
-0.959866
-0.990203
-0.253483
-0.952337
-0.869037
-0.910786
-0.70713
-0.963123
-0.928122
-0.941422
-0.988477
-0.908785
-0.958309
-0.993004
-0.942994
-0.912116
-0.977736
-0.983372
-0.950276
-0.614546
-0.916407
-0.999974
-0.990442
-0.955529
-0.943886
-0.963347
-0.975414
-0.96757
-0.958063
-0.990951
-0.906906
-0.975147
-0.99331
-0.994355
-0.9662
-0.972036
-0.747922
-0.901864
-0.943933
-0.983108
-0.983309
-0.953024
-0.980041
-0.943606
-0.407657
-0.868834
-0.636075
-0.989744
-0.998505
-0.890328
-0.958967
-0.980123
-0.969327
-0.273866
-0.0167135
-0.211444
-0.900456
-0.955872
-0.996903
-0.989724
-0.988474
-0.61601
-0.980436
-0.991682
-0.441661
-0.970829
-0.979054
-0.999753
-0.971887
-0.462158
-0.710029
-0.979016
-0.8993
-0.992439
-0.983
-0.936956
-0.978091
-0.983279
-0.980835
-0.971406
-0.906433
-0.942255
-0.906947
0.615195
-0.920143
-0.981587
-0.985889
-0.962628
-0.908442
-0.962408
-0.986294
-0.911294
-0.594482
-0.684799
-0.943934
-0.886382
-0.857392
-0.930001
-0.811656
-0.976185
-0.98783
-0.902701
-0.988763
-0.952206
-0.952627
-0.985072
-0.978211
-0.546265
-0.964724
-0.991078
-0.848655
-0.975791
-0.839894
-0.891558
-0.953336
-0.976775
-0.962573
-0.998764
-0.963583
-0.999971
-0.991958
-0.991301
-0.94371
-0.330112
-0.950892
-0.866256
-0.927617
-0.935331
-0.619559
-0.958063
-0.977563
-0.996419
-0.769543
-0.74871
-0.854287
-0.320018
-0.974212
0.510221
-0.965402
-0.994881
-0.880806
-0.816469
-0.977027
-0.991936
-0.937366
-0.949952
-0.727622
-0.83124
-0.999798
-0.987946
-0.958636
-0.993013
-0.954528
-0.939263
-0.792472
-0.784672
-0.97267
-0.978027
-0.417233
-0.995461
-0.999698
-0.853338
-0.915863
-0.940396
-0.576608
-0.918652
-0.940235
-0.997402
-0.955912
-0.987396
-0.873717
-0.941262
-0.880568
-0.855648
-0.993077
-0.959688
-0.961299
-0.981603
-0.993237
-0.92994
-0.956134
-0.970002
-0.965565
-0.983182
-0.965871
-0.719584
-0.996494
-0.996538
-0.921233
-0.990491
-0.939293
-0.96926
-0.98803
0.0515038
-0.993882
-0.805758
-0.923406
-0.959964
-0.968885
0.319099
-0.886996
-0.990915
-0.997173
-0.785407
-0.999725
-0.962882
-0.973155
-0.99604
-0.998884
-0.997489
-0.996846
-0.944891
-0.879892
-0.989736
-0.997789
-0.999663
-0.431665
-0.969175
-0.935003
-0.344597
-0.945219
-0.989145
-0.977178
-0.901468
-0.969575
-0.960953
-0.962246
-0.968237
-0.980312
-0.989882
-0.920212
-0.766221
-0.999425
-0.982006
-0.994042
-0.992619
-0.998118
-0.958912
-0.605924
-0.995245
-0.995681
-0.865747
-0.95271
-0.959104
-0.845411
-0.904729
-0.796886
-0.923645
-0.996721
-0.957093
-0.98935
-0.972328
-0.892971
-0.9395
-0.996079
-0.987443
-0.973674
-0.719158
-0.992365
-0.979503
-0.854177
-0.946857
-0.981251
-0.941359
-0.917585
-0.935289
-0.95531
-0.963355
-0.976711
-0.947026
-0.951507
-0.992707
-0.869659
-0.95094
-0.956787
-0.974648
-0.939122
-0.901223
-0.991578
-0.696139
-0.94997
-0.886894
-0.560919
-0.965863
-0.979737
-0.796467
-0.98058
-0.97887
-0.890507
-0.800749
0.0183726
-0.982967
-0.736237
-0.914903
-0.959569
-0.880719
-0.962858
-0.995965
-0.589068
-0.942329
-0.796374
-0.969814
-0.998932
-0.983589
-0.982615
-0.991291
-0.856225
-0.993401
-0.938521
-0.731034
-0.994673
-0.988794
-0.715021
-0.689958
-0.874903
-0.347212
-0.888001
0.706153
-0.859292
-0.899545
-0.963941
-0.972123
-0.901099
-0.973298
-0.962303
-0.956594
-0.997538
-0.99198
-0.953685
-0.967337
-0.991393
-0.986584
-0.999801
-0.943581
-0.964301
-0.795208
-0.0365735
-0.965961
-0.921889
-0.982104
-0.929877
-0.967828
-0.981009
-0.998557
-0.93763
-0.652776
-0.850833
-0.924584
-0.900953
-0.93168
-0.918709
-0.840202
-0.894781
-0.903009
-0.932373
-0.964246
-0.702473
-0.953543
-0.980419
-0.962938
-0.9666
-0.98466
-0.936126
-0.960895
-0.96455
-0.983636
-0.946597
-0.773124
-0.988113
-0.98044
-0.933594
-0.778348
-0.928096
-0.703959
-0.999231
-0.990805
-0.996672
-0.995357
-0.977639
-0.991812
-0.954339
-0.832622
-0.962141
-0.925252
-0.968143
-0.93757
-0.980023
-0.99589
-0.905472
-0.997551
-0.848834
-0.905051
-0.988533
-0.957761
-0.971424
-0.976734
-0.992854
-0.973821
-0.903833
-0.935505
-0.832286
-0.800276
-0.99259
-0.984203
-0.982288
-0.999107
-0.976973
-0.986208
-0.96568
-0.980112
-0.961353
-0.680557
-0.255884
-0.935891
-0.982509
-0.63355
-0.977312
-0.992351
-0.808197
-0.996595
0.266686
-0.989907
-0.992657
-0.983353
-0.958492
-0.991294
-0.996958
-0.98958
-0.983353
-0.979562
-0.920066
-0.869664
0.609825
0.662696
-0.985593
-0.989396
-0.938841
-0.969278
-0.972529
-0.988654
-0.992161
