-125.674
-173.014
-224.489
-329.1
-342.201
-118.277
-118.777
-345.621
-220.486
-287.09
-348.18
-303.025
-254.353
-322.448
-274.664
-342.716
-333.37
-252.165
-165.071
-277.92
-328.108
-339.822
-55.5993
-230.931
-328.038
-332.287
-349.787
-268.315
-347.314
-233.96
-210.332
-335.984
-261.064
-199.687
-326.215
-205.364
-291.848
-343.366
-206.367
-333.068
-238.358
-310.076
-94.3646
-318.949
-75.3351
-342.712
-328.937
-227.901
-333.316
-331.722
-163.302
-262.464
-337.083
-314.066
-283.149
-316.62
-320.399
-255.863
-307.136
-343.233
-236.506
-313.712
-295.414
-334.052
-267.673
-309.38
-331.311
-279.377
-337.304
-34.082
-62.0267
-51.9303
-92.9047
-170.726
-219.543
-309.334
-232.492
-349.122
-319.04
-289.723
-342.271
-347.578
-313.38
-326.347
-305.186
-225.631
-295.48
-348.198
-278.31
-323.768
-343.515
-167.661
-225.881
-324.702
-337.557
-335.092
-275.882
-215.737
-329.194
-306.273
-56.32
-254.846
-222.571
-338.639
-247.452
-254.197
-287.085
-142.838
-148.067
-191.436
-227.275
-299.318
-330.91
-333.863
-283.709
-285.677
-316.22
-329.734
-323.705
-343.535
-129.162
-329.147
-285.322
-337.735
-167.871
-196.907
-332.817
-262.006
-275.377
-329.379
-196.569
-332.954
-273.897
-215.608
-252.787
-285.588
-218.259
-247.759
-279.766
-324.409
-319.741
-320.09
-348.473
-308.23
-317.433
-225.008
-251.176
-323.755
-335.465
-266.122
-293.894
-225.197
-57.3011
-101.887
-299.971
-314.608
-349.238
-306.807
-296.899
-263.995
-324.38
-299.017
-271.833
-280.206
-257.595
-338.136
-196.377
-282.771
-176.131
-298.507
-263.618
-195.498
-279.427
-130.597
-344.526
-305.614
-205.575
-322.924
-284.132
-334.407
-287.802
-309.977
-293.566
-236.524
-349.089
-333.761
-321.143
-176.882
-219.349
-255.53
-337.664
-331.91
-348.76
-277.967
-244.831
-349.071
-319.629
-302.227
-330.76
-344.038
-349.279
-284.917
-337.189
-324.757
-302.729
-347.276
-188.636
-348.888
-96.3492
-144.762
-164.476
-180.997
-203.013
-226.852
-295.292
-284.924
-295.588
-259.045
-330.26
-330.864
-321.963
-319.708
-315.567
-104.249
-146.344
-182.128
-348.506
-299.594
-340.63
-327.376
-339.158
-147.768
-222.6
-262.558
-303.877
-314.482
-337.929
-342.957
-258.486
-296.22
-315.728
-340.649
-309.079
-250.27
-342.257
-294.534
-320.274
-310.981
-195.495
-271.872
-249.48
-322.915
-302.398
-332.509
-304.42
-319.192
-302.844
-334.861
-241.358
-260.683
-313.491
-194.616
-338.856
-287.73
-330.593
-302.255
-338.993
-283.669
-287.47
-299.921
-169.527
-243.916
-266.492
-240.252
-327.064
-260.695
-282.643
-336.363
-276.142
-136.535
-152.977
-230.243
-258.096
-266.937
-297.261
-307.444
-218.724
-309.315
-326.833
-239.253
-178.225
-219.662
-345.755
-326.916
-254.741
-349.595
-197.065
-251.271
-249.526
-261.427
-344.695
-281.872
-246.883
-274.771
-302.731
-342.154
-347.367
-213.098
-297.006
-290.749
-250.114
-170.457
-347.967
-347.401
-300.616
-340.624
-338.93
-328.322
-278.012
-266.146
-201.16
-321.039
-343.558
-254.352
-299.38
-345.116
-338.891
-15.9882
-143.425
-156.191
-263.957
-334.709
-303.45
-325.199
-347.083
-349.249
-314.313
-285.044
-292.352
-312.18
-345.887
-191.919
-299.095
-159.477
-270.644
-292.463
-300.479
-304.752
-324.108
-315.314
-251.045
-297.738
-349.923
-321.453
-331.835
-103.032
-197.79
-208.629
-339.889
-342.131
-271.557
-201.27
-201.854
-263.126
-334.846
-281.674
-338.434
-147.842
-277.303
-345.062
-167.159
-221.925
-340.245
-327.111
-76.9352
-228.824
-329.424
-293.126
-272.316
-303.218
-345.471
-331.819
-344.684
-256.651
-337.324
-210.113
-322.262
-314.467
-276.795
-313.439
-346.484
-349.839
-346.224
-333.352
-337.709
-344.188
-280.602
-139.914
-222.453
-231.352
-309.895
-279.02
-339.454
-199.569
-287.983
-292.899
-331.47
-345.809
-230.352
-260.615
-266.189
-283.476
-330.804
-325.368
-325.228
-318.077
-327.37
-154.471
-307.253
-332.215
-328.101
-286.524
-330.231
-212.398
-291.615
-321.898
-320.956
-320.535
-343.367
-242.448
-117.037
-248.053
-346.122
-327.507
-330.072
-245.069
-320.603
-254.093
-263.625
-201.564
-206.418
-214.523
-337.85
-312.81
-320.879
-252.463
-228.473
-322.09
-341.286
-324.659
-303.255
-263.614
-286.354
-316.659
-331.94
-170.361
-125.93
-277.115
-263.455
-323.858
-176.575
-334.814
-339.139
-288.654
-269.419
-216.836
-270.601
-300.893
-333.913
-337.167
-159.103
-308.949
-288.142
-223.138
-249.235
-338.525
-348.55
-251.764
-275.158
-173.686
-190.345
-343.931
-345.984
-150.058
-260.564
-283.32
-296.873
-345.263
-218.113
-254.499
-257.388
-270.103
-329.907
-269.404
-256.474
-235.481
-164.979
-169.525
-324.752
-284.089
-245.296
-280.464
-59.6559
-245.082
-295.592
-305.01
-79.1888
-261.089
-336.961
-259.779
-326.972
-306.021
-191.194
-335.129
-311.489
-311.709
-349.954
-319.795
-318.156
-257
-296.434
-321.907
-334.461
-344.391
-299.494
-331.414
-261.442
-346.613
-347.769
-306.726
-302.007
-202.988
-238.248
-338.064
-296.644
-339.101
-257.199
-301.286
-266.876
-218.473
-239.827
-107.243
-225.874
-288.268
-123.927
-126.803
-314.3
-328.453
-345.579
-284.845
-291.209
-349.712
-262.949
-303.517
-172.595
-253.65
-303.67
-142.095
-306.174
-180.01
-315.096
-264.221
-334.299
-310.455
-289.494
-349.838
-333.722
-339.625
-276.132
-347.804
-333.969
-348.377
-228.614
-197.552
-293.011
-240.303
-342.516
-332.795
-243.503
-309.397
-338.18
-325.673
-308.262
-156.895
-168.973
-297.638
-307.166
-338.947
-318.976
-308.4
-345.611
-312.449
-298.76
-274.539
-276.058
-254.674
-191.223
-234.45
-335.037
-318.49
-296.877
-324.009
-327.308
-255.202
-182.685
-229.836
-345.066
-328.111
-68.6627
-261.19
-292.351
-314.079
-276.337
-327.889
-138.856
-336.109
-338.291
-204.033
-239.641
-306.935
-338.645
-337.214
-239.253
-307.44
-320.92
-346.98
-310.627
-343.464
-345.645
-315.218
-141.19
-254.194
-331.599
-297.093
-348.493
-268.064
-338.154
-163.891
-181.562
-148.475
-207.298
-303.635
-245.928
-316.508
-348.008
-202.096
-229.471
-316.563
-267.718
-335.271
-337.157
-174.66
-211.61
-321.46
-342.546
-320.759
-256.481
-192.111
-320.701
-308.231
-278.627
-324.801
-174.937
-189.177
-254.111
-290.703
-294.263
-303.937
-325.143
-306.73
-164.759
-275.708
-328.781
-348.101
-343.953
-296.34
-313.63
-290.6
-294.363
-311.374
-339.903
-306.585
-346.08
-198.885
-263.833
-314.718
-322.566
-187.578
-240.074
-234.573
-292.531
-312.557
-220.906
-346.957
-260.236
-348.186
-248.794
-318.1
-344.65
-301.515
-141.689
-327.907
-266.884
-310.687
-218.16
-268.714
-337.892
-349.884
-232.469
-292.02
-221.778
-258.163
-322.323
-280.221
-329.798
-317.634
-348.243
-241.531
-198.126
-340.755
-231.21
-327.145
-304.755
-331.684
-259.311
-292.726
-348.285
-181.34
-199.055
-240.883
-303.381
-291.559
-270.253
-284.19
-333.337
-289.17
-302.308
-181.193
-348.905
-204.641
-311.428
-292.156
-216.784
-244.922
-327.863
-239.083
-312.826
-333.645
-291.944
-303.791
-241.604
-289.934
-327
-270.756
-338.034
-103.351
-172.604
-202.152
-74.6504
-175.559
-313.443
-313.584
-259.126
-265.277
-261.876
-222.479
-309.448
-279.667
-311.094
-338.239
-337.299
-340.851
-287.305
-335.801
-348.405
-346.2
-328.408
-277.849
-290.834
-305.682
-325.328
-289.311
-311.283
-273.109
-307.389
-269.977
-310.535
-319.404
-348.47
-301.16
-292.102
-332.218
-339.101
-336.355
-185.221
-228.585
-303.071
-317.061
-335.522
-347.452
-326.756
-326.638
-201.77
-347.298
-284.891
-308.89
-293.105
-332.753
-348.751
-97.6563
-171.16
-201.444
-236.999
-343.749
-344.463
-293.121
-126.128
-322.318
-338.128
-342.212
-279.842
-333.104
-344.279
-305.477
-125.255
-326.31
-254.409
-315.538
-338.599
-251.721
-259.921
-267.095
-342.863
-328.399
-339.159
-233.687
-243.796
-277.511
-227.519
-329.961
-339.866
-101.318
-330.737
-248.648
-326.169
-348.234
-224.452
-296.456
-270.021
-346.504
-330.416
-321.181
-343.596
-232.663
-308.741
-344.554
-305.488
-323.453
-162.456
-268.589
-309.788
-337.445
-323.747
-256.55
-298.629
-299.931
-219.359
-335.545
-301.619
-320.537
-339.341
-340.423
-343.337
-234.238
-195.442
-316.159
-296.257
-103.847
-320.744
-334.478
-120.652
-142.209
-274.213
-322.463
-339.018
-325.314
-290.696
-334.24
-14.7033
-107.78
-198.696
-256.375
-181.546
-309.608
-332.682
-267.741
-113.627
-166.823
-192.602
-345.788
-170.245
-246.289
-244.661
-325.802
-325.553
-112.957
-126.171
-223.343
-294.629
-303.884
-307.247
-214.732
-345.497
-265.968
-152.494
-309.655
-296.701
-308.381
-271.123
-330.53
-211.219
-348.635
-214.254
-281.052
-202.772
-245.314
-296.475
-176.017
-194.101
-244.995
-325.055
-302.705
-210.547
-220.021
-332.948
-208.501
-261.618
-262.879
-344.258
-326.331
-251.946
-324.885
-175.258
-329.288
-310.354
-329.471
-287.424
-294.813
-347.845
-345.158
-286.245
-253.728
-324.598
-325.255
-347.566
-332.078
-343.093
-257.63
-227.24
-331.963
-165.507
-228.066
-228.933
-285.056
-241.81
-337.364
-346.479
-76.3035
-231.39
-299.977
-315.993
-318.784
-342.188
-273.048
-277.016
-229.856
-307.327
-323.047
-178.817
-114.784
-267.13
-267.778
-294.445
-346.109
-312.196
-221.811
-266.032
-124.631
-189.602
-256.183
-324.682
-336.455
-221.41
-261.287
-291.789
-348.648
-227.217
-308.323
-256.573
-338.614
-310.817
-224.943
-290.98
-328.164
-339.221
-317.414
-310.74
-54.3766
-80.0222
-140.087
-274.276
-203.142
-271.716
-331.417
-343.267
-349.244
-341.292
-322.138
-337.766
-238.798
-275.752
-263.145
-259.469
-312.707
-295.491
-240.209
-204.461
-315.355
-209.712
-249.778
-347.294
-310.54
-290.146
-293.598
-342.567
-348.376
-306.335
-344.487
-300.869
-305.616
-246.18
-280.664
-328.932
-301.97
-60.0388
-241.388
-340.739
-329.053
-342.425
-342.644
-188.461
-303.337
-278.137
-345.018
-284.048
-305.946
-336.894
-331.273
-333.433
-314.013
-196.153
-330.327
-334.8
-257.731
-108.964
-283.735
-333.787
-279.471
-311.919
-343.691
-253.878
-323.046
-318.84
-311.101
-316.608
-162.842
-272.203
-274.148
-349.217
-342.308
-344.645
-314.111
-344.537
-323.401
-173.221
-251.781
-146.254
-194.794
-112.56
-297.598
-316.797
-218.269
-275.977
-57.3287
-251.627
-258.543
-348.691
-124.109
-348.106
-327.94
-232.795
-149.023
-319.325
-229.465
-239.449
-257.442
-341.593
-242.559
-283.832
-296.246
-318.825
-250.114
-130.225
-275.389
-268.473
-298.223
-310.403
-213.028
-343.554
-252.312
-303.005
-349.019
-255.11
-289.803
-329.376
-309.27
-347.122
-286.132
-311.503
-332.934
-292.25
-345.227
-341.641
-195.721
-289.825
-306.649
-320.5
-328.611
-327.308
-325.637
-349.911
-318.197
-245.994
-349.562
-296.545
-316.447
-328.115
-346.838
-323.243
-325.78
-343.387
-288.293
-298.595
-336.656
-264.83
-174.893
-275.153
-323.065
-337.866
-342.57
-324.882
-340.378
-311.411
-326.334
-349.32
-334.986
-271.573
-330.715
-332.644
-303.268
-171.259
-175.842
-226.826
-313.314
-340.59
-341.725
-272.09
-317.713
-274.227
-329.009
-278.271
-282.332
-277.749
-128.667
-218.664
-217.888
-215.42
-227.842
-270.017
-299.112
-345.351
-293.468
-328.003
-316.546
-304.949
-208.617
-232.546
-245.351
-310.987
-328.992
-301.013
-317.603
-312.452
-219.928
-257.025
-58.1118
-148.632
-149.853
-177.933
-248.569
-266.113
-319.418
-346.359
-347.788
-266.507
-338.676
-302.466
-322.845
-340.456
-252.424
-349.674
-248.378
-321.457
-343.89
-332.798
-323.714
-246.704
-322.441
-262.436
-312.27
-341.482
-348.953
-343.137
-48.4987
-108.389
-145.524
-280.253
-309.673
-336.557
-277.45
-269.431
-218.288
-80.3551
-305.401
-314.68
-330.784
-346.764
-344.694
-316.936
-249.175
-297.593
-162.339
-207.841
-209.925
-280.947
-24.0717
-313.252
-306.736
-323.323
-340.41
-285.155
-324.57
-333.323
-346.226
-22.0703
-224.267
-250.698
-311.859
-331.216
-261.881
-295.475
-344.952
-308.493
-336.267
-319.141
-235.393
-326.745
-268.273
-246.575
-284.565
-313.075
-301.84
-334.948
-285.747
-328.009
-266.128
-286.602
-289.829
-292.743
-235.991
-326.283
-275.926
-82.2678
-92.8013
-197.247
-225.03
-308.295
-311.126
-183.209
-323.411
-343.851
-191.893
-331.669
-336.611
-149.525
-197.97
-242.775
-280.589
-157.232
-250.512
-315.631
-322.049
-177.934
-345.667
-297.551
-200.438
-321.325
-343.447
-322.061
-333.253
-261.512
-101.08
-239.008
-333.35
-164.318
-168.138
-283.786
-337.614
-312.53
-39.3967
-281.622
-330.934
-322.813
-337.504
-152.353
-300.224
-347.423
-341.575
-293.91
-342.601
-334.78
-121.371
-208.625
-313.704
-319.502
-283.968
-282.22
-291.29
-246.181
-273.356
-341.737
-345.361
-225.615
-254.819
-270.499
-322.58
-302.429
-347.211
-272.618
-294.935
-230.975
-293.322
-162.18
-222.291
-348.629
-283.564
-328.723
-345.421
-346.065
-337.243
-340.577
-338.589
-298.17
-347.206
-107.383
-260.551
-302.584
-345.418
-333.179
-247.252
-327.493
-329.838
-344.412
-331.527
-338.195
-346.961
-310.433
-256.958
-325.886
-338.516
-347.465
-282.865
-310.883
-207.025
-302.547
-249.01
-284.128
-324.453
-322.227
-304.664
-310.598
-163.378
-263.154
-274.883
-254.709
-309.929
-340.531
-315.613
-201.549
-282.487
-291.33
-312.022
-314.262
-338.159
-342.395
-321.598
-345.692
-308.24
-327.251
-334.18
-96.7127
-282.101
-268.762
-294.321
-328.744
-139.548
-181.856
-195.975
-344.936
-305.257
-323.964
-255.341
-84.3044
-98.0619
-240.684
-342.908
-248.669
-281.477
-188.674
-268.742
-317.777
-201.247
-294.434
-205.763
-338.768
-263.519
-348.513
-323.171
-159.405
-95.9987
-194.793
-335.338
-305.76
-322.864
-331.038
-255.464
-257.336
-343.108
-11.6124
-75.3707
-182.89
-264.429
-302.703
-321.868
-349.107
-308.24
-83.131
-90.662
-226.92
-289.999
-301.925
-269.97
-204.244
-285.44
-343.176
-345.118
-314.067
-287.306
-340.09
-291.338
-256.602
-196.178
-75.1491
-267.219
-253.687
-251.56
-325.541
-267.545
-347.58
-262.517
-326.03
-206.139
-305.776
-344.37
-346.141
-335.119
-280.205
-264.105
-337.042
-227.048
-334.006
-222.558
-321.783
-187.858
-255.86
-335.486
-210.127
-244.903
-94.7722
-160.42
-212.903
-340.107
-217.129
-237.099
-266.135
-290.986
-306.315
-240.755
-344.796
-258.178
-334.292
-333.603
-326.962
-332.916
-298.348
-310.171
-212.775
-326.307
-295.402
-307.73
-258.859
-289.953
-227.318
-331.776
-262.451
-317.937
-343.84
-118.238
-303.895
-208.139
-343.697
-237.842
-164.346
-348.461
-305.109
-349.598
-301.741
-249.091
-314.554
-308.906
-315.167
-152.737
-196.48
-322.692
-340.82
-260.588
-347.836
-195.189
-236.484
-262.328
-326.261
-277.434
-255.03
-305.115
-309.744
-314.452
-320.236
-315.237
-303.088
-327.458
-336.352
-338.837
-346.023
-325.98
-347.662
-281.498
-348.647
-229.87
-260.534
-307.158
-270.159
-240.494
-151.585
-159.563
-307.807
-291.106
-336.749
-281.269
-173.494
-245.691
-284.013
-182.895
-288.794
-303.635
-73.746
-311.597
-261.085
-309.196
-16.4311
-166.919
-295.288
-330.232
-331.72
-349.061
-282.304
-269.786
-339.713
-67.8588
-237.019
-113.669
-132.068
-259.608
-320.922
-218.798
-337.496
-321.995
-334.955
-346.25
-343.991
-325.223
-328.277
-182.102
-310.873
-314.231
-333.722
-249.26
-279.446
-337.712
-321.159
-323.016
-286.598
-170.197
-284.267
-297.699
-311.688
-339.935
-210.17
-319.639
-236.856
-294.955
-298.062
-251.44
-259.013
-317.538
-268.325
-47.1765
-160.809
-349.555
-234.352
-279.467
-269.48
-236.905
-321.637
-332.73
-344.278
-178.755
-209.017
-287.761
-218.358
-314.603
-252.118
-282.95
-322.316
-283.59
-318.375
-316.326
-316.818
-330.112
-345.49
-324.521
-335.38
-253.971
-207.348
-281.132
-283.218
-339.35
-309.79
-347.429
-345.95
-321.691
-199.519
-285.836
-92.4816
-335.26
-131.427
-177.411
-327.764
-303.402
-317.855
-344.579
-235.032
-235.786
-209.094
-349.723
-162.459
-341.835
-318.613
-242.388
-194.315
-218.581
-231.715
-268.619
-247.887
-245.691
-314.094
-320.537
-339.859
-84.8568
-94.0823
-233.219
-264.385
-302.731
-337.019
-41.3028
-126.284
-171.658
-227.684
-233.684
-264.942
-265.501
-337.012
-223.176
-269.424
-315.338
-193.754
-130.012
-342.899
-277.029
-330.824
-166.831
-280.116
-184.734
-267.287
-338.605
-268.22
-290.23
-312.368
-329.389
-308.191
-263.152
-321.291
-321.478
-288.353
-192.353
-258.958
-220.795
-321.206
-328.315
-331.727
-287.138
-266.579
-274.093
-341.866
-267.854
-271.614
-331.53
-306.69
-323.583
-344.189
-189.706
-260.002
-270.296
-325.25
-345.205
-85.1057
-196.403
-255.745
-285.388
-324.211
-338.643
-344.516
-310.14
-328.781
-228.722
-292.438
-6.15701
-38.0618
-94.1175
-155.151
-321.993
-168.466
-305.738
-141.044
-185.18
-326.797
-338.061
-175.27
-176.591
-301.506
-75.7546
-121.147
-257.204
-315.084
-300.738
-285.451
-324.575
-343.206
-337.938
-285.37
-311.884
-214.121
-264.575
-219.845
-243.013
-252.149
-305.057
-290.899
-173.626
-264.889
-286.153
-305.041
-338.18
-337.407
-323.509
-323.528
-314.177
-172.741
-188.491
-188.945
-236.713
-309.84
-2.83656
-256.028
-213.761
-176.48
-190.334
-197.925
-199.666
-208.339
-174.911
-197.146
-279.204
-307.273
-97.8934
-204.24
-204.847
-302.12
-319.165
-264.593
-288.526
-347.158
-349.879
-245.33
-331.977
-310.58
-161.917
-309.473
-334.621
-346.013
-236.825
-296.392
-278.21
-349.956
-318.411
-244.273
-313.003
-221.32
-330.82
-345.556
-342.787
-210.273
-224.518
-269.873
-346.917
-279.479
-282.773
-346.716
-347.454
-325.485
-340.919
-349.579
-221.758
-264.092
-304.031
-336.071
-335.072
-312.356
-310.903
-76.4759
-327.615
-184.293
-262.105
-283.959
-349.592
-50.3043
-237.519
-296.309
-336.696
-206.374
-320.391
-262.2
-343.8
-246.737
-331.113
-234.107
-297.275
-317.41
-278.55
-269.988
-317.359
-280.383
-263.991
-225.128
-223.227
-331.877
-332.563
-323.706
-217.494
-311.304
-322.205
-342.405
-330.027
-218.904
-237.346
-295.196
-344.991
-52.8387
-194.499
-222.373
-240.882
-346.884
-347.193
-139.488
-228.476
-108.011
-135.117
-327.251
-205.018
-311.718
-267.362
-268.326
-205.352
-241.181
-146.292
-206.834
-320.257
-344.799
-344.015
-248.794
-298.457
-321.039
-343.067
-272.829
-261.656
-36.7068
-271.518
-316.339
-297.927
-127.808
-194.39
-284.689
-328.59
-323.577
-101.087
-183.387
-282.612
-302.064
-339.978
-286.142
-299.999
-199.582
-233.475
-260.21
-279.947
-331.114
-125.485
-343.101
-344.88
-228.17
-282.506
-277.257
-329.994
-181.634
-188.439
-328.328
-341.274
-335.621
-173.921
-315.65
-215.205
-330.428
-322.586
-337.273
-265.488
-284.112
-345.788
-333.52
-336.898
-344.692
-253.837
-204.727
-301.165
-321.677
-277.08
-270.991
-295.292
-257.392
-271.455
-156.169
-203.591
-250.397
-342.33
-182.105
-338.628
-220.767
-265.833
-303.522
-334.553
-333.592
-240.622
-335.925
-297.186
-337.767
-349.103
-337.692
-339.072
-245.19
-288.457
-254.416
-324.413
-218.876
-112.56
-114.875
-225.111
-226.355
-241.221
-323.428
-310.171
-316.944
-308.373
-300.346
-234.206
-293.157
-309.075
-334.632
-202.784
-209.088
-316.205
-335.154
-346.188
-124.003
-178.791
-246.692
-293.225
-299.541
-328.272
-347.53
-339.74
-140.968
-308.518
-341.547
-348.578
-344.795
-323.859
-297.499
-309.59
-205.558
-258.459
-340.085
-344.402
-288.522
-324.306
-348.439
-315.427
-339.1
-318.103
-2.45142
-160.45
-201.95
-317.878
-323.833
-337.789
-315.794
-296.29
-300.545
-317.32
-322.862
-268.433
-280.166
-122.566
-154.619
-317.109
-323.463
-344.807
-347.474
-251.196
-338.726
-333.473
-341.448
-320.359
-346.132
-338.737
-334.83
-262.859
-279.293
-322.415
-301.126
-341.819
-180.084
-278.831
-341.672
-346.947
-338.325
-227.536
-346.534
-326.438
-346.799
-308.337
-255.759
-262.555
-344.652
-245.668
-208.427
-230.467
-283.691
-153.316
-217.392
-221.457
-235.932
-320.952
-317.233
-244.694
-289.764
-316.128
-305.408
-334.267
-336.58
-73.5248
-291.529
-212.989
-322.708
-331.742
-298.212
-197.14
-203.41
-190.638
-330.143
-261.407
-263.623
-275.218
-314.365
-330.076
-277.225
-295.302
-342.719
-344.704
-343.153
-94.2019
-291.946
-285.806
-324.589
-234.864
-333.358
-334.571
-294.985
-258.335
-348.617
-318.146
-62.3622
-158.684
-184.884
-300.607
-309.534
-267.702
-310.58
-177.019
-339.202
-172.954
-269.013
-274.142
-298.061
-323.703
-341.692
-160.615
-323.643
-192.914
-221.149
-273.608
-314.78
-295.386
-345.333
-320.736
-333.277
-118.966
-161.229
-175.098
-319.267
-345.13
-312.48
-272.208
-273.792
-349.502
-258.974
-267.986
-318.164
-187.702
-213.608
-308.448
-333.206
-299.656
-335.416
-236.465
-269.716
-293.731
-339.234
-347.801
-191.916
-262.779
-198.685
-346.726
-286.578
-321.339
-223.674
-326.489
-341.386
-296.493
-291.197
-327.371
-300.951
-308.316
-204.129
-212.951
-320.533
-306.495
-315.363
-310.793
-284.378
-234.041
-70.3765
-311.971
-310.189
-347.994
-196.661
-298.185
-274.51
-205.565
-212.241
-234.396
-312.702
-242.611
-335.155
-342.63
-339.832
-256.862
-305.702
-52.8497
-150.84
-262.368
-205.684
-214.961
-282.395
-318.393
-181.782
-320.279
-328.758
-179.605
-194.661
-300.407
-173.157
-318.113
-347.724
-349.314
-295.016
-301.131
-315.777
-159.427
-321.811
-64.2651
-138.225
-234.088
-240.279
-340.436
-313.963
-347.856
-328.41
-303.639
-262.741
-309.394
-324.197
-128.419
-132.316
-250.88
-310.079
-342.508
-66.6644
-244.068
-344.567
-345.743
-311.971
-62.312
-110.228
-272.519
-282.58
-78.5845
-185.747
-293.837
-131.969
-288.188
-314.163
-212.756
-224.458
-223.961
-256.569
-301.022
-296.122
-306.86
-300.481
-205.742
-267.479
-293.296
-185.785
-260.883
-301.541
-316.129
-348.931
-254.417
-264.898
-303.492
-313.692
-319.14
-316.71
-316.309
-236.045
-282.183
-315.566
-308.899
-349.2
-345.998
-212.558
-344.791
-302.832
-286.738
-339.528
-330.588
-301.916
-246.307
-282.705
-349.207
-76.914
-176.724
-305.783
-291.589
-310.552
-326.179
-239.412
-240.806
-249.734
-311.877
-254.208
-257.32
-344.785
-346.778
-268.61
-145.43
-253.043
-342.84
-342.548
-332.848
-273.172
-281.231
-268.464
-167.924
-188.169
-277.001
-308.583
-308.723
-319.964
-343.603
-93.921
-288.314
-323.537
-218.796
-335.986
-347.69
-331.943
-344.593
-155.351
-210.516
-223.599
-311.472
-300.224
-207.15
-268.753
-231.91
-314.848
-336.659
-120.477
-167.183
-308.78
-290.975
-319.682
-228.998
-283.09
-261.475
-342.507
-342.662
-338.484
-345.1
-348.785
-241.848
-332.339
-337.537
-330.786
-331.984
-183.352
-171.263
-232.648
-334.519
-232.563
-280.543
-308.336
-272.036
-161.818
-342.581
-235.32
-316.391
-95.7963
-188.258
-300.096
-347.777
-321.798
-14.3405
-68.1438
-188.075
-195.826
-284.81
-161.643
-332.821
-333.653
-343.394
-334.012
-157.981
-191.704
-316.729
-341.087
-149.958
-234.111
-272.131
-294.483
-343.446
-346.89
-275.656
-286.679
-330.641
-280.681
-348.511
-347.517
-298.763
-338.984
-337.917
-349.738
-126.548
-285.867
-297.449
-324.8
-287.656
-90.8343
-97.0886
-315.576
-250.435
-305.861
-321.115
-343.226
-252.224
-328.284
-344.58
-143.499
-229.016
-259.291
-328.458
-334.347
-295.518
-317.519
-325.578
-303.203
-325.438
-200.878
-344.78
-154.201
-328.324
-325.101
-285.732
-185.343
-295.468
-266.465
-226.146
-258.761
-304.749
-76.36
-87.3743
-114.409
-121.553
-324.096
-212.587
-274.416
-278.155
-336.342
-341.631
-323.77
-344.098
-306.045
-301.921
-334.528
-160.36
-311.079
-323.016
-283.167
-321.869
-168.002
-251.162
-246.281
-213.253
-246.946
-287.306
-243.411
-322.249
-139.756
-302.275
-335.231
-349.431
-313.425
-267.544
-328.518
-332.7
-215.579
-286.603
-281.851
-316.64
-316.692
-338.088
-328.782
