0.238168
1.3056
8.40984
0.657628
0.883102
1.07235
1.35923
0.224885
1.2348
0.114079
1.33934
0.11636
2.3882
1.141
0.858764
0.313003
2.10129
0.256761
0.208286
0.10793
0.146488
0.206656
3.54074
4.44416
0.473583
0.104399
0.158537
0.166877
0.538099
0.301944
1.39978
5.854
1.58574
0.223122
7.11186
0.104998
0.41353
0.23079
0.177621
0.115793
0.507237
1.61048
2.27166
0.353437
0.289363
1.71797
0.191968
0.301069
0.541574
0.112738
3.39999
0.293058
0.175598
10.0298
0.130723
0.222433
0.196242
0.472928
1.74719
0.11086
0.231667
0.124019
0.66222
0.796492
0.116041
0.157196
0.523306
0.183957
0.349967
0.46661
0.174685
2.4379
0.230455
3.49217
0.18744
17.9456
2.04454
0.310389
1.03251
0.113204
0.875946
0.112096
1.39382
0.665669
0.18854
0.28261
0.72049
0.145869
0.898611
0.370229
0.109899
9.9339
0.304073
0.640862
0.118129
3.6031
0.415528
0.275988
2.04872
1.44806
0.218787
4.07349
0.10586
11.5284
0.167771
2.10161
0.616203
4.53239
1.39026
0.422124
0.103761
2.38746
0.117948
1.13808
3.50199
0.150161
0.381348
0.10103
0.110062
0.157882
0.712544
0.393807
1.85972
0.139741
0.300639
6.3943
0.138841
1.01141
0.420726
0.108397
1.35866
0.10879
6.75565
0.170671
3.11888
2.17721
0.112903
0.909075
0.391831
0.769377
0.266455
0.127918
0.3269
0.63209
1.24995
0.102276
0.540545
1.02885
0.459336
0.10981
4.96679
0.858454
1.29638
9.5374
0.150633
1.2893
2.64093
0.326462
3.80808
1.76429
1.31231
0.446016
1.30973
0.977113
0.531488
0.314535
0.804381
0.24596
5.7286
0.103089
2.84811
1.16654
0.280183
3.1234
0.975629
0.647
0.247997
1.42614
2.03613
0.15522
0.133373
1.07702
0.596145
0.38122
0.105474
0.463593
0.424139
1.62224
0.216755
0.199541
0.122591
0.407424
0.399442
1.35411
0.159833
0.321186
0.531223
27.3984
0.101807
0.180373
4.32796
0.335934
0.100116
0.12029
0.873091
1.53919
0.708798
0.297923
0.237382
0.142886
3.44301
1.03104
0.124403
4.43335
0.157454
0.130197
0.445645
0.209524
0.102425
0.312447
0.205739
1.64816
3.65901
0.448207
13.6721
0.186597
10.2499
0.376132
0.396202
0.126166
0.188309
2.94999
0.999054
1.65033
4.45291
1.45857
0.117241
0.263526
0.186653
0.485483
0.141975
0.181631
0.55547
0.301155
0.114185
0.456341
0.130145
0.159656
0.582877
0.821341
3.05466
3.35237
0.246057
0.422952
2.49536
1.19658
0.39078
0.487471
0.105117
0.375607
0.303042
0.553889
1.09128
0.164388
0.843581
0.10373
0.518886
0.110247
0.353773
5.05095
0.137248
0.310791
0.101676
0.480042
0.258714
0.126247
1.12259
0.226557
0.339341
0.753296
1.6027
0.144022
0.343237
0.370621
0.182225
4.19437
0.210298
10.1114
0.264704
0.197033
0.419082
0.70476
0.246202
0.112016
0.154053
0.296128
0.150482
2.71844
1.0884
1.08386
0.11396
1.87622
0.600751
0.319853
6.18551
0.403415
0.383389
1.79764
0.118894
0.659142
0.344397
0.468055
0.161177
0.10587
0.499803
0.160029
0.978547
0.390783
0.115452
0.334242
4.04655
0.941867
1.78401
0.288581
1.03875
1.25739
1.04487
0.699243
0.173951
1.64791
1.42877
5.55681
1.39933
3.78027
0.419081
0.298688
0.149671
6.63641
0.197759
0.298948
0.521227
3.5752
6.36606
1.71656
0.339883
0.398195
0.38791
0.249096
0.162303
0.237794
6.12575
0.111669
0.202108
1.04154
0.520805
0.247081
0.620487
6.44206
0.383776
0.737031
0.136976
0.140359
0.945661
0.883385
0.320858
1.06616
0.596188
0.396743
0.766205
0.199519
2.5283
0.254712
0.798096
0.596339
0.286051
1.64627
0.404475
0.115371
0.20364
0.594716
11.0622
0.184527
1.04744
0.101516
0.172609
0.331292
0.141655
5.20965
0.115554
5.17872
0.523811
0.204915
0.283366
0.119414
0.138713
0.291662
0.813542
0.329942
1.54805
0.956018
1.11958
0.198016
0.127605
0.104833
0.296202
1.01207
0.321644
0.154399
5.34588
0.241839
5.29848
2.0201
0.872097
0.120331
2.7845
0.124289
0.697103
6.3888
3.47563
0.100171
0.118506
0.455071
0.199538
1.9193
0.307988
11.6922
0.734547
0.100238
0.13965
0.318893
1.18035
0.605588
0.63922
0.269165
0.233096
0.298035
0.274097
0.132064
4.83287
0.584548
0.306831
0.427629
0.48423
0.143545
2.85625
0.57483
0.176978
0.285851
0.619588
0.889915
0.852351
0.330933
2.58212
0.445032
0.584158
1.20881
14.9691
1.1331
0.133119
1.3084
0.291747
0.458726
0.113418
0.727686
0.178119
0.178259
0.157346
6.7686
0.282229
0.593024
0.695201
0.167894
0.67748
0.732956
0.255637
11.0592
0.527035
0.474997
0.152566
0.605792
1.19037
17.7097
0.395406
1.55853
0.359121
0.101684
9.24747
4.16365
0.880497
4.81903
0.482495
0.185624
1.69177
0.623908
2.98747
1.59401
0.929033
0.352764
0.784129
0.165966
2.02695
0.151325
0.246984
2.71578
0.112128
0.719504
1.44805
0.153664
0.606098
0.122107
0.17042
0.104988
0.19109
0.257045
0.893197
2.64753
1.78766
0.441841
0.213539
0.101651
0.432061
1.05115
0.191809
0.783451
0.228489
1.37053
1.87953
5.22905
0.157109
1.31721
0.630089
0.717198
0.735954
1.29416
0.373306
0.127746
7.19681
0.404573
0.204318
0.611459
0.264548
0.435571
0.70275
0.253841
3.97576
0.210066
0.120408
0.160254
0.977595
5.96998
0.175923
17.6639
0.117653
0.415028
0.76762
7.67097
0.281376
0.114637
0.833453
0.388385
0.271587
0.376917
0.236127
0.121013
2.81574
0.292249
0.133059
0.676108
0.356691
0.129032
0.379527
0.177361
0.347634
0.9842
9.70473
3.62005
0.487191
0.111429
1.96964
0.302191
0.138718
0.161044
2.26128
0.109643
0.23685
0.113211
0.119948
1.26999
1.31088
4.2479
0.204988
0.16455
0.674512
0.106725
0.993489
2.63906
0.273984
0.406161
0.974811
0.855246
0.167352
1.54809
0.198347
6.21397
0.109945
6.55752
0.254854
0.317311
0.108421
0.102208
0.642973
0.717726
0.154777
0.218099
0.11915
0.139519
0.510273
5.17716
0.159514
0.159925
2.76404
7.14831
1.63899
3.0605
2.60588
0.105749
0.256386
0.841476
0.394501
0.455237
0.335661
0.162087
0.293388
0.106197
2.1443
1.22865
0.313303
2.53372
0.410425
0.514617
0.199834
0.272892
0.235904
0.112755
0.268071
1.46227
0.396373
0.515689
0.375306
1.58055
2.05645
0.157486
1.62916
12.9099
0.129809
1.35929
0.496083
0.887277
0.172616
0.220753
0.542262
2.40536
0.485735
0.338955
2.38766
0.283776
0.89954
0.803542
0.11594
0.476301
0.173971
1.17907
0.245324
0.150057
0.137679
2.20812
0.441238
0.126791
1.50067
0.653116
0.101201
2.17825
0.282044
0.471599
1.21033
0.821386
0.148019
0.251925
0.116034
0.698254
0.63853
0.218238
3.39882
9.31453
0.26637
1.12833
0.119019
3.902
0.362864
0.182046
0.181152
0.32778
5.60783
0.147779
0.120843
5.08968
0.133449
0.94658
1.55456
1.53753
0.255678
0.191123
0.287859
0.191829
9.79778
0.115924
0.235666
0.261747
0.684898
0.117613
0.312985
3.92897
0.505098
0.48221
0.144625
6.54864
2.35744
0.535588
1.31096
1.43456
6.9191
0.133865
3.66108
0.200933
0.440677
0.178551
0.529986
0.966058
0.305112
1.89928
0.127217
5.01234
0.193885
6.55979
0.857123
0.327132
1.53694
0.221539
0.366699
0.210604
0.287289
5.38968
0.139587
5.06478
0.166323
1.36221
0.155781
0.113927
0.525286
0.180975
2.72957
0.541382
0.700081
0.147025
0.211842
1.69011
0.620019
0.200058
0.745443
7.76905
0.290688
0.117368
0.200137
0.518614
0.248986
0.290923
1.1423
3.21933
0.121502
6.87301
0.748879
0.400227
3.15196
0.237579
0.342076
0.633817
0.132744
8.47125
0.301393
0.985076
0.144235
0.102511
0.106149
2.42623
4.90854
0.166188
0.584787
0.210203
0.256408
1.45672
0.383261
3.04216
0.563983
0.868223
0.38786
2.89425
2.55543
0.261836
1.32202
0.160716
6.04063
0.100921
0.41055
11.5354
1.46417
0.928507
0.434102
3.49341
0.113356
0.381917
2.25128
0.11027
2.12187
0.770646
0.365615
2.04631
0.393204
0.36874
1.08796
0.610581
0.649497
0.462322
0.583149
0.877321
0.431361
1.06815
4.39924
1.09473
0.511339
0.12993
1.08237
0.336186
0.618292
0.276131
0.517432
3.15343
0.505957
9.36401
0.200903
0.502967
0.155488
0.584043
0.407737
3.12727
1.6542
0.390386
4.60179
0.204255
0.612928
2.1375
7.53527
0.283651
0.182204
0.12185
4.65693
0.25118
0.852492
0.144843
0.739629
1.75434
1.09343
6.16672
0.133459
0.319876
1.00699
0.268984
1.56078
0.122119
4.33917
1.25416
3.45962
0.167491
3.54787
1.36959
0.136275
0.337966
0.128776
2.05413
0.369126
0.317047
0.27902
0.487065
4.46867
0.136636
3.31133
0.131962
1.29066
6.68512
0.109643
2.49646
2.39279
0.117395
0.183833
0.198956
0.508662
3.09991
4.69822
5.57999
3.36177
0.102937
0.963385
3.58665
0.42313
0.128722
0.95776
0.378933
0.121224
5.74618
0.65688
0.588827
4.72937
0.845153
0.298788
6.21026
0.352564
0.126759
1.21976
1.07756
0.130803
1.46803
0.112302
0.43615
0.657945
1.28429
0.26828
0.54075
3.8786
0.339733
0.565122
0.508562
0.349778
0.155079
0.528458
1.21567
9.67267
0.247701
0.284669
0.115199
0.18652
0.378615
0.558737
0.695212
0.138017
0.875869
5.62754
0.178493
0.220017
0.683196
0.489041
4.43399
0.204521
0.725128
0.780147
1.6814
0.200011
3.77436
0.536403
0.103736
5.37395
1.16876
0.372907
4.55127
8.73421
0.144105
0.496585
0.127581
0.184522
0.718084
23.342
4.4885
0.385021
0.903266
1.19883
0.838965
0.103046
2.37602
12.6231
0.161077
4.37208
3.91119
0.134135
0.505568
0.56704
3.35577
3.04894
0.840315
0.557438
0.241487
1.08453
0.13055
6.22281
0.145501
0.311516
1.58859
0.425442
2.32633
10.2968
1.68
0.13325
3.15719
0.213106
0.969817
0.101183
0.423835
0.469247
0.830762
0.435039
0.875872
0.240979
0.321786
0.391768
0.177554
4.39157
5.45999
0.207759
0.107269
0.754299
0.115721
0.15359
0.117916
1.47695
0.61174
0.105884
0.269909
0.109385
2.16632
0.212864
1.93364
0.448161
0.148397
0.975336
0.120329
1.22777
1.55211
0.429194
2.86847
6.41934
0.162142
0.140165
1.88497
1.64717
0.100356
2.1876
0.230904
0.175209
4.85623
3.39361
0.159989
0.364091
0.147724
0.301191
1.86734
0.914841
0.583899
0.112057
3.6168
0.676074
0.89453
0.344261
0.500445
0.564946
0.459407
10.1673
0.592343
0.291361
0.166095
0.659799
0.195483
0.652547
0.144698
0.206846
3.42099
0.226461
0.288832
0.181935
16.5353
0.263907
4.27624
0.278704
1.37781
0.178161
0.435611
0.188054
1.98284
1.28606
0.261317
0.131082
0.503647
1.01582
1.2095
0.270915
0.175563
0.123156
0.218794
0.722106
0.214693
0.567283
0.106115
0.311041
0.610921
0.90595
0.661204
2.52039
0.127968
0.294482
3.70821
0.226033
0.342963
0.794133
0.195956
0.175239
0.170876
0.225162
0.846551
1.49997
0.409899
0.518549
0.554416
0.155091
0.293736
4.88645
0.902665
0.575128
0.15911
0.129387
4.96412
0.259075
0.265816
0.560215
0.112271
4.58438
0.244809
5.92892
3.10414
1.09536
1.42931
1.29853
0.19295
5.0397
1.00343
0.237156
1.64159
0.127813
0.216119
0.67449
0.194083
0.528399
0.744528
0.132499
2.01285
0.594864
0.16178
0.103117
1.43703
0.441572
0.351224
6.54335
0.12214
0.73124
4.92654
1.72704
4.31783
0.107851
0.138468
0.113704
0.661979
2.67204
0.30663
0.2866
0.356582
0.527843
0.351046
0.287765
1.34304
0.411301
0.106867
0.229265
0.200788
0.105051
2.5824
0.189899
0.120046
0.261491
1.37811
0.148871
1.77308
3.37738
0.194335
0.804197
0.684535
4.61796
0.902784
0.481723
1.08212
0.112371
1.06762
0.714653
0.189424
1.75589
0.265416
0.210302
12.0671
4.6814
0.360754
1.27761
1.93422
0.221992
2.12001
0.533955
0.206376
0.163582
0.155335
1.09686
0.301626
0.192716
0.265934
2.64831
0.227399
0.228924
0.37001
0.393282
2.71247
0.118198
4.40246
3.12153
2.29011
1.28892
0.228036
0.703842
0.139498
0.175158
0.129003
0.719115
0.273262
0.307188
0.869521
0.584209
0.160038
0.144321
4.15686
0.463853
1.88287
0.333967
0.173193
0.390332
0.126009
0.638052
0.311895
0.282134
0.149005
0.187587
0.674148
0.241056
0.315046
0.172992
0.904345
0.419067
0.311307
0.483613
2.47995
0.267953
0.151671
0.133862
4.54301
0.166088
0.255414
0.521257
10.7958
0.600141
0.370636
0.368591
0.19019
0.964418
0.854678
0.312391
0.233351
0.536019
0.582645
0.125052
9.93064
0.232202
0.439511
0.151527
0.11169
3.86698
0.207729
1.35055
0.364834
0.235619
8.14132
0.76044
2.77563
0.142716
0.633131
0.253431
10.4528
0.875706
0.124584
0.48371
0.140786
1.24455
1.53955
0.575578
0.381363
1.4598
0.159253
0.501857
1.6453
0.196285
0.25398
0.756146
0.348096
0.916475
1.42891
0.107772
0.271731
0.410686
0.298248
0.446911
0.312057
0.559194
0.374597
0.390983
4.6692
1.31837
0.100301
0.355759
0.338856
0.127984
0.34253
0.192528
0.435829
1.717
8.76106
18.6421
0.127343
0.412542
0.417442
0.266517
0.29925
6.3855
2.94157
0.295739
0.323877
0.753063
0.470333
1.15797
0.122036
0.18877
1.58715
0.309995
5.70751
0.532081
9.43941
0.124866
0.529688
0.216856
0.123446
0.27417
0.129446
0.145837
0.638254
0.224508
0.125722
0.253165
0.840713
0.115892
0.10197
0.100312
3.58169
7.67808
0.141664
0.14423
1.08972
0.418105
0.145258
0.102978
0.446825
0.151929
0.105604
0.843612
0.133093
0.856141
1.03645
0.17661
0.124554
0.309874
1.94773
0.392859
0.318501
0.209571
3.08482
1.28872
0.160148
1.21334
1.55989
1.67363
0.110085
1.05386
1.56202
0.209543
1.08471
0.173697
0.563562
0.124956
0.118759
0.106878
0.25235
0.456254
2.44644
0.376154
0.111561
0.629549
0.15131
3.44523
0.673662
0.103257
0.440314
0.902235
0.642686
0.66411
0.199227
0.147541
2.59143
0.184096
2.71796
0.396198
0.410436
0.98327
16.9457
2.45615
0.111382
12.8873
0.141195
0.157159
0.207204
2.06097
0.613587
0.134748
3.14264
4.34809
0.147047
0.132178
4.0036
1.29933
0.898904
0.49676
9.28396
0.414924
0.119009
0.470449
0.213459
2.11374
0.254416
7.6735
0.1164
0.122581
0.131451
0.455033
0.214592
0.65516
7.68597
2.74016
5.28283
0.162503
1.12337
0.325619
0.523375
0.124809
0.253692
0.217796
14.4889
0.532438
7.18124
0.174354
0.157952
0.836627
0.146324
0.129808
0.514039
2.72959
2.5351
7.37753
3.57315
12.8244
0.166012
0.12048
0.201335
0.108173
3.61542
7.57157
0.85257
1.74976
3.03764
0.489423
0.132061
0.119395
0.22112
4.30393
0.105778
0.213867
1.04333
2.84724
4.81945
5.37586
0.530373
2.95913
0.18933
2.09962
0.527173
0.270547
0.570254
0.199514
0.130568
1.25087
2.06398
0.859406
0.305494
0.325821
5.16781
0.92957
0.146928
0.179241
0.270293
0.231078
2.47797
0.154661
0.120019
0.372714
0.50228
8.54032
2.08146
0.707953
6.95167
0.79267
0.318416
2.6957
1.23115
12.0997
1.03238
0.330712
0.197525
3.33916
2.67914
0.170607
1.53998
3.29817
1.26123
0.901381
2.96565
1.74083
0.648815
0.533967
0.278677
1.73252
0.433273
1.43726
0.864865
0.755659
0.479327
0.473333
1.43205
3.03323
0.133674
0.649585
0.425791
0.184784
1.86606
0.270872
0.105306
0.279618
4.38927
0.628204
1.86388
0.259919
1.53408
0.124598
0.300963
0.154839
0.121029
1.59813
0.174064
3.71627
0.393573
0.186225
0.328338
0.719073
0.741089
0.598147
3.0238
0.401915
0.264767
0.100607
0.164739
2.49716
0.175359
0.428713
0.776859
0.755008
0.223
2.51828
2.09209
0.272412
2.15122
3.98866
0.322081
1.02334
2.76664
0.21369
0.697778
0.103104
0.141145
3.56264
1.2084
1.97047
0.341381
0.167264
0.231299
0.527561
0.206978
1.23329
0.279097
0.318909
0.179635
0.147597
1.1514
0.204833
0.114891
0.231171
0.295424
0.828199
2.7495
4.22559
1.6421
0.100912
0.545967
5.41281
4.4116
0.127282
18.6873
1.27709
1.57196
0.586626
0.178056
0.736508
0.924366
0.977787
1.04151
0.23709
0.122316
0.276868
0.206535
0.119531
0.260477
1.09864
2.00624
2.19734
0.139073
0.423598
1.0733
4.03419
3.48382
1.03322
0.143413
0.258241
4.90067
0.584343
0.766453
1.28004
4.82394
2.0714
2.51095
1.55276
0.353185
2.77119
0.411724
0.212757
3.06669
0.356306
16.3562
0.189571
0.146377
0.898789
9.59725
2.90805
0.128264
0.168949
0.264273
0.655058
0.270521
0.839843
0.553523
0.688223
0.559327
0.150777
0.142296
0.202611
0.154395
0.509654
0.163751
0.309679
0.69307
0.301748
5.20929
0.442102
0.150636
1.70582
0.649653
0.98821
1.64482
0.218327
0.911785
0.170668
0.240309
0.16249
0.236081
0.1024
0.102435
0.549431
0.443448
0.177576
0.234182
0.233919
0.126628
0.570464
4.99309
0.102631
0.308327
3.9044
3.16843
1.3713
0.325057
3.11144
2.32994
3.45288
0.109041
0.704037
0.150428
0.833426
0.185945
0.793226
1.24266
1.21176
1.11283
1.72728
1.37179
0.186798
0.586502
0.185302
0.643821
0.558145
0.823665
0.194262
0.184878
1.47203
0.385529
0.508363
0.106787
0.638647
0.255866
0.193833
0.125343
4.0065
2.16525
2.45993
0.119576
0.174443
0.195072
1.03206
0.20954
0.105588
0.285732
0.110791
1.48518
2.23518
2.84768
0.43921
0.949452
0.361021
0.189249
1.10432
3.37978
1.54265
0.171432
0.394799
0.349922
0.149082
1.1951
1.42188
0.186556
1.26198
0.82214
0.103988
0.200517
0.136892
0.240253
0.209191
3.9491
3.09938
0.508056
1.1423
0.169783
0.52449
0.384654
0.114528
5.17497
0.329872
0.710892
5.09277
8.66127
3.72182
0.430974
4.03521
1.31431
0.15402
3.01758
1.81535
0.358511
0.218238
1.56414
0.170181
0.10213
8.01212
0.137758
3.8
0.191657
4.53256
0.240263
0.627181
0.1331
0.130011
8.58147
0.160087
0.42531
0.542153
0.783256
2.01709
0.311128
0.188912
0.993663
0.108767
1.73581
1.11416
0.407632
0.98083
0.214999
2.19373
1.19081
0.249082
3.63018
0.122753
9.44273
0.48341
10.8489
0.202655
0.418585
1.82499
0.286106
0.1728
0.261353
0.283386
0.209609
0.408891
0.425104
3.70838
0.75061
0.151597
0.111107
1.44702
34.9985
0.130393
3.3792
0.378495
0.953298
0.127003
4.2327
0.1278
0.625934
0.810865
0.455233
0.623821
0.205466
0.924177
0.142272
0.312618
9.45747
0.273801
0.343434
0.452852
0.384854
0.193808
0.254205
0.132099
0.781943
0.189026
0.272555
11.1438
1.8833
9.24466
0.591027
0.371575
0.174458
0.948095
7.97506
0.949437
0.25768
0.874856
2.31548
0.20425
18.7596
1.81809
0.139035
0.461726
9.95903
0.311741
0.597002
0.710065
0.160352
0.324091
1.3828
4.7748
0.37484
0.313982
0.288619
3.94943
0.325887
1.7562
0.11012
1.7562
0.437093
0.217963
0.182159
0.186037
0.168085
0.485865
0.331522
0.2127
0.438081
0.107192
0.909013
0.178512
4.42917
0.315289
0.267104
0.271045
0.719388
2.94407
0.112083
3.60281
2.58817
0.20701
0.149654
5.39179
3.38965
0.378886
0.330207
0.303255
2.31205
0.520833
0.392812
1.74556
0.948086
0.142116
0.515008
0.106133
0.523829
2.48339
0.526344
0.320544
0.70334
0.191973
1.05936
2.17452
0.573267
0.991549
0.129393
0.442355
2.93544
0.174728
4.39617
17.0519
1.17774
0.11228
0.867928
0.700326
1.89389
7.50543
0.113426
0.469702
4.47016
3.35512
0.539891
0.345543
0.154991
0.696092
0.567669
0.222496
0.168495
0.241857
1.78235
0.816997
3.89498
1.81414
0.359758
0.115459
0.637768
2.42358
0.164602
0.522194
0.95558
0.110548
0.67685
0.130264
0.194913
0.119922
6.23269
0.521336
0.209514
0.98074
9.14649
3.01847
0.733409
0.126083
0.943073
0.101048
0.732079
0.191286
1.19159
0.461417
2.01794
1.02036
0.13705
1.73131
0.23718
4.77871
0.174407
0.221899
0.916561
0.339108
0.428247
1.11189
0.104332
0.717451
0.18584
0.198487
1.53638
0.267848
1.12169
0.775206
0.138235
0.138637
1.23695
8.24922
0.132546
5.88062
0.181274
0.302274
1.63672
0.101167
0.327453
0.305941
0.343103
0.466138
2.18391
2.01257
1.13977
1.53664
0.248384
0.107756
0.132872
6.43456
2.67489
0.118333
1.53743
0.351922
0.188175
0.156243
0.504102
0.20597
0.605604
0.260999
2.25096
0.547279
0.410888
0.582385
0.108877
0.139096
0.1596
0.634279
0.868884
0.130314
0.688755
0.387173
1.42211
1.97724
1.0661
0.449552
1.35426
0.67971
0.267981
0.878498
0.115773
0.68764
0.167095
0.273964
0.966283
0.210643
1.89487
0.989408
7.01192
1.39932
0.301528
0.486235
0.234556
6.23075
0.645195
0.362002
0.319282
0.213575
0.465187
4.97748
0.166602
1.8398
0.370514
0.194054
1.61587
0.474397
19.0606
0.675315
0.143849
8.12217
0.512355
0.631206
0.622405
0.214631
1.58865
1.38736
0.103871
11.7594
0.612128
5.14785
0.129517
1.03358
0.138154
0.178633
0.733214
2.27825
2.43113
0.747698
0.270887
1.10477
3.9998
1.09172
0.160888
0.107267
2.89314
0.171127
1.3296
16.9607
2.72408
2.17234
12.4837
0.669183
0.213043
0.125097
2.18741
0.253513
0.733399
0.494774
4.23868
7.56271
0.142939
1.03576
0.179824
1.77308
2.29271
0.930353
0.516891
0.381674
1.01053
0.23389
0.931364
0.404022
0.301389
0.706856
0.139053
0.78559
0.192191
0.536678
1.67474
0.155539
0.135315
0.193443
3.01217
0.633225
0.104836
0.2446
9.95277
0.105461
0.353021
2.44059
12.51
6.24872
0.112371
0.810254
0.185181
0.155949
0.919791
0.106474
6.15001
0.278296
0.721494
0.14391
0.399869
0.566035
0.129161
0.396624
0.526061
0.109089
0.421387
0.187129
0.425589
0.211707
0.218351
0.601941
0.108705
1.75097
0.135261
1.1364
0.308558
0.124087
2.259
0.117665
0.273851
0.117286
0.414008
0.154317
1.31605
0.108195
0.109714
0.178306
0.15233
2.39543
0.10783
0.129712
0.675867
0.13477
0.147597
0.178486
0.435436
3.81835
0.216386
0.143497
1.66737
0.490341
1.34457
2.53351
0.20125
0.952136
2.08327
1.27442
15.7756
0.737225
0.947494
0.102017
0.133359
3.04196
0.238908
0.293546
0.205747
0.691821
1.51896
0.276077
0.123682
0.420572
0.312115
0.765284
0.327631
0.158256
0.357391
0.705506
0.100212
0.268999
0.36729
0.309132
0.365511
1.40987
6.86154
5.78827
0.113236
0.157511
0.106656
0.271334
2.03261
0.212844
4.55791
0.24417
11.0203
0.243369
0.774424
0.852713
7.19064
5.01411
0.696103
0.823779
0.148247
1.15478
0.281149
1.17621
2.67266
0.466702
1.93328
0.329483
0.240178
0.251259
0.144015
0.403655
1.3727
0.636089
0.463137
0.94019
1.66747
1.79508
0.911359
0.110228
0.502775
2.21331
0.19448
0.54388
0.33865
0.108375
0.744148
5.14024
0.115988
0.488649
0.194641
0.382261
0.595471
0.23947
0.162093
0.128252
0.26037
0.101382
0.140745
0.100702
0.119481
0.240505
0.122349
0.14102
0.153357
0.59469
0.497914
0.387317
0.248592
0.136588
1.62694
0.191518
0.459766
2.14774
0.150003
0.400564
0.335155
0.378865
5.42066
15.6965
0.742261
1.23637
0.220455
2.57344
0.686672
0.638321
0.127987
0.374677
0.201856
0.112381
0.103377
2.46371
0.379867
0.26589
0.115503
0.862671
0.202799
2.59794
1.38832
4.3177
3.59578
0.169387
7.67576
1.23881
0.269297
0.14704
2.82291
0.124943
0.141078
0.404366
0.782908
0.322145
0.10283
0.148834
2.21075
0.817894
3.06744
0.11112
4.96825
0.216116
0.369969
1.07233
0.382403
1.61686
0.103216
0.166033
0.102343
0.101453
0.287606
1.23684
0.291222
0.434419
2.71596
4.02141
0.705532
0.188235
0.921263
1.95936
0.198687
0.34729
0.133873
1.9924
9.58202
0.111562
0.58251
0.310168
0.143151
0.156818
0.502007
1.11175
0.512879
0.448953
0.140966
0.10182
0.12775
0.706731
0.175303
0.242394
4.36941
3.86588
0.773314
0.192575
0.461116
0.256963
0.144061
0.285443
0.361145
0.187139
0.187319
0.628847
1.33024
0.548643
2.28595
4.84622
0.138458
0.190473
5.03587
1.7188
0.613722
0.193863
0.740786
0.138414
0.575282
0.117551
0.307945
0.631148
0.121255
0.178166
0.281563
0.475246
1.16895
6.01929
0.555252
0.182802
0.227042
1.06681
0.39825
1.36636
0.323823
0.681358
4.14859
0.302787
0.205708
0.174457
0.873819
0.30697
0.535305
0.318545
1.42646
0.47443
0.502497
0.665043
0.311833
0.259258
0.171846
0.113167
1.22287
0.207985
2.39803
1.0808
0.134482
0.562605
0.315466
0.43762
0.5794
0.125988
2.9149
0.449194
8.97749
1.56957
0.136983
0.275356
3.51855
2.8895
0.634203
2.32458
