-182.078
-216.948
-254.834
-302.316
-321.743
-280.007
-278.917
-148.636
-257.72
-293.594
-339.327
-227.054
-265.083
-343.952
-233.774
-281.956
-315.323
-220.746
-233.702
-335.558
-332.844
-304.324
-182.887
-254.06
-258.013
-319.034
-243.655
-113.053
-194.135
-311.19
-289.077
-303.459
-326.654
-197.203
-279.848
-315.594
-344.946
-308.249
-336.415
-276.926
-284.05
-228.031
-250.566
-315.884
-155.577
-231.909
-334.632
-321.961
-194.576
-304.884
-317.271
-335.784
-316.564
-312.522
-298.085
-213.52
-266.356
-311.205
-265.755
-310.44
-270.112
-334.107
-275.406
-300.141
-337.608
-334.897
-314.938
-319.703
-294.339
-317.702
-339.259
-62.5344
-73.3686
-164.477
-208.138
-240.714
-301.126
-271.616
-283.165
-312.241
-312.784
-334.32
-303.403
-189.557
-256.053
-313.151
-323.517
-285.78
-300.241
-329.389
-348.033
-335.154
-300.731
-278.133
-307.398
-293.634
-280.707
-292.872
-341.131
-109.675
-111.309
-282.724
-313.976
-294.78
-310.171
-131.3
-149.036
-240.519
-330.249
-342.188
-339.663
-343.639
-337.894
-313.537
-324.594
-214.535
-226.125
-99.0937
-311.667
-312.88
-341.438
-316.847
-227.766
-340.837
-260.563
-334.092
-342.472
-310.377
-318.044
-284.427
-32.3095
-308.215
-349.765
-344.169
-231.134
-278.844
-282.684
-328.809
-280.96
-316.142
-322.467
-326.98
-329.027
-334.041
-323.461
-123.67
-160.779
-346.931
-258.534
-294.712
-223.725
-335.064
-311.791
-302.53
-293.018
-335.709
-342.665
-339.899
-277.495
-275.696
-292.455
-349.628
-317.973
-320.312
-218.595
-249.22
-286.291
-327.368
-309.993
-314.525
-259.309
-275.477
-312.266
-328.011
-269.28
-266.56
-294.022
-267.429
-336.404
-213.515
-320.706
-222.003
-223.576
-115.174
-156.892
-185.975
-322.868
-296.734
-262.941
-345.109
-321.04
-341.928
-305.308
-334.036
-311.39
-327.555
-275.597
-325.18
-323.026
-254.085
-339.892
-323.753
-327.469
-328.98
-253.22
-286.924
-163.969
-308.115
-276.191
-349.225
-266.992
-323.104
-325.859
-283.04
-328.303
-280.199
-298.895
-248.662
-330.96
-328.374
-69.2094
-93.0802
-343.693
-340.508
-108.684
-303.382
-205.004
-252.748
-265.69
-349.34
-236.259
-317.902
-140.646
-225.241
-312.718
-273.952
-300.629
-333.857
-198.968
-215.966
-259.925
-289.222
-341.514
-333.166
-333.374
-201.083
-244.052
-311.34
-209.226
-292.135
-327.477
-329.805
-335.84
-334.068
-169.969
-314.001
-256.658
-317.525
-255.607
-264.181
-240.92
-292.346
-308.024
-332.815
-320.65
-324.642
-147.594
-279
-338.693
-211.308
-328.155
-308.13
-195.413
-335.622
-327.805
-250.741
-266.794
-281.104
-294.63
-262.687
-328.882
-239.814
-317.565
-346.333
-347.499
-344.151
-114.592
-324.395
-316.8
-333.136
-123.505
-157.43
-224.534
-340.72
-349.06
-32.9833
-154.018
-195.812
-253.387
-310.175
-197.18
-270.211
-336.3
-323.297
-340.995
-235.503
-96.4744
-220.596
-348.395
-280.498
-302.429
-275.495
-243.185
-251.794
-117.715
-239.484
-330.89
-318.865
-341.424
-310.419
-247.317
-173.562
-177.826
-245.433
-319.305
-282.038
-299.902
-309.346
-340.559
-319.081
-185.727
-195.597
-321.254
-337.056
-248.959
-322.735
-336.712
-339.256
-339.688
-215.442
-326.38
-338.275
-288.172
-333.046
-323.35
-212.375
-343.443
-309.908
-340.219
-278.26
-303.008
-306.243
-325.051
-332.051
-240.793
-336.7
-344.237
-192.739
-211.243
-332.927
-304.799
-326.283
-258.022
-336.362
-343.575
-343.548
-303.806
-280.15
-305.386
-340.56
-329.397
-151.428
-301.814
-332.936
-349.345
-265.223
-330.88
-343.004
-344.993
-229.736
-248.065
-257.702
-302.708
-334.214
-329.685
-340.659
-258.209
-193.743
-314.016
-345.751
-342.965
-302.335
-251.601
-268.34
-316.11
-316.754
-337.978
-335.963
-328.603
-302.867
-311.898
-163.519
-223.399
-304.273
-233.198
-322.64
-212.366
-221.577
-296.427
-340.548
-299.327
-320.741
-261.294
-294.134
-152.582
-318.272
-345.338
-329.174
-192.599
-286.514
-294.994
-228.593
-317.791
-323.251
-221.628
-254.379
-275.602
-304.613
-335.525
-125.041
-132.467
-160.805
-162.115
-255.957
-285.798
-332.788
-348.097
-205.047
-193.338
-309.072
-255.195
-293.154
-338.077
-338.228
-309.109
-260.866
-296.297
-187.057
-322.149
-345.786
-332.108
-327.161
-315.74
-314.084
-304.221
-308.698
-330.717
-295.822
-346.889
-332.377
-329.483
-344.07
-12.4711
-261.05
-337.4
-105.274
-97.5786
-211.597
-329.87
-253.88
-272.228
-195.765
-234.978
-285.337
-218.592
-259.911
-311.69
-299.758
-345.315
-308.958
-284.201
-296.341
-54.18
-335.291
-327.399
-345.874
-348.689
-271.451
-345.391
-310.869
-275.558
-313.102
-331.699
-337.297
-299.069
-256.387
-335.671
-349.482
-220.951
-304.863
-340.788
-32.5413
-119.385
-260.649
-341.984
-309.317
-348.706
-306.508
-215.852
-335.034
-286.423
-299.407
-340.891
-237.8
-167.001
-194.167
-233.732
-340.5
-294.855
-335.352
-345.226
-329.998
-289.601
-210.57
-346.569
-316.393
-241.802
-312.068
-334.389
-246.136
-281.162
-285.453
-54.5455
-160.943
-258.057
-289.286
-233.463
-282.622
-298.821
-333.263
-344.793
-290.311
-299.148
-286.628
-343.384
-220.269
-327.433
-290.477
-333.317
-308.142
-294.173
-222.359
-282.395
-226.304
-349.174
-213.657
-261.693
-273.587
-307.751
-295.519
-328.775
-277.203
-329.004
-197.163
-200.128
-266.302
-325.701
-196.869
-322.259
-239.447
-336.275
-317.596
-325.581
-326.136
-147.359
-290.927
-235.101
-306.571
-191.793
-234.684
-274.668
-274.984
-347.777
-266.917
-125.459
-243.494
-280.557
-320.9
-310.019
-336.543
-331.234
-313.649
-349.54
-264.157
-301.353
-342.877
-313.06
-338.681
-343.911
-259.335
-345.596
-316.963
-342.647
-346.625
-274.356
-177.704
-233.63
-116.739
-281.499
-343.013
-304.433
-345.191
-327.786
-269.94
-255.931
-250.963
-161.512
-202.576
-241.367
-340.675
-53.8309
-266.537
-228.307
-162.337
-153.423
-177.696
-280.878
-262.531
-252.998
-213.319
-256.276
-343.903
-187.846
-230.962
-348.637
-69.8327
-277.615
-283.214
-283.23
-297.509
-327.426
-292.661
-253.506
-324.875
-342.277
-333.091
-349.488
-309.226
-344.141
-328.737
-274.03
-337.588
-315.97
-269.389
-338.945
-244.608
-277.489
-320.26
-299.017
-335.019
-340.31
-341.135
-333.131
-347.811
-328.656
-267.634
-297.583
-342.3
-218.173
-219.124
-224.465
-264.964
-269.811
-327.575
-341.897
-339.238
-306.676
-253.229
-348.755
-341.482
-341.413
-279.863
-334.685
-260.879
-328.621
-268.588
-301.914
-342.049
-206.922
-252.949
-344.937
-298.441
-288.197
-304.313
-314.03
-315.368
-217.525
-217.978
-300.827
-322.335
-344.653
-221.779
-293.994
-320.987
-269.312
-325.228
-153.554
-253.349
-348.091
-192.876
-348.598
-304.126
-342.768
-317.429
-176.637
-225.958
-329.467
-137.532
-249.983
-263.971
-94.4078
-131.071
-271.265
-322.687
-280.063
-308.563
-346.832
-332.234
-172.222
-221.667
-224.224
-298.089
-298.496
-324.485
-348.737
-287.655
-268.55
-318.229
-346.203
-311.408
-299.492
-305.257
-277.863
-345.896
-349.372
-320.442
-185.021
-304.284
-340.174
-331.973
-337.045
-303.559
-25.2828
-108.448
-279.079
-289.419
-318.075
-345.831
-289.437
-275.056
-340.354
-193.096
-273.205
-315.207
-311.649
-337.607
-347.955
-55.0859
-143.841
-227.376
-252.595
-269.195
-325.49
-266.003
-335.629
-349.829
-314.739
-171.903
-177.837
-307.929
-305.667
-316.171
-347.778
-325.616
-347.251
-302.678
-291.289
-304.612
-332.201
-334.329
-111.406
-331.41
-208.374
-251.845
-300.268
-296.502
-242.765
-316.617
-327.085
-246.185
-281.67
-286.305
-294.518
-248.637
-323.541
-347.387
-341.495
-159.353
-226.76
-261.309
-261.523
-322.253
-174.125
-330.69
-244.544
-94.3102
-263.723
-333.83
-300.16
-321.419
-289.761
-313.193
-141.525
-252.81
-289.248
-124.731
-246.988
-249.869
-316.35
-83.0887
-111.214
-123.908
-244.397
-222.529
-335.684
-273.244
-288.518
-299.953
-348.214
-307.881
-276.363
-323.809
-266.722
-274.703
-347.076
-313.055
-349.135
-345.759
-320.747
-192.913
-324.225
-193.808
-227.616
-310.307
-313.71
-305.029
-273.617
-200.629
-309.865
-160.103
-258.074
-290.143
-331.035
-205.375
-299.149
-328.865
-279.286
-283.163
-285.824
-322.448
-292.478
-172.2
-215.744
-328.695
-347.704
-283.054
-294.775
-306.77
-220.791
-268.848
-277.465
-344.027
-75.8784
-260.67
-337.002
-312.898
-252.103
-328.649
-307.26
-301.705
-194.673
-253.224
-347.435
-271.795
-314.585
-344.1
-304.518
-251.363
-218.943
-305.519
-314.167
-320.366
-315.122
-126.845
-308.683
-42.1631
-104.509
-334.214
-228.009
-242.46
-252.822
-290.66
-162.029
-315.106
-273.578
-325.239
-337.828
-303.902
-327.403
-297.311
-337.444
-258.599
-292.613
-347.941
-218.111
-288.83
-295.069
-336.527
-322.495
-343.811
-286.756
-313.788
-238.349
-255.011
-348.333
-159.352
-169.412
-191.786
-253.678
-280.351
-323.396
-288.564
-275.963
-258.916
-281.708
-325.587
-134.213
-240.357
-294.25
-318.489
-321.694
-85.4157
-101.238
-319.002
-167.156
-215.797
-242.083
-275.373
-273.972
-285.118
-348.259
-286.545
-294.185
-218.341
-138.934
-140.026
-201.381
-274.448
-308.408
-300.605
-306.518
-326.474
-181.309
-220.579
-250.819
-299.691
-346.061
-347.12
-193.933
-282.126
-239.327
-272.514
-344.702
-192.19
-314.568
-329.156
-4.00216
-46.9677
-229.993
-248.116
-322.235
-341.516
-273.426
-335.973
-344.623
-342.805
-311.377
-286.713
-333.494
-243.771
-273.132
-293.785
-346.347
-346.006
-319.017
-309.033
-336.5
-276.187
-318.325
-172.094
-215.134
-305.264
-339.098
-245.206
-284.005
-343.909
-288.005
-309.296
-337.106
-315.148
-335.514
-280.899
-312.22
-324.657
-162.511
-339.164
-258.067
-337.38
-218.606
-328.597
-253.012
-342.558
-328.597
-347.582
-346.9
-317.629
-321.791
-308.737
-324.117
-295.188
-238.253
-202.684
-303.271
-325.074
-219.492
-326.639
-249.026
-313.83
-314.553
-303.014
-243.012
-328.734
-334.92
-258.094
-344.552
-333.449
-112.892
-120.447
-263.122
-274.213
-316.396
-229.787
-238.884
-147.59
-180.862
-199.647
-303.558
-343.318
-306.838
-326.226
-336.001
-348.623
-283.632
-258.291
-312.311
-330.938
-347.882
-242.224
-308.079
-328.487
-326.721
-347.422
-332.029
-180.343
-269.917
-270.419
-343.951
-342.167
-322.451
-151.498
-167.61
-178.921
-284.312
-296.265
-317.812
-344.312
-254.869
-335.052
-285.807
-239.313
-327.33
-336.425
-36.4544
-328.007
-347.022
-336.971
-254.255
-270.777
-306.941
-312.641
-288.535
-313.192
-348.005
-330.742
-194.058
-304.459
-336.047
-332.874
-324.978
-220.11
-338.238
-326.339
-204.81
-159.504
-303.748
-298.111
-216.542
-296.702
-225.899
-274.929
-110.013
-127.203
-127.693
-294.793
-326.525
-48.4813
-270.211
-306.264
-328.108
-312.795
-302.832
-343.137
-171.29
-297.803
-319.885
-332.213
-323.067
-254.025
-314.6
-336.62
-329.706
-324.659
-330.309
-159.359
-206.246
-203.875
-209.004
-277.358
-325.609
-207.241
-311.338
-235.528
-298.602
-184.047
-298.74
-315.295
-348.766
-263.43
-266.447
-327.904
-345.33
-292.208
-258.224
-330.64
-288.045
-335.366
-320.521
-278.35
-193.577
-321.397
-344.987
-272.564
-283.852
-346.842
-189.406
-259.171
-294.28
-306.872
-300.923
-233.922
-241.977
-184.61
-306.343
-277.392
-223.35
-296.156
-220.159
-261.585
-236.298
-320.25
-330.332
-324.267
-325.022
-277.511
-278.523
-281.998
-283.619
-333.19
-340.147
-240.133
-197.238
-320.032
-334.151
-236.012
-318.599
-90.0796
-332.591
-348.78
-348.032
-327.804
-340.65
-288.863
-322.51
-347.161
-337.377
-326.997
-335.453
-348.431
-304.814
-320.634
-343.943
-308.141
-336.598
-273.187
-289.633
-275.704
-280.442
-301.073
-339.822
-343.513
-347.047
-343.269
-327.411
-333.348
-322.73
-197.63
-332.092
-250.922
-259.046
-268.531
-349.063
-177.365
-296.026
-307.546
-338.933
-115.24
-185.035
-148.528
-246.158
-282.596
-319.983
-277.816
-311.812
-343.341
-327.607
-142.878
-259.307
-317.16
-336.564
-273.092
-340.945
-263.829
-258.695
-315.325
-328.092
-346.965
-339.729
-170.571
-213.564
-303.004
-325.32
-313.325
-341.193
-191.173
-212.533
-225.328
-238.691
-246.771
-212.297
-273.476
-254.667
-329.461
-332.358
-96.1708
-184.706
-198.859
-262.653
-283.689
-165.62
-234.232
-268.191
-267.27
-277.294
-207.915
-338.868
-138.991
-231.276
-255.154
-34.0935
-104.292
-197.536
-206.555
-241.59
-277.377
-268.179
-135.347
-301.526
-317.736
-240.55
-323.051
-329.499
-320.266
-251.051
-264.042
-227.242
-335.945
-346.65
-347.476
-251.254
-288.247
-294.662
-346.841
-275.146
-250.847
-273.394
-273.306
-273.24
-333.067
-159.784
-186.148
-280.833
-328.245
-298.675
-308.124
-339.989
-233.726
-279.901
-293.595
-299.254
-263.329
-287.411
-312.599
-301.145
-307.709
-119.498
-135.431
-194.43
-225.517
-296.024
-254.477
-298.486
-342.6
-331.199
-330.336
-264.102
-343.226
-325.933
-219.728
-253.461
-276.453
-346.177
-281.453
-276.773
-244.932
-237.642
-312.733
-275.777
-291.049
-335.373
-247.058
-297.531
-296.335
-341.579
-115.955
-207.134
-226.393
-290.643
-320.207
-327.605
-207.511
-208.828
-313.949
-318.976
-298.545
-339.487
-315.859
-342.372
-274.269
-345.766
-292.456
-294.141
-345.901
-320.569
-293.3
-230.294
-309.261
-226.632
-46.2177
-272.208
-299.158
-270.143
-158.437
-226.141
-226.641
-267.069
-254.706
-302.613
-210.971
-332.58
-339.034
-346.096
-312.269
-285.612
-314.669
-334.705
-343.291
-213.336
-236.413
-314.591
-253.121
-257.164
-201.201
-249.485
-279.934
-328.506
-348.706
-179.49
-180.627
-314.075
-307.654
-156.788
-247.801
-248.731
-298.947
-340.091
-346.629
-324.642
-325.731
-9.85501
-177.428
-183.53
-261.259
-291.577
-318.392
-307.702
-330.429
-52.3163
-75.3556
-178.7
-344.418
-326.844
-248.253
-348.386
-342.552
-311.576
-241.411
-315.693
-277.574
-349.944
-321.203
-245.028
-332.793
-108.77
-182.381
-280.307
-313.094
-310.627
-327.587
-290.848
-16.7605
-68.4741
-215.48
-284.889
-311.417
-257.031
-348.912
-171.272
-120.657
-184.492
-289.535
-297.131
-275.409
-342.013
-150.869
-304.161
-263.483
-348.339
-344.246
-333.883
-309.208
-339.266
-235.264
-149.102
-199.529
-223.959
-316.55
-333.161
-207.269
-307.883
-334.492
-255.316
-301.268
-309.42
-117.927
-153.409
-161.662
-170.07
-336.415
-349.493
-344.426
-328.113
-223.355
-304.338
-318.668
-323.952
-319.026
-335.626
-269.554
-117.938
-137.576
-267.706
-274.57
-342.006
-333.722
-227.511
-168.505
-163.269
-288.492
-198.608
-297.041
-321.576
-297.684
-306.064
-166.535
-232.023
-290.043
-300.373
-295.831
-264.702
-268.527
-286.446
-333.774
-217.369
-202.806
-312.846
-313.83
-297.851
-209.849
-147.755
-328.194
-275.261
-313.046
-346.403
-287.924
-93.8339
-291.251
-323.773
-286.828
-294.907
-282.373
-260.042
-277.057
-308.628
-324.85
-214.612
-288.413
-205.455
-339.835
-270.78
-234.965
-328.605
-198.245
-282.465
-305.029
-247.722
-272.018
-340.87
-324.766
-298.528
-152.19
-148.618
-262.818
-9.52487
-225.467
-246.127
-323.716
-298.438
-255.481
-242.8
-270.49
-327.32
-80.6218
-67.2483
-155.992
-228.152
-240.46
-297.239
-318.914
-92.5222
-332.242
-335.263
-321.721
-191.272
-335.382
-342.822
-326.696
-324.133
-282.091
-306.97
-337.219
-248.292
-216.343
-279.809
-312.602
-260.644
-122.385
-201.324
-327.156
-204.023
-243.02
-260.947
-331.032
-195.581
-164.847
-297.742
-319.371
-169.078
-276.071
-300.81
-265.534
-344.343
-335.355
-311.871
-332.777
-336.846
-347.982
-324.131
-347.602
-326.972
-283.077
-341.168
-310.02
-349.42
-332.904
-275.943
-325.937
-156.611
-299.197
-339.722
-110.797
-167.374
-236.102
-331.279
-221.602
-92.2869
-177.273
-287.444
-330.908
-289.867
-325.087
-315.27
-211.308
-279.43
-311.719
-342.978
-273.716
-331.469
-281.729
-262.014
-229.797
-297.835
-305.714
-297.606
-290.176
-172.935
-254.689
-71.5271
-249.817
-306.085
-343.692
-297.778
-317.332
-348.872
-263.507
-312.4
-310.076
-249.903
-347.093
-303.558
-326.308
-312.586
-296.477
-340.503
-254.225
-332.577
-270.46
-324.959
-336.772
-174.272
-271.512
-337.001
-298.55
-337.255
-298.201
-312.418
-240.846
-154.109
-307.45
-347.805
-327.179
-319.353
-220.495
-339.826
-333.991
-345.181
-334.513
-297.547
-346.913
-229.195
-214.893
-278.357
-329.149
-307.752
-331.165
-338.599
-278.523
-328.952
-287.027
-301.341
-294.714
-330.063
-204.014
-247.104
-316.078
-157.679
-240.495
-313.928
-154.145
-339.123
-308.875
-335.499
-332.457
-301.864
-13.2405
-183.779
-218.974
-256.321
-236.301
-316.158
-328.242
-299.57
-308.127
-342.602
-270.556
-317.044
-327.497
-311.244
-235.378
-272.499
-225.102
-334.777
-264.573
-294.828
-317.265
-336.263
-314.469
-323.538
-265.385
-341.732
-311.546
-269.043
-283.113
-282.743
-335.91
-194.462
-278.849
-328.056
-256.699
-293.234
-345.471
-275.115
-329.972
-344.816
-202.903
-259.713
-331.797
-333.189
-335.088
-341.599
-346.263
-348.017
-241.74
-335.113
-306.081
-344.414
-314.599
-327.226
-169.75
-307.568
-283.281
-317.598
-230.308
-304.64
-232.43
-288.663
-332.229
-150.053
-286.886
-299.057
-346.679
-292.863
-331.373
-270.074
-343.799
-157.985
-285.242
-288.917
-347.774
-282.977
-316.985
-288.881
-299.311
-301.812
-346.055
-265.386
-346.221
-325.946
-224.558
-283.734
-300.567
-333.783
-163.608
-251.659
-342.491
-224.643
-232.057
-283.357
-301.779
-345.555
-226.574
-324.297
-43.3349
-134.047
-135.416
-220.273
-326.1
-231.57
-322.135
-328.974
-295.184
-222.377
-89.7714
-291.704
-342.171
-331.484
-320.263
-139.235
-312.347
-180.032
-224.564
-339.228
-318.293
-202.6
-235.699
-293.807
-236.974
-343.74
-335.969
-313.07
-262.5
-273.57
-346.536
-296.508
-344.797
-323.406
-334.741
-200.188
-215.771
-327.925
-320.43
-288.859
-228.75
-261.093
-296.058
-307.527
-333.766
-230.474
-264.795
-276.344
-206.504
-223.779
-236.591
-289.305
-200.35
-334.349
-348.309
-291.101
-316.893
-336.614
-244.265
-275.177
-346.253
-156.085
-219.171
-327.758
-257.605
-320.647
-125.801
-312.432
-346.488
-92.7693
-93.1774
-138.24
-341.51
-349.575
-331.35
-188.011
-207.126
-293.395
-307.489
-265.118
-282.75
-349.602
-188.118
-283.047
-311.897
-312.673
-269.275
-326.015
-299.837
-321.735
-302.315
-231.202
-245.654
-338.025
-96.5569
-120.935
-203.534
-276.236
-225.812
-315.284
-333.779
-196.436
-292.669
-328.464
-277.834
-292.366
-282.183
-302.039
-349.494
-287.025
-195.512
-273.784
-335.343
-345.227
-345.341
-223.252
-318.437
-348.828
-346.248
-269.073
-341.742
-270.097
-304.163
-316.116
-346.002
-319.783
-237.865
-314.37
-302.099
-322.692
-342.187
-306.035
-315.309
-293.053
-328.082
-247.785
-348.281
-236.248
-349.598
-277.598
-336.13
-137.085
-158.812
-345.576
-252.525
-269.742
-324.438
-338.656
-266.806
-268.242
-348.143
-327.464
-339.797
-286.632
-15.6117
-28.5422
-328.608
-175.957
-304.637
-346.602
-324.995
-341.185
-203.068
-137.958
-161.969
-163.41
-274.582
-345.364
-267.396
-333.372
-283.474
-297.895
-307.913
-287.681
-333.604
-349.165
-252.145
-273.512
-96.7898
-262.263
-344.437
-311.82
-251.224
-224.691
-311.489
-348.896
-334.307
-341.203
-311.176
-340.614
-269.684
-37.8356
-302.566
-340.431
-309.758
-337.04
-270.424
-290.553
-321.977
-276.197
-299.13
-348.996
-298.586
-331.465
-295.369
-122.007
-290.639
-193.902
-106.689
-322.742
-284.564
-312.128
-231.348
-152.943
-166.715
-188.867
-308.33
-347.411
-217.251
-293.774
-295.011
-320.046
-348.965
-328.159
-237.697
-339.141
-342.082
-191.543
-320.903
-302.577
-342.082
-224.102
-133.54
-280.306
-349.242
-334.713
-298.974
-262.538
-337.93
-349.677
-302.222
-154.817
-326.224
-341.912
-310.357
-333.886
-322.62
-151.257
-226.208
-282.724
-265.938
-323.827
-347.774
-309.82
-306.289
-341.947
-306.162
-225.469
-324.17
-335.671
-221.548
-147.95
-278.499
-305.684
-317.133
-280.284
-347.448
-319.486
-336.835
-163.24
-210.464
-280.247
-241.198
-322.106
-348.576
-285.934
-335.111
-348.26
-318.501
-342.273
-341.962
-305.709
-108.489
-159.221
-251.701
-269.019
-319.273
-345.075
-295.906
-328.752
-333.526
-319.576
-271.515
-318.048
-266.37
-313.9
-349.165
-285.612
-333.765
-316.515
-235.917
-10.8585
-41.5312
-277.065
-329.881
-344.93
-198.682
-267.405
-332.832
-348.447
-253.916
-97.576
-123.563
-334.983
-318.079
-317.615
-111.234
-118.707
-244.55
-294.206
-318.073
-301.194
-269.652
-306.205
-346.514
-251.065
-311.227
-289.707
-171.571
-256.451
-295.434
-327.623
-323.931
-135.113
-172.308
-267.279
-316.506
-268.242
-329.878
-328.737
-268.613
-300.487
-198.505
-228.632
-342.875
-336.686
-277.426
-337.998
-149.706
-348.48
-112.68
-348.656
-282.77
-330.226
-340.576
-290.292
-293.883
-98.8582
-145.409
-167.832
-308.399
-338.2
-348.255
-298.962
-300.175
-333.114
-203.806
-227.743
-261.151
-323.36
-116.608
-280.651
-348.558
-240.859
-257.697
-301.249
-349.175
-342.68
-322.705
-224.488
-114.251
-192.854
-199.588
-290.04
-339.502
-149.752
-228.591
-343.954
-211.356
-230.924
-343.819
-337.254
-318.464
-273.909
-226.614
-262.784
-333.205
-253.894
-348.333
-314.275
-337.555
-332.521
-135.885
-306.92
-319.008
-199.833
-344.287
-314.192
-284.441
-304.314
-346.866
-309.207
-264.475
-269.28
-294.37
-272.213
-141.404
-159.235
-237.458
-309.895
-269.066
-273.463
-184.199
-249.585
-327.064
-340.139
-346.423
-317.032
-187.413
-135.304
-218.666
-223.019
-262.558
-268.281
-314.23
-225.723
-228.969
-295.256
-100.4
-182.903
-220.193
-69.4725
-304.064
-311.776
-332.391
-319.486
-347.509
-340.064
-291.896
-334.303
-347.828
-340.743
-262.194
-284.301
-280.659
-324.575
-312.057
-304.217
-327.461
-318.946
-298.617
-271.071
-178.693
-336.38
-187.672
-328.231
-314.946
-296.851
-254.061
-227.578
-330.414
-348.699
-229.54
-321.383
-254.761
-289
-253.685
-229.168
-337.64
-266.757
-167.668
-216.082
-299.048
-306.477
-321.48
-314.06
-333.422
-272.401
-273.338
-325.933
-306.667
-306.549
-248.439
-288.768
-304.268
-197.499
-316.169
-345.796
-267.059
-256.477
-303.198
-304.899
-331.772
-313.113
-291.742
-291.293
-326.318
-331.893
-305.533
-250.796
-254.335
-259.835
-303.437
-307.828
-345.077
-330.742
-348.25
-346.013
-63.4064
-233.86
-269.896
-336.042
-176.513
-344.028
-338.934
-313.509
-338.478
-324.744
-328.311
-280.704
-336.48
-348.663
-331.677
-325.873
-301.129
-306.782
-335.6
-340.992
-153.78
-313.026
-257.836
-275.522
-298.239
-304.954
-328.927
-184.084
-337.24
-344.59
-344.828
-213.357
-290.95
-305.306
-316.092
-278.109
-1.42953
-32.4136
-88.6511
-129.058
-263.388
-302.015
-339.245
-347.105
-326.225
-310.093
-272.865
-275.605
-283.977
-304.489
-281.456
-341.092
-291.085
-345.563
-316.703
-77.9933
-269.118
-342.861
-348.053
-344.752
-304.033
-282.563
-347.15
-305.771
-225.842
-250.302
-345.209
-215.359
-330.876
-344.648
-295.439
-347.075
-245.661
-319.808
-334.944
-343.487
-280.063
-349.472
-313.285
-325.837
-283.522
-272.249
-275.511
-321.386
-228.057
-171.667
-334.915
-338.877
-309.099
-297.807
-194.529
-310.531
-327.76
-340.302
-293.14
-347.213
-270.889
-336.352
-305.976
-311.728
-321.653
-330.582
-129.218
-254.19
-337.147
-52.4049
-105.758
-225.076
-317.967
-255.187
-324.501
-292.931
-230.938
-231.898
-258.553
-316.148
-334.681
-274.9
-264.792
-317.271
-285.958
-341.722
-312.672
-272.347
-18.905
-238.755
-273.004
-333.758
-230.596
-330.834
-325.375
-264.911
-308.93
-321.555
-346.019
-228.494
-237.153
-333.23
-345.485
-251.757
-183.899
-239.051
-313.587
-196.094
-338.582
-185.549
-312.255
-299.531
-311.838
-344.844
-222.303
-249.284
-251.956
-299.698
-349.699
-335.518
-240.017
-256.749
-340.514
-244.49
-313.651
-338.811
-349.571
-337.226
-198.729
-126.461
-175.32
-300.362
-311.155
-313.563
-132.452
-153.315
-241.783
-279.076
-327.142
-304.05
-336.834
-257.051
-316.431
-338.324
-343.637
-286.999
-288.321
-343.46
-329.903
-349.444
-102.949
-296.783
-238.197
-254.068
-266.439
-271.931
-276.762
-308.315
-320.534
-269.112
-89.4856
-266.374
-218.331
-310.197
-323.151
-294.252
-316.447
-95.8555
-198.793
-260.998
-336.58
-326.196
-123.374
-265.178
-138.053
-311.639
-290.799
-335.577
-349.213
-283.888
-295.603
-313.092
-334.027
-347.844
-342.175
-161.3
-170.029
-171.012
-183.446
-202.168
-309.956
-207.162
-314.57
-321.964
-266.339
-290.608
-207.676
-255.263
-247.488
-326.405
-335.72
-303.497
-312.062
-344.255
-342.589
-312.019
-313.454
-233.38
-304.163
-151.657
-331.602
-281.021
-284.146
-292.764
-154.864
-167.362
-318.762
-324.185
-277.945
-320.432
-340.089
-214.292
-327.323
-344.08
-226.542
-222.111
-347.613
-270.797
-267.848
-291.459
-311.74
-336.429
-344.531
-256.173
