0.159486
0.315395
2.26308
0.351245
0.486234
0.119209
2.31944
0.185671
0.617792
0.389064
0.619148
1.09524
0.222495
0.10382
0.107413
1.78675
2.10055
1.91847
2.25299
0.142654
0.173186
1.10587
0.811313
4.25459
0.122539
0.250414
0.110205
0.401659
0.513147
0.796918
0.38632
0.679336
0.106757
2.89443
0.415903
4.08484
0.116393
0.75796
0.642794
1.23648
0.355167
0.361873
0.246599
0.103663
7.04688
9.42019
0.40261
0.384091
0.104156
0.137963
0.66726
1.16775
0.714236
0.118271
1.52134
0.665618
3.08347
0.134833
0.162537
0.155897
0.199029
3.18283
1.80769
0.207065
0.283291
1.65708
1.25811
1.68518
0.939647
1.03684
0.220254
4.99624
1.08625
0.1106
0.116284
0.153094
0.166026
0.436143
0.513049
0.905678
9.81591
1.0296
0.27624
0.774966
0.267949
0.138164
2.11686
0.543031
0.960952
0.334657
2.04575
0.358608
0.25346
0.256685
1.68054
1.84555
0.973421
2.77648
0.193293
0.731756
0.388403
0.196815
0.359989
0.118946
0.261621
0.160017
0.379695
0.629002
0.7195
0.188448
0.190849
3.4556
0.11319
0.348257
0.26252
4.63234
0.126866
0.268087
0.306734
0.149508
0.625066
0.525401
1.64929
0.85856
4.57183
0.229928
0.17769
0.877524
0.321514
0.640085
4.06013
16.911
0.453992
1.8612
0.138878
0.420412
0.202298
1.25151
0.440923
1.28212
0.157046
1.57576
0.200065
0.158887
0.378354
0.139429
0.121212
1.37306
1.12324
0.335247
0.239868
1.55551
0.618197
2.62096
0.324232
4.22748
0.181152
0.186646
0.478007
2.881
0.516794
7.72008
0.107234
1.21818
0.292989
2.39978
1.56712
0.982326
0.930922
0.958772
1.47431
1.21091
0.294074
0.142546
0.497073
0.366546
0.240153
0.875943
0.111999
1.79676
0.693872
2.18484
3.74516
1.20298
0.103814
0.181269
0.155126
0.593634
0.149264
0.114937
3.68578
0.989597
0.54606
0.78168
0.606551
1.12855
0.838111
0.129325
0.217605
0.29796
0.134152
0.119916
2.60602
2.60263
3.33573
0.121671
0.332055
0.23461
0.12299
0.116739
0.108821
0.631859
0.293905
0.403632
0.28897
1.84583
3.56139
1.02722
0.121558
0.351654
0.224538
0.306734
2.62745
0.457646
4.1046
0.401341
0.195243
0.227876
0.536484
0.765846
0.990161
0.814837
0.245533
2.26331
0.352203
0.305214
0.627812
0.186455
5.03229
0.288066
2.71133
1.62186
0.760076
0.477504
0.129761
0.100066
0.624877
0.38339
1.92718
10.2905
1.02483
2.18992
0.389719
2.26929
1.06813
0.571569
4.12314
12.9664
0.248393
0.17915
0.135556
5.04838
0.81134
0.313392
0.441449
3.39808
2.14794
12.3907
0.887061
0.105145
8.5588
0.312898
0.388472
0.636007
0.436927
6.13611
0.985048
1.86991
0.212462
0.208154
1.26747
1.20425
0.818229
0.54125
0.152861
0.254138
0.289018
0.498544
1.92701
0.711209
0.137796
1.27446
5.09278
12.21
0.245135
0.180272
0.271848
0.923488
0.149419
1.4792
0.119478
0.106658
0.693734
0.133116
0.464576
13.4501
0.415819
0.153931
2.5403
0.732151
0.659942
0.317426
0.103429
0.7371
0.772514
0.292892
0.115776
0.73244
0.188976
4.68416
0.161156
0.261204
0.299216
0.898815
0.127292
0.207007
0.169926
0.217386
0.501195
1.74361
2.03074
0.128966
0.151713
0.111686
0.62542
1.11446
2.03566
1.95861
0.136678
1.27023
0.585895
1.49842
0.14631
0.46731
6.86937
1.32314
2.92334
0.706024
0.376558
1.00997
0.122544
1.41299
1.04545
0.221533
0.664726
0.570633
0.271518
0.256982
0.317945
0.447735
0.137757
0.345918
0.591643
0.17917
0.600308
0.37238
0.126102
0.53539
0.652233
0.280508
0.184578
0.264471
2.45995
0.397108
0.985791
0.340378
0.564935
1.31367
0.116249
0.325691
0.133735
2.52809
0.122506
0.234695
0.199294
3.12748
0.259421
0.476657
2.89262
0.174113
0.17765
0.451999
0.986778
0.224
0.148877
1.72942
3.227
0.631425
0.684764
0.303611
1.94214
0.422218
0.587014
10.6434
0.193363
7.42139
0.888566
0.220747
1.45433
0.440223
0.758212
0.984179
0.875476
0.484492
0.718388
0.269266
0.30252
0.19634
1.96864
6.35024
3.19504
0.195806
1.2023
0.128698
0.301686
0.15542
8.29884
0.664319
0.908955
0.394435
0.169325
1.87283
0.864188
0.427678
3.87019
11.5635
0.13386
0.18835
1.0407
0.621219
0.223082
0.189403
0.155382
0.236566
0.11243
0.53755
2.01842
0.150903
2.39705
0.362835
3.11994
0.251405
0.179159
1.01398
0.257878
0.454412
0.116998
1.00829
0.881614
5.68709
0.156132
0.755152
0.768253
0.577789
0.502304
0.176658
8.42171
0.515548
0.253909
0.276896
0.767375
0.107046
0.325038
0.466733
0.896001
1.61394
10.4069
0.505515
0.117243
0.217127
0.163723
0.237419
4.39509
0.108931
0.139077
0.318952
0.26043
0.422417
0.166259
0.259691
2.26051
1.15481
1.8856
0.187068
0.8365
0.542491
0.198955
0.357833
0.749416
0.348847
0.178301
3.61135
0.174894
1.43629
0.29399
0.112152
1.49543
0.169757
0.100889
5.92134
0.920288
0.215607
1.62909
2.71224
0.165596
5.61074
0.561906
0.146487
0.159628
0.10392
0.125052
0.573696
0.11826
0.37641
4.71153
0.417963
0.391843
1.12327
0.117292
0.197374
0.325384
0.91586
0.142912
0.106052
1.20432
0.271295
0.535863
0.305711
5.94849
0.232592
0.41997
1.6844
1.98253
0.782135
0.350483
0.316624
0.76809
0.137689
0.400847
0.353418
0.17294
0.189029
0.25745
0.13094
2.84978
0.371496
0.259412
0.277687
0.204341
0.374201
0.262285
0.272042
0.162937
0.561545
1.52703
0.33636
1.16824
0.102183
0.13308
0.213509
1.19944
0.129647
1.04308
0.108711
0.665464
3.71461
0.134977
0.363714
0.144602
0.303863
2.07409
0.236954
0.189771
0.214322
0.299041
0.469651
9.17742
0.497909
0.96007
0.141059
0.125974
16.401
0.101645
0.178697
0.646705
0.140684
0.169413
0.255442
0.121439
0.16724
0.195956
0.444932
1.56092
0.105101
0.194804
0.105664
4.12198
0.399631
2.98134
0.691809
0.566853
0.102836
0.309136
2.5433
3.89796
0.137877
0.65235
0.15022
6.58983
13.6822
0.165647
0.196178
0.10788
0.441042
0.202377
2.66488
3.53491
11.0919
12.2629
2.08314
0.364017
0.261417
0.116068
0.167835
0.80532
0.163013
0.499645
0.109603
0.421888
0.293345
1.43296
0.704991
0.200828
0.300889
2.49641
0.397806
18.3663
0.243054
0.296446
0.189392
2.06465
0.205806
0.388383
0.994014
0.289111
2.23591
0.347704
0.832251
0.394824
7.485
0.404386
0.62456
0.161522
0.120388
3.10867
0.383783
0.151147
0.260625
0.495048
3.58216
5.9837
0.198349
3.12344
0.647537
0.181136
0.329187
0.58783
2.53421
0.127983
0.44389
0.16485
0.363737
1.12064
2.14963
0.111096
1.69968
0.190091
6.68829
0.491883
2.08018
6.8346
1.04248
0.598436
0.382054
0.160544
0.474938
0.33786
4.81345
1.20475
1.4718
0.413798
1.9785
0.52448
0.610065
0.428333
0.159512
0.869809
0.605542
0.851854
0.761648
0.162554
0.143849
0.837261
0.340273
2.66066
0.895768
1.05683
0.254353
3.9135
0.24477
0.104592
0.364937
0.157099
12.6657
1.19667
0.692534
0.798862
1.56954
3.96335
0.351342
3.77901
6.02066
2.1678
5.04354
0.202101
0.145959
0.294681
0.398037
0.58025
1.31039
0.11521
0.296386
0.587456
2.95632
1.13557
1.73054
0.35122
0.15333
0.223635
0.320898
0.190149
0.201151
0.594314
0.11936
0.107889
0.258336
1.26378
7.13442
0.478295
0.6977
0.260944
1.70337
1.32101
12.9187
0.280546
5.1227
0.486065
0.849337
0.390472
0.354179
0.408014
0.389246
0.355365
1.04793
0.175685
0.489805
0.102389
0.26621
0.178913
4.73213
0.232087
1.89271
0.111077
2.73278
0.601253
0.661063
0.171683
8.55366
0.65505
0.140364
0.103012
2.56095
0.474062
1.24221
11.9238
1.81172
0.235061
0.62169
0.469361
0.303142
0.778927
1.01853
0.353889
0.709053
31.803
0.292441
0.200007
0.179
0.405164
1.11191
0.435158
0.348426
0.317232
0.118887
0.540614
0.130544
0.614427
2.81937
2.6152
0.377931
0.589497
0.139955
1.76638
5.18131
4.25048
0.173935
0.714791
0.113873
6.37362
0.11492
0.341773
0.183994
0.159551
1.9578
1.45433
0.117073
2.18098
0.824663
0.114416
0.3326
0.254787
0.379762
0.234267
4.12272
0.32803
0.102034
1.7444
0.621704
5.92758
0.106992
0.225091
0.188988
0.100456
0.764573
2.72944
0.151939
0.107029
0.271507
0.233455
0.605664
4.51221
0.12706
0.173399
0.252365
0.201714
2.71347
13.9183
0.671858
0.221235
0.173244
0.954689
0.744327
0.216465
0.288482
0.639863
1.37373
0.106697
0.106081
0.180906
2.72279
0.387018
0.470461
0.270172
0.255347
0.114734
0.738192
1.91699
6.08876
1.73845
0.123301
1.07247
10.1711
0.136064
4.21085
0.478836
0.104094
0.74586
0.405516
1.99162
4.48888
3.45168
3.79784
0.321745
0.474048
0.383864
1.95364
0.621682
0.132726
0.200126
0.258256
1.36342
0.431567
0.79668
1.55822
0.247446
0.216046
0.32226
0.495063
1.61933
0.704275
0.751823
0.112928
0.246628
0.407559
1.32848
0.104585
0.131796
0.158953
0.112583
1.56039
3.92535
0.544345
3.24312
0.963113
13.1303
0.615427
0.692433
1.54277
0.6209
2.7136
0.208688
1.72709
0.132536
0.434024
7.74474
3.3549
3.52921
9.68623
0.401628
0.301975
0.146979
0.736106
0.340471
3.13412
1.61593
1.55815
0.152655
10.3948
0.793354
0.332324
0.373402
8.68274
0.722007
2.13794
2.6117
2.23787
1.75064
0.202404
0.591225
0.298004
4.71836
0.65921
0.159945
1.29195
4.17176
0.356178
0.493415
0.432603
0.377627
0.239535
0.127152
0.939989
0.195075
0.135392
0.118341
0.247304
0.266029
0.157826
1.76053
0.644415
0.132783
0.153649
0.534451
0.105548
0.120244
0.679678
3.55696
4.01593
0.213725
2.16802
0.360516
0.395526
0.840638
2.44126
0.153108
0.183962
0.10271
0.377156
0.18716
0.371926
1.9564
0.355413
0.416712
0.449
0.489567
0.784634
0.123617
0.776218
4.68295
0.143124
0.269234
0.113406
3.33256
0.30193
0.280841
0.16038
0.925643
0.35615
3.41752
6.29837
0.158965
0.299001
0.105837
8.88457
0.207376
0.377355
0.638991
3.17967
0.128441
2.05648
0.149558
1.28348
7.78499
0.386226
0.197507
0.106152
8.22904
0.147571
3.40214
1.61962
0.102143
0.432262
1.94299
0.125421
0.844136
0.369316
0.963825
1.31172
0.563428
8.51635
0.844519
0.473127
1.11987
0.30697
1.18655
1.51113
0.122048
0.176422
0.999187
2.05915
0.245928
1.85996
0.91717
1.0557
0.101083
0.365637
3.98206
1.15132
0.26995
1.08041
0.144879
0.194225
0.160693
6.45793
0.281328
0.139967
1.29377
0.230816
1.82622
0.113226
0.117939
0.223154
4.30175
0.498182
1.17449
1.2782
0.310666
0.230824
2.84652
1.57772
0.237481
0.679937
0.265155
6.66042
2.97859
0.117708
1.88568
0.399413
0.7837
0.145881
0.255852
0.163666
0.254845
1.41989
2.9419
0.712519
3.40769
0.103577
22.7261
0.849909
0.254785
1.42954
0.199748
0.675784
0.10138
3.74528
0.891309
2.97374
1.09488
0.494869
0.345356
0.201618
0.118689
0.866491
4.26395
0.562881
0.652777
0.138791
3.97153
1.62025
2.40372
5.82084
0.114093
0.106059
0.100828
0.125918
1.09041
0.112823
1.72386
1.24032
0.298161
0.199255
0.302314
0.25877
9.4374
0.46324
0.16982
0.386192
0.106935
0.266531
0.497519
0.445001
0.471448
0.420123
0.118681
1.15217
0.102991
0.156038
0.199273
0.434492
0.192178
1.01454
0.179018
0.388007
2.95929
3.89232
0.157089
2.62765
0.130201
0.22018
0.203914
0.257373
0.228867
0.243938
3.03119
0.155056
0.609585
6.9376
4.46799
1.501
0.190266
0.148652
5.37877
2.12156
0.336613
0.132024
0.131548
1.79889
4.54406
0.103289
1.10382
0.909183
1.13925
3.00715
0.552349
0.379716
3.22804
1.56945
0.932651
4.80723
0.376854
0.170449
0.644403
0.310884
5.066
0.645799
0.437186
0.389823
1.34921
0.126864
0.145577
0.417133
11.8011
2.13731
0.225855
0.251779
0.753511
0.110401
0.12703
0.245437
0.883597
0.91925
0.103015
25.1284
0.221693
0.524645
4.12825
0.499907
0.752778
0.143979
0.110211
0.136652
0.196114
0.427969
0.784541
0.533641
2.74538
0.20707
0.139478
0.492491
0.4269
0.402521
0.296794
0.188299
2.87343
0.26825
0.102383
0.249201
0.120225
1.53994
2.0478
1.61427
9.34859
0.796058
0.687318
0.296395
0.320335
15.8594
0.198683
1.72102
2.27249
0.138208
0.609145
0.155157
0.58891
0.624376
0.318215
0.44983
1.95085
2.0864
0.517041
1.17812
1.39452
0.8516
0.784783
0.151713
0.930755
0.113846
0.307048
4.80953
1.32891
2.13545
0.213734
0.192298
0.907701
0.365531
0.102382
9.86008
0.990948
0.973935
2.78217
0.511693
0.191712
0.140112
0.147295
0.312272
2.07094
0.230961
1.2995
0.378646
1.36624
17.4625
0.191257
0.108091
0.192501
1.08172
0.232945
0.122074
0.132754
2.59334
1.43582
5.10353
0.370343
0.460518
0.137271
1.36993
0.417298
1.09658
1.55051
0.162266
0.456125
0.692043
0.963702
0.503477
0.149265
1.78284
0.182368
0.834989
0.681761
0.468669
3.40787
0.232549
0.510676
0.303093
0.204971
0.349177
0.207036
17.9607
0.420017
0.220783
0.366404
3.24895
8.66557
0.587431
0.193365
0.422019
11.9458
0.1034
4.34594
0.211903
5.62136
0.142447
0.202801
0.11376
0.415584
0.206252
2.25721
0.128613
0.420575
1.8594
0.141483
1.28185
0.160783
0.640065
0.213873
0.392155
0.196105
0.694338
0.206026
0.108202
0.138406
0.181308
0.260387
0.539901
0.370356
0.121417
0.177385
0.127181
0.135679
0.114425
1.50843
0.150771
0.462379
2.37063
1.47518
0.160946
1.13482
1.00332
0.123906
0.17958
0.427441
0.137652
0.464184
1.06316
0.214886
0.310424
0.445562
0.106293
0.292787
7.90746
0.711436
4.38957
0.182371
0.802371
1.92836
10.0021
0.313502
0.288228
0.901957
0.124953
0.189884
0.367518
0.211911
0.198774
8.72984
1.20032
0.148638
1.52559
2.67801
0.129112
0.380322
0.736566
1.18732
0.273184
0.145461
0.534337
2.52555
0.562396
0.184347
1.57248
0.112874
7.28263
0.663845
0.14222
0.111341
0.213593
0.53465
0.152012
0.282993
0.906083
1.03877
0.180758
0.68047
0.269623
0.106342
0.319628
2.11177
1.17589
1.53201
14.4552
0.459354
0.834504
0.545719
2.46084
0.289635
0.269809
13.1306
0.164963
7.03649
0.202033
4.2513
0.406885
0.690784
0.107352
0.183974
0.463049
0.140783
0.257541
0.830428
0.22712
3.05565
2.02379
0.519088
10.4414
1.65691
0.791493
0.328822
0.293369
2.37009
0.505624
0.134575
0.446243
0.478044
0.262011
3.46658
0.511211
0.422488
0.152234
0.21526
0.671481
0.204806
0.122225
0.107175
0.190941
2.66176
3.16765
5.22626
1.08081
2.82487
0.101194
0.229821
0.588151
1.12179
0.859217
0.378471
0.621407
0.240479
0.459763
0.132622
6.71699
0.176019
0.244062
0.100557
0.946144
0.155955
0.249042
0.27157
4.52976
0.721947
0.769043
0.884355
0.320717
3.66553
0.948989
1.23387
0.1821
0.529421
0.665078
0.387173
0.261403
2.85498
0.135817
0.544913
0.160386
0.746005
0.238239
0.40782
0.42203
2.51195
0.133622
0.202333
1.77
0.300993
0.108362
0.486687
1.05991
2.06852
1.05423
0.190362
0.293224
5.98334
1.56478
0.201013
0.284951
0.167394
4.3849
0.187913
0.53706
0.393004
0.304814
0.288883
0.875725
1.89142
0.544933
2.81767
0.160527
0.147549
1.30129
2.58873
0.186448
0.20151
0.934628
4.97875
1.36703
0.912472
0.123548
3.84805
1.36612
0.374563
1.3572
0.334751
0.307577
0.767746
6.34523
0.941532
0.921059
0.207278
0.715122
2.09634
0.610645
3.48965
0.27171
0.15621
0.283376
7.18978
4.2979
18.2804
2.10065
0.182313
0.133524
0.249923
0.656829
0.129794
0.110896
0.344947
1.05772
4.66903
10.035
1.6957
1.30084
0.141889
0.268216
0.244783
1.94015
0.327969
0.553682
0.143214
0.601332
15.0996
0.38942
0.164212
0.490292
0.234715
0.134741
0.113272
0.430396
0.492847
0.109104
0.53232
1.64239
0.889582
3.12247
0.362294
0.114542
0.125637
0.209345
0.153712
0.250249
0.982388
0.102938
0.613267
3.87979
0.521762
27.4943
0.78083
2.46659
0.19869
0.165215
0.364147
0.239592
0.409303
0.305272
4.49607
2.4068
3.07836
17.5882
0.256495
0.181541
0.239841
1.36629
0.216928
0.866995
1.91171
1.70683
3.50115
0.124849
0.345392
0.683183
0.562422
0.398314
0.168323
0.518287
0.127928
0.159587
0.424565
0.424542
0.450241
3.20884
0.321575
0.342606
13.9505
0.923447
8.71036
1.24489
0.107912
0.604994
0.265944
0.916225
0.108896
0.194967
2.55728
0.32948
0.540773
0.108335
1.27048
0.477394
0.599138
3.52718
0.151683
13.5491
2.31956
0.180834
0.116145
0.264032
3.38811
1.16789
3.24759
0.116148
1.79878
0.375338
0.214277
1.14752
0.105111
0.502456
0.222469
0.338511
1.3506
14.6048
0.258237
0.931489
3.07161
1.0095
0.202658
0.102437
0.237357
0.18904
0.260539
0.141421
1.70998
0.209514
0.857179
0.418429
0.484497
0.773001
0.255459
1.22688
2.25366
0.775806
0.176072
20.0597
0.856559
2.3137
0.116538
0.117543
0.362549
2.46052
0.49721
0.248333
0.168102
1.41594
0.147322
14.9035
2.93945
0.121479
0.893733
0.16259
0.39788
0.114976
0.251802
0.783116
0.252176
0.544838
0.749704
0.236931
19.7778
2.59476
0.279254
0.106163
2.12858
0.144932
0.47149
0.222073
2.0137
0.117464
0.51077
1.09094
0.286667
1.36868
0.112775
0.203757
1.83786
0.42482
0.683548
0.20617
0.133417
0.843355
2.12597
0.986294
2.87313
7.21893
1.03696
0.330685
1.35797
0.273116
0.310224
0.353334
0.612267
0.146017
0.133209
0.105091
1.88246
3.5819
1.29781
0.269994
2.07746
2.87818
0.2101
0.683247
0.602792
0.246287
0.962711
0.155326
0.264755
1.50434
0.292655
0.428442
0.310057
0.294833
1.47931
5.8023
0.489427
0.944835
0.263663
0.124867
0.145677
0.363357
0.125191
0.221304
2.66656
5.41183
0.515688
0.370729
0.147972
1.68546
0.11079
0.202314
0.202543
0.181905
0.247179
0.745162
3.77558
0.136742
3.33317
1.87838
2.15491
0.112659
0.443444
0.820554
1.07494
0.258712
0.482407
0.28617
0.273022
0.841162
0.196212
1.96299
0.449102
0.192832
0.983677
0.133697
1.27723
2.03629
0.602279
2.32941
0.187227
0.208741
1.46904
2.13574
0.634576
0.172538
0.306686
5.88372
1.54494
0.258049
1.59722
0.252635
0.151697
0.934291
0.135512
1.16708
1.00711
0.152953
0.216736
0.205468
0.126939
0.390014
0.682359
0.22575
0.209416
1.82579
0.546337
0.966659
0.349642
5.57895
0.414252
0.721912
0.137737
2.17542
0.190861
1.09984
0.209779
0.126297
0.954032
3.20302
2.77418
1.73958
0.148273
0.705518
0.268311
0.820448
0.200129
0.894145
3.73156
0.56437
0.6713
20.0665
7.08921
1.45822
0.410857
0.304311
0.860325
1.0385
5.01573
5.42343
0.440084
0.156011
0.179441
0.144017
2.15186
0.154178
0.155659
0.213709
1.39809
0.35565
4.18188
0.131183
0.204517
4.31645
0.295476
0.123656
0.246217
2.16882
0.308468
0.177488
0.371851
0.12814
0.182744
1.29844
0.726318
0.114016
0.129082
0.190976
1.56401
0.354387
0.752976
1.18439
0.1225
5.53096
0.154798
2.41731
0.346866
0.10726
0.117026
0.421649
0.145925
0.102164
0.188492
0.387872
0.580102
0.181789
0.968279
0.91984
0.763531
0.170506
7.43156
0.344302
1.05571
3.4283
0.130566
1.28885
0.133616
6.23519
1.20993
0.505366
0.185514
0.210406
5.07757
0.486373
0.115277
0.605311
0.238627
4.66223
2.29982
0.165209
0.109452
0.428371
2.02326
0.288309
0.782931
13.1595
2.32063
0.230873
0.319034
0.302562
0.127434
0.181175
0.102946
0.58464
0.256183
1.54572
0.786041
0.314329
0.325642
0.44762
15.6306
3.85842
0.103969
1.18172
2.62105
1.42508
0.511235
0.35573
1.1856
21.0873
0.390427
0.204996
0.266982
0.142861
0.151081
0.758067
0.10345
0.254405
0.262885
8.15697
0.387391
0.593748
0.175969
0.310238
0.177054
0.326338
0.123787
0.104972
0.646048
0.102312
0.287325
0.905298
0.224332
0.205668
0.242694
0.836556
0.130143
7.15628
0.219091
0.690053
0.133374
1.34296
0.384405
4.42987
5.0285
2.10614
0.203781
0.323016
0.881425
0.161468
0.105102
5.43873
1.67093
2.6186
2.1302
0.796974
0.106111
0.102238
1.29158
0.667931
0.740372
0.196284
0.593105
0.111351
0.252767
0.130008
0.175403
0.10551
0.181215
1.63237
0.45867
0.854245
0.330894
0.205052
0.155294
2.07703
0.243268
0.357429
0.193735
2.09809
0.750044
0.412157
0.417389
0.467744
0.667286
0.730769
0.184238
0.339396
2.76815
1.99553
16.6585
0.403317
0.168596
0.486889
0.18049
1.69346
0.79345
0.25349
0.288092
0.74945
0.140237
0.676115
0.217135
1.2888
1.25874
1.6278
3.18258
0.57393
0.778037
0.105149
0.144352
1.73483
2.7286
6.92273
0.114495
1.03291
0.13301
0.832869
0.239415
0.273254
0.353925
6.93335
0.134659
0.108374
0.556617
0.216458
0.151946
0.100404
0.129404
0.131536
0.205918
0.616403
0.105665
0.250576
0.327083
1.03714
0.396741
2.7509
0.475752
7.73999
0.221157
0.127779
1.10488
1.26288
2.33447
0.125151
0.106161
0.865179
0.477124
1.22128
1.41989
0.182041
2.67612
0.403501
0.521354
0.527003
7.2687
1.15481
13.9358
0.227301
0.202316
0.196035
1.33408
0.414237
1.92862
0.232964
0.177142
8.20177
0.429091
0.274
3.23939
12.8112
1.91698
1.21553
0.614302
2.49375
4.89253
3.41576
0.183261
5.47278
0.890617
0.403662
0.478834
0.22002
0.129914
0.299713
0.257902
9.42973
0.644177
0.187879
0.738599
0.158394
0.187918
0.295478
0.902619
5.18443
0.148201
0.224175
0.616588
0.55163
0.236543
4.54364
0.174389
0.626174
0.316962
0.141532
0.206289
0.843941
0.646542
0.244569
0.169084
2.8768
0.125952
1.83082
0.780552
3.87299
0.160962
0.138533
0.286208
0.112218
0.897518
0.702837
0.33452
2.09811
0.52354
3.27043
0.301369
0.177412
0.491267
3.42439
6.87235
0.166392
0.635327
0.439859
1.18551
0.58396
0.849662
1.13035
0.943484
0.162713
0.245521
0.210474
0.104501
0.108339
8.71236
0.779197
0.394469
0.139508
0.227867
0.118807
29.9385
0.326268
3.31592
2.35033
0.574887
2.03526
0.936378
0.300111
0.324507
2.82811
0.107133
0.165231
0.315353
0.109803
10.9676
0.189707
0.980366
1.5088
1.09048
10.7724
0.248486
1.83465
4.81433
0.379121
0.926732
0.196249
0.540325
4.04101
0.349949
0.162843
0.47969
1.55281
0.583567
0.344649
10.9735
0.106416
2.07906
0.130835
0.389434
1.06772
0.162203
0.165725
5.61473
0.198939
0.164881
0.413148
3.98645
7.31338
1.17684
0.221655
0.262183
0.344217
0.733906
0.516051
1.10389
0.151658
2.75513
0.103089
0.42245
1.05163
0.637676
0.225579
0.646073
1.71262
0.220268
0.797315
0.26583
0.170073
0.13939
0.146765
1.29659
1.00832
1.30559
0.778475
0.195855
0.77264
0.97995
3.60023
0.438855
0.227474
0.109229
0.11317
0.247669
0.116572
2.01329
0.102074
2.83568
0.373128
0.241832
0.394475
0.249063
6.50129
0.11132
0.108138
0.778098
0.788346
0.201471
0.444828
0.160357
0.514546
1.42571
2.15591
2.00057
6.27785
0.325186
0.166813
0.105018
0.439394
0.541851
0.10412
0.393418
1.65
0.217076
0.343643
0.346017
0.85518
0.412127
2.36739
0.649087
0.157724
1.98351
0.124979
0.320736
1.45219
2.31806
1.22406
0.247884
0.958239
0.813598
0.670561
0.40206
0.241694
3.00024
0.145417
0.583876
1.16831
0.31837
0.878015
1.77271
0.188771
0.852169
0.234604
0.115935
0.601576
1.61706
3.47779
0.379917
7.86667
0.101993
0.564659
0.265246
0.163655
11.2407
0.446804
0.213774
1.44194
2.71222
0.523577
1.34617
0.297407
0.230135
1.70848
0.228203
0.612609
0.130959
0.208654
0.223979
0.801773
2.43089
1.53128
0.676412
0.191662
0.468939
0.307407
3.37275
1.49724
0.626623
0.159623
3.86667
13.0208
0.530367
0.229335
0.568076
4.83307
0.766351
1.06786
0.371387
0.453837
0.193347
0.48163
0.71512
0.430094
0.622973
0.195549
0.232341
0.952125
0.829068
0.131538
0.20225
0.364583
0.626815
6.491
2.57019
0.477778
0.163727
0.842921
4.63329
0.18071
2.39395
0.138588
0.255481
0.405228
0.15104
0.202593
0.562943
1.2511
0.335878
0.906038
0.27762
1.84753
1.4035
21.4277
1.69193
0.221952
0.504457
1.35048
18.0456
2.6393
3.41954
0.191784
0.116049
6.16516
3.43171
0.329481
0.278061
0.137867
0.12173
12.5791
0.246548
0.111906
2.3899
0.681322
1.17964
1.16093
0.262946
4.93847
1.51316
1.94499
0.160127
0.321752
3.89328
2.63608
0.16369
0.139864
2.05066
4.98156
0.474437
0.206411
0.270233
2.46358
0.455504
0.787372
0.782898
1.08561
0.559144
0.690236
0.289705
0.993071
0.245631
0.141706
1.24574
0.399088
0.148906
2.47371
0.511884
1.18058
0.114358
0.119089
1.56045
0.552942
1.24572
1.68627
0.444945
0.334564
10.7693
0.253326
2.68464
0.265538
0.118239
3.9818
0.215725
1.16031
2.44368
0.164287
0.603525
0.777352
0.152156
0.517143
2.40935
2.367
8.64053
0.165099
0.228149
0.332279
0.218055
0.562735
1.9318
0.257556
0.483081
8.00553
0.122874
0.265145
0.420242
0.493527
1.55242
1.75892
0.205976
0.460146
2.60053
1.14094
0.689666
0.109513
0.126473
2.29715
0.103333
0.188178
0.184168
0.102202
0.20349
0.144065
0.151091
2.03991
1.78625
1.01106
0.162116
0.223184
0.127694
0.328401
1.12535
1.2471
0.492615
0.867102
0.224608
0.26077
0.102076
0.631929
0.191563
0.307346
11.0881
0.284254
0.290169
4.41568
0.202561
0.141395
0.100551
0.155274
0.163882
0.131769
0.334073
0.205903
0.13653
0.307409
3.41774
0.312362
4.50324
