-0.977241
-0.973589
-0.979007
-0.948478
-0.966168
-0.975719
-0.921655
-0.988519
-0.992996
-0.998685
-0.875993
-0.967353
-0.871079
-0.942723
-0.913801
-0.993493
-0.994762
-0.994666
-0.969692
-0.99333
-0.826202
-0.846783
-0.951408
-0.99312
-0.924963
-0.999243
-0.95381
-0.622926
-0.719613
-0.948484
-0.929631
-0.98634
-0.96097
-0.959119
-0.976116
-0.996544
-0.970936
-0.971582
-0.930078
-0.918732
-0.929078
-0.473239
-0.962843
-0.928512
-0.981125
-0.969452
-0.980326
-0.199119
-0.679082
-0.931525
-0.735973
-0.864952
-0.993987
-0.92739
-0.961393
-0.925731
-0.968801
-0.95048
-0.987281
-0.659432
-0.946326
-0.915033
-0.969275
-0.981389
-0.467614
-0.919068
-0.973905
-0.896191
-0.824359
-0.94966
-0.515049
-0.952923
-0.988014
-0.76729
-0.859856
-0.7614
-0.80731
-0.98727
-0.97565
-0.998112
-0.999227
-0.915333
-0.968585
-0.983676
-0.99287
-0.992958
-0.983186
-0.90911
-0.906412
-0.99474
-0.975962
-0.694394
-0.993982
-0.593314
-0.958627
-0.992774
-0.992802
-0.93906
-0.901304
-0.974674
-0.944603
-0.99653
-0.94447
-0.965427
-0.890198
-0.990834
-0.997022
-0.994889
-0.855917
-0.970284
-0.960355
-0.966254
-0.862264
-0.829589
-0.918921
-0.951902
-0.921182
-0.955737
-0.999924
-0.999813
-0.993254
-0.896446
-0.943592
-0.995495
-0.907752
-0.767796
-0.977866
-0.637511
-0.995769
-0.640284
-0.986027
-0.914679
-0.997906
-0.926545
-0.981043
-0.975202
-0.683681
-0.75505
-0.984335
-0.968335
-0.987687
-0.993426
-0.982647
-0.995354
-0.909748
-0.540278
-0.999211
-0.965652
-0.419997
-0.818287
-0.988299
-0.990429
-0.862333
-0.922003
-0.778937
-0.948222
-0.366386
-0.920795
-0.949305
-0.998347
-0.926994
-0.986348
-0.727745
-0.98114
-0.980313
-0.974656
-0.974225
-0.981794
-0.993388
-0.926983
-0.831515
-0.72529
-0.538999
-0.96998
-0.942769
-0.993182
-0.639062
-0.957447
-0.971628
-0.88883
-0.620711
-0.815211
-0.932845
-0.991906
-0.978542
-0.955485
-0.99517
-0.543903
-0.893663
-0.948864
-0.925581
-0.973704
-0.999505
-0.99626
-0.98461
-0.930513
-0.966333
-0.85891
-0.978607
-0.415643
-0.942146
-0.978208
-0.946239
-0.930824
-0.929569
-0.787269
-0.911881
-0.798668
-0.952913
-0.980096
-0.856638
-0.974528
-0.987163
-0.977461
-0.982576
-0.886012
-0.954844
-0.986741
0.866855
-0.983512
-0.895918
-0.946615
-0.811217
-0.963467
-0.999692
-0.790063
-0.905505
-0.991259
-0.97696
-0.717999
-0.955317
-0.99044
-0.950016
-0.999544
-0.950954
-0.933526
-0.995868
-0.999397
-0.959362
-0.975283
-0.945555
-0.977644
-0.959762
-0.943798
-0.891926
-0.888263
-0.924558
0.241995
-0.964983
-0.999496
-0.911102
-0.878149
-0.836789
-0.791804
-0.972956
-0.993941
-0.999379
-0.842362
-0.990866
-0.998219
-0.86536
-0.983543
-0.985676
-0.723746
-0.958202
-0.968188
-0.991063
-0.950726
-0.99241
-0.995217
-0.995945
-0.968031
-0.905885
-0.951953
-0.598839
-0.979561
-0.99868
-0.998841
-0.909075
-0.823645
-0.652156
-0.483061
-0.992506
-0.98166
-0.901965
-0.993231
-0.637914
-0.998371
-0.944835
-0.86326
-0.995854
-0.990108
-0.970742
-0.998982
-0.589201
-0.70331
-0.977337
-0.953285
-0.963044
-0.966724
-0.184102
-0.973372
-0.881862
-0.981703
-0.998517
-0.992944
-0.665168
-0.9114
-0.946127
-0.945441
-0.992074
-0.827804
-0.961767
-0.961674
-0.817646
-0.969298
-0.536242
-0.830608
-0.910196
-0.950629
-0.956706
0.02084
-0.97408
-0.916993
-0.883858
-0.829099
-0.990463
-0.972413
-0.961262
-0.996196
-0.651726
-0.912995
-0.625168
-0.378747
-0.988091
-0.965303
-0.977083
-0.917713
-0.977625
-0.706454
-0.939806
-0.949204
-0.950127
-0.980932
-0.976157
-0.974664
-0.967908
-0.0520158
-0.970705
-0.870245
-0.996882
-0.963713
-0.848349
-0.862412
-0.995843
-0.390649
-0.98681
-0.7311
-0.855281
-0.779701
-0.996105
-0.992032
-0.839524
-0.912959
-0.960736
-0.893861
-0.985743
-0.96964
-0.99546
-0.927726
-0.808543
-0.965921
-0.973518
-0.989394
-0.98117
-0.999506
-0.950628
-0.903928
-0.667234
-0.866396
-0.932103
-0.924375
-0.99649
-0.982233
-0.988336
-0.944355
-0.974626
-0.968538
-0.985052
-0.986625
-0.875166
-0.971538
-0.995467
-0.998454
-0.958696
-0.988139
-0.988722
-0.865692
-0.835247
-0.949898
-0.954473
-0.97441
-0.996632
-0.997055
-0.725894
-0.980964
-0.604373
-0.614174
-0.714354
-0.909791
-0.915074
-0.975113
-0.743507
-0.920867
0.00948509
-0.997772
-0.998074
-0.961624
-0.947465
-0.992356
-0.928854
-0.951703
-0.922153
-0.875599
-0.839768
-0.97011
-0.891366
-0.951706
-0.932019
-0.981878
-0.997513
-0.938391
-0.772481
-0.959234
-0.988921
-0.979109
-0.835055
-0.980212
-0.979331
-0.996773
-0.365087
-0.940843
-0.874576
-0.996369
-0.557164
-0.977116
-0.983262
-0.910709
-0.972846
-0.824649
-0.962889
-0.856918
-0.952281
-0.933412
-0.962036
-0.981452
-0.983658
-0.785952
-0.975602
-0.955243
-0.957744
-0.862178
-0.98982
-0.932237
-0.880716
-0.715671
-0.836941
-0.974706
-0.979845
-0.891414
-0.91227
-0.724208
-0.681123
-0.989001
-0.960936
-0.973352
-0.932226
-0.875377
-0.792844
-0.96005
-0.377998
-0.547827
-0.989729
-0.937933
-0.966108
-0.980502
-0.989176
-0.971694
-0.882792
-0.994169
-0.970075
-0.964909
-0.992251
-0.954769
-0.955369
0.420722
-0.965796
-0.698321
-0.992101
-0.974943
-0.236328
-0.818286
-0.9525
-0.965323
-0.986623
-0.916279
-0.992016
-0.877798
-0.997844
-0.992801
-0.980801
-0.985295
-0.999906
-0.96713
-0.98795
-0.910465
-0.824344
-0.967953
-0.972365
-0.978244
-0.931522
-0.832446
-0.985199
-0.868821
-0.970755
-0.563437
-0.516226
-0.97063
-0.98337
-0.937867
-0.905531
-0.935136
-0.86711
-0.996077
-0.993576
-0.990964
-0.803768
-0.860927
-0.877613
-0.634484
-0.974812
-0.985053
-0.72319
-0.940987
-0.982206
-0.994278
-0.803738
-0.825652
-0.997702
-0.978299
-0.877441
-0.825454
-0.92332
-0.975748
-0.9958
-0.847799
-0.987501
-0.99405
-0.97409
-0.95877
-0.998692
-0.81061
-0.961901
-0.944288
-0.856766
-0.996941
-0.836149
-0.734705
-0.749122
-0.950499
-0.893397
-0.990385
-0.902326
-0.943172
-0.965987
-0.966952
-0.361154
-0.955897
-0.915559
-0.993486
-0.981713
-0.828223
-0.938061
-0.736067
-0.988682
-0.975153
-0.948002
-0.771387
-0.939354
-0.98502
-0.957387
-0.92726
-0.904743
0.119873
-0.980796
-0.9447
-0.85154
-0.889586
-0.926478
-0.446979
-0.936695
-0.770029
-0.974791
-0.992047
-0.819296
-0.926703
-0.998576
-0.948037
-0.850371
-0.99009
-0.71023
-0.752941
-0.986
-0.998758
-0.934772
-0.982898
-0.875959
-0.978151
-0.880301
-0.998344
-0.90617
-0.999827
-0.99878
-0.968309
-0.820899
-0.962668
-0.986636
-0.936242
-0.922376
-0.978763
-0.960699
-0.983697
-0.987822
-0.936287
-0.995327
-0.836688
-0.999299
-0.997866
0.242672
-0.780888
-0.949928
-0.917748
-0.645406
-0.967215
-0.935662
-0.982214
-0.98895
-0.999046
-0.91653
-0.967071
-0.859702
-0.570765
-0.855342
-0.803394
-0.93853
-0.979417
-0.863985
-0.952827
-0.983313
-0.979328
-0.863247
-0.946622
-0.967529
-0.0659813
-0.996951
-0.950069
-0.566145
-0.759679
-0.988661
-0.959793
-0.997959
-0.911678
-0.977908
-0.979217
-0.862535
-0.968716
-0.888989
-0.857736
-0.992435
-0.800756
-0.165119
-0.631199
-0.953428
-0.996596
-0.888765
-0.945063
-0.985684
-0.999566
-0.969262
-0.986411
-0.983532
-0.993095
-0.931519
-0.946571
-0.414025
-0.983147
-0.926351
-0.938211
-0.97151
-0.0215365
-0.953288
-0.83007
-0.973582
-0.841159
-0.938281
-0.992088
-0.952565
-0.955747
-0.982557
-0.981968
-0.982015
-0.867296
-0.974544
-0.436154
-0.937125
-0.990096
-0.991355
-0.926628
-0.955553
-0.665547
-0.95725
-0.832542
-0.99101
-0.986372
-0.996549
-0.99525
0.712848
-0.938367
-0.999882
-0.977884
-0.984207
-0.97229
-0.875498
-0.996481
-0.958789
-0.785756
-0.885945
-0.970158
-0.983365
-0.93123
-0.840946
-0.916373
-0.816476
-0.91412
-0.958491
-0.980243
-0.992599
-0.991099
-0.717828
-0.939399
-0.962645
-0.213056
-0.887002
-0.982701
-0.968903
-0.985602
-0.909394
-0.891731
-0.915497
-0.994262
-0.976915
-0.977269
-0.920927
-0.98912
-0.938917
-0.977844
-0.953394
-0.938659
-0.996903
-0.946224
-0.953073
-0.978675
-0.988946
-0.721917
-0.970083
-0.964456
-0.9809
0.526015
-0.954829
-0.919735
-0.990382
-0.995584
-0.141184
-0.945764
-0.242458
-0.963661
-0.978982
-0.924262
-0.880752
-0.985608
-0.932837
-0.999921
-0.931099
-0.934975
-0.970301
-0.97231
-0.955595
-0.750916
-0.930331
-0.556278
-0.95061
-0.927469
-0.938123
-0.992815
-0.996652
-0.979052
-0.52426
-0.988641
-0.554323
-0.99207
-0.99665
-0.981135
-0.975682
-0.918696
-0.467317
-0.635063
-0.730237
-0.952689
-0.988259
-0.972895
-0.996127
-0.997379
-0.958952
-0.990013
-0.999479
-0.917545
-0.982427
-0.970479
-0.83927
-0.998789
-0.984501
-0.983802
-0.981509
-0.899737
-0.98246
-0.831488
-0.929786
0.0888673
-0.910938
-0.70883
0.377961
-0.992576
-0.941675
-0.983059
-0.997013
-0.745999
-0.844575
-0.943929
-0.792608
-0.96304
-0.74755
-0.676851
-0.422129
-0.952477
-0.909982
-0.942707
-0.926589
-0.857936
-0.736823
-0.979012
-0.983695
-0.986924
-0.494401
-0.755599
-0.907604
-0.996185
-0.985057
-0.992055
-0.990871
-0.883287
-0.911454
-0.931034
-0.975395
-0.916553
-0.922823
-0.957123
-0.989458
0.609784
-0.958672
-0.972728
-0.894824
-0.974391
-0.997372
-0.970489
-0.851452
-0.55133
0.776375
-0.988215
-0.995818
-0.780878
-0.924779
-0.956863
-0.978567
-0.968733
-0.993086
-0.989796
-0.986037
-0.999428
-0.862622
-0.956381
-0.988024
-0.98147
-0.910333
-0.888763
-0.991805
-0.946443
-0.986155
-0.978235
-0.439928
-0.955267
-0.944468
-0.963049
-0.327945
-0.796692
-0.793851
-0.707743
-0.999637
-0.973777
-0.981089
-0.71923
-0.996169
-0.766735
-0.909312
-0.975488
-0.977257
-0.981027
-0.975751
-0.988235
-0.903661
-0.875007
-0.962553
-0.966151
-0.977369
-0.811889
-0.976687
-0.693424
-0.929255
-0.973826
-0.616528
-0.711538
-0.984704
-0.976721
-0.586378
-0.965184
-0.940738
-0.352027
-0.974198
-0.944525
-0.960263
-0.969738
-0.851231
-0.908354
-0.999777
-0.967107
-0.947776
-0.87014
-0.927188
-0.954151
-0.950756
-0.961352
-0.460874
-0.924981
-0.744733
-0.993278
-0.934898
-0.877549
-0.979646
-0.989573
-0.964922
-0.972396
-0.985012
-0.976989
-0.951182
-0.884368
-0.979884
-0.995403
-0.9686
-0.727139
0.114737
-0.99414
-0.87257
-0.983846
-0.986228
-0.864359
-0.970046
-0.903156
-0.625444
-0.884361
-0.819561
-0.704635
-0.914149
-0.989028
-0.997555
-0.991555
-0.936664
-0.969955
-0.9703
-0.859062
-0.912548
-0.863179
-0.975123
-0.937048
-0.995507
-0.811148
-0.917489
-0.742999
-0.888354
-0.985738
-0.96567
-0.941115
-0.848471
-0.980673
-0.992552
-0.915226
-0.916841
-0.978466
-0.865583
-0.987835
-0.96312
-0.986145
-0.969738
-0.539441
-0.931254
-0.951573
-0.92348
-0.992078
-0.981303
-0.969706
-0.959547
-0.998318
-0.9397
-0.954593
-0.841962
-0.908901
-0.739115
-0.731812
-0.950691
-0.987176
-0.865123
-0.988022
-0.874937
-0.995634
-0.997678
-0.98947
-0.887902
-0.822426
-0.990234
-0.956748
-0.967944
-0.950319
-0.502875
-0.797582
-0.940025
-0.0699769
-0.878135
-0.838199
-0.978275
-0.953965
-0.979516
-0.987939
-0.985375
-0.942478
-0.916072
-0.989156
-0.881184
-0.987279
-0.995234
-0.574445
-0.989097
-0.981132
-0.98682
-0.972452
-0.851973
-0.621903
-0.992424
-0.881149
-0.890834
-0.983864
-0.998061
-0.915632
-0.867274
-0.679645
-0.593625
-0.957032
-0.786739
-0.435946
-0.886884
-0.954091
-0.979673
-0.582901
-0.541616
-0.836367
-0.989402
-0.803613
-0.941026
-0.969814
-0.0418114
-0.439576
-0.953172
-0.943116
-0.968798
-0.989319
-0.926541
-0.974434
-0.994804
-0.75471
-0.991837
-0.331075
-0.920421
-0.70633
-0.98509
-0.983608
-0.750135
-0.940376
-0.983723
-0.970188
-0.101742
-0.602295
-0.976674
-0.933155
-0.977134
-0.95604
-0.9863
-0.955953
-0.904492
-0.928834
-0.896841
-0.954949
-0.996352
-0.978598
-0.969871
-0.979573
-0.968469
-0.887652
-0.979589
-0.947917
-0.915878
-0.973218
-0.967713
-0.838552
-0.98259
-0.975172
-0.818303
-0.909842
-0.959004
-0.874632
-0.99176
-0.994339
-0.979709
-0.99142
-0.998411
-0.992277
-0.595692
-0.999236
-0.993005
-0.603448
-0.621788
-0.799537
-0.917758
-0.997559
-0.803022
-0.880784
-0.993029
-0.731574
-0.939431
-0.941674
-0.525333
-0.330476
-0.952705
-0.932544
-0.969332
-0.916729
-0.949891
-0.993975
-0.99211
-0.99104
-0.868665
-0.995389
-0.912027
-0.454445
-0.96135
-0.971267
-0.978081
-0.990691
-0.851344
-0.989051
-0.978264
-0.997228
-0.855144
-0.801313
-0.871889
-0.95812
-0.975592
-0.882467
-0.987434
-0.877224
-0.750737
-0.642796
-0.980087
-0.57765
-0.929805
-0.906169
-0.894635
-0.936188
-0.942766
-0.92893
-0.977877
-0.825555
-0.978474
-0.992168
-0.983341
-0.907803
-0.976127
-0.984317
-0.979162
-0.993821
-0.984823
-0.912398
-0.944685
-0.917003
-0.995289
-0.997908
-0.976372
-0.918367
0.0170067
-0.922562
-0.989874
-0.98549
-0.959566
-0.922574
-0.97088
-0.895609
-0.903298
-0.97785
-0.025918
-0.940431
-0.934391
-0.984363
-0.791545
-0.988371
-0.83838
0.0687091
-0.883245
-0.852035
-0.723012
-0.98576
-0.984298
-0.996039
-0.986263
-0.973933
-0.999691
-0.98105
-0.994724
-0.997
-0.999346
-0.983949
-0.926277
-0.720164
-0.963573
-0.974509
-0.971728
-0.995472
-0.993026
-0.880021
-0.967771
-0.839577
-0.967265
-0.985365
-0.91996
-0.964488
-0.985146
-0.883689
-0.974051
-0.995552
-0.892337
-0.915294
-0.763826
-0.869645
-0.995814
-0.989729
-0.943255
-0.892865
-0.956059
-0.961401
-0.978459
-0.43067
-0.879475
-0.991394
-0.944005
-0.896732
-0.882393
-0.996192
-0.976436
-0.731793
-0.900591
-0.961563
0.405176
-0.995204
-0.982945
-0.981968
-0.953936
-0.986138
-0.979627
-0.900905
-0.968214
-0.990847
-0.998686
-0.976157
-0.995619
-0.988479
-0.997563
-0.984641
-0.785975
-0.913088
-0.941865
-0.958704
-0.972085
-0.963141
-0.61841
-0.81135
-0.78591
-0.966996
-0.997725
-0.766456
-0.758147
-0.944654
-0.962769
-0.98941
-0.906914
-0.98462
-0.983476
-0.974401
-0.982215
-0.935261
-0.992865
-0.939121
-0.961518
-0.95055
-0.794133
-0.7841
-0.931932
-0.630686
-0.984317
-0.993123
-0.973596
-0.833503
-0.79315
-0.98557
-0.95905
-0.868148
-0.994582
-0.995157
-0.983446
-0.982898
-0.619482
-0.543845
-0.964143
-0.922266
-0.997225
-0.794532
-0.991993
-0.674636
-0.963844
-0.999126
-0.582394
-0.861021
-0.755809
-0.997054
-0.94957
-0.982324
-0.991136
-0.959893
0.613292
-0.874584
-0.935849
-0.950949
-0.965114
-0.79528
-0.815846
-0.799958
-0.979336
-0.460834
-0.885216
-0.343341
-0.975505
-0.97048
-0.361425
-0.99498
-0.98688
-0.943238
-0.948587
-0.848632
-0.996277
-0.644634
-0.830517
-0.571077
-0.994228
-0.992166
-0.988174
-0.814981
-0.984886
-0.869349
-0.838134
-0.966813
-0.972174
-0.996861
-0.986016
-0.933831
-0.977506
-0.987956
-0.930464
-0.966264
-0.963017
-0.981442
-0.933748
-0.983805
-0.992002
-0.949948
-0.895218
-0.990937
-0.981594
-0.930679
-0.786064
-0.878578
-0.933181
-0.66723
-0.974778
-0.997415
-0.994494
-0.993774
-0.991603
-0.921586
-0.935706
-0.21576
-0.946446
-0.956824
-0.993217
-0.994168
-0.995344
-0.96867
-0.985939
-0.999119
-0.992525
-0.981807
-0.989438
-0.571412
-0.951727
-0.538267
-0.989097
-0.967664
-0.969233
-0.933677
-0.998432
-0.968527
-0.70834
-0.936502
-0.933904
-0.974274
-0.931318
-0.970087
-0.974478
-0.891196
-0.891966
-0.992834
-0.975532
-0.979877
-0.995344
-0.977456
-0.836096
-0.94562
-0.972902
-0.97877
-0.958013
-0.981803
-0.976337
-0.924227
-0.865804
-0.87156
-0.0568856
-0.921215
-0.912804
-0.922434
-0.982352
-0.996547
-0.994607
-0.993934
-0.973421
-0.23457
-0.912335
0.36144
-0.832672
-0.92886
-0.995088
-0.959911
-0.971701
-0.991594
-0.911243
-0.994605
-0.928179
-0.936205
-0.856638
-0.969808
-0.934731
-0.998765
-0.994568
-0.974376
-0.985302
-0.97669
-0.981334
-0.991796
-0.964848
-0.987598
-0.870513
-0.930556
-0.980446
-0.987367
-0.999314
-0.966931
-0.974002
-0.970874
-0.999144
-0.800035
-0.531586
-0.270742
-0.991562
-0.954259
-0.982332
-0.992499
-0.914074
-0.9649
-0.979546
-0.996461
-0.968625
-0.983961
-0.922607
-0.917163
-0.794217
-0.949751
-0.952893
-0.960433
-0.832866
-0.949402
-0.981043
-0.987603
-0.909877
-0.3412
-0.716277
-0.862106
-0.931482
-0.917371
-0.864537
-0.683344
-0.973101
-0.893656
-0.795947
-0.988638
-0.995866
-0.992511
-0.968552
-0.987813
-0.969874
-0.949308
-0.958863
-0.99254
-0.993744
-0.991886
-0.999399
-0.855992
-0.880963
-0.995613
-0.99005
-0.977545
-0.996536
-0.892532
-0.92973
-0.999798
-0.997881
-0.974295
-0.838874
-0.715918
-0.976728
-0.771923
-0.961348
-0.634221
-0.971137
-0.978025
-0.975631
-0.951695
0.367613
-0.996011
-0.97283
-0.86408
-0.873167
-0.985437
-0.852624
-0.98957
-0.97458
-0.946774
-0.990612
-0.929973
-0.986784
0.253391
-0.854934
-0.894967
-0.952115
-0.97176
-0.975293
-0.995877
-0.980318
-0.955555
-0.99881
-0.985819
-0.992503
-0.831669
-0.87368
-0.604132
-0.966408
-0.945833
-0.977727
-0.994404
-0.897048
-0.950161
-0.932294
-0.935881
-0.750012
-0.993048
-0.991561
-0.883838
-0.980328
-0.988367
-0.992823
-0.952342
-0.990476
-0.605552
-0.954667
-0.978893
-0.468455
-0.970826
-0.995
-0.296375
-0.997625
-0.820918
-0.878401
-0.897463
-0.674942
-0.972831
-0.980447
-0.997883
-0.983683
-0.966586
-0.966952
-0.687483
-0.837717
-0.971312
-0.955319
-0.991516
-0.931492
-0.982815
-0.581517
-0.767312
-0.962594
-0.973259
-0.973133
-0.83129
-0.94224
-0.994987
-0.876548
-0.980619
-0.989094
-0.952976
-0.990503
-0.891029
-0.838136
-0.881191
-0.908699
-0.980684
-0.931808
-0.989613
-0.961947
-0.93702
-0.950325
0.268101
-0.936868
-0.965034
-0.981701
-0.9942
-0.976738
-0.98719
-0.92623
-0.626745
-0.999247
-0.945084
-0.936451
-0.95668
-0.902867
-0.983024
-0.977269
-0.977663
-0.994061
-0.907794
-0.651432
-0.994056
-0.19468
-0.901747
-0.963392
-0.892907
-0.956051
-0.992709
0.642095
-0.980868
-0.997524
-0.588336
-0.935743
-0.947783
-0.979888
-0.995959
-0.992946
-0.92884
-0.969147
-0.989791
-0.943979
-0.997827
-0.990749
-0.88497
-0.965443
-0.82863
-0.961612
-0.998339
-0.871121
-0.995262
-0.986376
-0.949769
-0.972211
-0.984951
-0.989675
-0.873317
-0.987563
-0.960299
-0.971627
-0.0896347
-0.990938
-0.965
-0.969193
-0.973058
-0.984401
-0.981805
-0.963808
-0.968806
-0.939128
-0.99873
-0.912541
-0.98833
-0.955367
0.471809
-0.995156
-0.978909
-0.982342
-0.299856
-0.803922
-0.825911
-0.972993
-0.940945
-0.804282
-0.967922
-0.942259
-0.995548
-0.998153
-0.997047
-0.953846
0.804231
-0.925884
-0.803951
-0.886005
-0.982893
-0.996047
-0.952301
-0.285151
-0.999939
-0.847819
-0.899517
-0.990837
-0.994429
-0.985756
-0.978019
-0.999232
-0.989028
-0.915422
-0.966775
-0.672585
-0.908675
-0.923271
-0.98117
-0.28964
-0.954771
-0.999728
-0.992921
-0.965789
-0.87356
-0.748981
-0.991414
-0.903886
-0.997926
-0.60472
-0.858222
0.0105668
-0.999108
-0.998878
-0.369587
-0.974429
-0.959338
-0.976306
-0.89204
-0.960409
-0.969736
-0.962978
-0.98489
-0.984577
-0.980025
-0.986827
-0.960638
-0.981544
-0.812791
-0.748488
-0.914477
-0.967226
-0.970035
-0.971743
-0.916307
-0.938731
-0.9083
-0.996414
-0.999883
-0.999773
-0.912066
-0.179261
-0.805914
-0.945128
-0.941722
-0.993817
-0.964959
-0.951951
-0.996489
-0.947932
-0.977575
0.739888
-0.772287
-0.99072
-0.92574
-0.88916
-0.989549
-0.87831
-0.920714
-0.938724
-0.964952
-0.974892
-0.992966
-0.934038
-0.977002
-0.988264
-0.875224
-0.954308
-0.931492
-0.962118
-0.980797
-0.978617
-0.820787
-0.969495
-0.945013
-0.965009
-0.975382
-0.98935
-0.91764
-0.924457
-0.707849
-0.963379
-0.986006
-0.996935
-0.993562
-0.930424
-0.976096
-0.970935
-0.927792
-0.922142
-0.977119
-0.957451
-0.995946
-0.951092
-0.924585
-0.990672
-0.972811
-0.982557
-0.970714
-0.827264
-0.974207
-0.00718674
-0.968881
-0.965573
-0.843797
-0.792269
-0.940245
-0.768161
-0.922242
-0.979341
-0.983295
-0.951187
-0.947736
-0.884462
-0.962303
-0.988807
-0.998473
-0.748093
-0.924947
-0.850378
-0.799093
-0.981344
-0.983056
-0.942301
-0.982561
-0.982659
-0.841487
-0.992966
-0.963082
-0.981987
-0.717345
-0.884445
-0.987324
-0.858783
-0.990087
-0.843684
-0.997978
-0.934548
-0.948239
-0.98744
-0.982936
-0.993196
-0.998745
-0.288541
-0.976869
-0.998036
0.0483976
-0.821321
-0.933666
-0.980712
-0.966241
-0.998862
-0.699654
-0.608846
-0.994121
-0.917886
-0.992608
-0.994792
-0.744673
-0.931732
-0.992717
-0.984981
-0.908026
-0.983159
-0.986465
-0.974542
-0.5998
-0.965663
-0.979054
-0.975586
-0.984216
-0.928561
-0.944061
-0.637484
-0.995033
-0.919294
-0.828228
-0.967001
-0.901207
-0.897711
-0.879102
-0.971473
-0.984047
-0.723842
-0.968914
-0.991014
-0.687954
-0.977899
-0.973893
-0.594276
-0.708563
-0.995693
-0.960389
-0.968591
-0.993283
-0.984382
-0.991506
-0.93318
-0.945918
-0.93815
-0.947852
-0.913584
-0.98641
-0.998526
-0.929683
-0.747593
-0.986491
-0.918384
-0.991551
-0.906585
-0.990833
-0.964995
-0.947711
0.226987
-0.990056
-0.986193
-0.996362
-0.737895
0.519194
-0.974414
-0.88869
-0.735574
-0.985454
-0.806054
-0.989637
-0.998403
-0.892006
-0.916555
-0.902442
-0.907476
-0.94477
-0.996249
-0.976922
-0.918562
-0.831167
-0.794511
-0.994645
-0.977327
-0.999201
-0.913461
-0.999986
-0.996224
-0.988484
-0.951481
-0.350381
-0.757781
-0.942487
-0.992242
-0.923721
-0.818686
-0.998145
-0.957595
-0.986817
-0.991686
-0.98014
-0.99123
-0.793261
0.207336
-0.898912
-0.982245
-0.830745
-0.822931
-0.87713
-0.944933
-0.990539
-0.701577
-0.99249
-0.98639
-0.915061
-0.955891
-0.100011
-0.994362
-0.993616
-0.985045
-0.909386
-0.944849
-0.927597
-0.924278
-0.71494
-0.960825
-0.957631
-0.949346
-0.948755
-0.929628
-0.59406
-0.795818
-0.995633
-0.937661
-0.992539
-0.998665
-0.951234
-0.910126
-0.937941
-0.922695
-0.812429
-0.704755
-0.983271
-0.962039
-0.973841
-0.80413
-0.794833
-0.852556
-0.84153
-0.983066
-0.63988
-0.796542
-0.769434
-0.905655
-0.95095
-0.815001
-0.993701
-0.99323
-0.925472
-0.875697
-0.981476
-0.509391
-0.99693
-0.994165
-0.91183
-0.980335
-0.957663
-0.958252
-0.985461
-0.976707
-0.956612
-0.978148
-0.897514
-0.447318
-0.873607
-0.944306
-0.984834
-0.981405
-0.985702
-0.966965
-0.975536
-0.931758
-0.86415
-0.927449
-0.975697
-0.966384
-0.893859
-0.964611
-0.966586
-0.984279
-0.959589
-0.997296
-0.978488
-0.966727
-0.951834
-0.85788
-0.613074
-0.819827
-0.994828
-0.995052
-0.586634
-0.934995
-0.966574
-0.99762
-0.978809
-0.879709
-0.992903
-0.994918
-0.993168
-0.971451
-0.997633
-0.943836
-0.756939
-0.720375
-0.795278
-0.955055
-0.845583
-0.947576
-0.81538
-0.942984
-0.992145
-0.995524
-0.599192
-0.907408
-0.971325
-0.877383
-0.958411
-0.945118
-0.396808
-0.99559
-0.991627
-0.986428
-0.952459
-0.986431
-0.986186
-0.982093
-0.982833
-0.964527
-0.943885
-0.965389
-0.998449
-0.804067
-0.608443
-0.88027
-0.988612
-0.985987
-0.972702
-0.97669
-0.9712
-0.992649
-0.931714
-0.830645
-0.978251
-0.979854
-0.957543
-0.866769
-0.997844
-0.991749
-0.2896
-0.867318
-0.96655
-0.969557
-0.977516
-0.964439
-0.971323
-0.987853
-0.8557
-0.854173
-0.874184
-0.995837
-0.176811
-0.981723
-0.997317
-0.890997
-0.961992
-0.883503
-0.97045
-0.926883
-0.966704
-0.675865
-0.998601
-0.970125
-0.994735
-0.954111
-0.991257
-0.99171
-0.979234
0.648784
-0.936887
-0.987313
-0.993198
-0.998046
-0.835939
-0.817341
-0.998782
-0.991257
-0.90589
-0.951073
-0.659593
-0.921658
-0.906181
-0.845555
-0.865449
-0.987647
-0.89777
-0.865709
-0.9732
-0.976121
-0.980351
-0.986887
-0.997278
-0.927282
-0.777089
-0.830783
-0.998623
-0.992801
-0.906879
-0.867899
-0.833741
-0.957589
-0.913771
-0.976086
-0.850516
-0.995136
-0.868129
-0.95411
-0.988938
-0.995058
-0.993321
-0.984175
-0.881576
-0.983101
-0.959168
-0.949117
-0.998169
-0.973171
-0.97681
-0.983683
-0.854959
-0.954207
-0.964471
-0.872149
-0.934491
-0.964962
-0.997077
-0.583013
-0.998187
-0.851923
-0.497192
-0.994277
-0.869334
-0.787852
-0.968843
-0.995012
-0.989814
-0.961445
-0.724337
-0.985576
-0.982066
-0.850308
-0.969202
-0.968913
-0.762889
-0.929314
-0.540086
-0.993458
-0.8532
-0.995269
-0.955272
-0.963891
-0.997566
-0.763728
-0.821608
-0.984683
-0.954395
-0.979051
-0.992386
-0.9735
-0.974459
-0.796307
-0.985291
-0.922759
-0.975788
-0.853509
-0.927823
-0.867402
-0.992565
-0.990646
-0.445863
-0.913336
-0.974422
-0.960172
-0.769049
-0.858413
-0.749827
-0.920507
-0.938594
-0.835083
-0.999752
-0.997496
-0.999921
-0.948391
-0.998509
-0.901767
-0.844162
-0.758293
-0.998031
-0.963552
-0.610382
-0.951435
-0.857548
-0.9753
-0.968076
-0.958162
-0.978548
-0.982307
-0.994628
-0.989962
-0.953831
0.145151
-0.973499
-0.972737
-0.954589
-0.981249
-0.984551
-0.912348
-0.962201
-0.978208
-0.873693
-0.984605
-0.942584
-0.998267
-0.972604
0.201126
-0.998437
-0.998794
-0.589709
-0.972538
-0.99777
-0.996604
-0.983564
-0.970922
-0.499872
-0.951143
-0.945073
-0.964507
-0.992829
-0.989496
-0.861065
-0.666018
-0.979001
-0.9953
-0.98739
-0.895789
-0.986985
-0.98563
0.96392
-0.382583
-0.971353
-0.937254
-0.96711
-0.979374
-0.983099
-0.986502
-0.988108
-0.943897
-0.852527
-0.875879
-0.779373
-0.979487
-0.976903
-0.986655
-0.940596
-0.893218
-0.956434
0.161994
-0.902026
-0.915074
-0.997781
-0.993991
-0.995547
-0.711628
-0.967433
-0.931413
-0.975361
-0.77035
-0.739782
-0.898376
-0.330731
-0.928461
-0.977278
0.427103
-0.972145
-0.987917
-0.993239
-0.787475
-0.84582
-0.274086
-0.876492
-0.78236
-0.721101
-0.922625
-0.927481
-0.974077
-0.996512
-0.992259
-0.984643
-0.984533
-0.994144
-0.995197
-0.933716
-0.934275
-0.595032
-0.981835
-0.994215
-0.875805
-0.856006
-0.737143
-0.962818
-0.797492
-0.970554
-0.981687
-0.973527
-0.934056
0.0133779
-0.90164
-0.536126
-0.933758
-0.977781
-0.953615
-0.974976
-0.972538
-0.84762
-0.941659
-0.90589
-0.936646
-0.921906
-0.983142
-0.959894
-0.785132
-0.933654
-0.949072
-0.976646
-0.945267
-0.989393
-0.962145
-0.969841
-0.990195
-0.976393
-0.976824
-0.667058
-0.985678
-0.987242
-0.980308
-0.984723
-0.980211
-0.952705
-0.944639
-0.989625
-0.956053
-0.994718
-0.969986
-0.839755
-0.936901
-0.952102
-0.866529
-0.960096
-0.979435
-0.923705
-0.665485
-0.965541
-0.802131
-0.954346
-0.992132
-0.93982
-0.901289
-0.889031
-0.973909
-0.846671
-0.646993
-0.814966
-0.985146
-0.924447
-0.989984
-0.961815
-0.982103
-0.949547
-0.944017
-0.907773
-0.990239
-0.956948
-0.509983
-0.985378
-0.95316
-0.989953
-0.943986
-0.943718
-0.817683
-0.980356
-0.995043
-0.993012
-0.985928
-0.995621
-0.851589
-0.737231
-0.803878
-0.99034
-0.937082
-0.928034
-0.996771
-0.989904
-0.996802
-0.12976
-0.992075
-0.994275
-0.979755
-0.99096
-0.980044
-0.740529
-0.955149
-0.201186
-0.959832
-0.987818
-0.869013
-0.997719
-0.953942
-0.981011
-0.985049
-0.986178
-0.997565
-0.991239
-0.996145
-0.92733
-0.953298
-0.990756
-0.118596
-0.985831
-0.912062
-0.940873
-0.998496
-0.659443
-0.983207
-0.983221
-0.962833
-0.978796
-0.98963
-0.952936
-0.984474
-0.872814
-0.473221
-0.99737
-0.950014
-0.94698
-0.913769
-0.901738
-0.531489
-0.982522
-0.974631
-0.974959
-0.870544
-0.989748
-0.514526
-0.971711
-0.850736
-0.963849
-0.985448
-0.996657
-0.989657
-0.993376
-0.853199
-0.909255
-0.874879
-0.709144
-0.766219
0.28421
-0.570268
-0.924233
-0.941975
-0.891773
-0.946956
-0.835308
-0.244222
-0.871004
-0.960721
-0.967884
-0.998341
-0.817064
-0.955459
-0.694531
-0.941338
-0.998682
-0.998408
