-0.90538 
-0.373483 
-0.122782 
0.501048 
0.709291 
0.850152 
0.36373 
0.616169 
0.515692 
0.417694 
0.226754 
0.906521 
0.222365 
0.0525168 
0.915552 
0.565011 
0.67491 
0.65425 
0.58352 
0.481156 
0.163728 
0.52552 
0.267787 
0.46236 
0.698402 
0.655355 
0.994634 
0.958244 
0.673907 
-0.861104 
-0.657386 
-0.894055 
-0.399755 
0.0655761 
-0.224812 
0.0845029 
0.639418 
0.871196 
0.721394 
0.466395 
0.35534 
0.199915 
0.428412 
0.829293 
0.545707 
0.256887 
0.471906 
0.349404 
0.538364 
0.111993 
0.476088 
0.68285 
-0.882983 
0.769535 
0.362275 
0.341994 
0.464461 
0.547833 
0.568161 
0.16013 
0.507081 
0.584232 
0.396103 
0.508643 
0.388921 
0.937856 
-0.57388 
0.152263 
0.728195 
0.626519 
0.771179 
-0.183899 
0.762221 
-0.103469 
0.489738 
0.349807 
0.446487 
0.260517 
0.551146 
0.3919 
0.435803 
0.757848 
0.505396 
0.394618 
0.404374 
0.437836 
0.174383 
0.696709 
0.766773 
0.521268 
0.67032 
0.695288 
0.222809 
0.558563 
0.932632 
0.617071 
0.582713 
0.838869 
0.404746 
0.342343 
0.603196 
0.575018 
0.339339 
0.468311 
0.311813 
0.458239 
0.881292 
0.150723 
0.370754 
0.268043 
0.993925 
-0.751178 
0.574064 
-0.897078 
0.445246 
0.676279 
0.194079 
0.799168 
0.587619 
0.224517 
0.734238 
0.0690384 
0.562702 
0.502588 
0.0551812 
0.601355 
0.981639 
0.603267 
0.260612 
0.460838 
0.650642 
0.0752654 
0.318035 
0.451756 
0.759099 
0.635195 
0.864125 
0.663834 
0.691195 
0.552264 
0.156618 
0.591554 
0.770691 
0.196484 
-0.492117 
0.812264 
0.483605 
0.11485 
0.165319 
-0.632947 
0.811808 
0.800384 
0.567639 
0.473135 
0.386394 
0.633991 
0.201829 
-0.0655735 
0.66146 
0.782679 
-0.0574369 
0.521832 
0.288735 
0.611403 
0.533202 
0.431538 
0.398795 
0.457336 
0.633106 
0.452242 
0.538652 
0.92785 
0.572481 
0.666515 
0.708627 
0.0480438 
0.524566 
0.663131 
0.64695 
0.249353 
0.293869 
0.980724 
0.44415 
0.781033 
-0.500004 
0.076703 
0.401385 
0.526104 
0.671798 
0.564006 
0.370385 
0.383248 
0.367662 
0.554157 
0.457288 
0.60484 
0.377238 
0.356408 
0.712891 
0.463113 
0.305878 
0.421305 
0.406978 
0.480799 
0.355247 
0.0926032 
0.600668 
-0.146257 
0.624531 
-0.532293 
0.145164 
0.465977 
-0.503241 
0.171954 
0.30571 
-0.150952 
0.435837 
0.353995 
0.447186 
0.436533 
0.215637 
0.185772 
0.135803 
0.248208 
0.677154 
0.392061 
0.363901 
0.86886 
0.526394 
0.297962 
0.234452 
-0.427602 
-0.127714 
0.621512 
0.431563 
0.295777 
0.665217 
0.165486 
0.134922 
-0.0193067 
-0.258923 
0.583572 
0.286076 
0.384392 
0.792605 
0.293135 
0.489384 
0.437147 
0.545526 
0.42672 
0.696057 
0.195799 
0.337058 
0.670597 
0.488806 
0.282508 
0.791618 
0.415717 
0.412493 
0.720797 
0.404573 
0.300677 
0.328066 
0.345419 
0.226739 
0.389058 
0.192392 
0.608691 
0.827891 
0.71683 
0.584017 
0.256845 
0.552101 
0.668057 
0.258097 
0.772901 
0.514519 
0.316281 
-0.22574 
0.201023 
0.479439 
0.384385 
0.892047 
0.0736744 
0.203929 
0.731209 
0.525369 
0.625775 
0.537754 
-0.0715908 
0.839594 
-0.451176 
-0.309122 
0.0653759 
0.762929 
0.365992 
0.992048 
-0.265941 
-0.176456 
0.62317 
0.528228 
-0.701448 
0.600629 
0.319287 
-0.66177 
-0.426148 
-0.119205 
0.118792 
-0.746302 
-0.32474 
0.359857 
0.646374 
0.681629 
0.169821 
0.250316 
0.726681 
0.386692 
0.453354 
0.363029 
0.401596 
0.245609 
0.304888 
0.26875 
0.670205 
-0.546877 
0.327945 
0.868933 
-0.277914 
0.364267 
0.415261 
-0.03064 
0.478064 
0.478302 
0.502439 
0.28863 
0.767337 
0.447893 
0.399066 
0.528973 
0.989653 
0.685294 
0.612931 
-0.342227 
0.930239 
0.848342 
0.639644 
0.548771 
-0.157983 
0.714476 
0.0208393 
0.26643 
0.324691 
0.0979268 
0.377314 
0.664114 
0.374406 
0.661511 
0.402407 
0.22774 
0.213862 
0.256813 
0.509998 
0.258815 
0.263377 
0.226307 
0.426475 
0.503619 
0.266448 
0.957807 
0.391362 
0.534013 
0.37701 
0.406725 
-0.012093 
0.296279 
0.467222 
0.551367 
0.827386 
0.575742 
0.219664 
0.407797 
0.1492 
0.196852 
0.419675 
0.746388 
0.160113 
0.104196 
0.611935 
0.956004 
0.931927 
0.71367 
0.257289 
0.806429 
-0.029122 
0.675465 
0.434302 
0.759094 
0.398135 
0.363969 
0.319821 
0.279101 
0.843588 
0.220647 
0.592428 
0.145189 
0.909807 
0.749301 
0.511246 
0.140879 
0.213 
0.636434 
0.222186 
0.150816 
0.36278 
0.91973 
0.615899 
0.317356 
0.642647 
0.919227 
0.689228 
0.464429 
0.653006 
0.423433 
0.409938 
0.391774 
0.355334 
0.537805 
-0.783308 
0.382093 
0.542334 
-0.297539 
0.445923 
0.627148 
0.374491 
0.263641 
0.169928 
0.526436 
0.214343 
0.307306 
0.738483 
0.177336 
0.218402 
0.437024 
0.826049 
0.35416 
0.740391 
0.740645 
0.512479 
-0.321289 
-0.601167 
0.162627 
-0.770751 
-0.9315 
0.0593658 
-0.315264 
0.868089 
-0.152294 
0.419834 
0.753405 
0.569019 
0.895263 
0.243771 
0.40877 
0.410806 
0.383286 
0.448629 
0.225515 
0.664139 
0.169197 
0.798005 
0.429252 
0.986469 
-0.27193 
0.761136 
-0.276904 
0.191818 
0.286825 
0.171084 
0.283141 
0.51028 
0.247282 
0.825307 
0.356715 
0.184302 
0.325729 
0.716 
0.39969 
0.295215 
0.281892 
0.29949 
-0.521515 
0.955305 
-0.0379067 
0.00874303 
0.608812 
0.779844 
0.485768 
0.855683 
0.518088 
0.636693 
0.578741 
0.107233 
0.541777 
0.581998 
0.494881 
-0.060552 
0.116031 
0.502569 
0.539422 
0.0617706 
0.320889 
0.505931 
0.492988 
0.458344 
0.402129 
0.158107 
0.418651 
0.242901 
0.486839 
0.183261 
0.855545 
0.27829 
0.300993 
0.810681 
-0.994779 
