-298.431
-292.736
-274.394
-259.774
-258.134
-250.41
-249
-203.697
-187.374
-146.926
-124.744
-108.45
-101.076
-78.2112
-60.6377
-57.86
-54.4613
-44.6463
-33.5112
0.990927
16.5948
105.5
121.141
165.176
213.963
216.353
57.1
208.573
-209.039
-299.925
-172.795
-185.648
-192.268
-193.52
-189.057
-171.862
-90.8559
-81.6364
-53.951
-41.9297
-33.3295
-26.6002
6.29727
62.7614
75.9221
118.54
147.562
233.835
237.305
257.356
284.42
289.253
-170.158
-129.264
-117.466
-116.494
-48.2972
-27.8473
15.9587
49.4387
196.35
208.967
234.521
253.325
292.26
-7.45467
-186.627
-273.91
-214.147
-193.09
-135.746
-121.816
-90.1899
-84.6042
-55.7957
-51.6012
-27.8773
-27.1609
-12.1345
40.8046
100.842
112.88
144.706
144.83
150.651
226.526
264.662
-57.7088
-39.0397
-127.491
-199.37
-144.915
-123.195
-112.184
-77.0314
-75.1252
-74.05
-37.2935
-31.5464
-19.4535
-18.2381
-6.42727
24.6162
112.073
144.109
166.037
172.456
200.23
245.165
267.963
-90.2915
-266.94
-266.265
-250.233
-241.876
-241.413
-233.165
-232.04
-206.674
-144.173
-135.076
-126.12
-104.915
-97.4246
-90.1333
-87.6665
-86.0787
-44.5352
3.77316
9.54235
79.9486
102.83
132.896
162.6
183.27
193.476
200.619
205.014
219.49
240.89
291.966
-286.049
-163.032
-160.494
-83.303
-254.155
-119.471
-65.7816
132.675
-276.763
-249.649
-131.115
85.1156
113.679
114.926
219.357
241.005
-299.789
-231.407
-216.945
-288.524
-128.098
-212.919
-189.17
-143.197
-133.503
-74.8623
-65.3341
-42.0581
-40.8395
1.75338
49.8407
93.5965
143.357
174.037
205.902
219.174
264.729
265.641
292.617
293.171
151.113
200.55
-268.105
-268.586
-266.393
-240.64
-191.127
-144.036
-100.711
-68.9589
-56.6568
-51.8476
-49.0486
-28.5256
-27.7604
1.51671
26.5641
78.0315
92.074
102.373
115.523
143
196.692
200.296
209.999
288.285
-265.697
-117.008
-66.0197
-41.2229
-21.4827
-226.639
-217.97
-203.589
-137.328
-135.835
-81.5588
-79.4827
-72.3396
-25.5359
67.7867
132.515
138.711
179.94
191.796
248.564
36.4262
-279.334
-41.5598
-297.041
-278.325
-266.368
-265.735
-222.807
-199.822
-182.704
-181.726
-165.893
-273.965
-233.41
-211.72
-195.309
-173.925
-167.816
-140.487
-99.7025
-80.2695
-20.09
8.53309
31.4135
32.852
41.2439
46.7049
50.8363
51.26
60.6841
74.0925
80.6803
89.6071
92.3112
95.3114
97.1206
111.179
165.936
285.025
286.333
-190.31
-187.742
-171.978
-144.761
-73.7297
-59.7387
87.4627
182.7
184.972
292.24
295.2
49.0263
72.9864
98.1693
162.616
176.114
203.851
213.988
231.332
250.121
254.429
268.574
285.667
-101.239
-151.577
-125.907
-124.457
74.1254
-144.813
-141.019
-139.323
-126.769
-45.6917
-210.021
-206.031
-170.13
-120.182
-241.395
-274.977
-298.837
-299.424
-270.606
-275.333
-216.063
-190.079
-132.77
-75.2604
-68.3175
-52.1209
-7.63333
20.7797
27.6769
37.0414
97.4728
155.832
227.16
257.195
-275.894
-231.951
-279.775
-254.399
-194.916
-66.7892
-45.8866
-32.2445
17.6095
20.2919
85.3191
146.189
157.523
205.423
297.764
225.895
-31.7081
254.942
-276.535
-268.536
-190.834
-152.823
-131.894
-122.605
-113.886
-77.4688
-77.1575
6.7051
17.4915
40.8073
132.803
174.937
295.856
-129.043
-20.7179
-14.9387
28.4467
130.422
155.863
163.199
181.208
191.076
214.243
224.307
225.72
249.962
272.311
277.199
-272.205
-140.861
-103.571
-5.54675
3.41104
75.6974
78.1005
85.1559
93.0639
112.354
185.798
217.316
236.898
242.761
261.492
199.886
252.36
286.928
38.9034
56.0578
103.446
298.242
-208.818
-202.361
-105.626
-58.2604
-51.7335
-36.7144
-25.75
-5.36495
2.64554
3.72126
90.0629
97.8955
174.429
242.017
242.57
274.043
293.146
-90.8995
-85.2414
-48.2485
-32.7269
-24.0605
-15.0413
30.7557
47.0603
48.6615
63.4728
142.814
183.558
229.216
232.181
277.554
-257.384
-257.696
-250.47
-246.362
-240.906
-206.395
-133.246
-117.267
-92.6701
-75.3849
-60.3526
-26.8221
-18.0052
-13.5793
26.9341
34.1532
34.6294
82.0021
100.426
117.38
213.357
276.746
-263.235
-298.369
-282.896
-267.714
-270.723
-273.488
-264.787
-263.261
-252.859
-245.382
-231.568
-222.266
-165.795
-110.043
-76.4127
-36.6876
1.60846
97.7237
124.931
128.407
184.977
266.074
282.69
77.5885
-262.36
-251.305
-287.968
-265.629
-217.374
-148.491
-141.177
-132.845
-97.2637
14.3882
25.9226
92.1306
234.558
266.056
291.158
42.6048
-224.25
-239.672
-277.994
-213.566
-219.616
-166.071
-216.611
-81.1765
-36.382
-3.52709
0.167386
7.06793
101.579
128.852
154.903
192.401
266.642
-283.447
-248.893
-228.171
-196.354
-168.205
-14.5006
67.8599
81.296
120.694
182.351
186.553
193.566
234.476
241.539
256.715
252.872
264.381
-159.672
-21.3594
-295.425
