0.104144
0.155516
0.106069
0.237039
2.62499
0.415262
1.34066
0.121014
0.114989
0.154288
0.1705
1.8351
0.115518
0.125718
1.4583
0.232277
0.279948
0.258143
0.515342
0.118411
0.147152
0.82996
0.106481
0.427863
0.702546
0.549721
9.70084
1.21019
0.260197
0.119637
0.375308
0.459958
0.148587
0.110972
0.108118
0.110791
0.520623
1.13971
0.395715
0.162532
0.451477
0.150655
0.143359
1.22233
0.337878
0.736556
0.148237
0.106438
0.208961
0.11431
0.21036
0.815489
0.110228
0.793857
0.124254
0.15996
0.194518
0.142518
0.648835
0.109675
0.30658
0.496021
0.305625
0.454852
0.263497
0.72115
0.103151
0.137888
0.365011
0.21353
0.119507
0.101615
0.118786
0.101897
0.519352
0.170783
0.144895
0.162511
0.587099
0.246002
0.174863
1.28865
0.214176
0.405154
0.223992
0.208755
0.112012
0.245114
0.419446
0.164743
0.135998
0.255764
0.358915
0.249127
3.99113
0.242262
0.897086
0.722476
0.127136
0.350274
0.245237
0.203837
0.139398
0.135118
0.207509
0.508277
1.28243
0.132938
0.139513
0.110073
0.111194
0.263726
0.951453
0.147311
0.195905
0.277113
0.189506
0.132031
0.162811
0.108137
0.409938
0.105151
0.16349
0.103554
0.108831
0.11597
2.666
0.163967
0.102361
0.102736
0.761168
0.107108
0.31386
0.127875
0.367432
0.720347
1.2465
0.265512
0.310609
0.135207
0.106479
0.247174
0.104598
0.260136
0.107845
0.316876
0.199919
0.433215
0.157255
0.258481
0.110312
0.317738
0.176117
0.253125
0.179689
0.592552
0.131181
0.175965
0.279549
0.276939
0.246749
0.31301
0.335919
0.231011
0.217804
0.212855
0.119808
0.10048
0.369004
0.121278
0.209305
2.67384
0.530831
0.183121
0.319139
0.122697
0.324808
1.9526
0.327194
0.136835
0.283325
3.39035
0.340994
0.327532
0.167488
0.124558
1.05871
0.191458
0.511631
0.260504
0.179512
0.141649
0.226562
0.374659
0.351293
0.514582
0.128274
0.118799
1.24359
0.174801
0.114365
0.100015
0.107943
0.567915
0.183209
0.102357
0.357722
0.274866
0.107203
0.263079
0.124226
0.140306
0.149577
0.160072
0.234136
0.314184
0.119373
0.238878
0.212961
0.15572
0.17019
0.118125
0.104236
0.138556
0.551205
0.348993
0.219256
2.10424
0.766121
0.72024
0.219667
0.430852
0.279762
0.382804
0.165514
0.191384
0.100425
0.374351
0.300336
0.260524
0.223925
0.201935
0.478883
0.835026
3.69138
0.114779
0.218183
0.153017
0.222272
0.197252
0.796239
0.106551
0.141979
0.991241
0.292346
0.108811
1.34084
0.306558
0.195851
1.55048
0.256085
0.183691
0.203104
0.211908
0.164073
0.106822
0.126584
0.456878
2.1075
1.83357
0.447689
0.150933
0.154321
0.90859
0.166295
0.824944
0.152325
0.295523
0.289364
0.117457
0.196549
0.179944
2.34894
0.10943
0.171013
1.02447
0.104438
0.380999
0.109624
0.102749
0.206566
0.136121
0.247717
0.308813
0.231592
0.209438
0.311878
0.106358
0.112082
0.172973
0.319671
0.482623
0.68479
0.188382
0.126642
0.298896
0.199897
0.2303
0.151283
0.115097
0.115905
0.109879
0.252909
0.201765
0.18888
0.449372
0.309965
0.43472
0.191322
0.161142
0.118265
0.260333
0.101844
0.506141
0.36089
0.307885
0.151312
0.113388
0.154929
0.106751
0.119116
0.338492
0.296511
0.192222
0.106021
2.09909
0.252369
0.51318
0.100868
1.26894
0.627191
0.517254
0.134846
1.36417
4.96819
0.129812
0.109576
0.149224
0.163587
0.142607
0.389874
0.170013
0.187658
0.290703
0.245383
0.141311
0.377909
0.469762
0.10568
0.105421
0.127851
0.119297
0.172759
0.155536
0.137304
0.111345
0.281916
0.186208
23.9788
0.177832
0.497174
0.148713
0.252729
0.124089
0.167562
0.483953
0.115291
1.13711
0.529271
0.235638
0.119365
0.125974
0.116936
0.265063
0.294857
0.232618
0.128596
0.287558
0.460012
1.20024
0.503687
0.256297
0.17604
0.109105
0.556812
0.103036
0.86857
0.346718
0.210379
0.331332
0.100755
1.15479
0.191594
0.221256
0.121582
2.12498
0.185985
0.10973
0.23481
0.118339
0.108618
0.129476
0.132479
0.237548
1.49131
0.405937
0.375586
0.275688
1.61337
0.219717
0.11406
0.495098
0.357803
0.281618
0.297858
0.194075
0.449497
0.521932
0.419005
0.352011
0.188838
0.332857
0.14184
0.601957
0.417071
0.183093
0.120665
0.112035
0.124023
0.8538
0.151069
0.122642
0.222053
4.02881
0.124373
1.07788
1.33943
0.503226
0.284674
0.243186
0.311269
0.153726
0.419303
0.111719
0.1067
0.161701
0.104845
0.125064
0.242533
0.349707
3.03154
0.173445
0.164763
0.165741
0.121485
0.148664
0.174218
0.724159
0.106112
1.519
0.181993
0.659319
0.112469
0.328439
0.153071
0.102491
0.330367
0.100501
0.156607
0.32261
0.108025
1.31903
0.207388
0.120613
0.17826
0.720327
0.146271
0.164566
0.27512
0.23533
0.213515
8.06506
0.252249
0.181012
0.103651
2.42588
0.132953
11.0435
0.326746
0.616175
0.196916
0.103546
0.127704
0.301233
0.48183
0.120491
0.150646
0.308977
0.13623
0.152915
0.115048
0.262697
0.26272
0.232446
0.109805
0.12484
0.176944
0.142452
0.210147
0.112503
0.362999
0.172263
0.138644
0.278187
0.334118
