0.136244
0.161565
0.438769
1.05588
1.52546
0.880993
0.227506
0.126473
0.598525
0.244415
0.410643
0.521477
0.76537
1.73395
0.104955
0.173375
0.120604
0.258306
0.979822
0.175456
0.301451
0.130213
0.511208
0.114231
0.119615
0.276399
0.138619
0.546446
2.08723
0.115254
0.256612
0.113341
0.138005
0.109891
1.65993
0.114162
0.106195
0.236818
0.567043
0.247033
0.222927
0.170861
0.131425
0.135653
0.443752
0.240718
0.334506
0.203809
0.319863
0.417928
0.105669
0.215762
0.124432
0.258772
0.107788
0.270254
2.02722
0.343912
0.141351
0.104661
0.295594
0.131628
0.116678
1.01795
0.131979
0.103518
0.146594
0.202694
0.358965
0.282291
3.65201
0.21193
10.8936
0.439686
0.240834
0.104274
0.503585
0.148909
1.23202
0.783755
0.140822
0.38639
1.54492
0.144154
0.16826
0.173048
0.251186
0.109083
0.219438
0.103477
0.1542
0.620258
0.254762
0.26518
0.39308
0.100416
0.651765
0.171647
0.31611
0.132291
0.119694
1.50255
0.220718
0.216926
0.211942
0.243313
0.138921
0.145804
0.502816
0.147998
0.281136
0.182471
0.180575
0.297186
0.129219
0.133813
0.116923
0.139302
0.154357
0.51059
0.242256
0.211412
0.286149
0.137913
0.273562
0.59601
0.273226
0.214225
0.153926
0.187729
0.293818
0.40806
0.131421
0.113432
0.337893
0.144223
0.117215
0.104358
0.151928
0.141856
0.242556
0.164658
1.17267
0.307511
0.151318
0.128478
0.13832
0.144624
0.101068
0.217257
0.212878
0.117722
0.258199
0.109465
0.103029
0.130143
0.176223
0.618395
0.125226
0.284375
0.12778
0.136524
0.21983
0.13205
0.851482
0.104358
0.390591
0.112363
2.52796
0.237146
0.397786
0.243611
2.39629
0.684141
0.132968
0.110718
0.366097
0.110156
0.814527
0.200322
0.10811
0.864495
0.112959
0.11538
0.168688
0.102771
0.110885
0.144279
0.114362
1.11118
0.110521
0.215884
0.500178
0.889385
0.152866
0.217782
0.112464
0.153253
0.830352
0.878974
0.129758
0.223393
0.173366
0.119645
0.100323
0.393143
0.102929
0.679397
0.871835
0.166871
0.113938
1.06017
0.105853
0.285762
0.131678
0.188101
0.100429
0.100825
0.241332
0.223818
0.25794
0.148473
0.295354
0.230745
0.165607
0.135235
0.267931
0.140921
0.162217
0.467945
1.40133
0.747969
0.305697
0.299245
0.305699
0.128908
0.147302
0.147178
1.95654
0.474008
0.346137
0.142735
0.148612
0.164672
0.103792
0.422164
0.100326
0.182523
0.357773
0.427016
0.305141
0.347138
0.208592
0.115074
0.702304
0.103615
0.288315
0.544155
0.109391
0.135048
2.46946
0.20409
0.246776
0.388368
0.253066
1.48946
0.110714
0.377246
0.147859
2.02702
0.118163
0.124526
0.509064
0.102259
0.120923
0.184314
1.29075
0.301504
0.283985
0.130823
0.181915
0.113084
0.223684
1.40381
0.126675
0.100963
0.140462
0.122301
0.245494
0.154524
0.223783
0.169412
0.232301
0.258194
0.103029
0.306479
0.110874
0.424554
0.202707
0.17099
0.578208
0.14959
0.255477
0.273865
0.130303
0.185055
0.555695
0.186588
0.241317
0.985674
0.100896
0.260554
0.305377
0.15182
0.548194
12.4777
0.209721
0.168843
0.112568
0.128239
0.131912
1.45924
0.279446
0.948902
0.457996
1.91306
0.104542
0.173089
1.00309
0.117218
0.133874
0.224401
0.247363
0.291145
0.562357
0.236742
0.354972
0.418271
0.157041
0.118084
0.45447
0.104357
0.154324
0.51884
0.194193
2.37516
0.286773
0.100278
0.247086
12.372
0.128505
0.11756
0.373555
0.123449
0.123618
0.265686
0.167474
0.943724
0.222142
0.252974
0.184181
0.121926
0.318152
0.10182
2.45199
0.201123
0.145725
0.241415
0.254569
0.103381
0.270503
0.117703
0.496831
0.107858
0.150224
0.110925
0.16613
0.1999
0.112162
0.475917
1.41199
0.109789
0.142587
0.17766
0.111249
0.155515
1.09298
0.187801
0.206165
0.116419
0.192034
0.269177
0.501229
0.507345
0.298469
0.409889
0.151373
0.733315
0.100438
0.302208
0.113702
0.199976
0.225062
0.184098
0.100932
0.125987
0.12961
0.180756
0.142643
0.529312
0.10131
0.241193
0.649039
0.149182
0.137959
0.110744
0.100528
0.133149
0.510022
0.12761
0.12216
0.167545
0.620283
0.749908
0.216877
0.116199
0.136317
0.126042
0.400168
0.696511
0.744857
0.105331
0.109153
0.311292
0.353939
0.390327
0.112482
0.101559
0.228911
0.125632
2.65536
0.226869
0.110917
0.126723
0.125898
0.101705
0.129272
1.55065
0.480402
0.204054
0.116
0.355136
0.103236
0.660242
0.659062
0.179533
0.130493
0.234267
0.126911
0.22646
0.14741
0.14736
0.736829
7.06236
0.124791
0.304013
0.110641
0.206032
0.144025
0.113844
0.139311
0.676593
2.93853
0.115484
0.49287
0.284117
0.275437
0.157468
0.140449
0.100089
0.325662
0.169431
4.84924
0.150764
0.182029
0.37993
0.110929
0.187902
0.189329
0.686274
0.415506
0.50238
1.25744
0.16212
0.189528
0.106598
0.243728
0.988659
0.70796
0.544943
0.122706
0.102115
0.134008
0.160039
1.1452
0.166572
0.139336
0.166948
0.102616
0.768024
0.137691
0.275282
0.545761
0.214973
0.11609
0.102051
0.199785
0.528497
0.170081
0.103699
1.72712
0.175179
0.116728
0.297875
0.154626
0.195329
0.621881
0.10995
0.299436
0.100207
1.07313
0.286477
0.4241
1.90436
0.448661
0.134209
0.278656
0.105
0.16319
0.247087
0.359601
0.238069
0.205128
0.138259
0.311975
0.178221
0.599226
0.127671
0.64041
2.51202
0.213347
1.01333
4.72101
0.589744
0.654234
0.264766
0.288878
0.100075
0.103535
0.171097
0.162976
0.135621
0.2821
0.113398
0.206482
0.30861
0.659512
0.28018
0.109149
0.294722
0.332513
0.393845
0.169102
0.140232
0.553733
0.153943
0.114134
0.453265
0.581471
0.181746
0.101381
0.368753
0.796712
0.644576
0.282599
0.309862
0.173123
0.946995
0.261749
0.152558
1.20571
0.157738
0.301817
0.114726
0.168666
0.276953
3.14224
0.169621
0.255844
0.49893
0.269491
0.299462
0.175449
0.103525
0.164257
0.130921
0.202317
0.224346
0.146788
0.113902
0.509215
0.321224
0.146109
0.259716
0.164874
4.58169
0.105079
0.883649
1.93821
0.163589
0.222441
0.409932
0.173435
0.24413
0.156707
0.117578
0.161848
0.13467
0.129939
0.147225
0.382203
0.226834
0.121773
1.02818
0.114492
0.106982
0.126776
0.143357
0.147839
0.159282
0.191343
0.180107
0.236656
0.504352
0.138744
0.261177
3.29067
0.417504
0.575157
0.104441
0.181504
0.127569
0.169082
0.126101
0.10818
0.268274
0.247406
0.116623
0.257232
0.181494
0.321736
0.107158
0.126023
0.143134
0.141947
0.744291
0.368432
0.143867
0.195206
0.114062
0.278726
0.113993
0.154905
0.186006
0.209278
0.115399
0.24691
0.270258
0.417068
2.88061
0.283679
1.34443
0.201593
0.211876
1.15401
0.127301
0.169066
0.107433
0.232425
0.186404
0.131256
0.113615
0.257003
0.604233
0.323623
0.310076
0.126793
1.57033
0.362999
0.211298
0.403695
0.147559
0.10236
0.251991
0.228402
0.122451
0.166254
0.117331
0.10759
0.218583
0.176502
0.137755
0.141873
1.03709
0.129038
1.2957
0.124926
0.252783
0.179091
0.189405
0.333789
0.368809
0.548381
0.354904
0.243633
1.14957
0.105019
10.8857
0.158142
0.154335
0.108525
1.78263
0.250368
0.208746
0.155946
0.101123
0.184995
2.93451
0.140658
4.22975
0.189553
1.04412
0.100006
0.219014
0.156476
1.39861
1.30814
0.14334
0.153542
0.174989
0.120248
0.110129
0.465824
0.31312
0.197324
0.25912
0.464115
2.15323
1.26704
0.107181
0.128049
0.269624
0.138728
0.105683
0.748399
0.435385
0.128807
0.111366
0.377772
0.100307
0.607227
0.170162
0.119019
1.03515
0.237533
1.28984
0.148113
0.139664
0.143495
3.60663
0.282759
0.269904
0.100803
0.639222
0.121004
0.218505
0.130069
0.114995
0.170749
0.17373
0.472568
0.240166
0.191371
0.23898
0.164615
0.16333
0.104268
0.211914
1.01915
0.114197
0.367913
0.114537
0.403743
1.5156
2.53021
0.102086
0.121535
0.214114
