-319.387
-284.225
-279.764
-164.872
-91.7408
-11.6898
28.0998
101.437
111.821
209.25
246.117
336.155
338.551
185.949
-343.739
-282.3
-261.629
-224.153
-215.733
-176.467
-157.103
-138.196
-106.986
-73.5501
1.44314
19.869
33.5958
80.1616
100.621
106.33
131.488
190.071
243.2
248.727
289.188
301.466
231.404
-201.315
-166.211
-109.908
-106.358
-11.2564
67.195
85.9729
87.7641
113.329
120.881
131.457
147.022
167.849
222.351
232.443
302.089
326.448
349.355
267.665
329.248
-176.211
-161.034
-51.7464
-30.7825
55.7738
56.2755
79.3766
98.8288
115.902
152.05
158.564
284.001
315.605
123.542
137.686
345.333
137.732
160.642
175.105
181.621
218.734
248.486
257.342
283.931
287.437
306.775
339.595
-274.288
-189.312
-127.83
-120.271
-110.215
-80.8472
-50.06
-20.5294
-12.0032
-0.568832
15.9746
57.9198
61.5555
72.4043
81.7447
95.3875
132.97
144.084
187.93
196.892
326.839
333.384
341.177
75.956
-339.026
-339.292
-250.617
-344.684
-308.749
-195.238
-312.585
-293.058
-292.62
-273.002
-271.575
-195.058
-170.049
-161.27
-132.389
-104.949
-51.6242
-10.2826
57.3391
95.6636
251.517
253.59
280.768
287.401
290.289
315.598
265.623
-273.151
141.387
-305.835
-283.049
-281.049
-218.274
-205.47
-114.861
-107.576
35.8493
40.1007
52.364
53.3557
102.369
107.27
135.969
164.466
167.333
186.359
192.727
195.72
201.663
267.081
279.297
280.176
-216.152
-323.693
-332.5
-286.307
-275.801
-238.179
-194.849
-91.5552
-70.1656
30.6229
62.8476
98.0211
144.726
150.285
159.27
195.245
327.85
332.907
265.655
-158.646
-348.688
-273.426
124.491
134.873
-136.294
-131.084
-124.559
-94.096
-75.0371
-30.5081
-23.5651
19.489
30.1759
44.5229
122.365
138.745
163.565
196.974
237.566
211.533
-257.007
-254.783
-248.643
-218.203
-207.175
-154.639
-152.159
-152.133
-145.434
-133.555
-105.23
-96.6624
-77.4057
-52.2651
35.1849
35.8175
144.102
147.47
160.514
171.089
210.242
215.392
301.068
328.999
342.146
-338.338
0.379647
-324.491
-322.652
-322.64
-310.349
-179.464
-314.424
-253.319
-203.046
-231.6
-199.994
-188.653
-182.928
-176.851
-175.947
-167.033
-165.936
-148.32
-125.393
-94.0048
-91.897
-74.6561
-9.10841
3.94537
43.6859
64.1388
92.0029
152.344
168.048
191.94
210.64
256.924
261.159
268.721
269.768
306.365
322.701
305.743
309.822
292.735
88.4492
-283.638
-261.244
-244.005
-182.139
-169.58
-158.548
-156.116
-145.439
-140.155
-132.299
-125.684
-54.9852
-45.7914
-22.031
-3.37094
8.60547
26.364
57.7242
71.8467
98.9042
100.198
111.179
118.119
135.821
148.049
156.205
215.795
217.546
218.979
228.875
232.125
246.391
252.204
158.347
160.311
-104.575
-267.992
-225.738
-266.044
-225.017
-127.53
-105.465
-36.7903
85.7854
101.377
129.447
134.158
166.262
170.104
197.154
200.127
242.85
250.065
264.209
277.03
293.483
318.789
340.745
346.232
347.848
255.281
247.415
154.941
-315.891
-304.484
-188.645
-184.802
-140.315
-111.236
-106.018
-71.4446
-57.7233
-56.8258
35.8211
37.7405
110.314
191.736
209.055
231.304
263.357
289.112
340.543
195.279
-222.362
-182.277
-143.089
-112.072
-101.418
-61.3859
-17.4565
20.8028
49.2946
124.7
145.49
167.234
174.766
193.858
210.672
215.012
221.52
223.854
246.048
248.397
288.706
-124.206
-105.219
-103.579
-245.397
-262.022
-225.056
-191.866
-185.525
-120.411
-38.7142
-16.7972
-15.1729
164.515
182.921
258.508
263.692
278.596
107.052
109.275
114.93
182.767
117.45
174.23
183.486
188.701
236.638
298.035
335.209
345.485
-316.461
-311.123
-271.757
-268.916
-239.801
-163.695
-99.056
-74.5393
-47.3352
139.034
161.664
163.737
168.561
207.709
209.746
283.767
295.603
299.13
304.896
337.22
-159.889
-242.751
12.3386
17.9365
-126.311
-100.711
-80.613
-76.5422
-39.0254
-8.04741
-5.43189
32.2449
42.2378
54.1161
68.1928
103
194.368
194.877
294.308
299.049
273.054
-289.999
-310.285
-162.088
-161.325
-290.468
-154.414
-129.848
-97.7144
-28.7664
-24.3456
-13.55
4.00825
12.9467
14.3855
58.258
102.365
108.011
125.482
166.7
227.552
229.896
246.234
255.052
287.364
343.84
-334.433
-167.989
-220.73
-322.682
-329.047
-190.08
-170.143
-157.91
-106.288
-29.1099
45.6709
87.5408
170.19
266.111
266.859
286.313
161.36
-335.019
-330.255
-281.583
-263.866
-190.503
-190.406
-158.097
-140.881
-125.249
-111.998
-87.6449
-87.6377
-72.5006
-45.9769
5.31703
68.0142
83.7936
138.183
162.393
163.316
177.331
181.073
194.747
206.964
213.384
239.185
241.07
319.714
251.161
-246.924
-241.124
-236.912
-150.515
-119.155
-57.183
-53.5404
-24.8512
-20.4447
0.933943
20.4963
65.3462
77.2018
78.6574
151.67
242.11
267.271
320.973
53.077
63.9989
-14.0535
75.8005
88.1574
-337.316
-324.065
-303.691
-299.904
-276.548
-244.609
-244.2
-233.207
-227.041
-191.081
-160.454
-152.177
-122.165
-98.8405
-88.3988
-56.0633
0.515635
6.76463
15.3368
47.7168
56.6084
157.877
170.315
176.543
196.44
259.166
285.848
291.087
301.832
307.442
313.641
317.333
319.417
325.6
340.738
-263.814
-308.201
-306.325
-124.432
-300.254
-316.59
-329.171
-220.797
-219.99
-216.114
-145.27
-136.151
-111.226
-103.423
-94.1537
-10.3219
30.6506
45.6385
51.2548
85.0381
161.465
189.711
200.117
211.711
236.279
236.76
263.685
284.653
306.808
332.165
152.098
-255.67
-306.039
-334.81
-195.976
-308.274
-268.985
-255.629
-254.637
-252.925
-229.656
-206.756
-186.515
-164.782
-162.568
-130.129
-121.983
-75.5816
-32.2529
-20.5195
-1.75566
37.4726
68.7196
90.6993
236.353
291.908
228.102
-174.157
-327.67
-318.998
-306.532
-272.207
-226.288
-222.79
-148.276
-114.055
-29.6485
-9.74547
7.25626
30.3655
69.8557
110.845
153.78
235.008
240.896
277.715
75.4046
-60.0901
-315.848
-330.286
-333.663
-340.902
-304.956
-293.263
-296.537
-330.417
-15.2146
-34.508
-314.137
-242.715
-245.098
-222.444
-205.616
-195.042
-118.646
-117.205
-95.8621
-93.2552
-71.7748
-34.0654
-11.3265
1.52869
76.7701
109.667
110.607
149.806
185.094
185.147
194.863
202.687
336.907
299.325
-299.646
-210.727
-197.465
-190.742
-179.45
-171.45
-153.35
-144.342
-134.143
-109.316
-108.385
-103.258
-99.9113
-41.6693
-3.92141
27.8069
39.2474
126.531
143.386
204.003
210.415
233.639
237.074
266.145
274.455
284.462
345.007
345.372
-284.687
-254.748
-250.457
-209.99
-209.235
-195.799
-153.041
-129.541
-102.216
-62.6405
-14.2132
-1.02941
13.3499
53.7298
59.4167
106.542
62.0803
224.99
-162.034
-163.869
-157.4
-156.853
-156.153
-118.297
-109.414
-228.131
-180.555
-104.792
-89.0515
-68.9488
-65.3753
-47.9996
-26.5846
19.684
63.3017
161.658
166.85
171.123
202.364
312.213
342.001
171.763
-250.793
-208.741
-149.874
-116.647
-15.3168
-11.1385
48.2369
57.8753
92.2614
107.994
135.01
137.827
141.541
169.548
184.558
205.541
272.953
277.683
305.933
321.791
324.804
343.692
-318.371
-314.526
-104.199
-176.827
2.38075
-255.36
-259.486
-149.265
-73.9999
-193.034
-250.448
-256.203
-268.498
-261.014
-235.467
-220.062
-219.606
-205.165
-202.648
-190.878
-179.284
-173.25
-159.845
2.4157
3.29556
118.035
147.606
191.764
279.872
289.851
305.389
307.367
329.088
344.962
