-0.214921 
0.248834 
0.379933 
0.577867 
0.774994 
0.701683 
0.352795 
0.393442 
0.68043 
0.411678 
0.544842 
0.539087 
0.626198 
0.853637 
-0.778663 
0.916635 
0.748679 
0.462078 
0.740421 
0.18605 
0.420177 
0.367973 
0.697788 
0.329329 
0.0390328 
0.614528 
0.42444 
0.737819 
0.764639 
0.132444 
0.59801 
0.242005 
0.422274 
0.262589 
0.757608 
0.410053 
0.720974 
0.857672 
0.686212 
0.22714 
0.588435 
0.273914 
0.274931 
0.493931 
0.414409 
0.50369 
0.310272 
0.520321 
0.647727 
0.511251 
0.37525 
0.32269 
0.308393 
0.520906 
0.284279 
0.373224 
0.964113 
0.889403 
0.0524127 
0.207249 
0.579414 
0.446512 
0.263462 
0.581315 
0.254166 
0.546608 
0.340174 
0.509836 
0.244583 
0.196297 
0.968676 
0.583843 
0.851799 
0.351627 
0.22547 
0.594045 
0.468735 
0.249234 
0.697199 
0.713539 
0.237344 
0.586035 
0.88306 
0.0656674 
0.114609 
0.610381 
0.477944 
0.362524 
0.412661 
0.767875 
0.217699 
0.340819 
0.517365 
0.634888 
0.708914 
0.345155 
0.65838 
0.0925541 
0.409072 
0.0636244 
0.530879 
0.891727 
0.541621 
0.16432 
0.272915 
0.486632 
0.349403 
0.897139 
0.841296 
-0.369273 
0.761639 
-0.927494 
0.412309 
0.706329 
-0.268097 
0.474544 
0.541046 
-0.319652 
0.862946 
0.699121 
0.573308 
0.443156 
0.510551 
0.472096 
0.473252 
0.486407 
0.513473 
0.313219 
0.389585 
0.406173 
0.487692 
0.524196 
0.326361 
0.296148 
0.75623 
0.771518 
0.700955 
0.143183 
0.333283 
0.231563 
0.44024 
0.275465 
0.654853 
0.517741 
0.531401 
0.136271 
0.180136 
0.294201 
0.290972 
0.459884 
0.311868 
0.236068 
0.429116 
0.250226 
0.325866 
0.227377 
0.468428 
0.694914 
0.282374 
0.528632 
0.516177 
-0.6538 
-0.15033 
0.613846 
0.951179 
0.45556 
0.570761 
0.275463 
0.866337 
0.521888 
0.751741 
0.58543 
0.721235 
0.723954 
0.375496 
0.413154 
0.423108 
0.359993 
0.673414 
0.962953 
0.0821393 
-0.60412 
0.579392 
0.234403 
0.332567 
0.383151 
0.225964 
0.250959 
0.38889 
0.855673 
0.454264 
0.213467 
0.491053 
0.785979 
0.305317 
0.300202 
0.288806 
-0.802916 
0.855048 
0.854067 
0.287645 
0.56989 
0.64252 
0.320781 
0.0659935 
0.763668 
-0.108959 
0.840075 
0.884658 
0.420252 
0.669232 
0.583372 
0.194156 
0.406791 
0.219999 
0.307288 
0.18891 
0.272079 
0.247942 
0.360541 
0.553895 
0.284265 
0.398321 
0.343875 
0.458385 
0.00594922 
0.672166 
0.953684 
0.579923 
-0.574623 
0.559015 
0.422767 
0.00982447 
0.359166 
0.464197 
-0.457043 
0.723973 
0.469487 
0.917725 
0.562574 
0.726486 
0.613241 
0.0107675 
0.413568 
0.186442 
0.245909 
0.187567 
0.1721 
0.611085 
0.740791 
0.432306 
0.321962 
0.495658 
0.394657 
0.648427 
0.26675 
0.478656 
0.518873 
0.526671 
0.0449873 
0.958799 
0.494869 
0.654101 
0.969927 
0.933801 
0.976602 
-0.846163 
0.435845 
0.209514 
0.945492 
-0.105044 
0.20558 
0.817099 
-0.182645 
0.207552 
0.460038 
0.713674 
0.00410131 
0.572633 
-0.0128949 
0.303165 
0.213909 
0.236529 
0.629331 
0.389779 
0.24245 
0.264956 
0.228453 
0.337607 
0.450671 
0.450524 
0.547262 
0.389549 
0.539955 
0.462643 
0.382405 
0.413299 
0.515333 
0.442385 
0.319561 
0.956211 
0.582575 
0.431831 
-0.544191 
0.269359 
-0.531118 
0.53093 
0.335126 
0.579926 
0.857624 
0.214127 
0.329582 
0.560147 
0.467533 
0.54372 
0.953632 
0.46274 
0.382009 
0.20527 
0.436371 
0.497997 
0.395907 
0.370503 
0.820968 
0.77466 
0.907774 
0.288161 
0.674706 
0.977201 
-0.472274 
0.726416 
-0.182927 
0.424136 
0.30959 
0.609852 
0.412781 
0.404403 
0.690218 
0.351117 
0.46655 
0.512672 
0.309905 
0.361499 
0.53632 
0.393835 
0.860231 
0.514066 
0.279222 
0.394347 
0.970473 
0.683913 
-0.0389713 
0.548196 
0.519986 
0.496258 
0.29661 
0.268405 
0.831808 
0.598305 
0.256603 
0.213912 
0.49509 
0.385833 
0.296979 
0.703005 
0.264625 
0.268157 
0.567471 
0.587809 
0.208139 
0.612396 
0.576906 
0.716648 
-0.0566218 
-0.327496 
0.471218 
0.452835 
0.518125 
0.104993 
0.213242 
0.593075 
0.439886 
0.609241 
0.164199 
0.114022 
0.333562 
0.721742 
0.434832 
0.939454 
0.0253808 
0.559091 
0.960181 
0.804181 
0.821112 
0.519549 
0.566915 
0.494201 
0.52426 
0.399569 
0.918565 
-0.361449 
-0.384055 
0.428371 
0.716023 
-0.104352 
0.547213 
0.195733 
0.488282 
0.463553 
0.501522 
0.349234 
0.385423 
0.630647 
0.438589 
0.302224 
0.300452 
0.272868 
0.401461 
0.523467 
0.333592 
0.143549 
-0.226746 
0.645583 
0.523712 
0.572647 
0.129644 
0.350683 
0.106408 
0.480142 
0.561134 
0.64118 
0.326554 
0.219569 
0.507436 
0.410268 
0.489998 
0.269805 
0.0768411 
0.435289 
0.498431 
0.923385 
0.699121 
-0.886196 
0.671744 
0.492313 
-0.353954 
0.223097 
0.904198 
0.434269 
0.459547 
0.319283 
0.679419 
0.0698308 
0.612868 
0.714321 
0.39807 
0.124304 
0.191115 
0.264171 
0.61268 
0.443637 
0.456165 
0.702555 
0.935235 
0.424387 
0.745461 
-0.509795 
0.9843 
-0.425587 
-0.339275 
0.129895 
0.719647 
0.921354 
0.379372 
0.681577 
0.468796 
0.610646 
0.299783 
0.40101 
0.29679 
0.562728 
0.301836 
0.892684 
-0.341245 
0.0190759 
0.317828 
0.736987 
0.494744 
0.293116 
0.526269 
0.381006 
0.821528 
0.565399 
0.157082 
0.239719 
0.23643 
0.60261 
0.935213 
0.340065 
0.840213 
0.446585 
0.480504 
0.531422 
0.336628 
0.725924 
0.250266 
0.215113 
0.311699 
0.286203 
0.753623 
0.266835 
0.771097 
0.373819 
0.590291 
0.358206 
0.472756 
0.524441 
0.41572 
0.476167 
0.390363 
0.694452 
0.358091 
0.354878 
0.508514 
0.321126 
0.455098 
0.536194 
0.280173 
0.455452 
0.314623 
0.942521 
0.468601 
0.559932 
0.90293 
0.375227 
0.590653 
0.39896 
-0.152784 
0.765767 
0.467964 
0.4064 
0.505918 
0.523178 
0.579307 
0.2686 
0.423281 
0.730759 
0.12634 
0.811969 
0.693761 
0.313177 
0.715923 
0.929324 
0.660298 
0.641276 
0.427437 
0.392047 
0.357184 
0.236248 
0.399437 
0.379186 
0.355144 
0.360894 
0.232817 
0.346755 
0.491743 
0.580405 
0.479766 
0.38328 
0.896119 
0.615723 
0.993498 
-0.50097 
0.688746 
-0.492816 
-0.326031 
-0.351175 
0.54606 
0.648509 
0.511219 
0.371989 
0.525649 
0.625896 
0.64415 
0.491537 
0.500849 
0.3391 
0.741462 
0.427078 
0.303331 
0.804874 
0.319258 
0.548727 
0.427953 
0.391663 
0.416612 
0.891489 
0.295808 
0.385495 
0.674214 
0.468133 
0.207872 
-0.604901 
-0.193249 
0.564452 
-0.453811 
0.381233 
0.597649 
0.548024 
0.109514 
0.636734 
0.516315 
0.380742 
0.45537 
0.386853 
0.914488 
0.45311 
0.403089 
0.871253 
0.534273 
0.558597 
0.644469 
0.402995 
0.513367 
0.400975 
0.366551 
0.956137 
0.940434 
0.263161 
0.0545701 
0.73031 
0.359055 
0.302513 
0.772573 
0.438571 
0.382167 
0.251816 
0.351197 
0.403564 
0.353685 
0.383117 
0.300492 
0.369 
0.580697 
0.321931 
0.444032 
0.874078 
0.751372 
-0.837046 
-0.750812 
-0.160064 
-0.243498 
0.65903 
-0.376867 
-0.208495 
-0.382211 
0.896967 
-0.610367 
-0.652762 
0.894633 
0.220126 
-0.0993557 
-0.173789 
0.417313 
0.301564 
0.643671 
0.615834 
0.550909 
0.450318 
0.156332 
0.364721 
0.298625 
0.247927 
0.36228 
0.429445 
0.425844 
0.343119 
0.34105 
0.621863 
0.874614 
0.49524 
0.951486 
0.413345 
0.422721 
0.736845 
-0.00313411 
0.524383 
0.252408 
0.642707 
0.68947 
0.283614 
0.126346 
0.426623 
0.744474 
0.39801 
0.273414 
0.0706946 
0.536867 
0.802622 
0.245798 
0.703089 
0.177838 
0.0962309 
0.568881 
0.459602 
0.238353 
0.364866 
0.249695 
0.380497 
0.422715 
0.487311 
0.441867 
0.208441 
0.671367 
0.644631 
0.916571 
0.618275 
0.391886 
0.383518 
0.67625 
0.752591 
0.158111 
0.349928 
0.68991 
0.53173 
0.80001 
0.891153 
0.989491 
-0.415472 
0.772911 
0.449527 
0.630094 
0.898537 
0.159545 
0.672435 
-0.151474 
0.562209 
0.975072 
0.588871 
0.896102 
0.470665 
0.740011 
0.257213 
0.11795 
0.585462 
0.748692 
0.626713 
0.406364 
0.34548 
0.72716 
-0.154598 
0.983706 
0.691783 
0.253551 
0.400557 
0.172072 
0.600329 
0.777578 
0.806664 
0.469619 
0.402069 
0.325446 
0.341828 
0.219059 
0.678533 
0.520691 
0.331432 
0.331869 
0.492433 
0.344728 
0.652695 
0.302798 
0.39506 
0.694637 
-0.12795 
0.852095 
0.749008 
0.0128301 
0.739313 
-0.937947 
-0.02773 
0.657896 
0.485234 
0.764579 
0.0285607 
-0.688362 
-0.162183 
0.106758 
0.505594 
0.408545 
0.662818 
0.75623 
0.498861 
0.651581 
0.226917 
0.167589 
0.578277 
0.473473 
0.689427 
0.552425 
0.448211 
0.361199 
0.512212 
0.76163 
0.85554 
0.348061 
0.304151 
0.431088 
