0.101253
1.50096
1.21414
0.625622
0.396502
0.134461
0.17137
3.46601
0.191015
0.108429
0.106329
0.191169
0.164121
0.92254
0.436246
0.101569
0.10015
0.165554
2.92459
0.662812
0.576209
0.34814
0.47937
0.139038
0.131965
0.11743
0.128435
0.1078
0.172534
0.204129
0.173349
4.1306
0.681932
0.267923
0.151068
0.104287
0.175437
0.152295
0.296651
0.103973
0.103111
0.372324
0.192762
0.152468
0.602528
0.234331
0.666418
0.112095
0.951087
0.215175
0.172929
0.615779
0.185043
0.487131
0.307643
0.153748
0.206298
0.173823
0.291276
0.493706
0.473993
0.967545
0.10093
0.154545
0.102894
0.104004
0.11577
2.41269
0.123169
0.175485
0.195068
0.129623
0.192896
0.472129
0.104339
0.644641
0.139577
0.120871
0.152546
0.108248
0.158375
0.152173
0.168694
0.155156
0.163131
7.81394
0.129101
0.161798
0.103674
0.104063
0.113895
0.116068
0.152902
0.170142
0.178772
0.278074
0.345858
0.194288
0.124798
0.140255
0.455893
0.121816
0.107149
0.101923
0.102359
0.124871
0.325096
0.135674
0.136259
1.33115
0.230733
0.116077
0.303034
0.196807
0.122328
0.230571
0.16009
