-175.946
-104.113
-93.3219
-80.5408
-41.8722
9.59062
25.0457
326.572
89.1718
-319.461
-202.346
-208.813
-210
-191.248
-185.624
-123.13
-122.487
-57.9883
-33.049
33.9147
40.648
64.1958
66.3782
69.5994
120.422
126.179
139.663
170.884
193.597
199.249
199.379
252.999
293.794
343.502
-324.494
-114.663
-210.636
-315.197
-320.858
-196.618
-142.352
-140.189
-119.878
-114.524
-87.791
-79.4019
-34.5686
-19.2774
-0.492848
17.1599
55.8325
57.8955
64.9147
179.466
188.953
232.317
257.092
258.247
262.98
311.2
337.193
346.136
314.155
-322.725
-272.815
-240.235
-220.258
-198.641
-133.871
-128.358
-97.9783
-71.7069
-65.6541
-56.3393
-19.5813
8.44706
42.461
58.4734
128.044
140.77
184.696
227.277
232.744
233.08
234.744
291.67
303.86
305.171
316.231
-121.619
-310.076
-290.697
-251.367
-245.375
-237.49
-198.445
-143.642
-131.917
-105.513
-89.9568
-67.3693
-47.0819
-44.1951
-42.0267
21.1116
35.3205
66.6306
76.5094
115.222
147.265
148.206
251.709
281.15
289.147
318.761
322.447
182.461
