0.243942 
0.92428 
0.875148 
0.554417 
0.282256 
0.455622 
0.27812 
0.844067 
0.90433 
-0.33153 
0.229052 
0.0235409 
-0.719781 
0.806621 
0.678851 
0.150792 
0.457554 
0.487039 
0.993256 
0.430465 
0.670772 
0.281517 
0.702511 
0.305357 
0.177892 
0.235759 
0.288996 
0.273407 
0.346208 
0.386124 
0.342111 
0.897113 
0.619346 
0.436155 
-0.253699 
0.984701 
-0.402096 
0.225904 
-0.605178 
0.122415 
0.322739 
0.556308 
0.612102 
0.335184 
0.406177 
0.626223 
0.534362 
0.179062 
0.727682 
0.336004 
0.213476 
0.597217 
0.43007 
0.475442 
0.40423 
0.218922 
0.249242 
0.166649 
0.318696 
0.684325 
0.461692 
0.885612 
0.974621 
0.609734 
0.0593338 
-0.115167 
0.449991 
0.728488 
0.285394 
0.249102 
0.523476 
0.435816 
0.326966 
0.56613 
0.212974 
0.725581 
0.228254 
0.28684 
0.144731 
0.237246 
0.310095 
0.299123 
0.263308 
0.217304 
0.176894 
0.953947 
0.477097 
0.199021 
0.500467 
0.732448 
0.246785 
0.146539 
0.421631 
0.354688 
0.39094 
0.352488 
0.308554 
0.154026 
0.273562 
0.399017 
0.628694 
0.156581 
0.330174 
0.452406 
0.367689 
0.50767 
0.583331 
0.33226 
0.422908 
0.803062 
0.488942 
0.217602 
0.609697 
0.253737 
0.421639 
0.51832 
0.799878 
