-117.452
-191.116
-130.067
-173.208
-164.713
-190.251
-223.664
-202.728
-216.708
-241.466
-71.3273
-174.252
-258.515
-124.999
-216.485
-134.74
-269.48
-249.446
-217.239
-259.439
-132.311
-145.945
-178.354
65.9833
-229.526
-229.703
-245.246
-204.84
-239.277
-194.223
-147.991
-141.171
-257.321
-271.635
-211.294
-245.153
-252.311
-269.005
-223.646
-272.778
-256.998
-182.967
-167.993
-139.98
-254.574
-118.664
-217.948
-247.256
-116.347
-216.368
-217.028
-218.377
-229.868
-184.835
-218.223
-267.401
-55.7586
-63.4833
-246.131
-72.9874
-227.465
-231.359
-207.191
-264.927
-250.888
-272.553
-55.959
-146.596
-223.452
-192.913
-248.225
-192.39
-167.547
-129.694
-243.571
-252.338
-254.994
-155.156
-260.419
-242.814
-268.198
-268.125
-223.066
-245.872
-159.361
-111.813
-187.895
-269.23
-130.267
-245.792
-245.817
-273.194
-215.425
-247.873
-207.506
-239.597
-184.269
-264.594
-196.481
-68.8405
-115.677
-182.982
-206.978
-255.449
-255.231
-257.062
-266.843
-267.988
-185.676
-116.304
-252.384
-263.247
-237.161
-254.351
-223.196
-260.921
-268.079
-266.763
-180.771
-132.093
-214.318
-232.42
-132.211
-134.347
-213.9
-225.137
-254.616
-102.72
-135.172
-165.001
-195.732
-274.466
-181.01
-238.043
-131.201
-242.128
-224.829
-245.409
-272.226
-76.7967
-230.353
-272.702
-156.797
-231.409
-173.566
-189.511
-245.076
-259.43
-256.66
-167.07
-223.806
-222.111
-117.508
-168.544
-235.966
-272.186
-81.463
-200.314
-261.589
-201.987
-261.815
-274.47
-214.753
-234.771
-251.573
-198.353
-181.05
-234.394
-103.959
-203.036
-216.141
-178.276
-180.395
-177.892
-211.643
-261.32
-264.559
-246.573
-232.194
-112.935
-222.646
-101.841
-147.907
-269.748
-164.597
-167.541
-96.35
-172.094
-263.106
-272.112
-197.725
-176.352
-134.469
-228.061
-252.559
-205.714
-251.163
-230.258
-257.906
-187.5
-214.638
-224.263
-134.856
-138.394
-252.525
-247.737
-241.929
-274.425
-164.12
-16.3259
-246.313
-2.69815
-249.872
-150.6
-196.093
-231.358
-74.1034
-163.825
-169.922
17.2879
-118.362
-171.416
-247.554
-251.385
-231.603
-249.643
-248.47
-239.707
26.0793
-150.048
-191.151
-268.433
-230.97
110.44
102.23
56.2643
23.6071
-101.838
-136.771
-245.323
-265.264
-197.764
-53.0217
-86.4674
-131.94
-149.852
-222.571
-197.57
-246.831
-139.467
-177.181
-256.394
-151.786
-116.478
-181.028
-209.844
-94.8581
-267.716
-238.168
-258.449
-263.906
-143.654
-145.691
-162.611
-166.697
-263.78
-69.0904
-155.611
-273.794
-206.2
-203.181
-254.247
-263.916
-262.745
-176.918
-272.721
-207.393
-201.863
-185.518
-226.474
-231.077
-205.687
-258.187
26.3087
-41.0632
-233.512
-183.707
-186.48
-266.869
-184.586
-243.552
-196.84
-255.628
-272.4
-197.401
-254.509
-224.905
-230.961
-165.018
-247.932
-239.565
-131.554
-227.021
-177.816
-222.488
61.4621
-263.574
-274.035
-47.4714
-250.411
-260.564
-198.127
-274.494
-167.124
-247.987
-204.369
-199.683
-238.621
3.13916
-37.89
-236.761
-266.778
-211.944
-252.241
-147.496
-206.355
-264.58
-218.843
-132.492
-134.918
-214.518
-257.737
-273.339
-143.739
-147.051
-81.4457
-235.498
-238.231
-147.348
-228.308
-193.323
-208.334
-118.603
-253.082
-158.745
37.1431
-8.45131
-181.451
-230.564
-137.129
-170.45
-180.549
-271.873
-113.541
-188.422
-141.983
-200.212
-136.638
-169.443
-144.584
-258.984
-175.52
-266.569
-128.058
-255.41
-100.325
-250.444
-172.83
-179.033
-176.054
-194.825
-188.619
-238.785
-257.306
-220.934
-242.715
33.9442
-58.9488
-80.3302
-102.18
-245.854
-188.371
-261.079
-249.811
-263.464
-200.216
-240.705
-197.817
-265.146
-170.967
-159.125
-178.781
-262.382
-180.408
-4.57596
-126.695
-176.658
-176.959
-259.058
-155.574
-246.899
-254.365
-264.243
-273.793
-265.073
-217.708
-85.3121
-107.734
-213.584
-244.526
-269.993
-220.602
-174.467
-244.679
-269.514
-124.967
-197.744
-260.955
-237.718
-270.5
-260.704
-40.1169
-187.299
-211.551
-255.518
-163.487
-223.776
-211.511
-195.472
-267.068
-232.035
142.535
119.058
-80.8322
-88.8121
-245.48
-169.013
-178.646
-227.033
-238.062
-247.153
-264.877
-239.798
21.143
-213.166
-231.281
-243.149
-165.704
-257.881
-234.087
-207.451
-125.39
-274.224
-79.7632
-236.008
-221.747
-167.116
-245.965
-226.293
-225.043
-213.089
-240.316
-244.682
-151.766
-205.497
-264.81
-224.157
-268.769
-11.4272
-239.121
-261.446
-248.913
-122.82
-224.834
-225.136
-185.466
-56.6534
-61.5165
-273.477
-171.173
-269.398
-200.074
-242.922
-214.016
-16.3179
-35.5448
-96.6945
-116.173
-171.144
-230.621
-150.238
-241.895
-266.02
-274.951
-196.667
-220.611
-97.6844
-176.191
-251.329
-254.683
-259.155
-151.108
-160.182
-235.981
-20.4024
-75.9587
-109.059
-169.748
-224.337
-265.207
-167.507
-57.4024
-104.816
-141.903
-154.325
-175.401
-220.066
35.0357
-104.977
-177.884
-201.508
-264.653
-271.906
-217.089
-229.05
-174.133
-257.083
-273.147
-219.232
-267.644
-168.529
-239.78
-241.753
-268.736
-93.0047
-241.161
-246.386
-230.286
-270.506
-235.37
-173.82
2.90177
-227.023
-77.614
-88.6623
-271.471
-170.426
-266.486
-201.443
-236.3
-253.01
-273.599
-215.386
-255.787
-222.816
-253.345
115.334
-36.0965
-103.158
-187.785
-213.915
-267.468
-242.666
-264.895
-264.049
-228.45
-232.575
-216.273
-234.255
-267.109
-172.588
-245.045
-179.612
-269.386
-123.082
-129.945
-268.831
-234.259
-252.598
-254.262
-151.762
-228.162
-264.702
-102.674
-267.717
-129.402
-203.443
8.66798
-21.8609
-131.253
-185.64
-257.868
-261.464
19.685
-263.196
-274.27
-220.732
-49.8095
-264.912
-148.755
-264.222
-213.082
-263.637
-204.111
-269.68
-252.406
-244.673
-268.369
-150.431
-191.202
-251.619
-208.977
-101.849
-249.485
-214.943
-169.994
-178.59
-264.055
-235.988
-252.966
-269.541
-186.422
-188.828
-240.375
-269.855
-52.7599
-226.586
-239.588
-269.343
-207.286
-148.785
-108.947
-224.996
-231.502
-200.773
-216.88
-255.73
-258.966
-250.007
-252.292
-271.026
-263.364
-268.513
-250.327
-264.283
-253.15
-185.492
-80.844
-121.808
-231.756
-268.537
-233.461
-260.236
-207.551
-270.629
-186.592
44.0271
-84.4389
-114.981
-196.425
-172.34
25.0223
-116.879
-237.835
-216.015
-88.4529
-122.343
-153.774
-266.567
-186.99
-258.847
73.7513
16.3072
-56.1196
-104.236
-156.153
-254.212
-182.16
-231.688
-112.763
-235.978
-202.012
-56.5311
-77.8327
-212.675
-259.115
-237.197
-229.136
-191.16
-25.025
-41.6932
-271.136
-232.126
-271.449
-139.463
-253.201
-186.767
-274.903
-179.567
-227.198
-263.878
-270.287
-229.981
-255.32
-254.448
-265.625
-239.831
88.2676
13.1088
-255.875
-212.486
-267.62
-261.751
-203.662
-270.454
-254.477
-204.169
-139.651
-224.078
-152.261
-236.679
-124.709
-225.267
-84.06
-132.951
-139.266
-219.529
-250.283
-263.051
-274.796
-248.564
-261.278
-240.844
-270.498
-242.16
-205.695
-220.657
-262.562
-191.934
-166.97
-140.729
-193.32
-35.9301
-177.933
-228.985
-273.373
-125.916
-209.533
-233.886
-240.768
-269.563
-254.938
-228.455
-240.57
59.5841
-201.323
-230.015
-225.619
-262.843
-229.392
-237.009
-119.667
-241.578
-266.265
-263.85
-165.086
-214.41
-85.0355
-99.8486
-213.263
-249.113
-173.929
-126.233
-183.788
-251.459
-265.048
-115.99
-243.178
-248.358
-90.4555
-54.6351
-270.461
-215.745
-219.958
-240.379
-237.414
-104.124
68.698
-115.106
-250.285
-271.885
-270.401
-110.806
-267.509
-183.011
-226.171
-259.487
-45.4742
-274.469
-243.573
-258.024
-154.694
-125.127
-257.015
-269.57
-263.61
-26.2442
-74.8767
-256.423
-242.5
-242.142
-257.376
-157.166
-258.601
-134.33
-147.159
-169.235
-256.805
-265.901
-204.351
-274.336
-274.072
-250.951
-217.78
-249.71
-265.884
-229.967
-28.7655
-38.769
-90.0271
-257.322
-246.203
-254.662
-243.457
-247.999
-274.157
-265.169
-269.064
-184.767
-168.162
-247.126
-208.71
-106.626
-240.714
-192.287
-213.952
-267.333
-129.074
-266.9
-263.056
-158.335
-269.58
129.027
128.804
-135.628
-140.462
-145.742
-185.096
-261.038
-266.787
-233.332
-154.949
-244.422
-244.952
-189.401
-32.2265
-125.391
-182.417
-264.525
-249.914
-265.425
-202.558
-184.588
-217.709
-127.648
-186.34
-244.729
-263.761
-151.246
-172.99
-205.842
-202.475
-258.756
-95.1114
-120.413
-185.603
-39.076
-147.289
-209.155
-273.531
-272.971
-103.686
-144.763
-203.029
-218.041
31.1044
-54.4178
-189.195
-217.326
-232.634
-259.993
-231.393
-229.276
-244.116
-204.168
-257.988
-181.725
-254.247
84.5451
-161.998
-236.164
-96.5043
-253.947
-185.787
-204.742
-274.006
-229.431
-240.247
-246.452
-239.995
-90.5016
-266.099
-271.427
-272.818
-257.805
-79.1809
-264.881
-234.334
-263.863
-254.505
-245.453
-269.515
-207.747
-215.486
-238.593
-246.608
-274.454
-273.786
-107.831
-169.717
-241.304
-211.564
-247.239
-216.967
32.0932
-25.0039
-31.9512
-33.6426
-206.71
-187.869
-227.191
-252.086
-264.046
-249.821
-105.014
-100.652
-171.02
-265.688
-271.258
-259.617
-269.688
-195.057
-266.264
-269.545
-231.546
-245.032
-169.7
-237.265
-253.048
-269.146
-269.264
-256.305
-230.58
-181.008
-187.382
-241.68
-273.202
-268.161
-260.879
-267.647
-255.587
-145.187
-266.117
-208.62
-225.546
-222.17
-231.875
-234.202
-242.32
-44.1595
-239.592
-260.452
-264.106
-257.569
-111.644
-199.812
-248.976
-258.215
-129.586
-81.5657
-119.208
-170.747
-141.02
-0.85098
-251.82
-264.152
-204.317
-265.882
-99.2813
-262.513
-176.898
-215.327
-71.7462
-214.285
-262.227
-241.004
88.3702
4.23551
-266.683
-171.342
-194.451
-256.157
-179.51
-269.865
-67.6175
-265.072
-48.8126
-65.8271
-264.575
-63.051
-200.603
-188.157
-248.762
-213.909
-144.582
-221.672
-254.122
-178.78
79.6409
-65.0628
-173.972
-274.987
-253.454
-201.753
-170.352
-237.854
-198.428
-247.643
-272.871
-202.974
-213.144
-112.097
-167.787
-250.535
-256.056
-179.214
-230.125
-265.254
-188.275
-266.08
-222.651
-239.484
-244.619
-172.4
-250.691
-196.595
-237.665
-274.607
-237.866
-274.868
-166.418
-174.317
-123.806
-210.79
-158.531
-205.397
-139.621
-192.278
-224.713
-201.429
-244.662
-223.016
-117.389
-204.954
-221.699
-244.294
-225.522
-254.292
-206.807
-240.913
-253.47
-269.396
-247.932
-258.783
-260.905
-150.091
-245.069
-273.288
-271.962
-122.202
-147.645
-247.964
-254.451
-208.677
-225.12
-264.096
-184.898
-230.967
-77.734
-35.4457
-87.3301
-200.322
-236.239
-248.139
-267.41
-265.7
-252.565
-252.598
-103.432
-267.549
-179.128
-203.477
-228.025
-223.26
-70.8182
-151.641
-231.684
-178.128
-229.795
-271.804
-260.754
-249.523
-255.745
-240.621
-95.6349
-196.274
-262.311
-250.004
-235.935
-203.241
-248.501
-189.972
-245.236
-266.602
-232.546
-223.529
-214.081
-247.298
-108.126
-141.48
-187.817
-239.165
-273.602
-47.4412
-255.733
-263.378
-231.391
-175.094
-187.937
-214.335
-227.025
-182.205
-225.606
-229.507
-239.038
-265.037
-106.373
-154.139
-221.32
-222.086
-190.409
-154.002
-188.577
-272.507
-255.555
-162.771
-200.151
-229.25
-211.548
111.837
-181.095
-239.722
-264.356
-155.299
-227.161
-253.637
-269.081
-188.491
-240.095
-253.902
-173
-259.518
-179.134
-193.786
-182.041
-257.434
-241.352
-252.294
-224.213
-260.009
-169.057
-181.256
-253.647
-16.9097
-93.8029
-263.261
-78.0866
-96.318
-270.066
-238.005
-264.089
-236.461
-240.123
-264.273
-232.506
-274.22
-214.745
-264.14
-122.202
-258.96
-243.456
-245.08
-191.089
-233.025
-267.695
-273.392
-274.356
-200.71
-171.898
-245.48
-131.287
-166.81
-123.571
-248.385
-257.59
-217.04
-247.934
-248.614
-252.721
-259.688
-260.878
117.927
-170.595
-255.354
-265.219
-107.512
-125.177
-240.721
-274.679
-230.546
-205.991
-268.557
-237.899
-188.269
-254.779
-239.725
-225.667
-251.416
-262.552
-127.453
-260.795
-252.871
-259.411
-196.971
-127.297
-237.928
-255.584
-185.132
-136.444
-150.015
-179.81
-191.436
-193.191
-204.047
-227.047
-255.19
-230.982
-237.852
-121.196
-195.387
-137.852
-197.258
-162.894
-174.823
-268.89
-255.638
-225.226
-147.198
-253.668
-257.489
-189.608
-233.483
-272.886
-264.913
-265.671
-216.631
-192.21
-232.349
-110.963
-202.023
-216.589
-262.541
-272.499
-197.371
-77.8197
-240.882
-252.722
-261.725
-233.369
-270.415
-270.781
-142.015
-260.968
-243.494
-269.033
-200.967
-232.551
-271.431
-196.831
-228.458
-249.688
-272.399
-270.126
-206.18
-189.599
-273.965
-88.4428
-93.96
-262.591
-230.81
-243.008
-264.855
-234.363
-263.727
-46.8945
-91.9596
-265.8
-273.937
-182.466
-261.495
-271.378
-267.117
-273.267
158.24
-243.4
-193.299
-260.911
136.961
35.5819
-66.5657
-85.6221
-133.086
-261.931
-267.624
-156.723
-269.384
-186.038
-206.841
-273.906
-53.0104
-133.755
-265.796
-125.301
-165.449
-171.925
-255.736
-218.673
-187.459
-228.102
-202.468
-251.287
-121.239
-262.091
-270.218
-160.414
-185.597
-215.028
-273.289
-249.869
-226.839
-198.513
-243.184
-251.642
-235.111
-180.322
-181.669
-248.229
-254.352
-273.435
-246.223
-271.829
-234.766
-235.067
-232.625
-214.366
-263.806
-253.418
-267.287
-257.701
-165.899
-198.267
-194.904
-242.197
-218.86
-254.76
-261.927
-272.169
-265.308
-268.866
-94.2933
-127.846
-173.804
-162.838
-169.958
-263.112
-273.097
-270.084
-264.642
14.4638
-205.34
-130.082
-212.592
-268.294
-253.854
-263.503
-93.3649
-107.192
-271.71
-168.176
-190.289
-226.334
-244.574
-88.1876
46.6733
-35.2488
-8.47638
-41.3963
-90.9642
-265.654
-236.123
-88.7949
-244.69
-175.463
-134.856
-240.921
-197.16
-233.692
-255.578
-267.798
-135.358
-147.181
-186.843
-24.5399
-59.0472
-72.9584
-194.691
-266.723
-266.262
-255.199
-110.462
-244.892
-272.952
-237.854
-248.944
-53.3447
-101.666
-245.289
-213.732
-232.282
-207.845
-256.205
-243.065
-255.508
-256.179
-246.247
5.06928
-84.4785
25.4643
-0.531614
-59.6436
-188.744
-211.93
-270.499
-234.293
-195.576
-174.597
61.623
-211.093
48.6828
-102.952
-242.052
-91.2919
-262.053
-230.437
-264.08
-273.968
-138.01
-156.483
-128.83
-165.339
-244.198
-160.671
-201.306
-252.202
-230.463
-274.843
-170.885
-239.214
-192.417
-111.137
-123.233
-257.845
-269.241
-236.634
-268.585
-155.228
-207.718
-235.919
-267.072
-207.412
-264.43
-258.683
-234.894
-172.354
-274.207
-252.427
-247.463
-218.278
-147.622
-216.969
-156.714
-253.282
-237.062
-101.375
-231.316
-256.24
-197.413
-271.208
-226.294
-251.45
-247.6
52.2224
18.064
10.7377
-63.0085
-66.3541
-94.0725
-237.366
-223.473
-256.539
-207.308
-200.945
-218.561
-252.926
-220.519
-237.182
-229.528
-220.368
-259.455
-148.802
-258.917
-223.947
-224.479
182.404
