0.255723
0.220385
0.13197
0.204188
0.547472
0.297955
1.13188
0.320526
4.98109
2.49378
1.96879
1.15571
0.516437
0.336828
2.03255
1.18558
1.33776
0.389318
0.113861
3.41057
1.00436
0.124746
0.254646
5.50945
0.111596
20.6516
1.6125
1.46696
0.411143
0.3279
0.196228
1.12084
0.392179
0.15869
4.51826
0.56335
1.19924
0.122336
0.242032
0.51595
0.119598
0.608525
0.319949
0.157991
0.242162
0.398833
0.566254
0.109424
0.79176
2.35762
0.763327
0.479227
0.297409
0.223757
0.959642
0.414846
2.10344
0.358691
11.32
0.450181
5.90608
0.868406
0.118472
0.165891
0.11079
0.140039
0.961966
0.287692
3.94438
0.34548
0.20518
0.119966
0.322774
0.521064
0.141988
0.10401
0.899928
0.231973
0.529343
0.675107
0.250324
0.106339
0.531783
0.84386
0.30443
0.493588
0.377733
0.150454
1.1354
11.6165
0.259384
0.329609
3.92467
0.214036
0.174619
12.266
0.336435
0.177488
0.413476
0.239753
0.901495
0.352417
0.724599
3.04736
1.78895
1.1181
0.243975
0.531251
0.159231
0.755413
0.560137
2.63359
7.1269
3.29224
0.207133
2.66733
0.545092
2.3675
0.101429
0.167507
0.517131
0.794991
1.07374
0.504169
19.0966
2.28162
0.224658
6.7899
1.86847
0.533214
1.58977
0.175501
0.293455
0.398722
0.319791
0.163446
2.69458
0.313382
0.348383
0.10607
0.17761
0.2097
0.154155
0.304382
0.282521
0.334418
3.22272
0.975551
0.347685
0.103784
0.135053
5.5532
0.897224
0.260613
0.327651
0.76303
0.402634
0.968448
0.421688
5.97507
0.200999
0.102998
0.123676
0.104247
2.30467
0.610203
0.594752
0.177613
0.988076
2.80767
0.750798
4.50134
0.13578
0.166502
3.51499
8.16286
0.183214
0.670056
1.09752
0.169826
0.180667
0.106422
0.209119
6.14603
0.299925
0.665798
2.06281
1.7839
0.99846
0.435997
0.115911
0.188964
0.377843
0.22812
0.231704
7.86279
0.366356
0.14641
4.71151
0.173883
0.869124
0.391377
0.230592
0.356741
0.237176
0.749173
0.11999
2.39883
0.821636
0.321884
0.479228
3.34574
0.210534
0.134766
0.100214
8.74458
0.548948
0.194152
4.77427
0.398987
0.294903
2.24382
7.53894
0.220466
2.76651
0.26825
0.23051
0.71775
0.104303
0.642078
2.62952
0.180984
1.93501
6.93322
0.155773
0.437502
0.396843
1.87018
0.102869
1.02577
0.530835
0.220855
1.64775
0.462069
0.844671
0.751954
0.11109
0.358488
0.119288
0.165121
2.47267
0.974656
0.215561
0.130814
4.3713
0.814016
0.381454
2.72868
1.61315
0.538409
0.191883
3.9607
2.26607
0.167386
0.387931
0.115823
2.36986
14.9625
0.78334
1.87566
0.388155
0.228725
1.93145
1.65169
0.223151
0.10394
0.359601
2.22555
1.83343
0.101166
0.176754
0.290303
0.439022
2.35
0.161939
0.904221
0.264739
0.101798
2.64419
0.213922
0.155491
0.213544
0.639698
0.371352
0.910483
2.81378
0.411431
1.49147
8.99157
0.425829
0.430808
0.246294
0.575486
2.11396
3.3246
0.480416
0.200052
0.252695
1.98069
13.6938
2.43505
0.160085
0.186531
0.54844
0.50865
5.64319
0.566523
6.45576
1.68767
0.111923
2.76429
0.327592
0.480052
1.36117
0.101371
0.104621
0.493561
7.34061
2.66997
0.152158
3.61876
0.298219
1.82205
0.132325
4.39148
0.113058
16.6353
0.403769
1.53546
0.316328
0.100977
0.182808
0.186852
0.126386
0.277076
0.33719
0.165424
0.26295
0.610758
0.18553
0.113246
0.874551
1.0839
14.7162
0.103153
3.17389
0.680837
5.80034
2.10843
3.01912
0.419938
0.204409
0.531148
0.498628
0.295127
0.108136
4.63601
0.556641
1.05122
0.235981
1.03836
1.65501
0.177135
0.224638
0.27701
0.109813
15.4497
1.16667
16.4379
0.559706
0.511703
0.837003
3.39176
0.730881
2.21988
0.607476
0.491944
0.166978
2.15901
1.71308
0.127019
3.16788
0.632084
0.180237
3.81764
0.157615
10.2188
0.590616
1.81771
0.601244
0.13833
0.171841
0.143534
0.886532
0.192331
0.692253
0.256402
1.09895
10.9199
0.230851
0.105301
0.161432
0.41616
0.164657
0.597774
0.134638
0.295441
0.385245
0.828873
1.09115
0.153706
1.14961
4.03344
0.152449
2.75259
2.922
0.192396
0.227519
1.50127
0.683909
4.55653
0.169528
0.593581
2.79768
2.49901
0.416197
0.150181
0.434803
0.119192
0.134461
0.405713
2.13857
0.24685
0.15297
3.16571
0.380327
0.795437
0.411783
0.510655
0.328328
0.272616
0.823013
0.108646
0.151191
0.991306
4.36833
0.740551
2.96904
0.86182
0.136939
0.316663
0.683377
0.187669
0.141181
0.224264
0.174468
0.495289
0.397691
0.150747
0.153463
0.129285
0.400591
0.539043
4.31782
1.51876
0.637967
3.15696
0.105804
0.190837
5.86409
10.3476
0.181218
0.196199
2.8483
0.279846
0.203032
0.207421
0.711489
0.877154
6.63138
0.448664
1.46979
3.89077
0.100955
1.80712
0.634377
0.160298
0.419648
0.159134
0.816565
2.74802
0.122538
6.15357
10.9107
4.0563
2.63219
7.26787
2.14102
0.805132
0.572591
0.238394
2.99125
0.337073
2.9728
1.02906
2.78293
0.14292
0.172832
0.215069
2.30762
0.38376
0.622463
1.1925
0.112934
4.71321
0.669645
0.144064
1.64343
0.166403
0.142979
0.120136
0.23377
0.800732
5.66717
0.296224
0.236637
0.364054
0.277546
0.355172
0.181559
1.29647
1.04498
0.106907
0.440977
0.295467
0.315779
1.93297
0.729624
0.216823
1.15956
0.779876
3.10329
0.272782
0.228789
2.8517
4.08348
4.43756
5.14275
8.91361
0.879744
0.17595
0.458448
0.24966
0.661238
7.4343
0.859805
0.293644
0.152132
0.241215
0.22682
1.13752
6.78816
0.198218
0.122198
0.249509
14.749
0.681642
0.344744
0.214878
1.40355
3.3628
0.111128
0.975395
0.197367
0.13714
0.123841
0.29875
0.413533
7.43322
0.351783
2.36132
0.427667
0.162645
0.294133
0.19267
0.209816
0.145238
0.296787
0.220353
0.114538
0.184251
0.110849
1.58928
0.156047
3.11409
0.123538
3.24972
0.134045
1.054
0.20235
1.49267
7.14438
0.713411
5.44369
1.01562
0.159451
0.956138
0.137714
0.41204
0.258644
2.78565
1.46042
0.674257
0.445004
0.212903
0.25399
0.552018
0.229903
9.68168
0.168287
0.430783
0.800888
22.9324
0.901009
0.245559
2.80509
0.53799
1.16638
0.215796
0.905002
0.488091
2.40545
0.105824
0.166276
0.158556
4.65538
0.150351
1.21361
4.89634
0.837314
0.263718
16.895
0.166635
0.247803
1.74489
0.115311
0.880918
4.76275
0.689207
10.1982
0.101906
0.354966
0.277676
1.02763
0.235817
0.678987
2.84736
2.74804
1.49637
1.40491
2.56565
8.93709
0.104041
0.297349
1.85817
1.1455
0.831687
0.117351
0.394471
5.1495
0.435579
2.51958
2.34606
0.136336
0.420588
2.06056
0.204171
0.155861
1.31439
0.220698
1.13069
9.77742
0.518728
0.218922
0.383629
0.100293
0.121679
0.116558
0.235681
1.35507
0.189997
0.31169
0.217105
0.398086
1.16822
0.452582
0.177451
2.53196
0.529104
0.429941
0.17048
0.123155
0.317622
0.110192
2.72422
0.262621
1.51981
1.14328
0.170655
0.132246
0.245953
0.583992
0.457295
0.38884
0.384038
2.53764
0.114707
1.0369
0.184532
0.2663
1.16961
0.367668
0.124694
0.199049
0.230659
0.826249
0.195312
0.139263
1.02669
0.228206
0.762534
1.90989
0.990005
1.56086
1.54047
0.531262
0.276095
9.13971
0.105997
1.71818
0.246402
2.54574
5.26754
0.685484
3.13378
27.0939
1.61622
1.6898
5.8629
7.86275
4.4908
4.50854
0.280629
0.165615
0.452065
0.351672
1.3118
0.184242
1.332
0.986409
12.5317
0.163424
0.114015
0.636554
0.277357
0.146543
1.14
0.130796
0.110421
1.00216
0.775442
15.0956
0.193948
0.151621
0.736421
0.25902
1.67855
0.128283
1.12532
0.134181
0.115822
1.19272
0.285196
0.424672
5.11977
0.262811
2.73598
0.109858
0.619761
1.20445
0.231937
0.303112
2.01348
1.23111
3.38483
0.23184
2.96283
0.730402
0.473275
0.123915
0.352341
0.922934
0.155039
0.137846
0.189692
0.607371
3.22413
4.23047
0.442173
0.232064
6.08094
0.643575
0.558583
3.22473
0.173068
0.340108
1.62964
0.840642
0.172521
0.620432
1.40336
4.51172
0.189918
6.57328
0.648045
0.240816
0.786441
3.93345
0.415966
8.41461
1.49189
0.47575
0.286704
2.47674
0.281524
0.422159
1.62061
1.21258
4.42655
0.342466
0.184121
1.74876
0.942622
0.184665
3.4111
0.794269
0.438399
0.836337
0.204005
0.784369
0.366092
0.781565
0.272881
0.18692
2.39115
1.36992
0.197746
4.87423
1.89752
0.319576
6.23852
0.723367
6.1979
1.58982
0.541105
0.190897
4.74746
0.115392
4.18959
3.18621
1.58435
0.346058
0.123637
0.188022
0.101905
0.10092
4.47537
0.120773
0.194092
0.161398
0.149263
0.422902
9.22693
0.530168
0.337519
0.329586
4.14229
1.58806
1.18205
0.126484
0.262126
0.149653
0.114709
0.479924
0.132668
7.71877
4.44286
0.109627
1.35254
0.194113
1.04338
0.483548
2.25465
2.34816
0.297322
2.78996
0.434309
0.634462
0.592827
0.631777
0.459661
1.05801
0.140252
0.73801
0.597601
0.903501
0.156376
1.84111
0.16211
1.64704
0.405261
0.162714
0.186748
0.281721
1.02116
1.61253
0.181205
0.236018
0.719227
2.79996
1.33017
5.81692
0.28653
0.601123
2.26032
0.44169
5.59334
1.3421
0.267288
0.596606
0.233783
4.92292
0.72853
0.456172
2.05425
0.250767
4.89085
27.537
3.87627
0.162297
0.250863
0.986369
1.28737
0.165809
0.180888
1.98432
0.103046
2.35949
0.279827
0.276907
0.148946
3.02595
0.422095
0.471885
0.403282
1.79817
0.152743
6.05172
0.218224
0.404748
0.10457
0.402253
1.61371
0.736982
1.26128
0.829794
0.124954
1.85043
1.47827
0.179248
6.72384
0.106695
1.66823
0.141848
0.153339
0.379394
1.40491
0.192232
0.67811
0.661699
2.32979
4.32292
0.305303
2.3319
0.965043
0.119707
1.24385
0.233294
0.215463
2.01541
1.57756
0.267532
0.490083
0.648288
2.99183
0.175709
0.810813
4.49445
5.06414
5.8978
0.386178
0.418734
1.38232
0.157832
0.380652
1.02267
0.203068
0.350252
1.24166
1.4061
0.947629
0.424825
3.02576
0.623721
0.169697
0.245215
0.387115
1.14917
0.635402
0.462953
1.49268
0.299179
0.11804
0.615022
0.101074
0.328672
4.8418
0.793638
3.78851
0.113626
1.80983
0.660559
2.05266
0.118021
0.333486
0.160216
0.767367
0.167071
1.9639
0.909513
0.696128
0.520723
0.592851
3.04413
0.212852
0.188839
0.495839
1.61676
0.157847
0.346663
0.594013
0.269352
0.816491
4.53667
0.292026
0.801574
0.174447
0.147181
1.31913
0.237465
0.324285
1.31171
2.46554
0.170598
0.728755
5.55794
0.262417
0.569692
0.218287
0.102725
0.212513
0.142664
0.264113
1.296
0.303705
3.9726
9.58324
0.236346
0.24249
0.298375
0.571788
0.915715
0.178932
0.239594
0.215611
0.180831
0.105215
4.88504
17.6599
0.40119
1.73475
3.06128
0.316874
0.261381
19.7166
2.08242
0.113684
0.265963
0.103185
0.356468
0.219446
4.1616
0.121595
5.34735
1.79905
0.633968
0.475325
1.04622
0.459845
1.06753
1.79224
0.168646
1.31642
0.296563
0.132156
1.59238
0.110297
0.222548
0.168677
7.1672
1.30838
0.140113
0.446792
0.884986
0.957847
0.251799
0.284032
0.596096
0.141781
0.396977
0.276428
0.166003
1.55936
1.87398
0.110674
0.840821
0.427985
0.367707
0.153429
0.467853
0.210793
0.143251
1.37018
0.270173
0.142135
1.21288
0.29953
0.180067
9.49401
4.93895
0.130652
0.957581
0.771068
2.37928
0.22724
0.777514
3.69275
1.28635
0.240562
0.803768
2.9409
0.195407
0.110792
0.16169
0.175596
0.222981
0.754654
0.137589
0.103474
0.215276
0.94289
0.836876
0.325719
0.358537
0.101405
0.440605
0.533203
0.324424
6.3868
2.44341
0.745678
0.228943
0.794959
0.652327
1.99335
0.284621
4.17172
16.6263
1.20504
0.198927
0.764729
0.675367
0.71833
0.257343
0.193622
0.141676
0.227596
1.21584
0.112175
1.61542
0.213813
0.236726
0.608323
0.967073
10.6967
0.400962
4.82071
0.950714
0.268213
0.698398
0.534754
5.72354
0.116838
23.3177
0.281338
0.699783
1.31663
11.6801
0.190192
0.115559
0.393106
0.156064
0.114996
0.652327
1.0707
0.12455
0.636171
25.4693
2.13183
2.05422
2.31425
0.122736
0.129258
0.286627
0.144535
0.818737
0.736313
1.35789
0.456581
0.119592
0.264157
1.63532
0.995675
2.43204
0.10366
12.6802
0.580053
0.172861
0.161354
0.123293
0.391475
0.325378
0.595654
0.327209
0.179751
0.515611
0.241378
1.58992
0.202103
0.34738
0.332794
1.89191
0.457189
0.264715
2.86759
0.445379
0.56313
0.119166
0.176984
0.182319
0.570586
0.128319
0.824665
0.447622
0.572885
0.279769
0.104037
6.48675
0.355159
0.299745
0.435821
0.786949
10.211
0.113069
0.46298
0.196964
1.75798
0.180496
0.737988
0.316682
2.12567
0.420735
23.8794
2.66315
0.663696
0.466509
0.122338
0.2355
0.10353
0.203759
0.294974
1.12418
0.221506
0.184068
0.11555
1.43083
1.11512
0.761901
0.228735
0.206708
4.77269
1.35426
0.345029
0.588716
0.409967
0.403253
1.51988
0.89942
7.79012
1.886
7.54295
0.120976
0.803481
0.236553
2.4101
0.208197
1.00165
0.435882
1.3084
0.28155
0.214535
0.182557
1.4932
0.575964
0.18204
0.993815
0.388487
0.154011
0.410313
0.135197
1.12074
1.30662
0.313484
0.100241
6.12348
0.104022
0.412655
1.0585
0.226419
1.85445
0.801178
3.03619
7.05486
0.961999
0.132408
1.00982
0.217091
0.651657
0.341964
0.136457
0.465569
4.12463
0.123112
0.103727
2.27255
4.95384
0.286343
0.200527
5.67887
6.6402
0.188087
0.15369
0.386628
1.43645
0.11982
0.122902
0.539782
8.45999
0.114132
0.4845
2.59183
2.77094
0.751968
1.29535
0.115874
0.714356
1.73063
0.415619
0.340122
0.481036
4.90923
0.894462
5.23141
2.96401
0.450969
0.321162
0.192739
4.39706
0.10734
3.89222
7.89062
1.41449
0.211872
0.153888
9.84927
0.516903
0.807369
14.8624
3.05575
0.150391
0.269057
0.178123
7.63213
0.21443
0.102056
0.239648
0.34369
0.221416
1.70144
0.357823
0.110168
0.103509
0.322828
0.162539
0.25868
0.484822
0.164275
0.191973
0.609394
0.375589
0.172842
0.355397
1.5063
0.20648
2.4427
3.02773
0.662269
3.58347
0.788589
0.19471
0.174116
2.76261
6.97064
7.39967
0.103038
7.16929
0.331818
0.235636
0.95792
0.741063
4.16887
0.246743
1.65131
0.126002
0.481179
2.3694
1.4332
0.145851
2.05747
1.03582
1.28898
2.03045
0.488725
0.157621
0.146103
1.65494
0.136725
0.551908
0.105289
0.294178
9.68745
0.202464
0.292795
0.213043
30.7177
3.18117
0.537239
0.142695
0.203788
0.773374
0.491732
16.1139
0.215941
3.42508
0.296467
0.105783
0.245949
0.806736
0.456731
0.227709
0.299088
0.157002
1.65336
1.51232
0.44735
0.990937
0.817724
0.554243
0.716497
0.483038
0.283194
0.471236
0.920302
0.351977
0.443865
0.12337
1.39891
0.841878
0.373691
0.716241
0.141647
0.461902
0.375591
0.145753
0.190232
0.532917
0.266929
3.26466
2.73185
0.779474
0.415228
1.07006
0.63204
0.799972
1.36967
0.92834
1.54763
0.128797
1.01235
0.184677
0.732558
0.802223
13.3993
0.120835
1.23209
4.97113
0.203778
0.47209
0.310061
0.848118
7.71796
0.949739
0.832119
5.54898
