-0.93228
-0.992711
-0.971682
-0.996591
-0.606182
-0.964376
-0.974876
-0.943913
-0.973821
-0.982841
-0.992372
-0.996413
-0.994248
-0.462187
-0.89593
-0.991172
-0.998044
-0.944319
-0.827237
-0.999976
0.309729
-0.925381
-0.986546
-0.878473
-0.968092
-0.962007
-0.979606
-0.977569
-0.999451
-0.908666
-0.994946
-0.963981
-0.84362
-0.936827
-0.994014
-0.988468
-0.989654
-0.994028
-0.87163
-0.944036
-0.978998
-0.934609
-0.911261
-0.995725
-0.818772
-0.926959
-0.883169
-0.965376
-0.774156
-0.75181
-0.195181
-0.701882
-0.827133
-0.958422
-0.999204
-0.836456
-0.948903
-0.981052
-0.993732
-0.615921
-0.961255
-0.99536
-0.942309
-0.94298
-0.76995
0.0834541
-0.962361
-0.971267
-0.98596
-0.868795
-0.951736
-0.957555
-0.994777
-0.572669
-0.996712
-0.987722
-0.999595
-0.74188
0.379203
-0.690981
-0.996467
-0.94219
-0.954764
-0.941126
-0.718685
-0.946452
-0.942591
-0.972591
-0.926788
-0.984636
-0.974886
-0.978899
-0.985789
-0.873341
-0.995895
-0.966081
0.0437123
-0.895578
-0.995378
-0.824401
-0.972065
-0.960861
-0.986401
-0.997814
-0.982267
-0.950663
-0.948003
-0.978178
-0.912267
-0.947138
-0.949558
-0.818744
-0.935346
-0.882024
-0.873507
-0.989291
-0.980968
-0.958153
-0.964164
0.0499008
-0.926851
-0.99101
-0.988247
-0.988181
-0.99703
-0.654264
-0.958224
-0.995055
-0.991653
-0.97043
-0.980661
-0.711931
-0.973335
-0.959386
-0.978528
-0.972464
-0.972169
-0.982916
-0.946972
-0.988768
-0.938268
-0.774758
-0.538657
-0.884162
-0.710791
-0.992325
-0.754879
-0.782632
-0.970093
-0.988871
-0.943784
-0.95313
-0.994143
-0.969771
-0.997076
-0.929541
-0.606735
-0.890882
-0.353322
-0.966439
-0.87889
-0.979881
-0.261849
0.232273
-0.974166
-0.906022
-0.914859
-0.993424
-0.986544
-0.944488
-0.804334
-0.981121
-0.75287
-0.984368
-0.993401
-0.960298
-0.986465
-0.760041
-0.926658
-0.93976
-0.9941
-0.871158
-0.918935
-0.918667
-0.898466
-0.956741
-0.995426
-0.937806
-0.955566
-0.736272
-0.999834
-0.996356
-0.991861
-0.897707
-0.968628
-0.999376
-0.993766
-0.959208
-0.959177
-0.875439
-0.935564
-0.919591
-0.902877
-0.957931
0.0485334
-0.996256
-0.937104
-0.987858
-0.979258
-0.662517
-0.971228
-0.993192
-0.908319
-0.693614
-0.899662
-0.936905
-0.919167
-0.975081
-0.993185
-0.9463
-0.982365
-0.997241
-0.986439
-0.80722
-0.954369
-0.98961
-0.98921
-0.961752
-0.88152
-0.997413
-0.997844
-0.998645
-0.981706
-0.981708
-0.969505
-0.950748
-0.898978
-0.957821
-0.981676
-0.955187
-0.89549
-0.946682
-0.295585
-0.5035
-0.971606
-0.987077
-0.999582
-0.257656
-0.971364
-0.946547
-0.999866
-0.959984
-0.898093
-0.870393
-0.961518
-0.948805
-0.707576
-0.991901
-0.439973
-0.925664
0.0193963
-0.983492
-0.9827
-0.97458
-0.967372
-0.999805
-0.953374
-0.990615
-0.984441
-0.986671
-0.883955
-0.998746
-0.977528
-0.985492
-0.875529
-0.979925
-0.999155
-0.808724
-0.970582
-0.223191
0.182479
-0.969423
-0.807306
-0.984066
-0.981193
-0.971559
-0.973337
-0.995827
-0.593978
-0.676579
-0.894553
-0.982885
-0.976735
-0.995738
-0.935657
-0.994872
-0.799189
-0.8351
-0.990382
-0.936225
-0.352823
-0.908538
-0.937149
-0.901937
-0.972011
-0.842725
-0.992744
-0.912173
-0.977002
-0.991046
-0.970795
-0.934657
-0.885047
-0.930386
-0.996117
-0.960685
-0.959374
-0.878381
-0.988103
-0.952494
-0.99851
-0.956793
-0.987246
-0.869416
-0.981613
-0.97954
-0.976362
-0.899628
-0.965288
-0.999204
-0.993445
-0.543685
-0.853294
-0.961822
-0.958629
-0.995967
-0.9336
-0.8372
-0.977748
-0.361236
-0.958563
-0.995266
-0.914634
-0.94153
-0.772846
-0.966626
-0.944266
-0.99169
-0.943774
-0.979393
-0.977029
-0.973821
-0.891406
-0.986587
-0.956949
-0.891419
-0.962985
-0.962439
-0.909824
-0.725971
-0.932021
-0.942318
-0.925669
-0.980991
-0.997977
-0.227317
-0.891064
-0.967863
-0.921492
-0.875636
-0.964071
-0.985654
-0.996572
-0.98547
-0.53221
-0.714433
-0.949494
-0.992475
-0.98828
-0.996799
-0.99101
-0.910814
-0.999874
-0.974043
-0.98334
-0.91459
-0.996397
-0.841088
-0.826473
-0.666529
-0.989497
-0.988999
-0.993634
-0.997755
-0.991006
-0.972267
-0.94954
-0.954955
-0.977253
-0.928319
-0.984971
-0.791351
-0.607002
-0.82188
-0.773544
-0.897528
-0.974477
-0.999986
-0.997158
-0.993987
-0.230983
-0.466457
-0.959426
-0.967474
-0.994815
-0.983775
-0.997858
-0.917688
-0.963897
-0.960142
-0.979602
-0.95569
-0.968396
-0.996709
-0.899716
-0.686685
-0.999989
-0.780632
-0.725385
-0.940488
-0.984266
-0.835595
-0.837935
-0.972188
-0.952471
-0.996206
-0.878044
-0.976067
-0.781
-0.942995
-0.94611
-0.945828
-0.848161
-0.923923
-0.975803
-0.98051
-0.986703
-0.986064
-0.964356
-0.981202
-0.968411
-0.868577
-0.997306
0.641293
-0.947094
-0.919806
-0.933719
-0.776532
-0.926107
-0.757226
-0.942595
-0.961781
-0.965486
-0.951325
-0.944495
-0.995285
-0.969875
0.095268
-0.728693
-0.993735
-0.0559387
-0.940984
-0.926197
-0.998263
-0.999006
-0.961503
-0.990367
-0.561524
-0.952571
-0.980456
-0.934485
-0.915506
-0.999247
-0.99804
-0.983416
-0.982429
-0.864866
-0.963857
-0.973606
-0.989339
-0.968103
-0.958495
-0.977583
-0.888004
-0.869963
-0.932673
-0.923487
-0.915594
-0.950188
-0.932383
-0.915874
-0.994578
-0.948308
-0.991907
-0.987837
-0.975827
-0.996086
-0.988545
-0.987606
-0.875434
-0.886289
-0.851095
-0.933072
-0.785442
-0.851522
-0.999096
-0.970297
-0.867292
-0.979113
-0.98279
-0.979823
-0.962417
-0.959078
0.658042
-0.960318
-0.949391
-0.533857
-0.83787
-0.899785
-0.858177
-0.987756
-0.99857
-0.997328
-0.99088
-0.508296
-0.969468
-0.990339
-0.918194
-0.981373
-0.937209
-0.849329
-0.962666
-0.956672
-0.929434
-0.926786
-0.941504
-0.69017
-0.964453
-0.854775
-0.963145
-0.95885
-0.885055
-0.953981
-0.908349
-0.925245
-0.960007
-0.997794
-0.964667
-0.993851
-0.988174
-0.987673
-0.718071
-0.844532
-0.947809
-0.926191
-0.329929
-0.860047
-0.942839
-0.988783
-0.936029
-0.923906
-0.936067
-0.638369
-0.972943
-0.952554
-0.961226
-0.895162
-0.945715
-0.969978
-0.95333
-0.970833
-0.74379
-0.896206
-0.633238
-0.955762
-0.962446
-0.944965
-0.986368
-0.99746
-0.959377
-0.983835
-0.894158
-0.833861
-0.991474
-0.99016
-0.655088
-0.94234
-0.910551
-0.997469
-0.220472
-0.76178
-0.96594
-0.882295
-0.832957
-0.993668
-0.957897
-0.765909
-0.804036
-0.923725
-0.860831
-0.897609
-0.943943
-0.82926
-0.996658
-0.91253
-0.952844
-0.964623
-0.989794
-0.948163
-0.93575
-0.994541
-0.84928
-0.773062
-0.935257
-0.447569
-0.982246
-0.978981
-0.987409
-0.986476
-0.982006
-0.938788
-0.997396
-0.995064
-0.997711
-0.850833
-0.922109
-0.756094
-0.985418
-0.660206
-0.97979
-0.981954
-0.831904
-0.979337
-0.993617
-0.973582
-0.980563
-0.758435
-0.978408
-0.985221
-0.983694
-0.90664
-0.943314
-0.422295
-0.947432
-0.914546
-0.677663
-0.603011
-0.934638
-0.951275
-0.974042
-0.997583
-0.837683
-0.970309
-0.95776
-0.988455
-0.987364
-0.92554
-0.947816
-0.99583
-0.830793
-0.634084
-0.986478
-0.952764
-0.992242
-0.994387
-0.706233
-0.949571
-0.995869
-0.893862
-0.988301
-0.999755
-0.985087
-0.917237
-0.896072
-0.976698
-0.984571
0.640913
-0.999361
-0.980342
-0.983089
-0.860807
-0.984332
-0.922356
-0.716218
-0.912772
-0.911003
-0.671398
-0.742914
-0.986787
-0.993202
-0.965087
-0.949092
-0.962585
-0.967111
-0.984003
-0.981159
0.127929
-0.991369
-0.92698
-0.98905
-0.986972
-0.904868
-0.989524
-0.544924
-0.935843
-0.992502
-0.959181
-0.958373
-0.984745
-0.819931
-0.99352
-0.962954
-0.914874
-0.661256
-0.953223
-0.911072
-0.946721
-0.997982
-0.984423
-0.94546
-0.969028
-0.995325
-0.967147
-0.990868
-0.907803
-0.984135
-0.998112
-0.773939
-0.987482
-0.830722
-0.863223
-0.934905
-0.994474
-0.953883
-0.969395
-0.354033
-0.42115
-0.992198
-0.900585
-0.764785
-0.76841
-0.81822
-0.998093
-0.768627
-0.985521
-0.994773
-0.918242
-0.991477
-0.930956
-0.993384
-0.991748
-0.909461
0.15456
-0.601818
-0.94723
-0.987991
-0.971509
-0.862936
-0.881077
-0.982133
-0.918139
-0.982948
-0.995256
-0.547374
-0.920114
-0.99053
-0.714914
-0.744999
-0.613283
-0.990722
-0.998465
-0.997806
-0.89363
-0.911
-0.944594
-0.957278
-0.954489
-0.997857
-0.974191
-0.982294
-0.969181
-0.979794
-0.75604
-0.995733
-0.967537
-0.92248
-0.992347
-0.976293
-0.982638
-0.875381
-0.994128
-0.995004
-0.989683
-0.727797
-0.869941
-0.993724
-0.982489
-0.97114
-0.369326
-0.942906
-0.993824
-0.948101
-0.37752
-0.968142
-0.453601
-0.787601
-0.979893
-0.964046
-0.952498
-0.997221
-0.983673
-0.998947
-0.951345
-0.963684
-0.83812
-0.933506
-0.927044
-0.988634
-0.997697
-0.983664
-0.990205
-0.973373
-0.951726
-0.916185
-0.625728
-0.880857
-0.960089
-0.987185
-0.997424
-0.964927
-0.975679
-0.991525
-0.988372
-0.991075
-0.841831
-0.935982
-0.704696
-0.960356
-0.965973
-0.984107
-0.964891
-0.982783
-0.530905
-0.884994
-0.984613
-0.981478
-0.967763
-0.955844
-0.99282
-0.779893
-0.968253
-0.935103
-0.993492
-0.635571
-0.95277
-0.899861
-0.992353
-0.994629
-0.978225
-0.995738
-0.973758
-0.388099
-0.996721
-0.988062
-0.999301
-0.97228
-0.969704
-0.902903
-0.718057
-0.800451
-0.870565
-0.538778
-0.94413
-0.819656
-0.500638
-0.96905
-0.972016
-0.996554
-0.98956
-0.994875
-0.967953
-0.868271
-0.949976
-0.921307
-0.93036
-0.875539
-0.988402
-0.959281
-0.993067
-0.846775
-0.897085
-0.875577
-0.160136
-0.981593
-0.911001
-0.998396
-0.985867
-0.866923
-0.868628
-0.969647
-0.869244
-0.958157
-0.954455
-0.999734
-0.405776
-0.648181
-0.868478
-0.919927
-0.964891
-0.903391
-0.884251
-0.961441
-0.114213
-0.969204
-0.910309
-0.844044
-0.999367
-0.99729
-0.818026
-0.934573
-0.999043
-0.999379
-0.984874
-0.625161
-0.884785
-0.990097
-0.998696
-0.360046
-0.956612
-0.983659
-0.822029
-0.99412
-0.809457
-0.97332
-0.97296
-0.994117
-0.996608
-0.991821
-0.980195
-0.96933
-0.886245
-0.919594
-0.828261
-0.862033
-0.98938
-0.962548
-0.977352
-0.987577
-0.995246
-0.618738
-0.922969
-0.952417
-0.904761
-0.973084
-0.995829
-0.951154
-0.986615
-0.981763
-0.959891
-0.915998
-0.907384
-0.9989
-0.960001
-0.939226
-0.987166
-0.882873
-0.968848
-0.962526
-0.730522
-0.858468
-0.850684
-0.986029
-0.974777
-0.840288
-0.986289
-0.998803
0.366831
-0.935091
-0.964407
-0.931678
-0.959572
-0.99078
-0.986594
-0.916468
-0.942509
-0.903051
-0.937383
-0.685448
-0.990458
-0.914551
-0.968086
-0.900924
-0.00971212
-0.916907
-0.971243
-0.907936
-0.723597
-0.994371
-0.862944
-0.999037
-0.980529
-0.947455
-0.850135
-0.988498
-0.935868
-0.794907
-0.986548
-0.99844
-0.99232
-0.600302
-0.926885
-0.91623
-0.999064
-0.970422
-0.8399
-0.960171
-0.866968
-0.920298
-0.939837
-0.83852
-0.97159
-0.973023
-0.961315
-0.958849
-0.984982
-0.945973
-0.979108
-0.792561
-0.979732
-0.949582
-0.990409
-0.9543
-0.969543
-0.893222
-0.725459
-0.986343
-0.941451
-0.846492
-0.975146
-0.835697
-0.997386
-0.970038
-0.912892
-0.9463
-0.88815
0.151966
-0.979545
-0.925663
-0.964545
-0.49995
-0.968354
-0.949306
-0.961438
-0.943578
-0.993632
-0.83574
-0.902491
-0.701701
-0.0931644
-0.91514
-0.517874
-0.854145
-0.950086
-0.981446
-0.920328
-0.703302
-0.80558
-0.939979
-0.996984
-0.817144
-0.993911
-0.923434
-0.983932
-0.975172
-0.994166
-0.970225
-0.976117
-0.993024
-0.876603
-0.888796
-0.952001
-0.986014
-0.906064
-0.956928
-0.972621
-0.987902
-0.980824
-0.983855
-0.973344
-0.930359
-0.975368
-0.903155
-0.999367
-0.966404
-0.927297
-0.9885
-0.761396
-0.788114
-0.988475
-0.980804
-0.986569
-0.97761
-0.868607
-0.966506
-0.99853
-0.972683
-0.833092
-0.994668
-0.634037
-0.958541
-0.864237
-0.996318
-0.891641
-0.927944
-0.986801
-0.9479
-0.581667
-0.292118
-0.804678
-0.966306
-0.899914
-0.868483
-0.981921
-0.785917
-0.813934
-0.932277
-0.935919
-0.79665
-0.536646
-0.946956
-0.974642
-0.985287
-0.990817
-0.97002
-0.612251
-0.913411
-0.277834
-0.926467
-0.777772
-0.970207
-0.928753
-0.999086
-0.821421
-0.947598
-0.968589
-0.91462
-0.785956
-0.979126
-0.960027
-0.952776
-0.977647
-0.998862
-0.654857
-0.982623
-0.923404
-0.98443
-0.36639
-0.768472
-0.958833
-0.935282
0.669726
-0.774879
-0.988426
-0.917021
-0.736005
-0.975712
-0.956479
-0.963729
-0.547502
-0.953536
-0.995778
-0.998818
-0.968574
-0.955095
-0.983516
-0.803816
0.198004
-0.417709
-0.529886
-0.937062
-0.980591
-0.985393
-0.99307
-0.982342
-0.997651
-0.427015
-0.957731
-0.706763
-0.884285
-0.985241
-0.543731
-0.907742
-0.562176
-0.722154
-0.978655
-0.997618
-0.995691
-0.999568
-0.845847
-0.967986
-0.961356
-0.730154
-0.977878
-0.938883
-0.884294
-0.987993
-0.96164
-0.992886
-0.871295
-0.662388
-0.754595
-0.445088
-0.959635
-0.974636
-0.987352
-0.892648
-0.989381
-0.93488
-0.831807
-0.889621
-0.987374
-0.985711
-0.962938
-0.98495
-0.561709
-0.967385
-0.970443
-0.999228
-0.982446
-0.983859
-0.957602
-0.9788
-0.998898
-0.991304
-0.987487
-0.785431
-0.99962
-0.978902
-0.925301
-0.973212
-0.963006
-0.39296
-0.591738
-0.986264
-0.916535
-0.97247
-0.980809
-0.950541
-0.727755
-0.326152
-0.946609
-0.996947
-0.984708
-0.980992
-0.8904
-0.992046
-0.934739
-0.770313
-0.979388
-0.982528
-0.879544
-0.872557
-0.891475
-0.947846
-0.907183
-0.815551
-0.974626
-0.988936
-0.897779
0.34637
-0.842319
-0.994664
-0.921438
-0.969901
-0.998941
0.845713
-0.979276
-0.865346
-0.972039
-0.999519
-0.975874
-0.978778
-0.990762
-0.862235
-0.985374
-0.896285
-0.59068
-0.960623
-0.857758
-0.897177
-0.977692
-0.88452
-0.838352
-0.943103
-0.974277
-0.972114
-0.913626
-0.946781
-0.440927
-0.576065
-0.98274
-0.351367
-0.974358
-0.928279
-0.980296
-0.786685
-0.367583
-0.859471
-0.925439
-0.907425
-0.775883
-0.940136
-0.987964
-0.913174
-0.994419
-0.00215715
-0.980299
-0.947116
-0.921766
-0.733937
-0.787712
-0.90553
-0.671036
-0.814938
-0.976819
-0.977827
-0.991416
-0.98328
-0.921633
-0.939552
-0.954281
-0.972977
-0.985873
-0.758074
-0.98697
-0.945829
-0.984389
-0.875033
-0.998358
-0.98107
-0.986901
-0.800558
-0.985885
-0.988047
-0.828082
-0.984977
-0.781297
-0.922036
-0.634848
-0.59822
-0.986401
-0.850116
-0.993625
-0.985208
-0.928496
-0.757914
-0.937843
-0.967047
-0.997232
-0.411018
-0.95141
-0.991513
-0.979288
-0.397695
-0.935518
-0.933575
-0.904189
-0.979766
-0.83802
-0.908892
-0.98633
-0.97349
-0.966042
-0.993133
-0.980626
-0.983425
-0.993205
-0.967627
-0.589526
-0.989231
-0.892717
-0.999617
-0.918218
-0.992563
0.772468
-0.770552
-0.934862
-0.943451
-0.974652
-0.990466
-0.99574
-0.861047
-0.979465
-0.988276
-0.996729
-0.338756
-0.777333
-0.927555
-0.853737
-0.979144
-0.989465
-0.95064
-0.962006
-0.892067
-0.983354
-0.664666
-0.979469
-0.997805
-0.746934
-0.99072
-0.999118
-0.990884
-0.984866
-0.939874
-0.963714
-0.94863
-0.914138
-0.970788
-0.992307
-0.981954
-0.967221
-0.957378
-0.908839
-0.792043
-0.761316
-0.920399
-0.799855
-0.911854
-0.612596
0.130092
-0.981677
-0.973506
-0.985468
-0.410803
-0.863494
-0.975584
-0.963968
-0.514298
-0.950846
-0.962277
-0.933685
-0.940354
-0.876052
-0.828637
-0.917147
-0.952233
-0.72713
-0.910942
-0.959287
-0.787142
-0.99612
-0.859958
-0.952277
-0.980229
-0.806833
-0.994358
-0.842582
-0.847676
-0.928301
-0.899561
-0.952634
-0.982246
-0.932833
-0.991054
-0.866776
-0.977827
-0.947757
-0.942943
-0.985901
-0.984387
-0.946921
-0.989085
-0.893099
-0.923426
-0.977905
-0.782527
-0.400012
-0.970343
-0.094746
-0.988582
-0.990366
-0.892157
-0.991773
-0.987599
-0.987523
-0.983575
-0.979313
-0.950608
-0.953887
-0.894407
-0.993147
-0.996236
-0.992288
-0.850017
-0.740443
-0.985928
-0.986543
-0.823409
-0.989426
-0.981251
-0.993907
-0.960574
-0.999353
-0.951536
-0.907609
-0.922678
-0.938146
-0.97985
-0.942411
-0.89609
-0.896335
-0.985928
-0.989067
-0.815917
-0.851047
-0.930551
-0.988261
-0.932978
-0.72254
-0.917659
-0.929469
-0.99071
-0.806486
-0.951446
-0.863192
-0.94823
-0.552397
-0.954163
-0.967691
-0.3552
-0.993691
-0.994196
-0.984833
-0.974223
-0.997399
-0.995744
-0.999836
-0.953579
-0.956429
-0.834035
-0.995036
-0.978114
-0.987716
-0.878605
-0.999951
-0.980848
-0.942393
-0.908647
-0.930018
-0.941684
-0.985956
-0.743532
-0.530666
0.910517
