0.345617 
0.354584 
0.299375 
0.831612 
0.382788 
0.824991 
0.373533 
0.302528 
0.272975 
0.339239 
0.459568 
0.422235 
0.354271 
0.572507 
0.520805 
0.399382 
0.668206 
0.476774 
0.351594 
0.453437 
0.485894 
0.503673 
0.62797 
0.176754 
0.206302 
0.711672 
0.612233 
0.156739 
0.404894 
0.597751 
0.378101 
0.79765 
-0.25598 
0.553345 
0.134098 
0.104663 
0.365614 
0.355817 
0.528406 
0.373543 
0.688249 
0.261428 
0.502214 
0.360888 
0.367183 
0.507227 
0.235627 
0.347793 
0.31983 
0.925587 
-0.17782 
0.0312193 
0.301447 
0.560805 
0.300913 
0.451376 
0.487116 
0.737366 
0.340317 
0.536953 
0.479291 
0.409691 
0.301563 
0.32667 
0.498513 
0.893368 
-0.584372 
0.201657 
0.161558 
0.513241 
0.460105 
0.325095 
0.536091 
0.472413 
0.394099 
0.444735 
0.960954 
0.36045 
0.311358 
0.443564 
0.278476 
0.413933 
0.604057 
0.328279 
0.670714 
0.579501 
0.668466 
0.420531 
0.952555 
0.948557 
0.674707 
0.245516 
0.459284 
0.372624 
0.263753 
0.431139 
0.461226 
0.71943 
0.452083 
0.355467 
0.52776 
0.273128 
0.335272 
0.502794 
0.586402 
0.306665 
0.359932 
0.732397 
0.284268 
0.955164 
0.467186 
0.620753 
0.696695 
-0.503939 
-0.596696 
-0.121808 
0.977429 
