0.113
0.192444
0.17882
2.58388
0.175855
2.158
0.139864
0.140876
0.1133
0.110479
0.281219
0.18566
0.108432
0.273707
0.191122
0.216494
0.502901
0.308036
0.150851
0.269005
0.213868
0.363028
0.546513
0.101993
0.108626
1.82119
0.203113
0.131067
0.200817
0.410551
0.190468
1.89492
0.106881
0.107476
0.152758
0.112788
0.170516
0.111265
0.40343
0.10312
0.805068
0.11102
0.353893
0.203108
0.135241
0.296791
0.10418
0.139428
0.169085
0.468942
0.123935
0.289134
0.116062
0.553941
0.135924
0.22811
0.328511
0.949088
0.123542
0.176205
0.356424
0.193541
0.120946
0.156144
0.359567
0.173824
0.104924
0.451411
0.169087
0.189415
0.232099
0.11929
0.27796
0.157568
0.120481
0.114857
1.24167
0.11477
0.170009
0.301006
0.108238
0.190178
0.590378
0.148651
0.681876
0.567256
0.822559
0.208401
1.01311
0.146596
2.0497
0.173558
0.21724
0.118312
0.132571
0.248656
0.239391
0.838204
0.198583
0.243826
0.507992
0.112329
0.101521
0.324018
0.686181
0.136595
0.126762
0.977706
0.134313
11.7708
0.303633
0.247378
0.188507
0.291044
0.440816
0.22625
0.315734
