-177.859
-163.716
-89.5434
-18.9937
41.3107
93.1322
135.757
151.189
161.37
184.054
208.832
222.513
226.812
-175.044
-163.444
-153.683
-151.063
-90.4082
-67.0138
-66.5919
-55.7423
-48.4278
-46.3852
-20.1688
-7.53544
12.2544
31.5846
57.1811
152.39
168.945
180.557
231.707
-240.156
-213.901
-195.839
-184.589
-140.401
-137.301
-21.3171
8.51706
17.9002
22.8606
36.7074
88.517
167.604
179.7
197.546
226.082
231.915
26.7834
40.5664
-204.931
-173.083
-168.166
-164.135
-146.971
-138.649
-111.899
-29.2044
-2.82456
69.8294
81.2227
133.275
179.126
241.078
168.656
-246.82
-244.74
-209.155
-185.517
-178.153
-25.9587
38.2259
52.1686
144.142
156.034
-178.355
-194.543
-139.995
-122.786
-117.752
-76.8719
-61.5252
-29.8643
-27.6707
-1.32319
133.05
182.572
211.934
126.493
-219.679
-203.845
-141.744
-134.004
-129.364
-118.348
-98.1555
-76.2346
-28.9638
1.65866
18.7047
111.765
133.772
138.866
-113.808
55.6714
75.2073
128.949
131.864
168.985
173.911
133.941
136.353
-230.97
-246.623
-130.745
-158.284
