-263.826
-262.17
-198.131
-310.569
-327.92
-346.417
-248.104
-278.681
-179.768
-70.1702
-322.781
-231.187
-233.161
-202.037
-247.417
-236.923
-323.47
-268.537
-298.133
-228.063
-236.471
-348.375
-87.2585
-250.228
-327.737
-317
159.532
-342.942
-338.42
-258.43
-294.271
-320.441
-200.022
-303.718
-261.848
-195.651
-230.071
-250.474
-102.496
-309.683
-306.183
-301.427
-203.132
-184.567
-257.644
-319.846
-316.667
-294.544
-319.044
-325.067
-298.622
-346.915
-346.601
-104.988
-109.614
-269.462
-284.492
-241.74
-310.285
-263.869
-319.693
-272.485
-306.845
-275.923
-187.347
-343.393
-311.776
-216.469
-285.265
-331.308
-179.801
-215.121
-270.382
-31.3686
-275.634
-280.559
-308.249
-229.142
-269.879
-218.806
-281.373
-332.919
-305.491
-336.323
-291.589
-285.123
-335.564
-299.908
-320.268
-14.124
-195.078
-313.838
-272.302
-258.945
-220.466
-224.322
-349.811
-297.037
-329.664
-245.944
-298.753
-315.834
-290.341
-239.685
-333.954
-338.617
-129.968
-221.744
-147.697
-338.789
-234.298
-339.448
-207.943
-193.025
-269.47
-343.517
-150.871
-229.277
-330.026
-192.561
-277.001
-287.648
-269.071
-306.634
-334.692
-176.611
-343.012
-189.618
-294.842
-247.855
-340.536
-319.505
-282.286
-292.227
-208.608
-255.125
-162.645
-271.681
-262.13
-328.045
-247.77
-326.369
-220.275
-259.183
-317.754
-190.553
-236.492
-275.435
-281.877
-312.995
-337.235
