4.76962
0.25431
0.987036
8.47418
1.15339
9.03995
0.649091
0.816476
2.54096
3.84276
2.61404
10.6044
2.18641
1.20353
1.82163
8.04457
1.35498
1.62863
1.61418
0.99934
1.92148
1.6588
2.37941
10.9908
5.70986
2.55056
0.584044
0.588074
8.15735
4.68
1.57224
2.87326
0.783296
9.74768
7.98876
6.9651
10.1058
3.306
16.9636
1.71117
6.08944
4.24319
6.37784
2.40029
0.209128
1.6817
2.32818
12.2508
1.64161
4.90383
0.228505
2.86079
0.922463
6.32059
6.19156
1.67368
1.91109
1.00689
0.968792
3.72359
4.36215
2.00444
1.21977
2.20817
1.04627
5.52198
0.578655
1.56496
5.85531
9.76231
2.29295
10.1686
3.17825
2.12353
5.68917
4.41892
9.71299
3.00862
16.7306
11.4578
2.01093
1.69072
5.60429
1.14234
4.15096
1.48218
2.29363
4.25268
0.584654
3.5033
0.291988
0.983784
11.824
3.99418
1.76246
5.91307
1.50536
14.958
9.30705
3.5669
3.9025
3.85359
1.08427
6.36389
6.60974
8.00288
3.768
0.230417
2.11752
2.48967
4.71934
6.08699
11.1951
5.97582
2.62947
4.84096
0.546561
4.09167
3.82784
4.0645
2.53472
1.42565
1.71419
8.60636
9.65725
1.40724
2.03275
3.72585
6.88829
7.48851
2.79617
1.99834
5.61479
7.14905
22.6615
0.242027
10.1927
0.208461
0.56682
3.95701
4.78704
7.04591
5.86052
4.02072
3.23834
3.32835
2.59708
2.10384
2.46435
2.00962
5.08497
