-0.984329
-0.944309
0.47383
-0.913949
-0.932613
-0.977429
-0.608286
-0.872446
-0.58314
-0.997294
-0.980632
-0.942958
-0.999498
-0.122243
-0.997585
-0.816677
-0.842555
-0.984694
-0.929096
-0.341777
-0.910076
-0.985638
-0.996194
-0.981755
-0.9758
-0.996559
-0.64742
-0.342007
-0.990999
-0.397279
-0.0793836
-0.910192
-0.138263
-0.998171
-0.987392
-0.972522
-0.989964
-0.982826
-0.990923
-0.999942
-0.969009
-0.989746
-0.954412
-0.963376
-0.482178
-0.953509
-0.967636
-0.945823
-0.869995
-0.991503
0.421886
-0.986615
-0.973179
-0.986374
-0.940367
0.32573
-0.903327
-0.620622
-0.523797
-0.983564
-0.939872
-0.690071
-0.923338
-0.970619
-0.954492
-0.994557
-0.989669
-0.746978
-0.997156
-0.986269
-0.979452
-0.978618
-0.948099
-0.781277
-0.92145
-0.847427
-0.956341
-0.994976
-0.996941
-0.918152
-0.922639
-0.994539
-0.974929
-0.870066
-0.98598
-0.997756
-0.920446
-0.962585
-0.837967
-0.949204
0.232197
-0.947457
-0.9668
-0.987794
-0.908284
-0.812325
-0.948165
-0.960681
-0.992454
-0.971599
-0.942116
-0.889589
0.412103
-0.986072
-0.918347
-0.953654
-0.844541
-0.732016
-0.934826
-0.771958
-0.980241
-0.418338
-0.979061
-0.995456
-0.888787
-0.99762
-0.976789
-0.929319
-0.677425
-0.685671
-0.965425
-0.846332
-0.520607
-0.994308
-0.999117
-0.954298
-0.927513
-0.98447
-0.998829
-0.93381
-0.921261
-0.950433
-0.934237
-0.957514
-0.989805
0.908333
-0.932503
0.579699
-0.918794
-0.967564
-0.990102
-0.987189
-0.984406
-0.991324
-0.838946
-0.946213
0.786091
-0.897787
-0.950945
-0.897715
-0.188063
